      1 13 10 40.154958 13 10 40.163100 8300
      2 13 10 40.165030 13 10 40.173130 8300
      3 13 10 40.175072 13 10 40.183100 8300
      4 13 10 40.185046 13 10 40.194374 8300
      5 13 10 40.195075 13 10 40.203040 8300
      6 13 10 40.205069 13 10 40.214849 8300
      7 13 10 40.215094 13 10 40.223699 8300
      8 13 10 40.225059 13 10 40.233322 8300
      9 13 10 40.235123 13 10 40.243414 8300
     10 13 10 40.245077 13 10 40.253295 8300
     11 13 10 40.255057 13 10 40.263061 8300
     12 13 10 40.265062 13 10 40.273330 8300
     13 13 10 40.275095 13 10 40.284033 8300
     14 13 10 40.285062 13 10 40.293210 8300
     15 13 10 40.295084 13 10 40.303300 8300
     16 13 10 40.305109 13 10 40.313276 8300
     17 13 10 40.315125 13 10 40.323369 8300
     18 13 10 40.325077 13 10 40.333390 8300
     19 13 10 40.335172 13 10 40.344450 8300
     20 13 10 40.345171 13 10 40.354162 8300
     21 13 10 40.355116 13 10 40.363118 8300
     22 13 10 40.365076 13 10 40.373061 8300
     23 13 10 40.375056 13 10 40.383057 8300
     24 13 10 40.385081 13 10 40.394319 8300
     25 13 10 40.395063 13 10 40.403261 8300
     26 13 10 40.405043 13 10 40.414048 8300
     27 13 10 40.415199 13 10 40.424183 8300
     28 13 10 40.425162 13 10 40.434210 8300
     29 13 10 40.435330 13 10 40.445314 8300
     30 13 10 40.445399 13 10 40.453873 8300
     31 13 10 40.455129 13 10 40.463341 8300
     32 13 10 40.465235 13 10 40.473591 8300
     33 13 10 40.475073 13 10 40.483902 8300
     34 13 10 40.485467 13 10 40.493732 8300
     35 13 10 40.495064 13 10 40.503320 8300
     36 13 10 40.505077 13 10 40.513297 8300
     37 13 10 40.515129 13 10 40.523425 8300
     38 13 10 40.525120 13 10 40.533411 8300
     39 13 10 40.535159 13 10 40.543688 8300
     40 13 10 40.545177 13 10 40.553623 8300
     41 13 10 40.555084 13 10 40.563288 8300
     42 13 10 40.565139 13 10 40.573174 8300
     43 13 10 40.575059 13 10 40.584116 8300
     44 13 10 40.585062 13 10 40.593060 8300
     45 13 10 40.595055 13 10 40.603031 8300
     46 13 10 40.605055 13 10 40.613213 8300
     47 13 10 40.615088 13 10 40.623699 8300
     48 13 10 40.625124 13 10 40.633547 8300
     49 13 10 40.635123 13 10 40.643219 8300
     50 13 10 40.645117 13 10 40.659204 8300
     51 13 10 40.655073 13 10 40.666144 8300
     52 13 10 40.665362 13 10 40.673476 8300
     53 13 10 40.675094 13 10 40.684057 8300
     54 13 10 40.685251 13 10 40.694040 8300
     55 13 10 40.695165 13 10 40.703288 8300
     56 13 10 40.705120 13 10 40.713374 8300
     57 13 10 40.715121 13 10 40.723317 8300
     58 13 10 40.725127 13 10 40.733406 8300
     59 13 10 40.735123 13 10 40.743262 8300
     60 13 10 40.745128 13 10 40.753362 8300
     61 13 10 40.755121 13 10 40.763469 8300
     62 13 10 40.765073 13 10 40.773040 8300
     63 13 10 40.775055 13 10 40.784284 8300
     64 13 10 40.785051 13 10 40.793030 8300
     65 13 10 40.795057 13 10 40.803027 8300
     66 13 10 40.805056 13 10 40.813096 8300
     67 13 10 40.815230 13 10 40.824629 8300
     68 13 10 40.825121 13 10 40.833314 8300
     69 13 10 40.835057 13 10 40.843207 8300
     70 13 10 40.845114 13 10 40.853366 8300
     71 13 10 40.855117 13 10 40.863177 8300
     72 13 10 40.865079 13 10 40.873265 8300
     73 13 10 40.875822 13 10 40.884486 8300
     74 13 10 40.885122 13 10 40.893400 8300
     75 13 10 40.895117 13 10 40.903390 8300
     76 13 10 40.905130 13 10 40.913325 8300
     77 13 10 40.915134 13 10 40.923473 8300
     78 13 10 40.925167 13 10 40.933315 8300
     79 13 10 40.935119 13 10 40.943364 8300
     80 13 10 40.945081 13 10 40.953881 8300
     81 13 10 40.955095 13 10 40.963289 8300
     82 13 10 40.965090 13 10 40.973157 8300
     83 13 10 40.975076 13 10 40.983094 8300
     84 13 10 40.985069 13 10 40.994415 8300
     85 13 10 40.995069 13 10 41.003061 8300
     86 13 10 41.005056 13 10 41.013775 8300
     87 13 10 41.015124 13 10 41.023780 8300
     88 13 10 41.025078 13 10 41.033296 8300
     89 13 10 41.035142 13 10 41.043222 8300
     90 13 10 41.045153 13 10 41.053548 8300
     91 13 10 41.055191 13 10 41.063369 8300
     92 13 10 41.065055 13 10 41.073103 8300
     93 13 10 41.075065 13 10 41.084572 8300
     94 13 10 41.085118 13 10 41.093403 8300
     95 13 10 41.095117 13 10 41.103395 8300
     96 13 10 41.105136 13 10 41.113312 8300
     97 13 10 41.115054 13 10 41.123336 8300
     98 13 10 41.125120 13 10 41.133235 8300
     99 13 10 41.135137 13 10 41.143380 8300
    100 13 10 41.145119 13 10 41.159266 8300
    101 13 10 41.155123 13 10 41.166168 8300
    102 13 10 41.165117 13 10 41.174052 8300
    103 13 10 41.175105 13 10 41.183120 8300
    104 13 10 41.185077 13 10 41.193098 8300
    105 13 10 41.195072 13 10 41.204062 8300
    106 13 10 41.205064 13 10 41.214877 8300
    107 13 10 41.215341 13 10 41.224414 8300
    108 13 10 41.225084 13 10 41.233364 8300
    109 13 10 41.235070 13 10 41.243211 8300
    110 13 10 41.245119 13 10 41.253419 8300
    111 13 10 41.255122 13 10 41.264125 8300
    112 13 10 41.265200 13 10 41.273488 8300
    113 13 10 41.275139 13 10 41.284598 8300
    114 13 10 41.285169 13 10 41.293762 8300
    115 13 10 41.295169 13 10 41.303471 8300
    116 13 10 41.305166 13 10 41.313437 8300
    117 13 10 41.315140 13 10 41.323247 8300
    118 13 10 41.325051 13 10 41.333283 8300
    119 13 10 41.335053 13 10 41.343214 8300
    120 13 10 41.345123 13 10 41.353355 8300
    121 13 10 41.355116 13 10 41.363312 8300
    122 13 10 41.365133 13 10 41.373196 8300
    123 13 10 41.375062 13 10 41.383229 8300
    124 13 10 41.385053 13 10 41.393028 8300
    125 13 10 41.395060 13 10 41.404190 8300
    126 13 10 41.405065 13 10 41.413898 8300
    127 13 10 41.415467 13 10 41.424599 8300
    128 13 10 41.425131 13 10 41.433391 8300
    129 13 10 41.435124 13 10 41.443350 8300
    130 13 10 41.445115 13 10 41.453363 8300
    131 13 10 41.455117 13 10 41.463413 8300
    132 13 10 41.465074 13 10 41.473132 8300
    133 13 10 41.475124 13 10 41.484507 8300
    134 13 10 41.485124 13 10 41.493434 8300
    135 13 10 41.495153 13 10 41.503630 8300
    136 13 10 41.505164 13 10 41.514291 8300
    137 13 10 41.515183 13 10 41.524084 8300
    138 13 10 41.525308 13 10 41.533510 8300
    139 13 10 41.535116 13 10 41.543351 8300
    140 13 10 41.545121 13 10 41.553223 8300
    141 13 10 41.555121 13 10 41.563246 8300
    142 13 10 41.565131 13 10 41.573582 8300
    143 13 10 41.575073 13 10 41.583115 8300
    144 13 10 41.585124 13 10 41.593139 8300
    145 13 10 41.595033 13 10 41.603073 8300
    146 13 10 41.605057 13 10 41.613387 8300
    147 13 10 41.615330 13 10 41.623755 8300
    148 13 10 41.625138 13 10 41.633464 8300
    149 13 10 41.635120 13 10 41.643264 8300
    150 13 10 41.645217 13 10 41.659331 8300
    151 13 10 41.655141 13 10 41.666224 8300
    152 13 10 41.665222 13 10 41.673378 8300
    153 13 10 41.675184 13 10 41.684049 8300
    154 13 10 41.685155 13 10 41.693266 8300
    155 13 10 41.695129 13 10 41.703338 8300
    156 13 10 41.705055 13 10 41.713251 8300
    157 13 10 41.715147 13 10 41.723362 8300
    158 13 10 41.725136 13 10 41.733344 8300
    159 13 10 41.735117 13 10 41.743302 8300
    160 13 10 41.745095 13 10 41.753191 8300
    161 13 10 41.755310 13 10 41.763302 8300
    162 13 10 41.765056 13 10 41.773043 8300
    163 13 10 41.775060 13 10 41.783043 8300
    164 13 10 41.785055 13 10 41.793132 8300
    165 13 10 41.795070 13 10 41.803041 8300
    166 13 10 41.805058 13 10 41.814134 8300
    167 13 10 41.815024 13 10 41.824108 8300
    168 13 10 41.825147 13 10 41.833992 8300
    169 13 10 41.835135 13 10 41.843364 8300
    170 13 10 41.845125 13 10 41.853444 8300
    171 13 10 41.855122 13 10 41.863325 8300
    172 13 10 41.865110 13 10 41.873657 8300
    173 13 10 41.875061 13 10 41.883350 8300
    174 13 10 41.885168 13 10 41.893382 8300
    175 13 10 41.895065 13 10 41.903221 8300
    176 13 10 41.905121 13 10 41.913389 8300
    177 13 10 41.915134 13 10 41.923347 8300
    178 13 10 41.925113 13 10 41.933309 8300
    179 13 10 41.935054 13 10 41.943247 8300
    180 13 10 41.945123 13 10 41.953508 8300
    181 13 10 41.955058 13 10 41.963079 8300
    182 13 10 41.966918 13 10 41.974992 8300
    183 13 10 41.975081 13 10 41.983172 8300
    184 13 10 41.985098 13 10 41.994044 8300
    185 13 10 41.995100 13 10 42.003999 8300
    186 13 10 42.005071 13 10 42.013122 8300
    187 13 10 42.015056 13 10 42.023476 8300
    188 13 10 42.025165 13 10 42.033428 8300
    189 13 10 42.035117 13 10 42.043242 8300
    190 13 10 42.045113 13 10 42.053226 8300
    191 13 10 42.055120 13 10 42.063532 8300
    192 13 10 42.065069 13 10 42.073242 8300
    193 13 10 42.075079 13 10 42.083723 8300
    194 13 10 42.085287 13 10 42.093473 8300
    195 13 10 42.095115 13 10 42.104058 8300
    196 13 10 42.105150 13 10 42.113940 8300
    197 13 10 42.115082 13 10 42.123390 8300
    198 13 10 42.125461 13 10 42.134211 8300
    199 13 10 42.135173 13 10 42.143410 8300
    200 13 10 42.145113 13 10 42.159199 8300
    201 13 10 42.155124 13 10 42.167023 8300
    202 13 10 42.165146 13 10 42.173858 8300
    203 13 10 42.175097 13 10 42.183711 8300
    204 13 10 42.185071 13 10 42.193165 8300
    205 13 10 42.195084 13 10 42.204011 8300
    206 13 10 42.205078 13 10 42.214086 8300
    207 13 10 42.215192 13 10 42.224443 8300
    208 13 10 42.225062 13 10 42.233231 8300
    209 13 10 42.235123 13 10 42.243307 8300
    210 13 10 42.245125 13 10 42.253394 8300
    211 13 10 42.255091 13 10 42.263134 8300
    212 13 10 42.265061 13 10 42.274112 8300
    213 13 10 42.275061 13 10 42.283160 8300
    214 13 10 42.285120 13 10 42.294609 8300
    215 13 10 42.295076 13 10 42.303828 8300
    216 13 10 42.305132 13 10 42.313392 8300
    217 13 10 42.315123 13 10 42.323214 8300
    218 13 10 42.325119 13 10 42.333402 8300
    219 13 10 42.335115 13 10 42.343220 8300
    220 13 10 42.345126 13 10 42.353281 8300
    221 13 10 42.355124 13 10 42.363304 8300
    222 13 10 42.365135 13 10 42.373206 8300
    223 13 10 42.375067 13 10 42.383062 8300
    224 13 10 42.385053 13 10 42.393048 8300
    225 13 10 42.395054 13 10 42.403042 8300
    226 13 10 42.405042 13 10 42.413133 8300
    227 13 10 42.415384 13 10 42.424497 8300
    228 13 10 42.425057 13 10 42.433307 8300
    229 13 10 42.435020 13 10 42.443125 8300
    230 13 10 42.445115 13 10 42.453297 8300
    231 13 10 42.455137 13 10 42.463405 8300
    232 13 10 42.465068 13 10 42.473049 8300
    233 13 10 42.475059 13 10 42.483061 8300
    234 13 10 42.485067 13 10 42.493175 8300
    235 13 10 42.495511 13 10 42.503715 8300
    236 13 10 42.505122 13 10 42.513402 8300
    237 13 10 42.515070 13 10 42.523310 8300
    238 13 10 42.525134 13 10 42.533417 8300
    239 13 10 42.535128 13 10 42.543311 8300
    240 13 10 42.545118 13 10 42.553339 8300
    241 13 10 42.555078 13 10 42.563277 8300
    242 13 10 42.565085 13 10 42.573121 8300
    243 13 10 42.575090 13 10 42.583123 8300
    244 13 10 42.585076 13 10 42.593074 8300
    245 13 10 42.595072 13 10 42.603082 8300
    246 13 10 42.605055 13 10 42.613238 8300
    247 13 10 42.615468 13 10 42.624794 8300
    248 13 10 42.625140 13 10 42.633419 8300
    249 13 10 42.635123 13 10 42.643259 8300
    250 13 10 42.645119 13 10 42.659098 8300
    251 13 10 42.655123 13 10 42.666088 8300
    252 13 10 42.665072 13 10 42.674148 8300
    253 13 10 42.675063 13 10 42.683030 8300
    254 13 10 42.685040 13 10 42.693786 8300
    255 13 10 42.695459 13 10 42.703842 8300
    256 13 10 42.705111 13 10 42.713369 8300
    257 13 10 42.715107 13 10 42.723357 8300
    258 13 10 42.725127 13 10 42.733262 8300
    259 13 10 42.735098 13 10 42.743357 8300
    260 13 10 42.745103 13 10 42.753324 8300
    261 13 10 42.755163 13 10 42.763345 8300
    262 13 10 42.765135 13 10 42.773727 8300
    263 13 10 42.775061 13 10 42.783042 8300
    264 13 10 42.785060 13 10 42.793045 8300
    265 13 10 42.795144 13 10 42.804116 8300
    266 13 10 42.805022 13 10 42.813020 8300
    267 13 10 42.815119 13 10 42.824345 8300
    268 13 10 42.825114 13 10 42.833250 8300
    269 13 10 42.835126 13 10 42.843324 8300
    270 13 10 42.845083 13 10 42.853242 8300
    271 13 10 42.855117 13 10 42.863225 8300
    272 13 10 42.865059 13 10 42.873069 8300
    273 13 10 42.875055 13 10 42.883091 8300
    274 13 10 42.885072 13 10 42.895777 8300
    275 13 10 42.895350 13 10 42.904694 8300
    276 13 10 42.905082 13 10 42.914146 8300
    277 13 10 42.915140 13 10 42.923895 8300
    278 13 10 42.925117 13 10 42.934187 8300
    279 13 10 42.935105 13 10 42.943309 8300
    280 13 10 42.945121 13 10 42.953392 8300
    281 13 10 42.955123 13 10 42.963639 8300
    282 13 10 42.965117 13 10 42.973314 8300
    283 13 10 42.975113 13 10 42.983162 8300
    284 13 10 42.985058 13 10 42.993043 8300
    285 13 10 42.995081 13 10 43.003197 8300
    286 13 10 43.005077 13 10 43.013131 8300
    287 13 10 43.015073 13 10 43.024697 8300
    288 13 10 43.025086 13 10 43.033295 8300
    289 13 10 43.035125 13 10 43.043317 8300
    290 13 10 43.045127 13 10 43.053409 8300
    291 13 10 43.055118 13 10 43.063194 8300
    292 13 10 43.065072 13 10 43.073067 8300
    293 13 10 43.075065 13 10 43.083052 8300
    294 13 10 43.085056 13 10 43.093786 8300
    295 13 10 43.095362 13 10 43.103582 8300
    296 13 10 43.105089 13 10 43.113272 8300
    297 13 10 43.115051 13 10 43.123278 8300
    298 13 10 43.125110 13 10 43.133319 8300
    299 13 10 43.135119 13 10 43.143377 8300
    300 13 10 43.145136 13 10 43.159312 8300
    301 13 10 43.155123 13 10 43.167046 8300
    302 13 10 43.165283 13 10 43.173966 8300
    303 13 10 43.175108 13 10 43.183292 8300
    304 13 10 43.185107 13 10 43.193108 8300
    305 13 10 43.195072 13 10 43.203283 8300
    306 13 10 43.205137 13 10 43.213338 8300
    307 13 10 43.215290 13 10 43.224178 8300
    308 13 10 43.225059 13 10 43.234139 8300
    309 13 10 43.235103 13 10 43.243391 8300
    310 13 10 43.245075 13 10 43.253185 8300
    311 13 10 43.255122 13 10 43.263612 8300
    312 13 10 43.265056 13 10 43.273082 8300
    313 13 10 43.275072 13 10 43.283092 8300
    314 13 10 43.285057 13 10 43.293267 8300
    315 13 10 43.295138 13 10 43.303741 8300
    316 13 10 43.305123 13 10 43.313330 8300
    317 13 10 43.315075 13 10 43.323247 8300
    318 13 10 43.325119 13 10 43.333275 8300
    319 13 10 43.335061 13 10 43.343201 8300
    320 13 10 43.345103 13 10 43.353295 8300
    321 13 10 43.355120 13 10 43.363166 8300
    322 13 10 43.365138 13 10 43.373314 8300
    323 13 10 43.375120 13 10 43.383212 8300
    324 13 10 43.385055 13 10 43.393079 8300
    325 13 10 43.395076 13 10 43.404313 8300
    326 13 10 43.405047 13 10 43.412976 8300
    327 13 10 43.415064 13 10 43.424058 8300
    328 13 10 43.425792 13 10 43.434091 8300
    329 13 10 43.435158 13 10 43.443322 8300
    330 13 10 43.445053 13 10 43.453240 8300
    331 13 10 43.455114 13 10 43.463236 8300
    332 13 10 43.465054 13 10 43.473233 8300
    333 13 10 43.475056 13 10 43.483015 8300
    334 13 10 43.485101 13 10 43.495091 8300
    335 13 10 43.495120 13 10 43.503965 8300
    336 13 10 43.505101 13 10 43.513361 8300
    337 13 10 43.515056 13 10 43.523279 8300
    338 13 10 43.525120 13 10 43.533380 8300
    339 13 10 43.535116 13 10 43.543259 8300
    340 13 10 43.545112 13 10 43.553350 8300
    341 13 10 43.555123 13 10 43.563315 8300
    342 13 10 43.565128 13 10 43.573205 8300
    343 13 10 43.575059 13 10 43.583117 8300
    344 13 10 43.585059 13 10 43.593102 8300
    345 13 10 43.595061 13 10 43.603059 8300
    346 13 10 43.604992 13 10 43.612974 8300
    347 13 10 43.615226 13 10 43.623736 8300
    348 13 10 43.625124 13 10 43.633890 8300
    349 13 10 43.635063 13 10 43.643292 8300
    350 13 10 43.645127 13 10 43.659377 8300
    351 13 10 43.655090 13 10 43.666085 8300
    352 13 10 43.665041 13 10 43.673056 8300
    353 13 10 43.675077 13 10 43.683061 8300
    354 13 10 43.685073 13 10 43.693150 8300
    355 13 10 43.695799 13 10 43.703951 8300
    356 13 10 43.705074 13 10 43.713265 8300
    357 13 10 43.715121 13 10 43.723193 8300
    358 13 10 43.725157 13 10 43.733455 8300
    359 13 10 43.735081 13 10 43.743282 8300
    360 13 10 43.745167 13 10 43.754418 8300
    361 13 10 43.755183 13 10 43.763430 8300
    362 13 10 43.765127 13 10 43.773378 8300
    363 13 10 43.775005 13 10 43.783101 8300
    364 13 10 43.785066 13 10 43.794251 8300
    365 13 10 43.795070 13 10 43.803094 8300
    366 13 10 43.805056 13 10 43.813045 8300
    367 13 10 43.815077 13 10 43.823756 8300
    368 13 10 43.825135 13 10 43.833345 8300
    369 13 10 43.835130 13 10 43.843387 8300
    370 13 10 43.845112 13 10 43.853347 8300
    371 13 10 43.855207 13 10 43.864007 8300
    372 13 10 43.865136 13 10 43.873114 8300
    373 13 10 43.875067 13 10 43.883066 8300
    374 13 10 43.885075 13 10 43.893138 8300
    375 13 10 43.895135 13 10 43.904381 8300
    376 13 10 43.905098 13 10 43.913356 8300
    377 13 10 43.915058 13 10 43.923226 8300
    378 13 10 43.925159 13 10 43.933418 8300
    379 13 10 43.935056 13 10 43.943317 8300
    380 13 10 43.945123 13 10 43.953361 8300
    381 13 10 43.955125 13 10 43.963369 8300
    382 13 10 43.965190 13 10 43.973289 8300
    383 13 10 43.975071 13 10 43.983477 8300
    384 13 10 43.985410 13 10 43.993453 8300
    385 13 10 43.995066 13 10 44.003078 8300
    386 13 10 44.005070 13 10 44.013080 8300
    387 13 10 44.015175 13 10 44.024335 8300
    388 13 10 44.025306 13 10 44.033683 8300
    389 13 10 44.035175 13 10 44.043474 8300
    390 13 10 44.045118 13 10 44.053443 8300
    391 13 10 44.055126 13 10 44.063589 8300
    392 13 10 44.065013 13 10 44.073036 8300
    393 13 10 44.075077 13 10 44.083165 8300
    394 13 10 44.085040 13 10 44.094791 8300
    395 13 10 44.095092 13 10 44.103904 8300
    396 13 10 44.105080 13 10 44.113249 8300
    397 13 10 44.115110 13 10 44.123257 8300
    398 13 10 44.125120 13 10 44.133288 8300
    399 13 10 44.135148 13 10 44.144095 8300
    400 13 10 44.145187 13 10 44.159419 8300
    401 13 10 44.155124 13 10 44.166331 8300
    402 13 10 44.165058 13 10 44.173251 8300
    403 13 10 44.175074 13 10 44.183228 8300
    404 13 10 44.185060 13 10 44.193044 8300
    405 13 10 44.195073 13 10 44.203080 8300
    406 13 10 44.205060 13 10 44.213253 8300
    407 13 10 44.215142 13 10 44.223933 8300
    408 13 10 44.225084 13 10 44.233907 8300
    409 13 10 44.235123 13 10 44.243288 8300
    410 13 10 44.245054 13 10 44.253295 8300
    411 13 10 44.255135 13 10 44.264124 8300
    412 13 10 44.265045 13 10 44.273029 8300
    413 13 10 44.275069 13 10 44.284052 8300
    414 13 10 44.285097 13 10 44.294367 8300
    415 13 10 44.295459 13 10 44.304195 8300
    416 13 10 44.305137 13 10 44.313848 8300
    417 13 10 44.315122 13 10 44.323194 8300
    418 13 10 44.325079 13 10 44.333247 8300
    419 13 10 44.335121 13 10 44.343189 8300
    420 13 10 44.345118 13 10 44.353389 8300
    421 13 10 44.355162 13 10 44.363505 8300
    422 13 10 44.365132 13 10 44.373333 8300
    423 13 10 44.375078 13 10 44.383099 8300
    424 13 10 44.385066 13 10 44.393034 8300
    425 13 10 44.395065 13 10 44.403078 8300
    426 13 10 44.405076 13 10 44.413111 8300
    427 13 10 44.415070 13 10 44.423824 8300
    428 13 10 44.425122 13 10 44.433664 8300
    429 13 10 44.435124 13 10 44.443319 8300
    430 13 10 44.445126 13 10 44.453280 8300
    431 13 10 44.455114 13 10 44.463349 8300
    432 13 10 44.465114 13 10 44.473869 8300
    433 13 10 44.475060 13 10 44.484389 8300
    434 13 10 44.485058 13 10 44.493127 8300
    435 13 10 44.495080 13 10 44.503900 8300
    436 13 10 44.505139 13 10 44.514006 8300
    437 13 10 44.515072 13 10 44.523204 8300
    438 13 10 44.525112 13 10 44.533234 8300
    439 13 10 44.535125 13 10 44.543246 8300
    440 13 10 44.545056 13 10 44.553190 8300
    441 13 10 44.555056 13 10 44.563344 8300
    442 13 10 44.565058 13 10 44.573183 8300
    443 13 10 44.575068 13 10 44.583075 8300
    444 13 10 44.585056 13 10 44.593069 8300
    445 13 10 44.595084 13 10 44.603093 8300
    446 13 10 44.605058 13 10 44.613052 8300
    447 13 10 44.615079 13 10 44.623803 8300
    448 13 10 44.625113 13 10 44.633366 8300
    449 13 10 44.635123 13 10 44.643360 8300
    450 13 10 44.645108 13 10 44.659346 8300
    451 13 10 44.655138 13 10 44.666178 8300
    452 13 10 44.665129 13 10 44.673188 8300
    453 13 10 44.675057 13 10 44.683100 8300
    454 13 10 44.685059 13 10 44.693162 8300
    455 13 10 44.695352 13 10 44.704039 8300
    456 13 10 44.705160 13 10 44.713636 8300
    457 13 10 44.715079 13 10 44.723334 8300
    458 13 10 44.725146 13 10 44.733350 8300
    459 13 10 44.735126 13 10 44.743335 8300
    460 13 10 44.745119 13 10 44.753310 8300
    461 13 10 44.755090 13 10 44.763381 8300
    462 13 10 44.765148 13 10 44.773397 8300
    463 13 10 44.775083 13 10 44.783119 8300
    464 13 10 44.785065 13 10 44.793061 8300
    465 13 10 44.795076 13 10 44.803080 8300
    466 13 10 44.805067 13 10 44.813066 8300
    467 13 10 44.815061 13 10 44.824120 8300
    468 13 10 44.825059 13 10 44.833525 8300
    469 13 10 44.835064 13 10 44.843271 8300
    470 13 10 44.845135 13 10 44.853414 8300
    471 13 10 44.855119 13 10 44.863294 8300
    472 13 10 44.865076 13 10 44.873330 8300
    473 13 10 44.875081 13 10 44.883127 8300
    474 13 10 44.885055 13 10 44.893107 8300
    475 13 10 44.895164 13 10 44.904105 8300
    476 13 10 44.905197 13 10 44.913435 8300
    477 13 10 44.915078 13 10 44.923254 8300
    478 13 10 44.925123 13 10 44.933621 8300
    479 13 10 44.935116 13 10 44.943319 8300
    480 13 10 44.945112 13 10 44.953288 8300
    481 13 10 44.955123 13 10 44.964095 8300
    482 13 10 44.965066 13 10 44.973106 8300
    483 13 10 44.975065 13 10 44.984330 8300
    484 13 10 44.985058 13 10 44.993049 8300
    485 13 10 44.995078 13 10 45.003132 8300
    486 13 10 45.005079 13 10 45.013114 8300
    487 13 10 45.015079 13 10 45.024653 8300
    488 13 10 45.025148 13 10 45.033835 8300
    489 13 10 45.035693 13 10 45.044890 8300
    490 13 10 45.045184 13 10 45.053390 8300
    491 13 10 45.055061 13 10 45.063273 8300
    492 13 10 45.065122 13 10 45.074013 8300
    493 13 10 45.075212 13 10 45.083703 8300
    494 13 10 45.085062 13 10 45.093164 8300
    495 13 10 45.095052 13 10 45.103811 8300
    496 13 10 45.105151 13 10 45.113444 8300
    497 13 10 45.115155 13 10 45.123404 8300
    498 13 10 45.125086 13 10 45.133262 8300
    499 13 10 45.135120 13 10 45.143349 8300
    500 13 10 45.145094 13 10 45.159306 8300
    501 13 10 45.155107 13 10 45.166164 8300
    502 13 10 45.165050 13 10 45.173268 8300
    503 13 10 45.175119 13 10 45.183346 8300
    504 13 10 45.185051 13 10 45.193277 8300
    505 13 10 45.195059 13 10 45.203077 8300
    506 13 10 45.205066 13 10 45.214570 8300
    507 13 10 45.215072 13 10 45.224187 8300
    508 13 10 45.225093 13 10 45.233333 8300
    509 13 10 45.235050 13 10 45.243214 8300
    510 13 10 45.245120 13 10 45.253416 8300
    511 13 10 45.255101 13 10 45.263365 8300
    512 13 10 45.265047 13 10 45.273370 8300
    513 13 10 45.275047 13 10 45.283121 8300
    514 13 10 45.285060 13 10 45.294231 8300
    515 13 10 45.295065 13 10 45.303963 8300
    516 13 10 45.305126 13 10 45.313509 8300
    517 13 10 45.315131 13 10 45.323267 8300
    518 13 10 45.325113 13 10 45.333429 8300
    519 13 10 45.335143 13 10 45.343325 8300
    520 13 10 45.345196 13 10 45.353479 8300
    521 13 10 45.355075 13 10 45.363261 8300
    522 13 10 45.365127 13 10 45.373362 8300
    523 13 10 45.375056 13 10 45.383158 8300
    524 13 10 45.385057 13 10 45.393039 8300
    525 13 10 45.395077 13 10 45.403962 8300
    526 13 10 45.405031 13 10 45.413952 8300
    527 13 10 45.415014 13 10 45.424357 8300
    528 13 10 45.424992 13 10 45.433183 8300
    529 13 10 45.435054 13 10 45.443213 8300
    530 13 10 45.445118 13 10 45.453296 8300
    531 13 10 45.455117 13 10 45.463307 8300
    532 13 10 45.465119 13 10 45.473236 8300
    533 13 10 45.475057 13 10 45.483046 8300
    534 13 10 45.485056 13 10 45.494101 8300
    535 13 10 45.495083 13 10 45.504426 8300
    536 13 10 45.505125 13 10 45.513356 8300
    537 13 10 45.515118 13 10 45.523268 8300
    538 13 10 45.525128 13 10 45.533411 8300
    539 13 10 45.535057 13 10 45.543202 8300
    540 13 10 45.545118 13 10 45.553462 8300
    541 13 10 45.555084 13 10 45.563487 8300
    542 13 10 45.565133 13 10 45.573326 8300
    543 13 10 45.575009 13 10 45.583021 8300
    544 13 10 45.585062 13 10 45.593124 8300
    545 13 10 45.595075 13 10 45.603090 8300
    546 13 10 45.605071 13 10 45.613036 8300
    547 13 10 45.615068 13 10 45.624963 8300
    548 13 10 45.625428 13 10 45.633907 8300
    549 13 10 45.635190 13 10 45.643455 8300
    550 13 10 45.645136 13 10 45.659323 8300
    551 13 10 45.655143 13 10 45.666254 8300
    552 13 10 45.665270 13 10 45.673484 8300
    553 13 10 45.675136 13 10 45.683138 8300
    554 13 10 45.685065 13 10 45.693156 8300
    555 13 10 45.695058 13 10 45.704200 8300
    556 13 10 45.705157 13 10 45.713445 8300
    557 13 10 45.715062 13 10 45.723193 8300
    558 13 10 45.725068 13 10 45.733255 8300
    559 13 10 45.735134 13 10 45.743361 8300
    560 13 10 45.745140 13 10 45.753492 8300
    561 13 10 45.755858 13 10 45.764163 8300
    562 13 10 45.765064 13 10 45.773318 8300
    563 13 10 45.775131 13 10 45.783859 8300
    564 13 10 45.785063 13 10 45.793101 8300
    565 13 10 45.795087 13 10 45.803117 8300
    566 13 10 45.805075 13 10 45.813121 8300
    567 13 10 45.815083 13 10 45.824649 8300
    568 13 10 45.825459 13 10 45.833711 8300
    569 13 10 45.835093 13 10 45.843249 8300
    570 13 10 45.845115 13 10 45.853310 8300
    571 13 10 45.855111 13 10 45.863270 8300
    572 13 10 45.865071 13 10 45.873212 8300
    573 13 10 45.875061 13 10 45.883076 8300
    574 13 10 45.885060 13 10 45.894537 8300
    575 13 10 45.895107 13 10 45.903978 8300
    576 13 10 45.905149 13 10 45.914102 8300
    577 13 10 45.915146 13 10 45.923447 8300
    578 13 10 45.925127 13 10 45.933430 8300
    579 13 10 45.935115 13 10 45.943415 8300
    580 13 10 45.945126 13 10 45.953358 8300
    581 13 10 45.955063 13 10 45.963393 8300
    582 13 10 45.965127 13 10 45.973331 8300
    583 13 10 45.975059 13 10 45.983240 8300
    584 13 10 45.985067 13 10 45.993090 8300
    585 13 10 45.995060 13 10 46.004038 8300
    586 13 10 46.005087 13 10 46.013962 8300
    587 13 10 46.015025 13 10 46.024312 8300
    588 13 10 46.025097 13 10 46.034300 8300
    589 13 10 46.035170 13 10 46.043475 8300
    590 13 10 46.045153 13 10 46.054087 8300
    591 13 10 46.055177 13 10 46.063589 8300
    592 13 10 46.065128 13 10 46.073467 8300
    593 13 10 46.075080 13 10 46.083564 8300
    594 13 10 46.085064 13 10 46.093060 8300
    595 13 10 46.095081 13 10 46.103957 8300
    596 13 10 46.105547 13 10 46.114060 8300
    597 13 10 46.115166 13 10 46.123390 8300
    598 13 10 46.125140 13 10 46.133265 8300
    599 13 10 46.135114 13 10 46.143202 8300
    600 13 10 46.145124 13 10 46.159407 8300
    601 13 10 46.155140 13 10 46.166342 8300
    602 13 10 46.165247 13 10 46.174255 8300
    603 13 10 46.175119 13 10 46.183179 8300
    604 13 10 46.185057 13 10 46.193069 8300
    605 13 10 46.195061 13 10 46.203077 8300
    606 13 10 46.205066 13 10 46.213078 8300
    607 13 10 46.215063 13 10 46.223779 8300
    608 13 10 46.225290 13 10 46.233528 8300
    609 13 10 46.235154 13 10 46.243456 8300
    610 13 10 46.245156 13 10 46.253329 8300
    611 13 10 46.255132 13 10 46.263342 8300
    612 13 10 46.265132 13 10 46.274261 8300
    613 13 10 46.275075 13 10 46.283132 8300
    614 13 10 46.285077 13 10 46.293159 8300
    615 13 10 46.295135 13 10 46.303950 8300
    616 13 10 46.305185 13 10 46.313679 8300
    617 13 10 46.315162 13 10 46.323439 8300
    618 13 10 46.325079 13 10 46.333356 8300
    619 13 10 46.335163 13 10 46.343350 8300
    620 13 10 46.345134 13 10 46.353293 8300
    621 13 10 46.355142 13 10 46.364150 8300
    622 13 10 46.365127 13 10 46.373387 8300
    623 13 10 46.375149 13 10 46.384189 8300
    624 13 10 46.385064 13 10 46.393180 8300
    625 13 10 46.395063 13 10 46.403100 8300
    626 13 10 46.405071 13 10 46.414130 8300
    627 13 10 46.415024 13 10 46.423766 8300
    628 13 10 46.425086 13 10 46.433658 8300
    629 13 10 46.435071 13 10 46.443362 8300
    630 13 10 46.445056 13 10 46.453311 8300
    631 13 10 46.455056 13 10 46.463126 8300
    632 13 10 46.465054 13 10 46.473210 8300
    633 13 10 46.475444 13 10 46.483443 8300
    634 13 10 46.485087 13 10 46.493060 8300
    635 13 10 46.495099 13 10 46.503731 8300
    636 13 10 46.505147 13 10 46.513455 8300
    637 13 10 46.515076 13 10 46.524092 8300
    638 13 10 46.525052 13 10 46.533259 8300
    639 13 10 46.535133 13 10 46.543402 8300
    640 13 10 46.545135 13 10 46.553353 8300
    641 13 10 46.555137 13 10 46.563380 8300
    642 13 10 46.565134 13 10 46.573385 8300
    643 13 10 46.575133 13 10 46.583993 8300
    644 13 10 46.585064 13 10 46.593153 8300
    645 13 10 46.595075 13 10 46.603060 8300
    646 13 10 46.605055 13 10 46.613027 8300
    647 13 10 46.615073 13 10 46.623181 8300
    648 13 10 46.625185 13 10 46.634062 8300
    649 13 10 46.635134 13 10 46.644007 8300
    650 13 10 46.645131 13 10 46.659314 8300
    651 13 10 46.655130 13 10 46.666352 8300
    652 13 10 46.665114 13 10 46.673535 8300
    653 13 10 46.675066 13 10 46.683073 8300
    654 13 10 46.685060 13 10 46.693052 8300
    655 13 10 46.695123 13 10 46.703640 8300
    656 13 10 46.705137 13 10 46.713334 8300
    657 13 10 46.715141 13 10 46.723545 8300
    658 13 10 46.725188 13 10 46.733372 8300
    659 13 10 46.735118 13 10 46.743211 8300
    660 13 10 46.745058 13 10 46.753290 8300
    661 13 10 46.755122 13 10 46.763629 8300
    662 13 10 46.765134 13 10 46.773389 8300
    663 13 10 46.775126 13 10 46.785063 8300
    664 13 10 46.785094 13 10 46.793112 8300
    665 13 10 46.795073 13 10 46.803119 8300
    666 13 10 46.805087 13 10 46.813118 8300
    667 13 10 46.815066 13 10 46.823292 8300
    668 13 10 46.825257 13 10 46.833790 8300
    669 13 10 46.835227 13 10 46.843423 8300
    670 13 10 46.845266 13 10 46.854033 8300
    671 13 10 46.855167 13 10 46.863360 8300
    672 13 10 46.865116 13 10 46.873469 8300
    673 13 10 46.875390 13 10 46.883395 8300
    674 13 10 46.885106 13 10 46.893166 8300
    675 13 10 46.895063 13 10 46.904389 8300
    676 13 10 46.905284 13 10 46.914191 8300
    677 13 10 46.915129 13 10 46.923479 8300
    678 13 10 46.925333 13 10 46.933695 8300
    679 13 10 46.935155 13 10 46.943497 8300
    680 13 10 46.945115 13 10 46.953367 8300
    681 13 10 46.955157 13 10 46.963414 8300
    682 13 10 46.965119 13 10 46.973714 8300
    683 13 10 46.975127 13 10 46.983378 8300
    684 13 10 46.985053 13 10 46.993175 8300
    685 13 10 46.995077 13 10 47.003127 8300
    686 13 10 47.005085 13 10 47.013083 8300
    687 13 10 47.015058 13 10 47.023234 8300
    688 13 10 47.025258 13 10 47.034117 8300
    689 13 10 47.035240 13 10 47.044347 8300
    690 13 10 47.045059 13 10 47.053204 8300
    691 13 10 47.055126 13 10 47.063234 8300
    692 13 10 47.065083 13 10 47.073138 8300
    693 13 10 47.075077 13 10 47.084193 8300
    694 13 10 47.085121 13 10 47.094084 8300
    695 13 10 47.095131 13 10 47.103940 8300
    696 13 10 47.105055 13 10 47.113298 8300
    697 13 10 47.115105 13 10 47.123302 8300
    698 13 10 47.125123 13 10 47.133411 8300
    699 13 10 47.135119 13 10 47.143223 8300
    700 13 10 47.145119 13 10 47.159460 8300
    701 13 10 47.155118 13 10 47.166192 8300
    702 13 10 47.165148 13 10 47.173323 8300
    703 13 10 47.175057 13 10 47.183137 8300
    704 13 10 47.185057 13 10 47.193027 8300
    705 13 10 47.195075 13 10 47.203270 8300
    706 13 10 47.205055 13 10 47.213039 8300
    707 13 10 47.215071 13 10 47.223177 8300
    708 13 10 47.225060 13 10 47.233775 8300
    709 13 10 47.235087 13 10 47.244134 8300
    710 13 10 47.245092 13 10 47.253329 8300
    711 13 10 47.255125 13 10 47.263266 8300
    712 13 10 47.265177 13 10 47.273538 8300
    713 13 10 47.275075 13 10 47.283078 8300
    714 13 10 47.285060 13 10 47.293045 8300
    715 13 10 47.295014 13 10 47.304091 8300
    716 13 10 47.305090 13 10 47.314165 8300
    717 13 10 47.315125 13 10 47.323391 8300
    718 13 10 47.325065 13 10 47.333302 8300
    719 13 10 47.335137 13 10 47.343234 8300
    720 13 10 47.345095 13 10 47.353203 8300
    721 13 10 47.355114 13 10 47.363339 8300
    722 13 10 47.365121 13 10 47.373280 8300
    723 13 10 47.375121 13 10 47.383235 8300
    724 13 10 47.385055 13 10 47.393025 8300
    725 13 10 47.395133 13 10 47.404215 8300
    726 13 10 47.405076 13 10 47.413097 8300
    727 13 10 47.415075 13 10 47.423139 8300
    728 13 10 47.425046 13 10 47.434367 8300
    729 13 10 47.435192 13 10 47.443415 8300
    730 13 10 47.445121 13 10 47.453332 8300
    731 13 10 47.455123 13 10 47.463340 8300
    732 13 10 47.465124 13 10 47.474432 8300
    733 13 10 47.475062 13 10 47.483142 8300
    734 13 10 47.485092 13 10 47.493130 8300
    735 13 10 47.495060 13 10 47.504040 8300
    736 13 10 47.505183 13 10 47.514018 8300
    737 13 10 47.515141 13 10 47.523361 8300
    738 13 10 47.525064 13 10 47.533265 8300
    739 13 10 47.535113 13 10 47.543438 8300
    740 13 10 47.545135 13 10 47.553412 8300
    741 13 10 47.555134 13 10 47.563411 8300
    742 13 10 47.565137 13 10 47.573208 8300
    743 13 10 47.575150 13 10 47.583401 8300
    744 13 10 47.585062 13 10 47.593057 8300
    745 13 10 47.595078 13 10 47.603180 8300
    746 13 10 47.605075 13 10 47.613067 8300
    747 13 10 47.615081 13 10 47.623116 8300
    748 13 10 47.625055 13 10 47.634684 8300
    749 13 10 47.635134 13 10 47.643268 8300
    750 13 10 47.645147 13 10 47.659384 8300
    751 13 10 47.655138 13 10 47.666651 8300
    752 13 10 47.665163 13 10 47.674756 8300
    753 13 10 47.675241 13 10 47.683267 8300
    754 13 10 47.685056 13 10 47.693033 8300
    755 13 10 47.695101 13 10 47.703507 8300
    756 13 10 47.705058 13 10 47.713313 8300
    757 13 10 47.715113 13 10 47.723317 8300
    758 13 10 47.725078 13 10 47.733252 8300
    759 13 10 47.735098 13 10 47.743285 8300
    760 13 10 47.745120 13 10 47.753368 8300
    761 13 10 47.755057 13 10 47.763222 8300
    762 13 10 47.765132 13 10 47.773322 8300
    763 13 10 47.775112 13 10 47.783222 8300
    764 13 10 47.785058 13 10 47.793052 8300
    765 13 10 47.795056 13 10 47.804270 8300
    766 13 10 47.805048 13 10 47.813054 8300
    767 13 10 47.815060 13 10 47.825071 8300
    768 13 10 47.825114 13 10 47.834383 8300
    769 13 10 47.835295 13 10 47.843725 8300
    770 13 10 47.845115 13 10 47.853386 8300
    771 13 10 47.855054 13 10 47.863258 8300
    772 13 10 47.865124 13 10 47.873399 8300
    773 13 10 47.875186 13 10 47.883870 8300
    774 13 10 47.885067 13 10 47.893104 8300
    775 13 10 47.895060 13 10 47.903784 8300
    776 13 10 47.905127 13 10 47.914107 8300
    777 13 10 47.915193 13 10 47.923445 8300
    778 13 10 47.925223 13 10 47.933714 8300
    779 13 10 47.935074 13 10 47.943306 8300
    780 13 10 47.945140 13 10 47.953513 8300
    781 13 10 47.955213 13 10 47.963450 8300
    782 13 10 47.965125 13 10 47.973336 8300
    783 13 10 47.975113 13 10 47.983282 8300
    784 13 10 47.985118 13 10 47.993882 8300
    785 13 10 47.995060 13 10 48.003076 8300
    786 13 10 48.005060 13 10 48.013098 8300
    787 13 10 48.015149 13 10 48.023290 8300
    788 13 10 48.025497 13 10 48.034916 8300
    789 13 10 48.035069 13 10 48.043846 8300
    790 13 10 48.045568 13 10 48.053952 8300
    791 13 10 48.055157 13 10 48.063428 8300
    792 13 10 48.065122 13 10 48.073346 8300
    793 13 10 48.075397 13 10 48.083418 8300
    794 13 10 48.085054 13 10 48.093046 8300
    795 13 10 48.095061 13 10 48.104256 8300
    796 13 10 48.105620 13 10 48.113880 8300
    797 13 10 48.115180 13 10 48.123356 8300
    798 13 10 48.125205 13 10 48.133955 8300
    799 13 10 48.135119 13 10 48.143318 8300
    800 13 10 48.145150 13 10 48.159275 8300
    801 13 10 48.155121 13 10 48.166234 8300
    802 13 10 48.165075 13 10 48.173318 8300
    803 13 10 48.175131 13 10 48.183615 8300
    804 13 10 48.185060 13 10 48.193058 8300
    805 13 10 48.195076 13 10 48.203946 8300
    806 13 10 48.205018 13 10 48.213104 8300
    807 13 10 48.215069 13 10 48.223162 8300
    808 13 10 48.225078 13 10 48.233905 8300
    809 13 10 48.235165 13 10 48.243385 8300
    810 13 10 48.245091 13 10 48.253365 8300
    811 13 10 48.255054 13 10 48.263213 8300
    812 13 10 48.265138 13 10 48.274025 8300
    813 13 10 48.275075 13 10 48.283720 8300
    814 13 10 48.285060 13 10 48.293044 8300
    815 13 10 48.295059 13 10 48.303249 8300
    816 13 10 48.305154 13 10 48.313420 8300
    817 13 10 48.315128 13 10 48.323318 8300
    818 13 10 48.325122 13 10 48.333413 8300
    819 13 10 48.335126 13 10 48.343235 8300
    820 13 10 48.345111 13 10 48.353313 8300
    821 13 10 48.355058 13 10 48.363363 8300
    822 13 10 48.365110 13 10 48.373269 8300
    823 13 10 48.375056 13 10 48.383023 8300
    824 13 10 48.385055 13 10 48.393033 8300
    825 13 10 48.395060 13 10 48.404381 8300
    826 13 10 48.405056 13 10 48.413020 8300
    827 13 10 48.415120 13 10 48.424253 8300
    828 13 10 48.425144 13 10 48.433416 8300
    829 13 10 48.435132 13 10 48.443181 8300
    830 13 10 48.445124 13 10 48.453437 8300
    831 13 10 48.455055 13 10 48.463287 8300
    832 13 10 48.465141 13 10 48.473390 8300
    833 13 10 48.475113 13 10 48.483254 8300
    834 13 10 48.485019 13 10 48.492995 8300
    835 13 10 48.495097 13 10 48.505040 8300
    836 13 10 48.505079 13 10 48.514136 8300
    837 13 10 48.515245 13 10 48.523930 8300
    838 13 10 48.525069 13 10 48.533427 8300
    839 13 10 48.535164 13 10 48.543430 8300
    840 13 10 48.545155 13 10 48.553322 8300
    841 13 10 48.555123 13 10 48.563968 8300
    842 13 10 48.565156 13 10 48.573416 8300
    843 13 10 48.575124 13 10 48.583300 8300
    844 13 10 48.585076 13 10 48.593093 8300
    845 13 10 48.595080 13 10 48.603110 8300
    846 13 10 48.605066 13 10 48.613052 8300
    847 13 10 48.615057 13 10 48.623981 8300
    848 13 10 48.625104 13 10 48.634115 8300
    849 13 10 48.636054 13 10 48.645246 8300
    850 13 10 48.645119 13 10 48.659455 8300
    851 13 10 48.655226 13 10 48.666500 8300
    852 13 10 48.665228 13 10 48.673596 8300
    853 13 10 48.675134 13 10 48.683360 8300
    854 13 10 48.685057 13 10 48.693036 8300
    855 13 10 48.695090 13 10 48.704304 8300
    856 13 10 48.705235 13 10 48.713625 8300
    857 13 10 48.715058 13 10 48.723143 8300
    858 13 10 48.725059 13 10 48.733215 8300
    859 13 10 48.735072 13 10 48.743236 8300
    860 13 10 48.745126 13 10 48.753298 8300
    861 13 10 48.755194 13 10 48.763472 8300
    862 13 10 48.765081 13 10 48.773933 8300
    863 13 10 48.775075 13 10 48.783279 8300
    864 13 10 48.785145 13 10 48.793421 8300
    865 13 10 48.795045 13 10 48.803018 8300
    866 13 10 48.805059 13 10 48.813037 8300
    867 13 10 48.815058 13 10 48.824142 8300
    868 13 10 48.825056 13 10 48.834223 8300
    869 13 10 48.835121 13 10 48.843403 8300
    870 13 10 48.845146 13 10 48.853385 8300
    871 13 10 48.855119 13 10 48.863436 8300
    872 13 10 48.865113 13 10 48.873429 8300
    873 13 10 48.875058 13 10 48.883212 8300
    874 13 10 48.885053 13 10 48.893076 8300
    875 13 10 48.895086 13 10 48.905090 8300
    876 13 10 48.905121 13 10 48.913688 8300
    877 13 10 48.915126 13 10 48.923298 8300
    878 13 10 48.925122 13 10 48.933320 8300
    879 13 10 48.935223 13 10 48.943398 8300
    880 13 10 48.945062 13 10 48.953220 8300
    881 13 10 48.955111 13 10 48.963197 8300
    882 13 10 48.965080 13 10 48.973492 8300
    883 13 10 48.975121 13 10 48.983994 8300
    884 13 10 48.985135 13 10 48.993932 8300
    885 13 10 48.995060 13 10 49.003069 8300
    886 13 10 49.005068 13 10 49.014153 8300
    887 13 10 49.015084 13 10 49.023090 8300
    888 13 10 49.025126 13 10 49.034098 8300
    889 13 10 49.035192 13 10 49.043722 8300
    890 13 10 49.045135 13 10 49.053356 8300
    891 13 10 49.055207 13 10 49.063620 8300
    892 13 10 49.065122 13 10 49.073365 8300
    893 13 10 49.075082 13 10 49.083226 8300
    894 13 10 49.085054 13 10 49.093077 8300
    895 13 10 49.095073 13 10 49.105279 8300
    896 13 10 49.105201 13 10 49.113419 8300
    897 13 10 49.115130 13 10 49.123471 8300
    898 13 10 49.125051 13 10 49.134078 8300
    899 13 10 49.135238 13 10 49.143633 8300
    900 13 10 49.145144 13 10 49.159184 8300
    901 13 10 49.155088 13 10 49.166265 8300
    902 13 10 49.165104 13 10 49.173211 8300
    903 13 10 49.175113 13 10 49.183284 8300
    904 13 10 49.185209 13 10 49.194991 8300
    905 13 10 49.195084 13 10 49.203065 8300
    906 13 10 49.205069 13 10 49.214733 8300
    907 13 10 49.215130 13 10 49.223114 8300
    908 13 10 49.225138 13 10 49.233283 8300
    909 13 10 49.235126 13 10 49.243327 8300
    910 13 10 49.245078 13 10 49.253242 8300
    911 13 10 49.255147 13 10 49.263345 8300
    912 13 10 49.265124 13 10 49.273344 8300
    913 13 10 49.275061 13 10 49.283061 8300
    914 13 10 49.285071 13 10 49.294471 8300
    915 13 10 49.295057 13 10 49.304158 8300
    916 13 10 49.305526 13 10 49.313809 8300
    917 13 10 49.315162 13 10 49.323979 8300
    918 13 10 49.325116 13 10 49.333266 8300
    919 13 10 49.335115 13 10 49.343305 8300
    920 13 10 49.345120 13 10 49.353403 8300
    921 13 10 49.355133 13 10 49.363458 8300
    922 13 10 49.365119 13 10 49.374138 8300
    923 13 10 49.375131 13 10 49.383181 8300
    924 13 10 49.385067 13 10 49.393064 8300
    925 13 10 49.395062 13 10 49.404049 8300
    926 13 10 49.405096 13 10 49.413818 8300
    927 13 10 49.415059 13 10 49.423057 8300
    928 13 10 49.425074 13 10 49.433591 8300
    929 13 10 49.435138 13 10 49.443308 8300
    930 13 10 49.445131 13 10 49.453327 8300
    931 13 10 49.455117 13 10 49.463399 8300
    932 13 10 49.465122 13 10 49.473340 8300
    933 13 10 49.475408 13 10 49.483491 8300
    934 13 10 49.485067 13 10 49.493049 8300
    935 13 10 49.495075 13 10 49.504716 8300
    936 13 10 49.505107 13 10 49.513658 8300
    937 13 10 49.515130 13 10 49.523262 8300
    938 13 10 49.525118 13 10 49.533346 8300
    939 13 10 49.535116 13 10 49.543340 8300
    940 13 10 49.545122 13 10 49.553570 8300
    941 13 10 49.555132 13 10 49.563388 8300
    942 13 10 49.565122 13 10 49.573614 8300
    943 13 10 49.575203 13 10 49.584184 8300
    944 13 10 49.585287 13 10 49.593471 8300
    945 13 10 49.595086 13 10 49.603121 8300
    946 13 10 49.605057 13 10 49.614033 8300
    947 13 10 49.615076 13 10 49.623066 8300
    948 13 10 49.625158 13 10 49.633456 8300
    949 13 10 49.635114 13 10 49.643751 8300
    950 13 10 49.645173 13 10 49.659351 8300
    951 13 10 49.655144 13 10 49.666431 8300
    952 13 10 49.665090 13 10 49.673484 8300
    953 13 10 49.675195 13 10 49.683441 8300
    954 13 10 49.685062 13 10 49.693058 8300
    955 13 10 49.695061 13 10 49.703102 8300
    956 13 10 49.705114 13 10 49.713552 8300
    957 13 10 49.716084 13 10 49.724353 8300
    958 13 10 49.725127 13 10 49.733291 8300
    959 13 10 49.735081 13 10 49.743254 8300
    960 13 10 49.745125 13 10 49.753354 8300
    961 13 10 49.755119 13 10 49.763308 8300
    962 13 10 49.765117 13 10 49.773381 8300
    963 13 10 49.775055 13 10 49.783324 8300
    964 13 10 49.785114 13 10 49.794044 8300
    965 13 10 49.795090 13 10 49.803060 8300
    966 13 10 49.805069 13 10 49.813147 8300
    967 13 10 49.815072 13 10 49.824103 8300
    968 13 10 49.825052 13 10 49.834088 8300
    969 13 10 49.835017 13 10 49.843415 8300
    970 13 10 49.845154 13 10 49.854675 8300
    971 13 10 49.855089 13 10 49.864263 8300
    972 13 10 49.865164 13 10 49.873446 8300
    973 13 10 49.875117 13 10 49.883335 8300
    974 13 10 49.885143 13 10 49.893368 8300
    975 13 10 49.895069 13 10 49.903243 8300
    976 13 10 49.905256 13 10 49.914335 8300
    977 13 10 49.915120 13 10 49.923830 8300
    978 13 10 49.925190 13 10 49.933477 8300
    979 13 10 49.935060 13 10 49.943302 8300
    980 13 10 49.945121 13 10 49.953386 8300
    981 13 10 49.955120 13 10 49.963276 8300
    982 13 10 49.965122 13 10 49.973272 8300
    983 13 10 49.975121 13 10 49.983280 8300
    984 13 10 49.985112 13 10 49.993172 8300
    985 13 10 49.995058 13 10 50.003069 8300
    986 13 10 50.005062 13 10 50.013083 8300
    987 13 10 50.015062 13 10 50.023046 8300
    988 13 10 50.025171 13 10 50.033296 8300
    989 13 10 50.035125 13 10 50.043759 8300
    990 13 10 50.045282 13 10 50.053947 8300
    991 13 10 50.055329 13 10 50.063772 8300
    992 13 10 50.065178 13 10 50.073526 8300
    993 13 10 50.075124 13 10 50.083390 8300
    994 13 10 50.085056 13 10 50.093228 8300
    995 13 10 50.095061 13 10 50.103251 8300
    996 13 10 50.105274 13 10 50.113711 8300
    997 13 10 50.115127 13 10 50.123331 8300
    998 13 10 50.125126 13 10 50.134436 8300
    999 13 10 50.135075 13 10 50.143332 8300
   1000 13 10 50.145113 13 10 50.159700 8300
