      1 13 5 0.275372 13 5 0.275372 9600
      2 13 5 0.285468 13 5 0.285468 9600
      3 13 5 0.295463 13 5 0.295463 9600
      4 13 5 0.305520 13 5 0.305520 9600
      5 13 5 0.315456 13 5 0.315456 9600
      6 13 5 0.325592 13 5 0.325592 9600
      7 13 5 0.335621 13 5 0.335621 9600
      8 13 5 0.345592 13 5 0.345592 9600
      9 13 5 0.355546 13 5 0.355546 9600
     10 13 5 0.365482 13 5 0.365482 9600
     11 13 5 0.375491 13 5 0.375491 9600
     12 13 5 0.385469 13 5 0.385469 9600
     13 13 5 0.395560 13 5 0.395560 9600
     14 13 5 0.405611 13 5 0.405611 9600
     15 13 5 0.415474 13 5 0.415474 9600
     16 13 5 0.425467 13 5 0.425467 9600
     17 13 5 0.435549 13 5 0.435549 9600
     18 13 5 0.445539 13 5 0.445539 9600
     19 13 5 0.455489 13 5 0.455489 9600
     20 13 5 0.465471 13 5 0.465471 9600
     21 13 5 0.475492 13 5 0.475492 9600
     22 13 5 0.485470 13 5 0.485470 9600
     23 13 5 0.495473 13 5 0.495473 9600
     24 13 5 0.505731 13 5 0.505731 9600
     25 13 5 0.515540 13 5 0.515540 9600
     26 13 5 0.525484 13 5 0.525484 9600
     27 13 5 0.535567 13 5 0.535567 9600
     28 13 5 0.545545 13 5 0.545545 9600
     29 13 5 0.555475 13 5 0.555475 9600
     30 13 5 0.565482 13 5 0.565482 9600
     31 13 5 0.575479 13 5 0.575479 9600
     32 13 5 0.585480 13 5 0.585480 9600
     33 13 5 0.595560 13 5 0.595560 9600
     34 13 5 0.605536 13 5 0.605536 9600
     35 13 5 0.615498 13 5 0.615498 9600
     36 13 5 0.625592 13 5 0.625592 9600
     37 13 5 0.635565 13 5 0.635565 9600
     38 13 5 0.645528 13 5 0.645528 9600
     39 13 5 0.655552 13 5 0.655552 9600
     40 13 5 0.665594 13 5 0.665594 9600
     41 13 5 0.675481 13 5 0.675481 9600
     42 13 5 0.685531 13 5 0.685531 9600
     43 13 5 0.695480 13 5 0.695480 9600
     44 13 5 0.705975 13 5 0.705975 9600
     45 13 5 0.715573 13 5 0.715573 9600
     46 13 5 0.725533 13 5 0.725533 9600
     47 13 5 0.735514 13 5 0.735514 9600
     48 13 5 0.745541 13 5 0.745541 9600
     49 13 5 0.755474 13 5 0.755474 9600
     50 13 5 0.765470 13 5 0.765470 9600
     51 13 5 0.775476 13 5 0.775476 9600
     52 13 5 0.785478 13 5 0.785478 9600
     53 13 5 0.795550 13 5 0.795550 9600
     54 13 5 0.805541 13 5 0.805541 9600
     55 13 5 0.815529 13 5 0.815529 9600
     56 13 5 0.825543 13 5 0.825543 9600
     57 13 5 0.835527 13 5 0.835527 9600
     58 13 5 0.845537 13 5 0.845537 9600
     59 13 5 0.855491 13 5 0.855491 9600
     60 13 5 0.865488 13 5 0.865488 9600
     61 13 5 0.875684 13 5 0.875684 9600
     62 13 5 0.885611 13 5 0.885611 9600
     63 13 5 0.895476 13 5 0.895476 9600
     64 13 5 0.905531 13 5 0.905531 9600
     65 13 5 0.915549 13 5 0.915549 9600
     66 13 5 0.925735 13 5 0.925735 9600
     67 13 5 0.935587 13 5 0.935587 9600
     68 13 5 0.945492 13 5 0.945492 9600
     69 13 5 0.955460 13 5 0.955460 9600
     70 13 5 0.965484 13 5 0.965484 9600
     71 13 5 0.975470 13 5 0.975470 9600
     72 13 5 0.985777 13 5 0.985777 9600
     73 13 5 0.995541 13 5 0.995541 9600
     74 13 5 1.005432 13 5 1.005432 9600
     75 13 5 1.015490 13 5 1.015490 9600
     76 13 5 1.025697 13 5 1.025697 9600
     77 13 5 1.035544 13 5 1.035544 9600
     78 13 5 1.045541 13 5 1.045541 9600
     79 13 5 1.055496 13 5 1.055496 9600
     80 13 5 1.065542 13 5 1.065542 9600
     81 13 5 1.075472 13 5 1.075472 9600
     82 13 5 1.085480 13 5 1.085480 9600
     83 13 5 1.095472 13 5 1.095472 9600
     84 13 5 1.105488 13 5 1.105488 9600
     85 13 5 1.115598 13 5 1.115598 9600
     86 13 5 1.125647 13 5 1.125647 9600
     87 13 5 1.135539 13 5 1.135539 9600
     88 13 5 1.145542 13 5 1.145542 9600
     89 13 5 1.157589 13 5 1.157589 9600
     90 13 5 1.165524 13 5 1.165524 9600
     91 13 5 1.175462 13 5 1.175462 9600
     92 13 5 1.185578 13 5 1.185578 9600
     93 13 5 1.195692 13 5 1.195692 9600
     94 13 5 1.205543 13 5 1.205543 9600
     95 13 5 1.215581 13 5 1.215581 9600
     96 13 5 1.225540 13 5 1.225540 9600
     97 13 5 1.235506 13 5 1.235506 9600
     98 13 5 1.245513 13 5 1.245513 9600
     99 13 5 1.255490 13 5 1.255490 9600
    100 13 5 1.265557 13 5 1.265557 9600
    101 13 5 1.275412 13 5 1.275412 9600
    102 13 5 1.285487 13 5 1.285487 9600
    103 13 5 1.295488 13 5 1.295488 9600
    104 13 5 1.305523 13 5 1.305523 9600
    105 13 5 1.315538 13 5 1.315538 9600
    106 13 5 1.325938 13 5 1.325938 9600
    107 13 5 1.335515 13 5 1.335515 9600
    108 13 5 1.345582 13 5 1.345582 9600
    109 13 5 1.355642 13 5 1.355642 9600
    110 13 5 1.365472 13 5 1.365472 9600
    111 13 5 1.375757 13 5 1.375757 9600
    112 13 5 1.385486 13 5 1.385486 9600
    113 13 5 1.395636 13 5 1.395636 9600
    114 13 5 1.405575 13 5 1.405575 9600
    115 13 5 1.415516 13 5 1.415516 9600
    116 13 5 1.425554 13 5 1.425554 9600
    117 13 5 1.435522 13 5 1.435522 9600
    118 13 5 1.445540 13 5 1.445540 9600
    119 13 5 1.455535 13 5 1.455535 9600
    120 13 5 1.465580 13 5 1.465580 9600
    121 13 5 1.475668 13 5 1.475668 9600
    122 13 5 1.485511 13 5 1.485511 9600
    123 13 5 1.495748 13 5 1.495748 9600
    124 13 5 1.505488 13 5 1.505488 9600
    125 13 5 1.515476 13 5 1.515476 9600
    126 13 5 1.525530 13 5 1.525530 9600
    127 13 5 1.535560 13 5 1.535560 9600
    128 13 5 1.545541 13 5 1.545541 9600
    129 13 5 1.555473 13 5 1.555473 9600
    130 13 5 1.565480 13 5 1.565480 9600
    131 13 5 1.575512 13 5 1.575512 9600
    132 13 5 1.585483 13 5 1.585483 9600
    133 13 5 1.595502 13 5 1.595502 9600
    134 13 5 1.605543 13 5 1.605543 9600
    135 13 5 1.615537 13 5 1.615537 9600
    136 13 5 1.625487 13 5 1.625487 9600
    137 13 5 1.635499 13 5 1.635499 9600
    138 13 5 1.645532 13 5 1.645532 9600
    139 13 5 1.655470 13 5 1.655470 9600
    140 13 5 1.665545 13 5 1.665545 9600
    141 13 5 1.676079 13 5 1.676079 9600
    142 13 5 1.685471 13 5 1.685471 9600
    143 13 5 1.695482 13 5 1.695482 9600
    144 13 5 1.705607 13 5 1.705607 9600
    145 13 5 1.715825 13 5 1.715825 9600
    146 13 5 1.725544 13 5 1.725544 9600
    147 13 5 1.735587 13 5 1.735587 9600
    148 13 5 1.745549 13 5 1.745549 9600
    149 13 5 1.755516 13 5 1.755516 9600
    150 13 5 1.765479 13 5 1.765479 9600
    151 13 5 1.775460 13 5 1.775460 9600
    152 13 5 1.785480 13 5 1.785480 9600
    153 13 5 1.796124 13 5 1.796124 9600
    154 13 5 1.805553 13 5 1.805553 9600
    155 13 5 1.815574 13 5 1.815574 9600
    156 13 5 1.825568 13 5 1.825568 9600
    157 13 5 1.835592 13 5 1.835592 9600
    158 13 5 1.845612 13 5 1.845612 9600
    159 13 5 1.855553 13 5 1.855553 9600
    160 13 5 1.865714 13 5 1.865714 9600
    161 13 5 1.875618 13 5 1.875618 9600
    162 13 5 1.885473 13 5 1.885473 9600
    163 13 5 1.895481 13 5 1.895481 9600
    164 13 5 1.905584 13 5 1.905584 9600
    165 13 5 1.915494 13 5 1.915494 9600
    166 13 5 1.925535 13 5 1.925535 9600
    167 13 5 1.935535 13 5 1.935535 9600
    168 13 5 1.945571 13 5 1.945571 9600
    169 13 5 1.955483 13 5 1.955483 9600
    170 13 5 1.965479 13 5 1.965479 9600
    171 13 5 1.975477 13 5 1.975477 9600
    172 13 5 1.985478 13 5 1.985478 9600
    173 13 5 1.995512 13 5 1.995512 9600
    174 13 5 2.005554 13 5 2.005554 9600
    175 13 5 2.015483 13 5 2.015483 9600
    176 13 5 2.025548 13 5 2.025548 9600
    177 13 5 2.035464 13 5 2.035464 9600
    178 13 5 2.045798 13 5 2.045798 9600
    179 13 5 2.055486 13 5 2.055486 9600
    180 13 5 2.065542 13 5 2.065542 9600
    181 13 5 2.075493 13 5 2.075493 9600
    182 13 5 2.085510 13 5 2.085510 9600
    183 13 5 2.095638 13 5 2.095638 9600
    184 13 5 2.105481 13 5 2.105481 9600
    185 13 5 2.115547 13 5 2.115547 9600
    186 13 5 2.125596 13 5 2.125596 9600
    187 13 5 2.135524 13 5 2.135524 9600
    188 13 5 2.145557 13 5 2.145557 9600
    189 13 5 2.155552 13 5 2.155552 9600
    190 13 5 2.165462 13 5 2.165462 9600
    191 13 5 2.175485 13 5 2.175485 9600
    192 13 5 2.185490 13 5 2.185490 9600
    193 13 5 2.195501 13 5 2.195501 9600
    194 13 5 2.205541 13 5 2.205541 9600
    195 13 5 2.215530 13 5 2.215530 9600
    196 13 5 2.225575 13 5 2.225575 9600
    197 13 5 2.235551 13 5 2.235551 9600
    198 13 5 2.245541 13 5 2.245541 9600
    199 13 5 2.255544 13 5 2.255544 9600
    200 13 5 2.265546 13 5 2.265546 9600
    201 13 5 2.275501 13 5 2.275501 9600
    202 13 5 2.285492 13 5 2.285492 9600
    203 13 5 2.296409 13 5 2.296409 9600
    204 13 5 2.305521 13 5 2.305521 9600
    205 13 5 2.315554 13 5 2.315554 9600
    206 13 5 2.325472 13 5 2.325472 9600
    207 13 5 2.335532 13 5 2.335532 9600
    208 13 5 2.345470 13 5 2.345470 9600
    209 13 5 2.355554 13 5 2.355554 9600
    210 13 5 2.365486 13 5 2.365486 9600
    211 13 5 2.375481 13 5 2.375481 9600
    212 13 5 2.385483 13 5 2.385483 9600
    213 13 5 2.395709 13 5 2.395709 9600
    214 13 5 2.405571 13 5 2.405571 9600
    215 13 5 2.416242 13 5 2.416242 9600
    216 13 5 2.425581 13 5 2.425581 9600
    217 13 5 2.435474 13 5 2.435474 9600
    218 13 5 2.445539 13 5 2.445539 9600
    219 13 5 2.455537 13 5 2.455537 9600
    220 13 5 2.465545 13 5 2.465545 9600
    221 13 5 2.475477 13 5 2.475477 9600
    222 13 5 2.485478 13 5 2.485478 9600
    223 13 5 2.495490 13 5 2.495490 9600
    224 13 5 2.505490 13 5 2.505490 9600
    225 13 5 2.515534 13 5 2.515534 9600
    226 13 5 2.525478 13 5 2.525478 9600
    227 13 5 2.535536 13 5 2.535536 9600
    228 13 5 2.545532 13 5 2.545532 9600
    229 13 5 2.555885 13 5 2.555885 9600
    230 13 5 2.565482 13 5 2.565482 9600
    231 13 5 2.575485 13 5 2.575485 9600
    232 13 5 2.585485 13 5 2.585485 9600
    233 13 5 2.595499 13 5 2.595499 9600
    234 13 5 2.605494 13 5 2.605494 9600
    235 13 5 2.615470 13 5 2.615470 9600
    236 13 5 2.625518 13 5 2.625518 9600
    237 13 5 2.635546 13 5 2.635546 9600
    238 13 5 2.645541 13 5 2.645541 9600
    239 13 5 2.655540 13 5 2.655540 9600
    240 13 5 2.665470 13 5 2.665470 9600
    241 13 5 2.675530 13 5 2.675530 9600
    242 13 5 2.685727 13 5 2.685727 9600
    243 13 5 2.695494 13 5 2.695494 9600
    244 13 5 2.705471 13 5 2.705471 9600
    245 13 5 2.715539 13 5 2.715539 9600
    246 13 5 2.725655 13 5 2.725655 9600
    247 13 5 2.735514 13 5 2.735514 9600
    248 13 5 2.745533 13 5 2.745533 9600
    249 13 5 2.755617 13 5 2.755617 9600
    250 13 5 2.765407 13 5 2.765407 9600
    251 13 5 2.775475 13 5 2.775475 9600
    252 13 5 2.785889 13 5 2.785889 9600
    253 13 5 2.795856 13 5 2.795856 9600
    254 13 5 2.805539 13 5 2.805539 9600
    255 13 5 2.815494 13 5 2.815494 9600
    256 13 5 2.825539 13 5 2.825539 9600
    257 13 5 2.835542 13 5 2.835542 9600
    258 13 5 2.845559 13 5 2.845559 9600
    259 13 5 2.855493 13 5 2.855493 9600
    260 13 5 2.865571 13 5 2.865571 9600
    261 13 5 2.875451 13 5 2.875451 9600
    262 13 5 2.886263 13 5 2.886263 9600
    263 13 5 2.895477 13 5 2.895477 9600
    264 13 5 2.905476 13 5 2.905476 9600
    265 13 5 2.915543 13 5 2.915543 9600
    266 13 5 2.925545 13 5 2.925545 9600
    267 13 5 2.935531 13 5 2.935531 9600
    268 13 5 2.945555 13 5 2.945555 9600
    269 13 5 2.955497 13 5 2.955497 9600
    270 13 5 2.965479 13 5 2.965479 9600
    271 13 5 2.975483 13 5 2.975483 9600
    272 13 5 2.985481 13 5 2.985481 9600
    273 13 5 2.995450 13 5 2.995450 9600
    274 13 5 3.005545 13 5 3.005545 9600
    275 13 5 3.015534 13 5 3.015534 9600
    276 13 5 3.025545 13 5 3.025545 9600
    277 13 5 3.035547 13 5 3.035547 9600
    278 13 5 3.045472 13 5 3.045472 9600
    279 13 5 3.055496 13 5 3.055496 9600
    280 13 5 3.065542 13 5 3.065542 9600
    281 13 5 3.075477 13 5 3.075477 9600
    282 13 5 3.085480 13 5 3.085480 9600
    283 13 5 3.095473 13 5 3.095473 9600
    284 13 5 3.105471 13 5 3.105471 9600
    285 13 5 3.115546 13 5 3.115546 9600
    286 13 5 3.125471 13 5 3.125471 9600
    287 13 5 3.135615 13 5 3.135615 9600
    288 13 5 3.145509 13 5 3.145509 9600
    289 13 5 3.155553 13 5 3.155553 9600
    290 13 5 3.165484 13 5 3.165484 9600
    291 13 5 3.175482 13 5 3.175482 9600
    292 13 5 3.185487 13 5 3.185487 9600
    293 13 5 3.195749 13 5 3.195749 9600
    294 13 5 3.205585 13 5 3.205585 9600
    295 13 5 3.215538 13 5 3.215538 9600
    296 13 5 3.225540 13 5 3.225540 9600
    297 13 5 3.235472 13 5 3.235472 9600
    298 13 5 3.245502 13 5 3.245502 9600
    299 13 5 3.255542 13 5 3.255542 9600
    300 13 5 3.265587 13 5 3.265587 9600
    301 13 5 3.275563 13 5 3.275563 9600
    302 13 5 3.285509 13 5 3.285509 9600
    303 13 5 3.295509 13 5 3.295509 9600
    304 13 5 3.305480 13 5 3.305480 9600
    305 13 5 3.315497 13 5 3.315497 9600
    306 13 5 3.325479 13 5 3.325479 9600
    307 13 5 3.335548 13 5 3.335548 9600
    308 13 5 3.345489 13 5 3.345489 9600
    309 13 5 3.355474 13 5 3.355474 9600
    310 13 5 3.365486 13 5 3.365486 9600
    311 13 5 3.375483 13 5 3.375483 9600
    312 13 5 3.385476 13 5 3.385476 9600
    313 13 5 3.395465 13 5 3.395465 9600
    314 13 5 3.405685 13 5 3.405685 9600
    315 13 5 3.415538 13 5 3.415538 9600
    316 13 5 3.425584 13 5 3.425584 9600
    317 13 5 3.435534 13 5 3.435534 9600
    318 13 5 3.445497 13 5 3.445497 9600
    319 13 5 3.455541 13 5 3.455541 9600
    320 13 5 3.465541 13 5 3.465541 9600
    321 13 5 3.475543 13 5 3.475543 9600
    322 13 5 3.485490 13 5 3.485490 9600
    323 13 5 3.495471 13 5 3.495471 9600
    324 13 5 3.505475 13 5 3.505475 9600
    325 13 5 3.515534 13 5 3.515534 9600
    326 13 5 3.525534 13 5 3.525534 9600
    327 13 5 3.535528 13 5 3.535528 9600
    328 13 5 3.545545 13 5 3.545545 9600
    329 13 5 3.555473 13 5 3.555473 9600
    330 13 5 3.565478 13 5 3.565478 9600
    331 13 5 3.575483 13 5 3.575483 9600
    332 13 5 3.585478 13 5 3.585478 9600
    333 13 5 3.595686 13 5 3.595686 9600
    334 13 5 3.606081 13 5 3.606081 9600
    335 13 5 3.615524 13 5 3.615524 9600
    336 13 5 3.625542 13 5 3.625542 9600
    337 13 5 3.635593 13 5 3.635593 9600
    338 13 5 3.645595 13 5 3.645595 9600
    339 13 5 3.655729 13 5 3.655729 9600
    340 13 5 3.665556 13 5 3.665556 9600
    341 13 5 3.675484 13 5 3.675484 9600
    342 13 5 3.685477 13 5 3.685477 9600
    343 13 5 3.695476 13 5 3.695476 9600
    344 13 5 3.705482 13 5 3.705482 9600
    345 13 5 3.715564 13 5 3.715564 9600
    346 13 5 3.725566 13 5 3.725566 9600
    347 13 5 3.735523 13 5 3.735523 9600
    348 13 5 3.745544 13 5 3.745544 9600
    349 13 5 3.755474 13 5 3.755474 9600
    350 13 5 3.765470 13 5 3.765470 9600
    351 13 5 3.775472 13 5 3.775472 9600
    352 13 5 3.785473 13 5 3.785473 9600
    353 13 5 3.795478 13 5 3.795478 9600
    354 13 5 3.805512 13 5 3.805512 9600
    355 13 5 3.815493 13 5 3.815493 9600
    356 13 5 3.825545 13 5 3.825545 9600
    357 13 5 3.835545 13 5 3.835545 9600
    358 13 5 3.845540 13 5 3.845540 9600
    359 13 5 3.855467 13 5 3.855467 9600
    360 13 5 3.865581 13 5 3.865581 9600
    361 13 5 3.875442 13 5 3.875442 9600
    362 13 5 3.885494 13 5 3.885494 9600
    363 13 5 3.895477 13 5 3.895477 9600
    364 13 5 3.905464 13 5 3.905464 9600
    365 13 5 3.915543 13 5 3.915543 9600
    366 13 5 3.925541 13 5 3.925541 9600
    367 13 5 3.935537 13 5 3.935537 9600
    368 13 5 3.945541 13 5 3.945541 9600
    369 13 5 3.955478 13 5 3.955478 9600
    370 13 5 3.965469 13 5 3.965469 9600
    371 13 5 3.975498 13 5 3.975498 9600
    372 13 5 3.985512 13 5 3.985512 9600
    373 13 5 3.995674 13 5 3.995674 9600
    374 13 5 4.005530 13 5 4.005530 9600
    375 13 5 4.015537 13 5 4.015537 9600
    376 13 5 4.025542 13 5 4.025542 9600
    377 13 5 4.035579 13 5 4.035579 9600
    378 13 5 4.045554 13 5 4.045554 9600
    379 13 5 4.055489 13 5 4.055489 9600
    380 13 5 4.065546 13 5 4.065546 9600
    381 13 5 4.075472 13 5 4.075472 9600
    382 13 5 4.085478 13 5 4.085478 9600
    383 13 5 4.095469 13 5 4.095469 9600
    384 13 5 4.105480 13 5 4.105480 9600
    385 13 5 4.115498 13 5 4.115498 9600
    386 13 5 4.125543 13 5 4.125543 9600
    387 13 5 4.135530 13 5 4.135530 9600
    388 13 5 4.145545 13 5 4.145545 9600
    389 13 5 4.155497 13 5 4.155497 9600
    390 13 5 4.165480 13 5 4.165480 9600
    391 13 5 4.175476 13 5 4.175476 9600
    392 13 5 4.185469 13 5 4.185469 9600
    393 13 5 4.195534 13 5 4.195534 9600
    394 13 5 4.205472 13 5 4.205472 9600
    395 13 5 4.215539 13 5 4.215539 9600
    396 13 5 4.225505 13 5 4.225505 9600
    397 13 5 4.235546 13 5 4.235546 9600
    398 13 5 4.245576 13 5 4.245576 9600
    399 13 5 4.255542 13 5 4.255542 9600
    400 13 5 4.265568 13 5 4.265568 9600
    401 13 5 4.275560 13 5 4.275560 9600
    402 13 5 4.286369 13 5 4.286369 9600
    403 13 5 4.296416 13 5 4.296416 9600
    404 13 5 4.305518 13 5 4.305518 9600
    405 13 5 4.315517 13 5 4.315517 9600
    406 13 5 4.325573 13 5 4.325573 9600
    407 13 5 4.335488 13 5 4.335488 9600
    408 13 5 4.345545 13 5 4.345545 9600
    409 13 5 4.355521 13 5 4.355521 9600
    410 13 5 4.365536 13 5 4.365536 9600
    411 13 5 4.375479 13 5 4.375479 9600
    412 13 5 4.385473 13 5 4.385473 9600
    413 13 5 4.395852 13 5 4.395852 9600
    414 13 5 4.405570 13 5 4.405570 9600
    415 13 5 4.415530 13 5 4.415530 9600
    416 13 5 4.425468 13 5 4.425468 9600
    417 13 5 4.435477 13 5 4.435477 9600
    418 13 5 4.445553 13 5 4.445553 9600
    419 13 5 4.455542 13 5 4.455542 9600
    420 13 5 4.465536 13 5 4.465536 9600
    421 13 5 4.475552 13 5 4.475552 9600
    422 13 5 4.485481 13 5 4.485481 9600
    423 13 5 4.495478 13 5 4.495478 9600
    424 13 5 4.505488 13 5 4.505488 9600
    425 13 5 4.515570 13 5 4.515570 9600
    426 13 5 4.525520 13 5 4.525520 9600
    427 13 5 4.535541 13 5 4.535541 9600
    428 13 5 4.545558 13 5 4.545558 9600
    429 13 5 4.555455 13 5 4.555455 9600
    430 13 5 4.565495 13 5 4.565495 9600
    431 13 5 4.575478 13 5 4.575478 9600
    432 13 5 4.585478 13 5 4.585478 9600
    433 13 5 4.595971 13 5 4.595971 9600
    434 13 5 4.605532 13 5 4.605532 9600
    435 13 5 4.615542 13 5 4.615542 9600
    436 13 5 4.625553 13 5 4.625553 9600
    437 13 5 4.635475 13 5 4.635475 9600
    438 13 5 4.645484 13 5 4.645484 9600
    439 13 5 4.655471 13 5 4.655471 9600
    440 13 5 4.665528 13 5 4.665528 9600
    441 13 5 4.675475 13 5 4.675475 9600
    442 13 5 4.685470 13 5 4.685470 9600
    443 13 5 4.695477 13 5 4.695477 9600
    444 13 5 4.705479 13 5 4.705479 9600
    445 13 5 4.716086 13 5 4.716086 9600
    446 13 5 4.725537 13 5 4.725537 9600
    447 13 5 4.735540 13 5 4.735540 9600
    448 13 5 4.745580 13 5 4.745580 9600
    449 13 5 4.755548 13 5 4.755548 9600
    450 13 5 4.765701 13 5 4.765701 9600
    451 13 5 4.775490 13 5 4.775490 9600
    452 13 5 4.785479 13 5 4.785479 9600
    453 13 5 4.795657 13 5 4.795657 9600
    454 13 5 4.805564 13 5 4.805564 9600
    455 13 5 4.815586 13 5 4.815586 9600
    456 13 5 4.825566 13 5 4.825566 9600
    457 13 5 4.835553 13 5 4.835553 9600
    458 13 5 4.845525 13 5 4.845525 9600
    459 13 5 4.855558 13 5 4.855558 9600
    460 13 5 4.865552 13 5 4.865552 9600
    461 13 5 4.875538 13 5 4.875538 9600
    462 13 5 4.885549 13 5 4.885549 9600
    463 13 5 4.895514 13 5 4.895514 9600
    464 13 5 4.905476 13 5 4.905476 9600
    465 13 5 4.915851 13 5 4.915851 9600
    466 13 5 4.925562 13 5 4.925562 9600
    467 13 5 4.935534 13 5 4.935534 9600
    468 13 5 4.945482 13 5 4.945482 9600
    469 13 5 4.955546 13 5 4.955546 9600
    470 13 5 4.965474 13 5 4.965474 9600
    471 13 5 4.975476 13 5 4.975476 9600
    472 13 5 4.985483 13 5 4.985483 9600
    473 13 5 4.995470 13 5 4.995470 9600
    474 13 5 5.005586 13 5 5.005586 9600
    475 13 5 5.015583 13 5 5.015583 9600
    476 13 5 5.025546 13 5 5.025546 9600
    477 13 5 5.035543 13 5 5.035543 9600
    478 13 5 5.045532 13 5 5.045532 9600
    479 13 5 5.055598 13 5 5.055598 9600
    480 13 5 5.065525 13 5 5.065525 9600
    481 13 5 5.075784 13 5 5.075784 9600
    482 13 5 5.085481 13 5 5.085481 9600
    483 13 5 5.095480 13 5 5.095480 9600
    484 13 5 5.105481 13 5 5.105481 9600
    485 13 5 5.115478 13 5 5.115478 9600
    486 13 5 5.125543 13 5 5.125543 9600
    487 13 5 5.135563 13 5 5.135563 9600
    488 13 5 5.145560 13 5 5.145560 9600
    489 13 5 5.155554 13 5 5.155554 9600
    490 13 5 5.165561 13 5 5.165561 9600
    491 13 5 5.175475 13 5 5.175475 9600
    492 13 5 5.185425 13 5 5.185425 9600
    493 13 5 5.195549 13 5 5.195549 9600
    494 13 5 5.205548 13 5 5.205548 9600
    495 13 5 5.215544 13 5 5.215544 9600
    496 13 5 5.225538 13 5 5.225538 9600
    497 13 5 5.235482 13 5 5.235482 9600
    498 13 5 5.245548 13 5 5.245548 9600
    499 13 5 5.255546 13 5 5.255546 9600
    500 13 5 5.265471 13 5 5.265471 9600
    501 13 5 5.275535 13 5 5.275535 9600
    502 13 5 5.285483 13 5 5.285483 9600
    503 13 5 5.295477 13 5 5.295477 9600
    504 13 5 5.305481 13 5 5.305481 9600
    505 13 5 5.315682 13 5 5.315682 9600
    506 13 5 5.325471 13 5 5.325471 9600
    507 13 5 5.335553 13 5 5.335553 9600
    508 13 5 5.345585 13 5 5.345585 9600
    509 13 5 5.355584 13 5 5.355584 9600
    510 13 5 5.365484 13 5 5.365484 9600
    511 13 5 5.375694 13 5 5.375694 9600
    512 13 5 5.385475 13 5 5.385475 9600
    513 13 5 5.395552 13 5 5.395552 9600
    514 13 5 5.405566 13 5 5.405566 9600
    515 13 5 5.415536 13 5 5.415536 9600
    516 13 5 5.425538 13 5 5.425538 9600
    517 13 5 5.435459 13 5 5.435459 9600
    518 13 5 5.445535 13 5 5.445535 9600
    519 13 5 5.455534 13 5 5.455534 9600
    520 13 5 5.465538 13 5 5.465538 9600
    521 13 5 5.475526 13 5 5.475526 9600
    522 13 5 5.485479 13 5 5.485479 9600
    523 13 5 5.496311 13 5 5.496311 9600
    524 13 5 5.505592 13 5 5.505592 9600
    525 13 5 5.515600 13 5 5.515600 9600
    526 13 5 5.525541 13 5 5.525541 9600
    527 13 5 5.535613 13 5 5.535613 9600
    528 13 5 5.545543 13 5 5.545543 9600
    529 13 5 5.555537 13 5 5.555537 9600
    530 13 5 5.566030 13 5 5.566030 9600
    531 13 5 5.575490 13 5 5.575490 9600
    532 13 5 5.585464 13 5 5.585464 9600
    533 13 5 5.595711 13 5 5.595711 9600
    534 13 5 5.605558 13 5 5.605558 9600
    535 13 5 5.615559 13 5 5.615559 9600
    536 13 5 5.625487 13 5 5.625487 9600
    537 13 5 5.635542 13 5 5.635542 9600
    538 13 5 5.645545 13 5 5.645545 9600
    539 13 5 5.655548 13 5 5.655548 9600
    540 13 5 5.665466 13 5 5.665466 9600
    541 13 5 5.675480 13 5 5.675480 9600
    542 13 5 5.685576 13 5 5.685576 9600
    543 13 5 5.695482 13 5 5.695482 9600
    544 13 5 5.705470 13 5 5.705470 9600
    545 13 5 5.715541 13 5 5.715541 9600
    546 13 5 5.725571 13 5 5.725571 9600
    547 13 5 5.735533 13 5 5.735533 9600
    548 13 5 5.745566 13 5 5.745566 9600
    549 13 5 5.755575 13 5 5.755575 9600
    550 13 5 5.766262 13 5 5.766262 9600
    551 13 5 5.775597 13 5 5.775597 9600
    552 13 5 5.785465 13 5 5.785465 9600
    553 13 5 5.795556 13 5 5.795556 9600
    554 13 5 5.805622 13 5 5.805622 9600
    555 13 5 5.815551 13 5 5.815551 9600
    556 13 5 5.825660 13 5 5.825660 9600
    557 13 5 5.835492 13 5 5.835492 9600
    558 13 5 5.845590 13 5 5.845590 9600
    559 13 5 5.855679 13 5 5.855679 9600
    560 13 5 5.865548 13 5 5.865548 9600
    561 13 5 5.875536 13 5 5.875536 9600
    562 13 5 5.885567 13 5 5.885567 9600
    563 13 5 5.895487 13 5 5.895487 9600
    564 13 5 5.905485 13 5 5.905485 9600
    565 13 5 5.915532 13 5 5.915532 9600
    566 13 5 5.925506 13 5 5.925506 9600
    567 13 5 5.935516 13 5 5.935516 9600
    568 13 5 5.945579 13 5 5.945579 9600
    569 13 5 5.955622 13 5 5.955622 9600
    570 13 5 5.965684 13 5 5.965684 9600
    571 13 5 5.975476 13 5 5.975476 9600
    572 13 5 5.985471 13 5 5.985471 9600
    573 13 5 5.995546 13 5 5.995546 9600
    574 13 5 6.005535 13 5 6.005535 9600
    575 13 5 6.015534 13 5 6.015534 9600
    576 13 5 6.025546 13 5 6.025546 9600
    577 13 5 6.035535 13 5 6.035535 9600
    578 13 5 6.045613 13 5 6.045613 9600
    579 13 5 6.055538 13 5 6.055538 9600
    580 13 5 6.065553 13 5 6.065553 9600
    581 13 5 6.075546 13 5 6.075546 9600
    582 13 5 6.085579 13 5 6.085579 9600
    583 13 5 6.095674 13 5 6.095674 9600
    584 13 5 6.105491 13 5 6.105491 9600
    585 13 5 6.115567 13 5 6.115567 9600
    586 13 5 6.125555 13 5 6.125555 9600
    587 13 5 6.135644 13 5 6.135644 9600
    588 13 5 6.145635 13 5 6.145635 9600
    589 13 5 6.155564 13 5 6.155564 9600
    590 13 5 6.165528 13 5 6.165528 9600
    591 13 5 6.175497 13 5 6.175497 9600
    592 13 5 6.185437 13 5 6.185437 9600
    593 13 5 6.195485 13 5 6.195485 9600
    594 13 5 6.205766 13 5 6.205766 9600
    595 13 5 6.215625 13 5 6.215625 9600
    596 13 5 6.225481 13 5 6.225481 9600
    597 13 5 6.235560 13 5 6.235560 9600
    598 13 5 6.245595 13 5 6.245595 9600
    599 13 5 6.255605 13 5 6.255605 9600
    600 13 5 6.265825 13 5 6.265825 9600
    601 13 5 6.275653 13 5 6.275653 9600
    602 13 5 6.285491 13 5 6.285491 9600
    603 13 5 6.295458 13 5 6.295458 9600
    604 13 5 6.305483 13 5 6.305483 9600
    605 13 5 6.315489 13 5 6.315489 9600
    606 13 5 6.325537 13 5 6.325537 9600
    607 13 5 6.335537 13 5 6.335537 9600
    608 13 5 6.345543 13 5 6.345543 9600
    609 13 5 6.355641 13 5 6.355641 9600
    610 13 5 6.365490 13 5 6.365490 9600
    611 13 5 6.375479 13 5 6.375479 9600
    612 13 5 6.385479 13 5 6.385479 9600
    613 13 5 6.395469 13 5 6.395469 9600
    614 13 5 6.405491 13 5 6.405491 9600
    615 13 5 6.415528 13 5 6.415528 9600
    616 13 5 6.425543 13 5 6.425543 9600
    617 13 5 6.435558 13 5 6.435558 9600
    618 13 5 6.445534 13 5 6.445534 9600
    619 13 5 6.455532 13 5 6.455532 9600
    620 13 5 6.465543 13 5 6.465543 9600
    621 13 5 6.475494 13 5 6.475494 9600
    622 13 5 6.485482 13 5 6.485482 9600
    623 13 5 6.495474 13 5 6.495474 9600
    624 13 5 6.505486 13 5 6.505486 9600
    625 13 5 6.515598 13 5 6.515598 9600
    626 13 5 6.525532 13 5 6.525532 9600
    627 13 5 6.535537 13 5 6.535537 9600
    628 13 5 6.545539 13 5 6.545539 9600
    629 13 5 6.555534 13 5 6.555534 9600
    630 13 5 6.565480 13 5 6.565480 9600
    631 13 5 6.575471 13 5 6.575471 9600
    632 13 5 6.585449 13 5 6.585449 9600
    633 13 5 6.595483 13 5 6.595483 9600
    634 13 5 6.605624 13 5 6.605624 9600
    635 13 5 6.615499 13 5 6.615499 9600
    636 13 5 6.625536 13 5 6.625536 9600
    637 13 5 6.635537 13 5 6.635537 9600
    638 13 5 6.645545 13 5 6.645545 9600
    639 13 5 6.655683 13 5 6.655683 9600
    640 13 5 6.665549 13 5 6.665549 9600
    641 13 5 6.675535 13 5 6.675535 9600
    642 13 5 6.685700 13 5 6.685700 9600
    643 13 5 6.695470 13 5 6.695470 9600
    644 13 5 6.705487 13 5 6.705487 9600
    645 13 5 6.715657 13 5 6.715657 9600
    646 13 5 6.725556 13 5 6.725556 9600
    647 13 5 6.735544 13 5 6.735544 9600
    648 13 5 6.745639 13 5 6.745639 9600
    649 13 5 6.755541 13 5 6.755541 9600
    650 13 5 6.765479 13 5 6.765479 9600
    651 13 5 6.775478 13 5 6.775478 9600
    652 13 5 6.785486 13 5 6.785486 9600
    653 13 5 6.795474 13 5 6.795474 9600
    654 13 5 6.805654 13 5 6.805654 9600
    655 13 5 6.815552 13 5 6.815552 9600
    656 13 5 6.825469 13 5 6.825469 9600
    657 13 5 6.835535 13 5 6.835535 9600
    658 13 5 6.845539 13 5 6.845539 9600
    659 13 5 6.855544 13 5 6.855544 9600
    660 13 5 6.865920 13 5 6.865920 9600
    661 13 5 6.875542 13 5 6.875542 9600
    662 13 5 6.885580 13 5 6.885580 9600
    663 13 5 6.896003 13 5 6.896003 9600
    664 13 5 6.905482 13 5 6.905482 9600
    665 13 5 6.915504 13 5 6.915504 9600
    666 13 5 6.925491 13 5 6.925491 9600
    667 13 5 6.935549 13 5 6.935549 9600
    668 13 5 6.945596 13 5 6.945596 9600
    669 13 5 6.955562 13 5 6.955562 9600
    670 13 5 6.965583 13 5 6.965583 9600
    671 13 5 6.975474 13 5 6.975474 9600
    672 13 5 6.985485 13 5 6.985485 9600
    673 13 5 6.995473 13 5 6.995473 9600
    674 13 5 7.005696 13 5 7.005696 9600
    675 13 5 7.015527 13 5 7.015527 9600
    676 13 5 7.026231 13 5 7.026231 9600
    677 13 5 7.035533 13 5 7.035533 9600
    678 13 5 7.045542 13 5 7.045542 9600
    679 13 5 7.055469 13 5 7.055469 9600
    680 13 5 7.065541 13 5 7.065541 9600
    681 13 5 7.075535 13 5 7.075535 9600
    682 13 5 7.085467 13 5 7.085467 9600
    683 13 5 7.095470 13 5 7.095470 9600
    684 13 5 7.105489 13 5 7.105489 9600
    685 13 5 7.115476 13 5 7.115476 9600
    686 13 5 7.125499 13 5 7.125499 9600
    687 13 5 7.135532 13 5 7.135532 9600
    688 13 5 7.145542 13 5 7.145542 9600
    689 13 5 7.155471 13 5 7.155471 9600
    690 13 5 7.165575 13 5 7.165575 9600
    691 13 5 7.175473 13 5 7.175473 9600
    692 13 5 7.185480 13 5 7.185480 9600
    693 13 5 7.195464 13 5 7.195464 9600
    694 13 5 7.205473 13 5 7.205473 9600
    695 13 5 7.215520 13 5 7.215520 9600
    696 13 5 7.225482 13 5 7.225482 9600
    697 13 5 7.235541 13 5 7.235541 9600
    698 13 5 7.245481 13 5 7.245481 9600
    699 13 5 7.255539 13 5 7.255539 9600
    700 13 5 7.265543 13 5 7.265543 9600
    701 13 5 7.275536 13 5 7.275536 9600
    702 13 5 7.285509 13 5 7.285509 9600
    703 13 5 7.295456 13 5 7.295456 9600
    704 13 5 7.305479 13 5 7.305479 9600
    705 13 5 7.315612 13 5 7.315612 9600
    706 13 5 7.325535 13 5 7.325535 9600
    707 13 5 7.335534 13 5 7.335534 9600
    708 13 5 7.345602 13 5 7.345602 9600
    709 13 5 7.355541 13 5 7.355541 9600
    710 13 5 7.365478 13 5 7.365478 9600
    711 13 5 7.375480 13 5 7.375480 9600
    712 13 5 7.385481 13 5 7.385481 9600
    713 13 5 7.395467 13 5 7.395467 9600
    714 13 5 7.405554 13 5 7.405554 9600
    715 13 5 7.415555 13 5 7.415555 9600
    716 13 5 7.425531 13 5 7.425531 9600
    717 13 5 7.435533 13 5 7.435533 9600
    718 13 5 7.445542 13 5 7.445542 9600
    719 13 5 7.455470 13 5 7.455470 9600
    720 13 5 7.465549 13 5 7.465549 9600
    721 13 5 7.475533 13 5 7.475533 9600
    722 13 5 7.485484 13 5 7.485484 9600
    723 13 5 7.495458 13 5 7.495458 9600
    724 13 5 7.505472 13 5 7.505472 9600
    725 13 5 7.515468 13 5 7.515468 9600
    726 13 5 7.525515 13 5 7.525515 9600
    727 13 5 7.535533 13 5 7.535533 9600
    728 13 5 7.545537 13 5 7.545537 9600
    729 13 5 7.555533 13 5 7.555533 9600
    730 13 5 7.565501 13 5 7.565501 9600
    731 13 5 7.575470 13 5 7.575470 9600
    732 13 5 7.585727 13 5 7.585727 9600
    733 13 5 7.596182 13 5 7.596182 9600
    734 13 5 7.605507 13 5 7.605507 9600
    735 13 5 7.615548 13 5 7.615548 9600
    736 13 5 7.625543 13 5 7.625543 9600
    737 13 5 7.635532 13 5 7.635532 9600
    738 13 5 7.645570 13 5 7.645570 9600
    739 13 5 7.655547 13 5 7.655547 9600
    740 13 5 7.665542 13 5 7.665542 9600
    741 13 5 7.675472 13 5 7.675472 9600
    742 13 5 7.685664 13 5 7.685664 9600
    743 13 5 7.695477 13 5 7.695477 9600
    744 13 5 7.705491 13 5 7.705491 9600
    745 13 5 7.715561 13 5 7.715561 9600
    746 13 5 7.725545 13 5 7.725545 9600
    747 13 5 7.735548 13 5 7.735548 9600
    748 13 5 7.745537 13 5 7.745537 9600
    749 13 5 7.755544 13 5 7.755544 9600
    750 13 5 7.765570 13 5 7.765570 9600
    751 13 5 7.775496 13 5 7.775496 9600
    752 13 5 7.785473 13 5 7.785473 9600
    753 13 5 7.795485 13 5 7.795485 9600
    754 13 5 7.805551 13 5 7.805551 9600
    755 13 5 7.815542 13 5 7.815542 9600
    756 13 5 7.825466 13 5 7.825466 9600
    757 13 5 7.835540 13 5 7.835540 9600
    758 13 5 7.845550 13 5 7.845550 9600
    759 13 5 7.855545 13 5 7.855545 9600
    760 13 5 7.865542 13 5 7.865542 9600
    761 13 5 7.875536 13 5 7.875536 9600
    762 13 5 7.885491 13 5 7.885491 9600
    763 13 5 7.895518 13 5 7.895518 9600
    764 13 5 7.905492 13 5 7.905492 9600
    765 13 5 7.915473 13 5 7.915473 9600
    766 13 5 7.925533 13 5 7.925533 9600
    767 13 5 7.935470 13 5 7.935470 9600
    768 13 5 7.945469 13 5 7.945469 9600
    769 13 5 7.955569 13 5 7.955569 9600
    770 13 5 7.965472 13 5 7.965472 9600
    771 13 5 7.975468 13 5 7.975468 9600
    772 13 5 7.985468 13 5 7.985468 9600
    773 13 5 7.995459 13 5 7.995459 9600
    774 13 5 8.005862 13 5 8.005862 9600
    775 13 5 8.015656 13 5 8.015656 9600
    776 13 5 8.025598 13 5 8.025598 9600
    777 13 5 8.035493 13 5 8.035493 9600
    778 13 5 8.045588 13 5 8.045588 9600
    779 13 5 8.055502 13 5 8.055502 9600
    780 13 5 8.065526 13 5 8.065526 9600
    781 13 5 8.075469 13 5 8.075469 9600
    782 13 5 8.085530 13 5 8.085530 9600
    783 13 5 8.095473 13 5 8.095473 9600
    784 13 5 8.105463 13 5 8.105463 9600
    785 13 5 8.115883 13 5 8.115883 9600
    786 13 5 8.125538 13 5 8.125538 9600
    787 13 5 8.135545 13 5 8.135545 9600
    788 13 5 8.145543 13 5 8.145543 9600
    789 13 5 8.155568 13 5 8.155568 9600
    790 13 5 8.165475 13 5 8.165475 9600
    791 13 5 8.175475 13 5 8.175475 9600
    792 13 5 8.185480 13 5 8.185480 9600
    793 13 5 8.195477 13 5 8.195477 9600
    794 13 5 8.205565 13 5 8.205565 9600
    795 13 5 8.215545 13 5 8.215545 9600
    796 13 5 8.225540 13 5 8.225540 9600
    797 13 5 8.235544 13 5 8.235544 9600
    798 13 5 8.245499 13 5 8.245499 9600
    799 13 5 8.255554 13 5 8.255554 9600
    800 13 5 8.265622 13 5 8.265622 9600
    801 13 5 8.275541 13 5 8.275541 9600
    802 13 5 8.285562 13 5 8.285562 9600
    803 13 5 8.295548 13 5 8.295548 9600
    804 13 5 8.306084 13 5 8.306084 9600
    805 13 5 8.315497 13 5 8.315497 9600
    806 13 5 8.325476 13 5 8.325476 9600
    807 13 5 8.335568 13 5 8.335568 9600
    808 13 5 8.345560 13 5 8.345560 9600
    809 13 5 8.355558 13 5 8.355558 9600
    810 13 5 8.365543 13 5 8.365543 9600
    811 13 5 8.375476 13 5 8.375476 9600
    812 13 5 8.385624 13 5 8.385624 9600
    813 13 5 8.395523 13 5 8.395523 9600
    814 13 5 8.405483 13 5 8.405483 9600
    815 13 5 8.415533 13 5 8.415533 9600
    816 13 5 8.425549 13 5 8.425549 9600
    817 13 5 8.435532 13 5 8.435532 9600
    818 13 5 8.445479 13 5 8.445479 9600
    819 13 5 8.455531 13 5 8.455531 9600
    820 13 5 8.465541 13 5 8.465541 9600
    821 13 5 8.475552 13 5 8.475552 9600
    822 13 5 8.485478 13 5 8.485478 9600
    823 13 5 8.495497 13 5 8.495497 9600
    824 13 5 8.505858 13 5 8.505858 9600
    825 13 5 8.515477 13 5 8.515477 9600
    826 13 5 8.525544 13 5 8.525544 9600
    827 13 5 8.535569 13 5 8.535569 9600
    828 13 5 8.545576 13 5 8.545576 9600
    829 13 5 8.555491 13 5 8.555491 9600
    830 13 5 8.565554 13 5 8.565554 9600
    831 13 5 8.575924 13 5 8.575924 9600
    832 13 5 8.585480 13 5 8.585480 9600
    833 13 5 8.595478 13 5 8.595478 9600
    834 13 5 8.605582 13 5 8.605582 9600
    835 13 5 8.615918 13 5 8.615918 9600
    836 13 5 8.625574 13 5 8.625574 9600
    837 13 5 8.635497 13 5 8.635497 9600
    838 13 5 8.645609 13 5 8.645609 9600
    839 13 5 8.655519 13 5 8.655519 9600
    840 13 5 8.665665 13 5 8.665665 9600
    841 13 5 8.675544 13 5 8.675544 9600
    842 13 5 8.685544 13 5 8.685544 9600
    843 13 5 8.695544 13 5 8.695544 9600
    844 13 5 8.705479 13 5 8.705479 9600
    845 13 5 8.715476 13 5 8.715476 9600
    846 13 5 8.725533 13 5 8.725533 9600
    847 13 5 8.735493 13 5 8.735493 9600
    848 13 5 8.745468 13 5 8.745468 9600
    849 13 5 8.755570 13 5 8.755570 9600
    850 13 5 8.765473 13 5 8.765473 9600
    851 13 5 8.775470 13 5 8.775470 9600
    852 13 5 8.785474 13 5 8.785474 9600
    853 13 5 8.795481 13 5 8.795481 9600
    854 13 5 8.805523 13 5 8.805523 9600
    855 13 5 8.815538 13 5 8.815538 9600
    856 13 5 8.825575 13 5 8.825575 9600
    857 13 5 8.835596 13 5 8.835596 9600
    858 13 5 8.845544 13 5 8.845544 9600
    859 13 5 8.855594 13 5 8.855594 9600
    860 13 5 8.865546 13 5 8.865546 9600
    861 13 5 8.875546 13 5 8.875546 9600
    862 13 5 8.885569 13 5 8.885569 9600
    863 13 5 8.895630 13 5 8.895630 9600
    864 13 5 8.905476 13 5 8.905476 9600
    865 13 5 8.915497 13 5 8.915497 9600
    866 13 5 8.925544 13 5 8.925544 9600
    867 13 5 8.935529 13 5 8.935529 9600
    868 13 5 8.945534 13 5 8.945534 9600
    869 13 5 8.955595 13 5 8.955595 9600
    870 13 5 8.965484 13 5 8.965484 9600
    871 13 5 8.975426 13 5 8.975426 9600
    872 13 5 8.985471 13 5 8.985471 9600
    873 13 5 8.995473 13 5 8.995473 9600
    874 13 5 9.005509 13 5 9.005509 9600
    875 13 5 9.015555 13 5 9.015555 9600
    876 13 5 9.025532 13 5 9.025532 9600
    877 13 5 9.035591 13 5 9.035591 9600
    878 13 5 9.045588 13 5 9.045588 9600
    879 13 5 9.055469 13 5 9.055469 9600
    880 13 5 9.065547 13 5 9.065547 9600
    881 13 5 9.075573 13 5 9.075573 9600
    882 13 5 9.085601 13 5 9.085601 9600
    883 13 5 9.095475 13 5 9.095475 9600
    884 13 5 9.105482 13 5 9.105482 9600
    885 13 5 9.115472 13 5 9.115472 9600
    886 13 5 9.125477 13 5 9.125477 9600
    887 13 5 9.135469 13 5 9.135469 9600
    888 13 5 9.145583 13 5 9.145583 9600
    889 13 5 9.155616 13 5 9.155616 9600
    890 13 5 9.165546 13 5 9.165546 9600
    891 13 5 9.175463 13 5 9.175463 9600
    892 13 5 9.185470 13 5 9.185470 9600
    893 13 5 9.195524 13 5 9.195524 9600
    894 13 5 9.205586 13 5 9.205586 9600
    895 13 5 9.215552 13 5 9.215552 9600
    896 13 5 9.225545 13 5 9.225545 9600
    897 13 5 9.235540 13 5 9.235540 9600
    898 13 5 9.245542 13 5 9.245542 9600
    899 13 5 9.255601 13 5 9.255601 9600
    900 13 5 9.265525 13 5 9.265525 9600
    901 13 5 9.275596 13 5 9.275596 9600
    902 13 5 9.285586 13 5 9.285586 9600
    903 13 5 9.295522 13 5 9.295522 9600
    904 13 5 9.305474 13 5 9.305474 9600
    905 13 5 9.315500 13 5 9.315500 9600
    906 13 5 9.326043 13 5 9.326043 9600
    907 13 5 9.335456 13 5 9.335456 9600
    908 13 5 9.345584 13 5 9.345584 9600
    909 13 5 9.355655 13 5 9.355655 9600
    910 13 5 9.365553 13 5 9.365553 9600
    911 13 5 9.375572 13 5 9.375572 9600
    912 13 5 9.385477 13 5 9.385477 9600
    913 13 5 9.395483 13 5 9.395483 9600
    914 13 5 9.406046 13 5 9.406046 9600
    915 13 5 9.415540 13 5 9.415540 9600
    916 13 5 9.425535 13 5 9.425535 9600
    917 13 5 9.435534 13 5 9.435534 9600
    918 13 5 9.445543 13 5 9.445543 9600
    919 13 5 9.455558 13 5 9.455558 9600
    920 13 5 9.465543 13 5 9.465543 9600
    921 13 5 9.475542 13 5 9.475542 9600
    922 13 5 9.485545 13 5 9.485545 9600
    923 13 5 9.495468 13 5 9.495468 9600
    924 13 5 9.505478 13 5 9.505478 9600
    925 13 5 9.515477 13 5 9.515477 9600
    926 13 5 9.525404 13 5 9.525404 9600
    927 13 5 9.535510 13 5 9.535510 9600
    928 13 5 9.545534 13 5 9.545534 9600
    929 13 5 9.555555 13 5 9.555555 9600
    930 13 5 9.565545 13 5 9.565545 9600
    931 13 5 9.575473 13 5 9.575473 9600
    932 13 5 9.585480 13 5 9.585480 9600
    933 13 5 9.595473 13 5 9.595473 9600
    934 13 5 9.605510 13 5 9.605510 9600
    935 13 5 9.615532 13 5 9.615532 9600
    936 13 5 9.625571 13 5 9.625571 9600
    937 13 5 9.635602 13 5 9.635602 9600
    938 13 5 9.645540 13 5 9.645540 9600
    939 13 5 9.655547 13 5 9.655547 9600
    940 13 5 9.665478 13 5 9.665478 9600
    941 13 5 9.675542 13 5 9.675542 9600
    942 13 5 9.685544 13 5 9.685544 9600
    943 13 5 9.695470 13 5 9.695470 9600
    944 13 5 9.705479 13 5 9.705479 9600
    945 13 5 9.715471 13 5 9.715471 9600
    946 13 5 9.725623 13 5 9.725623 9600
    947 13 5 9.736330 13 5 9.736330 9600
    948 13 5 9.745687 13 5 9.745687 9600
    949 13 5 9.755537 13 5 9.755537 9600
    950 13 5 9.765553 13 5 9.765553 9600
    951 13 5 9.775534 13 5 9.775534 9600
    952 13 5 9.785465 13 5 9.785465 9600
    953 13 5 9.795452 13 5 9.795452 9600
    954 13 5 9.805550 13 5 9.805550 9600
    955 13 5 9.815550 13 5 9.815550 9600
    956 13 5 9.825556 13 5 9.825556 9600
    957 13 5 9.835547 13 5 9.835547 9600
    958 13 5 9.845537 13 5 9.845537 9600
    959 13 5 9.855539 13 5 9.855539 9600
    960 13 5 9.865548 13 5 9.865548 9600
    961 13 5 9.875545 13 5 9.875545 9600
    962 13 5 9.885493 13 5 9.885493 9600
    963 13 5 9.895531 13 5 9.895531 9600
    964 13 5 9.905492 13 5 9.905492 9600
    965 13 5 9.915471 13 5 9.915471 9600
    966 13 5 9.925416 13 5 9.925416 9600
    967 13 5 9.935546 13 5 9.935546 9600
    968 13 5 9.945494 13 5 9.945494 9600
    969 13 5 9.955543 13 5 9.955543 9600
    970 13 5 9.965481 13 5 9.965481 9600
    971 13 5 9.975474 13 5 9.975474 9600
    972 13 5 9.985474 13 5 9.985474 9600
    973 13 5 9.995443 13 5 9.995443 9600
    974 13 5 10.005482 13 5 10.005482 9600
    975 13 5 10.015492 13 5 10.015492 9600
    976 13 5 10.025541 13 5 10.025541 9600
    977 13 5 10.035550 13 5 10.035550 9600
    978 13 5 10.045538 13 5 10.045538 9600
    979 13 5 10.055517 13 5 10.055517 9600
    980 13 5 10.065528 13 5 10.065528 9600
    981 13 5 10.075571 13 5 10.075571 9600
    982 13 5 10.085585 13 5 10.085585 9600
    983 13 5 10.095480 13 5 10.095480 9600
    984 13 5 10.105489 13 5 10.105489 9600
    985 13 5 10.115470 13 5 10.115470 9600
    986 13 5 10.125569 13 5 10.125569 9600
    987 13 5 10.135562 13 5 10.135562 9600
    988 13 5 10.145550 13 5 10.145550 9600
    989 13 5 10.155550 13 5 10.155550 9600
    990 13 5 10.165499 13 5 10.165499 9600
    991 13 5 10.175482 13 5 10.175482 9600
    992 13 5 10.185456 13 5 10.185456 9600
    993 13 5 10.195477 13 5 10.195477 9600
    994 13 5 10.205472 13 5 10.205472 9600
    995 13 5 10.215581 13 5 10.215581 9600
    996 13 5 10.225574 13 5 10.225574 9600
    997 13 5 10.235542 13 5 10.235542 9600
    998 13 5 10.245547 13 5 10.245547 9600
    999 13 5 10.255530 13 5 10.255530 9600
   1000 13 5 10.265537 13 5 10.265537 9600
