      1 13 15 56.321854 13 15 56.333511 10900
      2 13 15 56.331938 13 15 56.342686 10900
      3 13 15 56.341954 13 15 56.352440 10900
      4 13 15 56.351959 13 15 56.362380 10900
      5 13 15 56.361911 13 15 56.372320 10900
      6 13 15 56.371962 13 15 56.382441 10900
      7 13 15 56.381954 13 15 56.392361 10900
      8 13 15 56.391950 13 15 56.402366 10900
      9 13 15 56.401952 13 15 56.412357 10900
     10 13 15 56.411951 13 15 56.422356 10900
     11 13 15 56.421951 13 15 56.432358 10900
     12 13 15 56.431961 13 15 56.442362 10900
     13 13 15 56.441938 13 15 56.452297 10900
     14 13 15 56.451936 13 15 56.462364 10900
     15 13 15 56.461939 13 15 56.472316 10900
     16 13 15 56.471983 13 15 56.482382 10900
     17 13 15 56.481954 13 15 56.492361 10900
     18 13 15 56.491951 13 15 56.502357 10900
     19 13 15 56.501953 13 15 56.512357 10900
     20 13 15 56.511951 13 15 56.522356 10900
     21 13 15 56.521953 13 15 56.532356 10900
     22 13 15 56.531979 13 15 56.542363 10900
     23 13 15 56.541939 13 15 56.552340 10900
     24 13 15 56.551952 13 15 56.562358 10900
     25 13 15 56.561954 13 15 56.572336 10900
     26 13 15 56.571955 13 15 56.582375 10900
     27 13 15 56.581955 13 15 56.592382 10900
     28 13 15 56.591957 13 15 56.602373 10900
     29 13 15 56.601954 13 15 56.612360 10900
     30 13 15 56.611952 13 15 56.622356 10900
     31 13 15 56.621954 13 15 56.632357 10900
     32 13 15 56.631953 13 15 56.642350 10900
     33 13 15 56.641953 13 15 56.652354 10900
     34 13 15 56.651950 13 15 56.662357 10900
     35 13 15 56.661951 13 15 56.672356 10900
     36 13 15 56.671951 13 15 56.682357 10900
     37 13 15 56.681981 13 15 56.692515 10900
     38 13 15 56.691954 13 15 56.702367 10900
     39 13 15 56.701953 13 15 56.712359 10900
     40 13 15 56.711950 13 15 56.722354 10900
     41 13 15 56.721952 13 15 56.732359 10900
     42 13 15 56.731951 13 15 56.742356 10900
     43 13 15 56.741951 13 15 56.752358 10900
     44 13 15 56.751950 13 15 56.762397 10900
     45 13 15 56.761952 13 15 56.772353 10900
     46 13 15 56.771954 13 15 56.782361 10900
     47 13 15 56.781953 13 15 56.792355 10900
     48 13 15 56.791952 13 15 56.802370 10900
     49 13 15 56.801954 13 15 56.812345 10900
     50 13 15 56.811953 13 15 56.828476 10900
     51 13 15 56.821917 13 15 56.837569 10900
     52 13 15 56.831975 13 15 56.846665 10900
     53 13 15 56.842032 13 15 56.855893 10900
     54 13 15 56.851958 13 15 56.865065 10900
     55 13 15 56.861955 13 15 56.874152 10900
     56 13 15 56.871923 13 15 56.883313 10900
     57 13 15 56.881976 13 15 56.892564 10900
     58 13 15 56.891984 13 15 56.902403 10900
     59 13 15 56.901947 13 15 56.912339 10900
     60 13 15 56.911956 13 15 56.922361 10900
     61 13 15 56.921956 13 15 56.932467 10900
     62 13 15 56.931952 13 15 56.942441 10900
     63 13 15 56.941966 13 15 56.952446 10900
     64 13 15 56.951943 13 15 56.962310 10900
     65 13 15 56.962063 13 15 56.973435 10900
     66 13 15 56.971955 13 15 56.982610 10900
     67 13 15 56.981954 13 15 56.992421 10900
     68 13 15 56.991961 13 15 57.002423 10900
     69 13 15 57.002011 13 15 57.012478 10900
     70 13 15 57.011972 13 15 57.023412 10900
     71 13 15 57.021982 13 15 57.032511 10900
     72 13 15 57.032013 13 15 57.042506 10900
     73 13 15 57.041955 13 15 57.052475 10900
     74 13 15 57.051977 13 15 57.062522 10900
     75 13 15 57.061976 13 15 57.072521 10900
     76 13 15 57.071976 13 15 57.082433 10900
     77 13 15 57.081957 13 15 57.092463 10900
     78 13 15 57.092095 13 15 57.102614 10900
     79 13 15 57.102009 13 15 57.112552 10900
     80 13 15 57.112046 13 15 57.122520 10900
     81 13 15 57.121980 13 15 57.132480 10900
     82 13 15 57.131984 13 15 57.142499 10900
     83 13 15 57.142003 13 15 57.152557 10900
     84 13 15 57.151967 13 15 57.162408 10900
     85 13 15 57.161957 13 15 57.172384 10900
     86 13 15 57.172030 13 15 57.182616 10900
     87 13 15 57.181955 13 15 57.192383 10900
     88 13 15 57.191954 13 15 57.202359 10900
     89 13 15 57.201939 13 15 57.212345 10900
     90 13 15 57.212037 13 15 57.222456 10900
     91 13 15 57.221957 13 15 57.232373 10900
     92 13 15 57.231946 13 15 57.242409 10900
     93 13 15 57.241945 13 15 57.252364 10900
     94 13 15 57.251978 13 15 57.262397 10900
     95 13 15 57.261954 13 15 57.272360 10900
     96 13 15 57.271954 13 15 57.282372 10900
     97 13 15 57.281953 13 15 57.292391 10900
     98 13 15 57.291952 13 15 57.302360 10900
     99 13 15 57.302028 13 15 57.313417 10900
    100 13 15 57.311959 13 15 57.328341 10900
    101 13 15 57.321955 13 15 57.337519 10900
    102 13 15 57.331957 13 15 57.346710 10900
    103 13 15 57.341965 13 15 57.355825 10900
    104 13 15 57.351942 13 15 57.365018 10900
    105 13 15 57.361955 13 15 57.374167 10900
    106 13 15 57.371934 13 15 57.383366 10900
    107 13 15 57.381990 13 15 57.392550 10900
    108 13 15 57.391953 13 15 57.402369 10900
    109 13 15 57.401952 13 15 57.412368 10900
    110 13 15 57.411954 13 15 57.422356 10900
    111 13 15 57.421953 13 15 57.432358 10900
    112 13 15 57.431952 13 15 57.442365 10900
    113 13 15 57.441954 13 15 57.452413 10900
    114 13 15 57.451954 13 15 57.462355 10900
    115 13 15 57.461956 13 15 57.472456 10900
    116 13 15 57.471957 13 15 57.482376 10900
    117 13 15 57.481955 13 15 57.492364 10900
    118 13 15 57.491953 13 15 57.502422 10900
    119 13 15 57.501955 13 15 57.512450 10900
    120 13 15 57.511955 13 15 57.522373 10900
    121 13 15 57.521957 13 15 57.532367 10900
    122 13 15 57.531953 13 15 57.542352 10900
    123 13 15 57.541955 13 15 57.552368 10900
    124 13 15 57.551966 13 15 57.562381 10900
    125 13 15 57.561954 13 15 57.572360 10900
    126 13 15 57.571953 13 15 57.582357 10900
    127 13 15 57.581955 13 15 57.592362 10900
    128 13 15 57.591951 13 15 57.602362 10900
    129 13 15 57.601958 13 15 57.612369 10900
    130 13 15 57.611955 13 15 57.622365 10900
    131 13 15 57.621960 13 15 57.632364 10900
    132 13 15 57.631951 13 15 57.642358 10900
    133 13 15 57.641953 13 15 57.652357 10900
    134 13 15 57.651952 13 15 57.662346 10900
    135 13 15 57.661954 13 15 57.672356 10900
    136 13 15 57.671951 13 15 57.682355 10900
    137 13 15 57.681956 13 15 57.692365 10900
    138 13 15 57.691952 13 15 57.702364 10900
    139 13 15 57.701953 13 15 57.712366 10900
    140 13 15 57.711956 13 15 57.722351 10900
    141 13 15 57.721972 13 15 57.732379 10900
    142 13 15 57.731951 13 15 57.742356 10900
    143 13 15 57.741959 13 15 57.752377 10900
    144 13 15 57.751964 13 15 57.762376 10900
    145 13 15 57.761954 13 15 57.772401 10900
    146 13 15 57.772029 13 15 57.782573 10900
    147 13 15 57.781956 13 15 57.792427 10900
    148 13 15 57.791955 13 15 57.802407 10900
    149 13 15 57.801971 13 15 57.812505 10900
    150 13 15 57.811960 13 15 57.829298 10900
    151 13 15 57.822321 13 15 57.837682 10900
    152 13 15 57.831958 13 15 57.847239 10900
    153 13 15 57.841954 13 15 57.855849 10900
    154 13 15 57.851922 13 15 57.865034 10900
    155 13 15 57.861916 13 15 57.874271 10900
    156 13 15 57.871938 13 15 57.883367 10900
    157 13 15 57.881965 13 15 57.892547 10900
    158 13 15 57.891953 13 15 57.902375 10900
    159 13 15 57.901955 13 15 57.912388 10900
    160 13 15 57.911937 13 15 57.922347 10900
    161 13 15 57.921953 13 15 57.932372 10900
    162 13 15 57.932031 13 15 57.942509 10900
    163 13 15 57.941949 13 15 57.952396 10900
    164 13 15 57.951954 13 15 57.962363 10900
    165 13 15 57.961955 13 15 57.972369 10900
    166 13 15 57.971955 13 15 57.982360 10900
    167 13 15 57.981965 13 15 57.992348 10900
    168 13 15 57.991953 13 15 58.002381 10900
    169 13 15 58.001955 13 15 58.012362 10900
    170 13 15 58.011997 13 15 58.022500 10900
    171 13 15 58.021957 13 15 58.032460 10900
    172 13 15 58.031965 13 15 58.042378 10900
    173 13 15 58.041955 13 15 58.052365 10900
    174 13 15 58.051952 13 15 58.062367 10900
    175 13 15 58.061897 13 15 58.072321 10900
    176 13 15 58.071995 13 15 58.082419 10900
    177 13 15 58.081955 13 15 58.092373 10900
    178 13 15 58.091952 13 15 58.102384 10900
    179 13 15 58.102029 13 15 58.112416 10900
    180 13 15 58.111952 13 15 58.122363 10900
    181 13 15 58.121954 13 15 58.132418 10900
    182 13 15 58.131954 13 15 58.142370 10900
    183 13 15 58.141953 13 15 58.152375 10900
    184 13 15 58.151954 13 15 58.162370 10900
    185 13 15 58.161956 13 15 58.172387 10900
    186 13 15 58.171953 13 15 58.182363 10900
    187 13 15 58.181953 13 15 58.192363 10900
    188 13 15 58.191997 13 15 58.202488 10900
    189 13 15 58.201954 13 15 58.212370 10900
    190 13 15 58.211951 13 15 58.222360 10900
    191 13 15 58.221952 13 15 58.232360 10900
    192 13 15 58.231954 13 15 58.242353 10900
    193 13 15 58.241964 13 15 58.252355 10900
    194 13 15 58.251950 13 15 58.262368 10900
    195 13 15 58.261904 13 15 58.272302 10900
    196 13 15 58.271951 13 15 58.282417 10900
    197 13 15 58.281956 13 15 58.292361 10900
    198 13 15 58.291952 13 15 58.302416 10900
    199 13 15 58.301952 13 15 58.312556 10900
    200 13 15 58.311976 13 15 58.328358 10900
    201 13 15 58.321966 13 15 58.337527 10900
    202 13 15 58.331957 13 15 58.346694 10900
    203 13 15 58.341988 13 15 58.355899 10900
    204 13 15 58.351964 13 15 58.365054 10900
    205 13 15 58.361955 13 15 58.374206 10900
    206 13 15 58.371960 13 15 58.383389 10900
    207 13 15 58.381957 13 15 58.392569 10900
    208 13 15 58.391955 13 15 58.402365 10900
    209 13 15 58.401952 13 15 58.412371 10900
    210 13 15 58.411957 13 15 58.422365 10900
    211 13 15 58.421953 13 15 58.432371 10900
    212 13 15 58.431956 13 15 58.442371 10900
    213 13 15 58.441954 13 15 58.452357 10900
    214 13 15 58.451951 13 15 58.462398 10900
    215 13 15 58.461956 13 15 58.472512 10900
    216 13 15 58.471971 13 15 58.482402 10900
    217 13 15 58.481954 13 15 58.492362 10900
    218 13 15 58.491953 13 15 58.502360 10900
    219 13 15 58.501953 13 15 58.512352 10900
    220 13 15 58.511952 13 15 58.522356 10900
    221 13 15 58.521954 13 15 58.532356 10900
    222 13 15 58.531953 13 15 58.542406 10900
    223 13 15 58.541955 13 15 58.552401 10900
    224 13 15 58.551960 13 15 58.562373 10900
    225 13 15 58.561954 13 15 58.572355 10900
    226 13 15 58.571955 13 15 58.582366 10900
    227 13 15 58.581955 13 15 58.592376 10900
    228 13 15 58.591954 13 15 58.602417 10900
    229 13 15 58.601981 13 15 58.612434 10900
    230 13 15 58.611958 13 15 58.622391 10900
    231 13 15 58.621960 13 15 58.632368 10900
    232 13 15 58.631962 13 15 58.642381 10900
    233 13 15 58.641953 13 15 58.652355 10900
    234 13 15 58.651950 13 15 58.662388 10900
    235 13 15 58.661954 13 15 58.672364 10900
    236 13 15 58.671954 13 15 58.682374 10900
    237 13 15 58.681953 13 15 58.692362 10900
    238 13 15 58.691963 13 15 58.702418 10900
    239 13 15 58.701979 13 15 58.712465 10900
    240 13 15 58.711978 13 15 58.722444 10900
    241 13 15 58.721966 13 15 58.732391 10900
    242 13 15 58.731957 13 15 58.742367 10900
    243 13 15 58.741959 13 15 58.752375 10900
    244 13 15 58.751952 13 15 58.762397 10900
    245 13 15 58.761954 13 15 58.772379 10900
    246 13 15 58.771954 13 15 58.782362 10900
    247 13 15 58.781953 13 15 58.792380 10900
    248 13 15 58.791953 13 15 58.802373 10900
    249 13 15 58.801955 13 15 58.812364 10900
    250 13 15 58.811953 13 15 58.828350 10900
    251 13 15 58.821955 13 15 58.837502 10900
    252 13 15 58.831958 13 15 58.846682 10900
    253 13 15 58.841948 13 15 58.855834 10900
    254 13 15 58.851945 13 15 58.865059 10900
    255 13 15 58.861952 13 15 58.874166 10900
    256 13 15 58.871918 13 15 58.883355 10900
    257 13 15 58.881946 13 15 58.892529 10900
    258 13 15 58.891956 13 15 58.902405 10900
    259 13 15 58.901952 13 15 58.912348 10900
    260 13 15 58.911963 13 15 58.922373 10900
    261 13 15 58.921953 13 15 58.932366 10900
    262 13 15 58.931952 13 15 58.942360 10900
    263 13 15 58.941972 13 15 58.952534 10900
    264 13 15 58.951954 13 15 58.962378 10900
    265 13 15 58.961953 13 15 58.972371 10900
    266 13 15 58.971953 13 15 58.982362 10900
    267 13 15 58.982131 13 15 58.992655 10900
    268 13 15 58.991971 13 15 59.002394 10900
    269 13 15 59.001959 13 15 59.012380 10900
    270 13 15 59.012025 13 15 59.022463 10900
    271 13 15 59.021957 13 15 59.032370 10900
    272 13 15 59.031951 13 15 59.042360 10900
    273 13 15 59.041952 13 15 59.052362 10900
    274 13 15 59.051952 13 15 59.062378 10900
    275 13 15 59.061954 13 15 59.072380 10900
    276 13 15 59.071978 13 15 59.082470 10900
    277 13 15 59.081981 13 15 59.092452 10900
    278 13 15 59.091977 13 15 59.102586 10900
    279 13 15 59.102072 13 15 59.112681 10900
    280 13 15 59.111980 13 15 59.122487 10900
    281 13 15 59.121957 13 15 59.132370 10900
    282 13 15 59.131954 13 15 59.142439 10900
    283 13 15 59.141964 13 15 59.152411 10900
    284 13 15 59.151952 13 15 59.162371 10900
    285 13 15 59.161957 13 15 59.172390 10900
    286 13 15 59.171954 13 15 59.182453 10900
    287 13 15 59.181956 13 15 59.192391 10900
    288 13 15 59.191954 13 15 59.202390 10900
    289 13 15 59.201954 13 15 59.212361 10900
    290 13 15 59.211951 13 15 59.222363 10900
    291 13 15 59.221953 13 15 59.232447 10900
    292 13 15 59.231954 13 15 59.243343 10900
    293 13 15 59.241967 13 15 59.252479 10900
    294 13 15 59.251955 13 15 59.262371 10900
    295 13 15 59.261954 13 15 59.272345 10900
    296 13 15 59.271977 13 15 59.282465 10900
    297 13 15 59.281956 13 15 59.292375 10900
    298 13 15 59.291950 13 15 59.302401 10900
    299 13 15 59.301954 13 15 59.312353 10900
    300 13 15 59.311937 13 15 59.328349 10900
    301 13 15 59.323611 13 15 59.337476 10900
    302 13 15 59.331963 13 15 59.346694 10900
    303 13 15 59.341940 13 15 59.355814 10900
    304 13 15 59.351987 13 15 59.364992 10900
    305 13 15 59.361955 13 15 59.374152 10900
    306 13 15 59.371906 13 15 59.383338 10900
    307 13 15 59.381956 13 15 59.392524 10900
    308 13 15 59.391955 13 15 59.402344 10900
    309 13 15 59.401941 13 15 59.413200 10900
    310 13 15 59.411976 13 15 59.422381 10900
    311 13 15 59.421940 13 15 59.432313 10900
    312 13 15 59.431950 13 15 59.442399 10900
    313 13 15 59.441940 13 15 59.452334 10900
    314 13 15 59.451963 13 15 59.462482 10900
    315 13 15 59.461941 13 15 59.472340 10900
    316 13 15 59.471952 13 15 59.482357 10900
    317 13 15 59.481954 13 15 59.492358 10900
    318 13 15 59.491951 13 15 59.502360 10900
    319 13 15 59.501952 13 15 59.512359 10900
    320 13 15 59.511954 13 15 59.522371 10900
    321 13 15 59.521954 13 15 59.532361 10900
    322 13 15 59.531953 13 15 59.542357 10900
    323 13 15 59.541953 13 15 59.552359 10900
    324 13 15 59.551957 13 15 59.562373 10900
    325 13 15 59.561954 13 15 59.572358 10900
    326 13 15 59.571953 13 15 59.582374 10900
    327 13 15 59.581957 13 15 59.592367 10900
    328 13 15 59.591954 13 15 59.602373 10900
    329 13 15 59.601953 13 15 59.612577 10900
    330 13 15 59.611956 13 15 59.622404 10900
    331 13 15 59.621985 13 15 59.632424 10900
    332 13 15 59.631960 13 15 59.642386 10900
    333 13 15 59.641956 13 15 59.652363 10900
    334 13 15 59.651952 13 15 59.662418 10900
    335 13 15 59.661952 13 15 59.672365 10900
    336 13 15 59.671953 13 15 59.682366 10900
    337 13 15 59.681955 13 15 59.692421 10900
    338 13 15 59.691969 13 15 59.702464 10900
    339 13 15 59.701959 13 15 59.712412 10900
    340 13 15 59.711959 13 15 59.722397 10900
    341 13 15 59.721955 13 15 59.732382 10900
    342 13 15 59.731957 13 15 59.742445 10900
    343 13 15 59.741956 13 15 59.752389 10900
    344 13 15 59.751958 13 15 59.762434 10900
    345 13 15 59.761955 13 15 59.772407 10900
    346 13 15 59.771963 13 15 59.782482 10900
    347 13 15 59.781978 13 15 59.792521 10900
    348 13 15 59.791975 13 15 59.802447 10900
    349 13 15 59.801979 13 15 59.812460 10900
    350 13 15 59.811954 13 15 59.828384 10900
    351 13 15 59.821958 13 15 59.837691 10900
    352 13 15 59.832076 13 15 59.846688 10900
    353 13 15 59.841968 13 15 59.855834 10900
    354 13 15 59.851959 13 15 59.865040 10900
    355 13 15 59.861960 13 15 59.874163 10900
    356 13 15 59.871966 13 15 59.883322 10900
    357 13 15 59.881968 13 15 59.892586 10900
    358 13 15 59.891975 13 15 59.902484 10900
    359 13 15 59.901963 13 15 59.912449 10900
    360 13 15 59.912120 13 15 59.922784 10900
    361 13 15 59.921990 13 15 59.932543 10900
    362 13 15 59.931980 13 15 59.942501 10900
    363 13 15 59.941938 13 15 59.952432 10900
    364 13 15 59.951967 13 15 59.962431 10900
    365 13 15 59.961976 13 15 59.972510 10900
    366 13 15 59.971980 13 15 59.982644 10900
    367 13 15 59.982086 13 15 59.992598 10900
    368 13 15 59.991973 13 16 0.002457 10900
    369 13 16 0.001970 13 16 0.012412 10900
    370 13 16 0.011972 13 16 0.022435 10900
    371 13 16 0.021985 13 16 0.032516 10900
    372 13 16 0.031967 13 16 0.042426 10900
    373 13 16 0.041975 13 16 0.052409 10900
    374 13 16 0.051958 13 16 0.062417 10900
    375 13 16 0.061975 13 16 0.072481 10900
    376 13 16 0.072087 13 16 0.082583 10900
    377 13 16 0.081986 13 16 0.092428 10900
    378 13 16 0.091983 13 16 0.102502 10900
    379 13 16 0.102003 13 16 0.112488 10900
    380 13 16 0.111963 13 16 0.122394 10900
    381 13 16 0.121983 13 16 0.132461 10900
    382 13 16 0.131964 13 16 0.142397 10900
    383 13 16 0.141960 13 16 0.152439 10900
    384 13 16 0.151957 13 16 0.162402 10900
    385 13 16 0.161980 13 16 0.172480 10900
    386 13 16 0.171982 13 16 0.182485 10900
    387 13 16 0.181972 13 16 0.192442 10900
    388 13 16 0.191967 13 16 0.202410 10900
    389 13 16 0.201959 13 16 0.212392 10900
    390 13 16 0.211962 13 16 0.222405 10900
    391 13 16 0.221961 13 16 0.232705 10900
    392 13 16 0.231985 13 16 0.242432 10900
    393 13 16 0.242059 13 16 0.252527 10900
    394 13 16 0.251957 13 16 0.262480 10900
    395 13 16 0.261960 13 16 0.272449 10900
    396 13 16 0.271959 13 16 0.282875 10900
    397 13 16 0.281994 13 16 0.292678 10900
    398 13 16 0.291979 13 16 0.302581 10900
    399 13 16 0.301964 13 16 0.312587 10900
    400 13 16 0.311967 13 16 0.328370 10900
    401 13 16 0.321964 13 16 0.337789 10900
    402 13 16 0.331964 13 16 0.346783 10900
    403 13 16 0.341978 13 16 0.355896 10900
    404 13 16 0.351982 13 16 0.365043 10900
    405 13 16 0.361985 13 16 0.374266 10900
    406 13 16 0.371957 13 16 0.383383 10900
    407 13 16 0.381968 13 16 0.392602 10900
    408 13 16 0.391960 13 16 0.402567 10900
    409 13 16 0.401958 13 16 0.412375 10900
    410 13 16 0.411959 13 16 0.422368 10900
    411 13 16 0.421976 13 16 0.432428 10900
    412 13 16 0.431958 13 16 0.442469 10900
    413 13 16 0.441982 13 16 0.453488 10900
    414 13 16 0.452001 13 16 0.462651 10900
    415 13 16 0.461974 13 16 0.472459 10900
    416 13 16 0.471988 13 16 0.482441 10900
    417 13 16 0.481955 13 16 0.492368 10900
    418 13 16 0.491954 13 16 0.502363 10900
    419 13 16 0.501957 13 16 0.512402 10900
    420 13 16 0.511986 13 16 0.522468 10900
    421 13 16 0.521962 13 16 0.532384 10900
    422 13 16 0.531956 13 16 0.542370 10900
    423 13 16 0.541957 13 16 0.552369 10900
    424 13 16 0.551960 13 16 0.562384 10900
    425 13 16 0.561961 13 16 0.574117 10900
    426 13 16 0.571970 13 16 0.583294 10900
    427 13 16 0.581969 13 16 0.592481 10900
    428 13 16 0.591956 13 16 0.602389 10900
    429 13 16 0.601966 13 16 0.612457 10900
    430 13 16 0.611966 13 16 0.622450 10900
    431 13 16 0.621971 13 16 0.632404 10900
    432 13 16 0.631957 13 16 0.642459 10900
    433 13 16 0.641977 13 16 0.652395 10900
    434 13 16 0.651956 13 16 0.662392 10900
    435 13 16 0.661956 13 16 0.672373 10900
    436 13 16 0.671953 13 16 0.682381 10900
    437 13 16 0.682014 13 16 0.692407 10900
    438 13 16 0.691958 13 16 0.702380 10900
    439 13 16 0.701956 13 16 0.712387 10900
    440 13 16 0.711955 13 16 0.722427 10900
    441 13 16 0.721977 13 16 0.732447 10900
    442 13 16 0.731958 13 16 0.742402 10900
    443 13 16 0.741966 13 16 0.752426 10900
    444 13 16 0.751954 13 16 0.762442 10900
    445 13 16 0.761961 13 16 0.772393 10900
    446 13 16 0.771973 13 16 0.782506 10900
    447 13 16 0.781984 13 16 0.792454 10900
    448 13 16 0.791955 13 16 0.802370 10900
    449 13 16 0.801969 13 16 0.812377 10900
    450 13 16 0.811963 13 16 0.828346 10900
    451 13 16 0.821962 13 16 0.837487 10900
    452 13 16 0.831993 13 16 0.846801 10900
    453 13 16 0.842040 13 16 0.855828 10900
    454 13 16 0.852034 13 16 0.865173 10900
    455 13 16 0.861959 13 16 0.874187 10900
    456 13 16 0.871937 13 16 0.883332 10900
    457 13 16 0.882034 13 16 0.892593 10900
    458 13 16 0.892016 13 16 0.902426 10900
    459 13 16 0.901956 13 16 0.912384 10900
    460 13 16 0.911957 13 16 0.922377 10900
    461 13 16 0.921957 13 16 0.932362 10900
    462 13 16 0.931923 13 16 0.942343 10900
    463 13 16 0.941964 13 16 0.952448 10900
    464 13 16 0.951954 13 16 0.962503 10900
    465 13 16 0.962206 13 16 0.972720 10900
    466 13 16 0.971974 13 16 0.982434 10900
    467 13 16 0.981960 13 16 0.992378 10900
    468 13 16 0.991955 13 16 1.002383 10900
    469 13 16 1.001956 13 16 1.012394 10900
    470 13 16 1.011954 13 16 1.022599 10900
    471 13 16 1.022377 13 16 1.032788 10900
    472 13 16 1.031959 13 16 1.042446 10900
    473 13 16 1.041957 13 16 1.052384 10900
    474 13 16 1.051956 13 16 1.062383 10900
    475 13 16 1.061955 13 16 1.072378 10900
    476 13 16 1.071970 13 16 1.082392 10900
    477 13 16 1.081941 13 16 1.092348 10900
    478 13 16 1.091938 13 16 1.102386 10900
    479 13 16 1.101958 13 16 1.112344 10900
    480 13 16 1.111938 13 16 1.122411 10900
    481 13 16 1.122049 13 16 1.132444 10900
    482 13 16 1.131949 13 16 1.142425 10900
    483 13 16 1.141955 13 16 1.152573 10900
    484 13 16 1.152022 13 16 1.162453 10900
    485 13 16 1.161956 13 16 1.172369 10900
    486 13 16 1.171956 13 16 1.182387 10900
    487 13 16 1.181956 13 16 1.192369 10900
    488 13 16 1.191961 13 16 1.202445 10900
    489 13 16 1.201956 13 16 1.212366 10900
    490 13 16 1.211951 13 16 1.222372 10900
    491 13 16 1.221953 13 16 1.232371 10900
    492 13 16 1.231951 13 16 1.242370 10900
    493 13 16 1.241953 13 16 1.252362 10900
    494 13 16 1.251952 13 16 1.262364 10900
    495 13 16 1.261954 13 16 1.272403 10900
    496 13 16 1.271952 13 16 1.282362 10900
    497 13 16 1.281953 13 16 1.292351 10900
    498 13 16 1.291954 13 16 1.302364 10900
    499 13 16 1.301953 13 16 1.312459 10900
    500 13 16 1.311952 13 16 1.328317 10900
    501 13 16 1.321955 13 16 1.337495 10900
    502 13 16 1.331955 13 16 1.346671 10900
    503 13 16 1.341960 13 16 1.355847 10900
    504 13 16 1.351955 13 16 1.365007 10900
    505 13 16 1.361955 13 16 1.374168 10900
    506 13 16 1.371923 13 16 1.383359 10900
    507 13 16 1.381969 13 16 1.392530 10900
    508 13 16 1.391953 13 16 1.402365 10900
    509 13 16 1.401942 13 16 1.412368 10900
    510 13 16 1.411942 13 16 1.422368 10900
    511 13 16 1.421942 13 16 1.432363 10900
    512 13 16 1.431940 13 16 1.442382 10900
    513 13 16 1.441945 13 16 1.452373 10900
    514 13 16 1.451940 13 16 1.462368 10900
    515 13 16 1.461953 13 16 1.472364 10900
    516 13 16 1.471956 13 16 1.482386 10900
    517 13 16 1.481953 13 16 1.492361 10900
    518 13 16 1.491956 13 16 1.502362 10900
    519 13 16 1.501954 13 16 1.512376 10900
    520 13 16 1.511970 13 16 1.522380 10900
    521 13 16 1.521952 13 16 1.532370 10900
    522 13 16 1.531954 13 16 1.542432 10900
    523 13 16 1.541952 13 16 1.552421 10900
    524 13 16 1.551956 13 16 1.562409 10900
    525 13 16 1.561954 13 16 1.572481 10900
    526 13 16 1.571955 13 16 1.582417 10900
    527 13 16 1.581949 13 16 1.592426 10900
    528 13 16 1.591969 13 16 1.602565 10900
    529 13 16 1.601980 13 16 1.612476 10900
    530 13 16 1.611955 13 16 1.622396 10900
    531 13 16 1.621990 13 16 1.632468 10900
    532 13 16 1.631953 13 16 1.642469 10900
    533 13 16 1.641954 13 16 1.652364 10900
    534 13 16 1.651952 13 16 1.662465 10900
    535 13 16 1.662081 13 16 1.672569 10900
    536 13 16 1.671956 13 16 1.682471 10900
    537 13 16 1.682035 13 16 1.693236 10900
    538 13 16 1.691954 13 16 1.702356 10900
    539 13 16 1.701954 13 16 1.712378 10900
    540 13 16 1.711951 13 16 1.722354 10900
    541 13 16 1.721953 13 16 1.732374 10900
    542 13 16 1.731951 13 16 1.742356 10900
    543 13 16 1.741953 13 16 1.752368 10900
    544 13 16 1.752048 13 16 1.762529 10900
    545 13 16 1.761971 13 16 1.772383 10900
    546 13 16 1.771984 13 16 1.782427 10900
    547 13 16 1.781955 13 16 1.792395 10900
    548 13 16 1.791952 13 16 1.802446 10900
    549 13 16 1.801971 13 16 1.812421 10900
    550 13 16 1.811963 13 16 1.829467 10900
    551 13 16 1.822020 13 16 1.837600 10900
    552 13 16 1.831976 13 16 1.847248 10900
    553 13 16 1.841893 13 16 1.855840 10900
    554 13 16 1.851960 13 16 1.865038 10900
    555 13 16 1.861942 13 16 1.874171 10900
    556 13 16 1.871961 13 16 1.883367 10900
    557 13 16 1.881977 13 16 1.892568 10900
    558 13 16 1.891953 13 16 1.902364 10900
    559 13 16 1.902022 13 16 1.912421 10900
    560 13 16 1.911945 13 16 1.922340 10900
    561 13 16 1.921975 13 16 1.932588 10900
    562 13 16 1.931956 13 16 1.942367 10900
    563 13 16 1.941940 13 16 1.952412 10900
    564 13 16 1.951957 13 16 1.962393 10900
    565 13 16 1.961940 13 16 1.972335 10900
    566 13 16 1.972045 13 16 1.982429 10900
    567 13 16 1.981958 13 16 1.992437 10900
    568 13 16 1.991935 13 16 2.002371 10900
    569 13 16 2.001952 13 16 2.012370 10900
    570 13 16 2.011953 13 16 2.022371 10900
    571 13 16 2.021952 13 16 2.032421 10900
    572 13 16 2.031954 13 16 2.042358 10900
    573 13 16 2.041955 13 16 2.052423 10900
    574 13 16 2.051952 13 16 2.062370 10900
    575 13 16 2.061952 13 16 2.072442 10900
    576 13 16 2.071952 13 16 2.082361 10900
    577 13 16 2.081954 13 16 2.092464 10900
    578 13 16 2.091962 13 16 2.102438 10900
    579 13 16 2.101976 13 16 2.112546 10900
    580 13 16 2.112051 13 16 2.122532 10900
    581 13 16 2.121964 13 16 2.132411 10900
    582 13 16 2.131955 13 16 2.142367 10900
    583 13 16 2.141954 13 16 2.152467 10900
    584 13 16 2.151952 13 16 2.162475 10900
    585 13 16 2.161964 13 16 2.172473 10900
    586 13 16 2.171965 13 16 2.182450 10900
    587 13 16 2.181956 13 16 2.192483 10900
    588 13 16 2.191939 13 16 2.202306 10900
    589 13 16 2.201944 13 16 2.212432 10900
    590 13 16 2.211952 13 16 2.222399 10900
    591 13 16 2.221953 13 16 2.232361 10900
    592 13 16 2.231952 13 16 2.242370 10900
    593 13 16 2.241951 13 16 2.252419 10900
    594 13 16 2.251952 13 16 2.262367 10900
    595 13 16 2.261956 13 16 2.272383 10900
    596 13 16 2.271952 13 16 2.282372 10900
    597 13 16 2.281953 13 16 2.292378 10900
    598 13 16 2.291952 13 16 2.302362 10900
    599 13 16 2.301953 13 16 2.312357 10900
    600 13 16 2.311939 13 16 2.328295 10900
    601 13 16 2.321959 13 16 2.337463 10900
    602 13 16 2.331955 13 16 2.346620 10900
    603 13 16 2.341934 13 16 2.355861 10900
    604 13 16 2.351964 13 16 2.364983 10900
    605 13 16 2.361955 13 16 2.374140 10900
    606 13 16 2.371897 13 16 2.383329 10900
    607 13 16 2.381949 13 16 2.392500 10900
    608 13 16 2.391953 13 16 2.402350 10900
    609 13 16 2.401946 13 16 2.412379 10900
    610 13 16 2.411951 13 16 2.422372 10900
    611 13 16 2.421953 13 16 2.432357 10900
    612 13 16 2.431950 13 16 2.442371 10900
    613 13 16 2.441952 13 16 2.452356 10900
    614 13 16 2.451951 13 16 2.462359 10900
    615 13 16 2.461940 13 16 2.472329 10900
    616 13 16 2.471953 13 16 2.482384 10900
    617 13 16 2.481954 13 16 2.492347 10900
    618 13 16 2.491953 13 16 2.502412 10900
    619 13 16 2.501952 13 16 2.512360 10900
    620 13 16 2.511950 13 16 2.522352 10900
    621 13 16 2.521952 13 16 2.532360 10900
    622 13 16 2.531953 13 16 2.542392 10900
    623 13 16 2.541952 13 16 2.552368 10900
    624 13 16 2.551953 13 16 2.562437 10900
    625 13 16 2.561951 13 16 2.572359 10900
    626 13 16 2.571950 13 16 2.582355 10900
    627 13 16 2.581954 13 16 2.592410 10900
    628 13 16 2.591953 13 16 2.602434 10900
    629 13 16 2.601966 13 16 2.612407 10900
    630 13 16 2.611964 13 16 2.622412 10900
    631 13 16 2.621964 13 16 2.632410 10900
    632 13 16 2.631959 13 16 2.642430 10900
    633 13 16 2.641957 13 16 2.652410 10900
    634 13 16 2.651962 13 16 2.662484 10900
    635 13 16 2.661964 13 16 2.672400 10900
    636 13 16 2.671986 13 16 2.682516 10900
    637 13 16 2.681970 13 16 2.692407 10900
    638 13 16 2.692019 13 16 2.702442 10900
    639 13 16 2.701966 13 16 2.712412 10900
    640 13 16 2.711977 13 16 2.722434 10900
    641 13 16 2.721968 13 16 2.732403 10900
    642 13 16 2.731981 13 16 2.742471 10900
    643 13 16 2.741968 13 16 2.752402 10900
    644 13 16 2.751968 13 16 2.762492 10900
    645 13 16 2.761978 13 16 2.772425 10900
    646 13 16 2.771963 13 16 2.782497 10900
    647 13 16 2.781966 13 16 2.792523 10900
    648 13 16 2.791958 13 16 2.802392 10900
    649 13 16 2.801966 13 16 2.812419 10900
    650 13 16 2.811968 13 16 2.829286 10900
    651 13 16 2.821956 13 16 2.837594 10900
    652 13 16 2.831999 13 16 2.847255 10900
    653 13 16 2.841955 13 16 2.855864 10900
    654 13 16 2.851985 13 16 2.865110 10900
    655 13 16 2.861955 13 16 2.874210 10900
    656 13 16 2.871954 13 16 2.883357 10900
    657 13 16 2.881956 13 16 2.892533 10900
    658 13 16 2.891954 13 16 2.902323 10900
    659 13 16 2.901950 13 16 2.912595 10900
    660 13 16 2.911954 13 16 2.922353 10900
    661 13 16 2.921953 13 16 2.932342 10900
    662 13 16 2.931979 13 16 2.942444 10900
    663 13 16 2.941954 13 16 2.952363 10900
    664 13 16 2.952002 13 16 2.962375 10900
    665 13 16 2.961939 13 16 2.972325 10900
    666 13 16 2.971951 13 16 2.982428 10900
    667 13 16 2.981958 13 16 2.992379 10900
    668 13 16 2.991957 13 16 3.002381 10900
    669 13 16 3.001955 13 16 3.012395 10900
    670 13 16 3.012056 13 16 3.022540 10900
    671 13 16 3.021955 13 16 3.032367 10900
    672 13 16 3.031954 13 16 3.042368 10900
    673 13 16 3.041954 13 16 3.052363 10900
    674 13 16 3.051960 13 16 3.062377 10900
    675 13 16 3.061954 13 16 3.072436 10900
    676 13 16 3.071952 13 16 3.082425 10900
    677 13 16 3.081952 13 16 3.092365 10900
    678 13 16 3.091952 13 16 3.102361 10900
    679 13 16 3.101954 13 16 3.112363 10900
    680 13 16 3.111953 13 16 3.122374 10900
    681 13 16 3.121952 13 16 3.132398 10900
    682 13 16 3.131956 13 16 3.144276 10900
    683 13 16 3.141985 13 16 3.153564 10900
    684 13 16 3.151961 13 16 3.162644 10900
    685 13 16 3.161957 13 16 3.172372 10900
    686 13 16 3.171953 13 16 3.182355 10900
    687 13 16 3.181961 13 16 3.192377 10900
    688 13 16 3.191952 13 16 3.202358 10900
    689 13 16 3.201953 13 16 3.212355 10900
    690 13 16 3.211952 13 16 3.222360 10900
    691 13 16 3.221954 13 16 3.232358 10900
    692 13 16 3.231952 13 16 3.242357 10900
    693 13 16 3.241951 13 16 3.252362 10900
    694 13 16 3.251954 13 16 3.262362 10900
    695 13 16 3.261951 13 16 3.272373 10900
    696 13 16 3.271962 13 16 3.282397 10900
    697 13 16 3.281953 13 16 3.292361 10900
    698 13 16 3.291963 13 16 3.302370 10900
    699 13 16 3.301953 13 16 3.312361 10900
    700 13 16 3.311951 13 16 3.328409 10900
    701 13 16 3.321953 13 16 3.337521 10900
    702 13 16 3.331948 13 16 3.346655 10900
    703 13 16 3.341958 13 16 3.355843 10900
    704 13 16 3.351961 13 16 3.364978 10900
    705 13 16 3.361940 13 16 3.374184 10900
    706 13 16 3.371919 13 16 3.383350 10900
    707 13 16 3.381974 13 16 3.392523 10900
    708 13 16 3.391953 13 16 3.402458 10900
    709 13 16 3.401956 13 16 3.412369 10900
    710 13 16 3.411954 13 16 3.422320 10900
    711 13 16 3.421962 13 16 3.432390 10900
    712 13 16 3.431938 13 16 3.442302 10900
    713 13 16 3.441949 13 16 3.452345 10900
    714 13 16 3.451989 13 16 3.462406 10900
    715 13 16 3.461939 13 16 3.472319 10900
    716 13 16 3.472043 13 16 3.482453 10900
    717 13 16 3.481954 13 16 3.492363 10900
    718 13 16 3.491951 13 16 3.502358 10900
    719 13 16 3.501952 13 16 3.512418 10900
    720 13 16 3.511954 13 16 3.522362 10900
    721 13 16 3.521952 13 16 3.532359 10900
    722 13 16 3.531953 13 16 3.542377 10900
    723 13 16 3.541952 13 16 3.552354 10900
    724 13 16 3.551952 13 16 3.562368 10900
    725 13 16 3.561951 13 16 3.572356 10900
    726 13 16 3.571957 13 16 3.582382 10900
    727 13 16 3.581955 13 16 3.592363 10900
    728 13 16 3.591955 13 16 3.602433 10900
    729 13 16 3.601951 13 16 3.612379 10900
    730 13 16 3.611952 13 16 3.622357 10900
    731 13 16 3.621953 13 16 3.632372 10900
    732 13 16 3.631953 13 16 3.642386 10900
    733 13 16 3.641954 13 16 3.652375 10900
    734 13 16 3.651955 13 16 3.662379 10900
    735 13 16 3.661964 13 16 3.672375 10900
    736 13 16 3.671953 13 16 3.682431 10900
    737 13 16 3.681954 13 16 3.692418 10900
    738 13 16 3.691956 13 16 3.702375 10900
    739 13 16 3.701957 13 16 3.712370 10900
    740 13 16 3.712008 13 16 3.722545 10900
    741 13 16 3.721975 13 16 3.732419 10900
    742 13 16 3.731955 13 16 3.742363 10900
    743 13 16 3.741952 13 16 3.752520 10900
    744 13 16 3.751952 13 16 3.762405 10900
    745 13 16 3.761950 13 16 3.772437 10900
    746 13 16 3.772002 13 16 3.782410 10900
    747 13 16 3.781956 13 16 3.792371 10900
    748 13 16 3.791955 13 16 3.802369 10900
    749 13 16 3.801956 13 16 3.812371 10900
    750 13 16 3.811960 13 16 3.829258 10900
    751 13 16 3.821963 13 16 3.837513 10900
    752 13 16 3.831957 13 16 3.847248 10900
    753 13 16 3.842012 13 16 3.855856 10900
    754 13 16 3.851967 13 16 3.865043 10900
    755 13 16 3.861955 13 16 3.874199 10900
    756 13 16 3.871964 13 16 3.883376 10900
    757 13 16 3.881991 13 16 3.892564 10900
    758 13 16 3.891953 13 16 3.902365 10900
    759 13 16 3.901988 13 16 3.912377 10900
    760 13 16 3.911951 13 16 3.922393 10900
    761 13 16 3.921953 13 16 3.932364 10900
    762 13 16 3.931951 13 16 3.942372 10900
    763 13 16 3.941955 13 16 3.952351 10900
    764 13 16 3.951951 13 16 3.962480 10900
    765 13 16 3.961942 13 16 3.972373 10900
    766 13 16 3.971944 13 16 3.982399 10900
    767 13 16 3.981964 13 16 3.992518 10900
    768 13 16 3.991944 13 16 4.002398 10900
    769 13 16 4.001942 13 16 4.012432 10900
    770 13 16 4.011942 13 16 4.022405 10900
    771 13 16 4.021958 13 16 4.032380 10900
    772 13 16 4.031953 13 16 4.042367 10900
    773 13 16 4.041953 13 16 4.052379 10900
    774 13 16 4.051952 13 16 4.062362 10900
    775 13 16 4.061956 13 16 4.072369 10900
    776 13 16 4.071951 13 16 4.082355 10900
    777 13 16 4.081954 13 16 4.092435 10900
    778 13 16 4.091955 13 16 4.102376 10900
    779 13 16 4.101951 13 16 4.112369 10900
    780 13 16 4.111951 13 16 4.122365 10900
    781 13 16 4.121953 13 16 4.132375 10900
    782 13 16 4.131953 13 16 4.142362 10900
    783 13 16 4.141953 13 16 4.152370 10900
    784 13 16 4.151953 13 16 4.162371 10900
    785 13 16 4.161956 13 16 4.172375 10900
    786 13 16 4.171956 13 16 4.182355 10900
    787 13 16 4.181975 13 16 4.192384 10900
    788 13 16 4.191951 13 16 4.202359 10900
    789 13 16 4.201952 13 16 4.212359 10900
    790 13 16 4.211951 13 16 4.222351 10900
    791 13 16 4.221953 13 16 4.232353 10900
    792 13 16 4.231951 13 16 4.242373 10900
    793 13 16 4.241940 13 16 4.252404 10900
    794 13 16 4.251954 13 16 4.262382 10900
    795 13 16 4.261941 13 16 4.272345 10900
    796 13 16 4.271980 13 16 4.282475 10900
    797 13 16 4.281953 13 16 4.292366 10900
    798 13 16 4.291952 13 16 4.302379 10900
    799 13 16 4.301952 13 16 4.312357 10900
    800 13 16 4.311951 13 16 4.328322 10900
    801 13 16 4.322904 13 16 4.337504 10900
    802 13 16 4.331957 13 16 4.346668 10900
    803 13 16 4.341959 13 16 4.355845 10900
    804 13 16 4.351956 13 16 4.365007 10900
    805 13 16 4.361894 13 16 4.374158 10900
    806 13 16 4.371925 13 16 4.383366 10900
    807 13 16 4.381987 13 16 4.392525 10900
    808 13 16 4.391953 13 16 4.402363 10900
    809 13 16 4.401952 13 16 4.412357 10900
    810 13 16 4.411953 13 16 4.422362 10900
    811 13 16 4.421954 13 16 4.432414 10900
    812 13 16 4.431950 13 16 4.442350 10900
    813 13 16 4.441951 13 16 4.452361 10900
    814 13 16 4.451952 13 16 4.462417 10900
    815 13 16 4.461953 13 16 4.472616 10900
    816 13 16 4.471953 13 16 4.482375 10900
    817 13 16 4.481951 13 16 4.492365 10900
    818 13 16 4.491951 13 16 4.502406 10900
    819 13 16 4.501955 13 16 4.512368 10900
    820 13 16 4.511953 13 16 4.522361 10900
    821 13 16 4.521954 13 16 4.532375 10900
    822 13 16 4.531971 13 16 4.542387 10900
    823 13 16 4.541952 13 16 4.552350 10900
    824 13 16 4.551952 13 16 4.562396 10900
    825 13 16 4.561954 13 16 4.572355 10900
    826 13 16 4.571958 13 16 4.582365 10900
    827 13 16 4.581957 13 16 4.592438 10900
    828 13 16 4.591953 13 16 4.602450 10900
    829 13 16 4.601951 13 16 4.612401 10900
    830 13 16 4.612013 13 16 4.622417 10900
    831 13 16 4.621953 13 16 4.632360 10900
    832 13 16 4.631952 13 16 4.642356 10900
    833 13 16 4.641953 13 16 4.652364 10900
    834 13 16 4.651959 13 16 4.662384 10900
    835 13 16 4.661997 13 16 4.672498 10900
    836 13 16 4.671981 13 16 4.682398 10900
    837 13 16 4.681956 13 16 4.692356 10900
    838 13 16 4.691986 13 16 4.702418 10900
    839 13 16 4.701957 13 16 4.712373 10900
    840 13 16 4.711967 13 16 4.722445 10900
    841 13 16 4.721968 13 16 4.732458 10900
    842 13 16 4.731965 13 16 4.742403 10900
    843 13 16 4.741962 13 16 4.752402 10900
    844 13 16 4.751977 13 16 4.762527 10900
    845 13 16 4.761979 13 16 4.772471 10900
    846 13 16 4.771977 13 16 4.782474 10900
    847 13 16 4.782000 13 16 4.792422 10900
    848 13 16 4.791973 13 16 4.802374 10900
    849 13 16 4.801980 13 16 4.812462 10900
    850 13 16 4.812034 13 16 4.828456 10900
    851 13 16 4.821976 13 16 4.837686 10900
    852 13 16 4.832162 13 16 4.846752 10900
    853 13 16 4.841923 13 16 4.855960 10900
    854 13 16 4.851956 13 16 4.865159 10900
    855 13 16 4.861956 13 16 4.874245 10900
    856 13 16 4.872002 13 16 4.883489 10900
    857 13 16 4.881956 13 16 4.892615 10900
    858 13 16 4.891955 13 16 4.902378 10900
    859 13 16 4.901953 13 16 4.912371 10900
    860 13 16 4.911953 13 16 4.922380 10900
    861 13 16 4.921954 13 16 4.932367 10900
    862 13 16 4.931941 13 16 4.942346 10900
    863 13 16 4.942008 13 16 4.952420 10900
    864 13 16 4.951963 13 16 4.962381 10900
    865 13 16 4.961945 13 16 4.972369 10900
    866 13 16 4.971937 13 16 4.982356 10900
    867 13 16 4.981989 13 16 4.992498 10900
    868 13 16 4.991965 13 16 5.002489 10900
    869 13 16 5.001954 13 16 5.012366 10900
    870 13 16 5.011951 13 16 5.022358 10900
    871 13 16 5.021952 13 16 5.032383 10900
    872 13 16 5.031952 13 16 5.042364 10900
    873 13 16 5.041953 13 16 5.052366 10900
    874 13 16 5.051950 13 16 5.062361 10900
    875 13 16 5.061952 13 16 5.072362 10900
    876 13 16 5.071951 13 16 5.082353 10900
    877 13 16 5.081953 13 16 5.092356 10900
    878 13 16 5.091950 13 16 5.102363 10900
    879 13 16 5.101995 13 16 5.112565 10900
    880 13 16 5.111974 13 16 5.122381 10900
    881 13 16 5.121947 13 16 5.132409 10900
    882 13 16 5.131977 13 16 5.142450 10900
    883 13 16 5.141960 13 16 5.152385 10900
    884 13 16 5.151959 13 16 5.162397 10900
    885 13 16 5.161964 13 16 5.172412 10900
    886 13 16 5.171961 13 16 5.182431 10900
    887 13 16 5.181970 13 16 5.192410 10900
    888 13 16 5.191953 13 16 5.202389 10900
    889 13 16 5.201978 13 16 5.212439 10900
    890 13 16 5.211956 13 16 5.222373 10900
    891 13 16 5.221955 13 16 5.232368 10900
    892 13 16 5.231951 13 16 5.242367 10900
    893 13 16 5.241954 13 16 5.252851 10900
    894 13 16 5.251953 13 16 5.262375 10900
    895 13 16 5.261954 13 16 5.272397 10900
    896 13 16 5.271973 13 16 5.282405 10900
    897 13 16 5.281953 13 16 5.292372 10900
    898 13 16 5.291953 13 16 5.302363 10900
    899 13 16 5.301955 13 16 5.312460 10900
    900 13 16 5.311952 13 16 5.328324 10900
    901 13 16 5.321964 13 16 5.337494 10900
    902 13 16 5.331957 13 16 5.346659 10900
    903 13 16 5.341962 13 16 5.355818 10900
    904 13 16 5.351956 13 16 5.365014 10900
    905 13 16 5.361956 13 16 5.374170 10900
    906 13 16 5.371961 13 16 5.383389 10900
    907 13 16 5.381962 13 16 5.392529 10900
    908 13 16 5.391954 13 16 5.402368 10900
    909 13 16 5.401944 13 16 5.412363 10900
    910 13 16 5.411954 13 16 5.422401 10900
    911 13 16 5.421979 13 16 5.432413 10900
    912 13 16 5.431955 13 16 5.442374 10900
    913 13 16 5.441959 13 16 5.452384 10900
    914 13 16 5.451977 13 16 5.462435 10900
    915 13 16 5.461966 13 16 5.472649 10900
    916 13 16 5.472357 13 16 5.482825 10900
    917 13 16 5.481963 13 16 5.492384 10900
    918 13 16 5.491952 13 16 5.502392 10900
    919 13 16 5.501957 13 16 5.512372 10900
    920 13 16 5.511953 13 16 5.522410 10900
    921 13 16 5.521964 13 16 5.532433 10900
    922 13 16 5.531958 13 16 5.542411 10900
    923 13 16 5.541967 13 16 5.552388 10900
    924 13 16 5.551955 13 16 5.562364 10900
    925 13 16 5.561957 13 16 5.572404 10900
    926 13 16 5.571985 13 16 5.582459 10900
    927 13 16 5.581969 13 16 5.592435 10900
    928 13 16 5.591965 13 16 5.602424 10900
    929 13 16 5.601987 13 16 5.612439 10900
    930 13 16 5.611958 13 16 5.622372 10900
    931 13 16 5.621991 13 16 5.632399 10900
    932 13 16 5.631969 13 16 5.642381 10900
    933 13 16 5.641957 13 16 5.652436 10900
    934 13 16 5.651952 13 16 5.662410 10900
    935 13 16 5.661958 13 16 5.672400 10900
    936 13 16 5.671952 13 16 5.682375 10900
    937 13 16 5.681953 13 16 5.692440 10900
    938 13 16 5.691955 13 16 5.702524 10900
    939 13 16 5.702016 13 16 5.712463 10900
    940 13 16 5.711973 13 16 5.722553 10900
    941 13 16 5.722051 13 16 5.732533 10900
    942 13 16 5.731962 13 16 5.742454 10900
    943 13 16 5.741958 13 16 5.752525 10900
    944 13 16 5.752055 13 16 5.762508 10900
    945 13 16 5.761972 13 16 5.772475 10900
    946 13 16 5.771965 13 16 5.782455 10900
    947 13 16 5.781962 13 16 5.792405 10900
    948 13 16 5.791954 13 16 5.802404 10900
    949 13 16 5.802025 13 16 5.812502 10900
    950 13 16 5.811955 13 16 5.829385 10900
    951 13 16 5.821981 13 16 5.837581 10900
    952 13 16 5.832028 13 16 5.847232 10900
    953 13 16 5.841963 13 16 5.855849 10900
    954 13 16 5.851958 13 16 5.865030 10900
    955 13 16 5.861957 13 16 5.874197 10900
    956 13 16 5.871933 13 16 5.883385 10900
    957 13 16 5.881977 13 16 5.892539 10900
    958 13 16 5.891951 13 16 5.902404 10900
    959 13 16 5.901951 13 16 5.912348 10900
    960 13 16 5.911954 13 16 5.922371 10900
    961 13 16 5.921954 13 16 5.932372 10900
    962 13 16 5.931953 13 16 5.942426 10900
    963 13 16 5.941964 13 16 5.952391 10900
    964 13 16 5.951956 13 16 5.962379 10900
    965 13 16 5.961954 13 16 5.972355 10900
    966 13 16 5.971944 13 16 5.982357 10900
    967 13 16 5.981956 13 16 5.992428 10900
    968 13 16 5.991978 13 16 6.002455 10900
    969 13 16 6.001959 13 16 6.012475 10900
    970 13 16 6.011980 13 16 6.022410 10900
    971 13 16 6.021956 13 16 6.032397 10900
    972 13 16 6.031981 13 16 6.042444 10900
    973 13 16 6.041959 13 16 6.052389 10900
    974 13 16 6.051950 13 16 6.062369 10900
    975 13 16 6.061956 13 16 6.072385 10900
    976 13 16 6.071953 13 16 6.082374 10900
    977 13 16 6.081954 13 16 6.092368 10900
    978 13 16 6.091953 13 16 6.102416 10900
    979 13 16 6.101954 13 16 6.112392 10900
    980 13 16 6.112032 13 16 6.122589 10900
    981 13 16 6.121984 13 16 6.132562 10900
    982 13 16 6.131987 13 16 6.142545 10900
    983 13 16 6.142000 13 16 6.152620 10900
    984 13 16 6.151996 13 16 6.162588 10900
    985 13 16 6.162073 13 16 6.172730 10900
    986 13 16 6.171992 13 16 6.182553 10900
    987 13 16 6.182004 13 16 6.192510 10900
    988 13 16 6.191958 13 16 6.202454 10900
    989 13 16 6.201967 13 16 6.212411 10900
    990 13 16 6.211964 13 16 6.222438 10900
    991 13 16 6.221985 13 16 6.232498 10900
    992 13 16 6.231967 13 16 6.242513 10900
    993 13 16 6.241965 13 16 6.252472 10900
    994 13 16 6.251965 13 16 6.262482 10900
    995 13 16 6.261961 13 16 6.272424 10900
    996 13 16 6.271976 13 16 6.282443 10900
    997 13 16 6.281966 13 16 6.292405 10900
    998 13 16 6.291967 13 16 6.302449 10900
    999 13 16 6.301974 13 16 6.312443 10900
   1000 13 16 6.311968 13 16 6.328554 10900
