      1 13 13 54.923645 13 13 54.934432 9900
      2 13 13 54.933737 13 13 54.942951 9900
      3 13 13 54.943736 13 13 54.952995 9900
      4 13 13 54.953733 13 13 54.962901 9900
      5 13 13 54.963768 13 13 54.974572 9900
      6 13 13 54.973768 13 13 54.983037 9900
      7 13 13 54.983888 13 13 54.993071 9900
      8 13 13 54.993735 13 13 55.002895 9900
      9 13 13 55.003748 13 13 55.013033 9900
     10 13 13 55.013731 13 13 55.022871 9900
     11 13 13 55.023760 13 13 55.034185 9900
     12 13 13 55.033695 13 13 55.042836 9900
     13 13 13 55.043747 13 13 55.052999 9900
     14 13 13 55.053745 13 13 55.062905 9900
     15 13 13 55.063741 13 13 55.072929 9900
     16 13 13 55.073743 13 13 55.083018 9900
     17 13 13 55.083747 13 13 55.092919 9900
     18 13 13 55.093729 13 13 55.102969 9900
     19 13 13 55.103743 13 13 55.112941 9900
     20 13 13 55.113781 13 13 55.124448 9900
     21 13 13 55.123758 13 13 55.132931 9900
     22 13 13 55.133729 13 13 55.142946 9900
     23 13 13 55.143728 13 13 55.152886 9900
     24 13 13 55.153759 13 13 55.162990 9900
     25 13 13 55.163727 13 13 55.172896 9900
     26 13 13 55.173752 13 13 55.183005 9900
     27 13 13 55.183731 13 13 55.192900 9900
     28 13 13 55.193744 13 13 55.202997 9900
     29 13 13 55.203741 13 13 55.212936 9900
     30 13 13 55.213743 13 13 55.223959 9900
     31 13 13 55.223761 13 13 55.233055 9900
     32 13 13 55.233745 13 13 55.242932 9900
     33 13 13 55.243743 13 13 55.254410 9900
     34 13 13 55.254334 13 13 55.263559 9900
     35 13 13 55.263753 13 13 55.272987 9900
     36 13 13 55.273755 13 13 55.282958 9900
     37 13 13 55.283746 13 13 55.292963 9900
     38 13 13 55.293751 13 13 55.302959 9900
     39 13 13 55.303750 13 13 55.312967 9900
     40 13 13 55.313749 13 13 55.322991 9900
     41 13 13 55.323774 13 13 55.333080 9900
     42 13 13 55.333821 13 13 55.343361 9900
     43 13 13 55.343766 13 13 55.353031 9900
     44 13 13 55.353771 13 13 55.363013 9900
     45 13 13 55.363743 13 13 55.372951 9900
     46 13 13 55.373747 13 13 55.382953 9900
     47 13 13 55.383743 13 13 55.392949 9900
     48 13 13 55.393757 13 13 55.402949 9900
     49 13 13 55.403740 13 13 55.412936 9900
     50 13 13 55.413744 13 13 55.430039 9900
     51 13 13 55.423816 13 13 55.437215 9900
     52 13 13 55.433719 13 13 55.445503 9900
     53 13 13 55.443744 13 13 55.453927 9900
     54 13 13 55.453746 13 13 55.463107 9900
     55 13 13 55.463726 13 13 55.472917 9900
     56 13 13 55.473781 13 13 55.482953 9900
     57 13 13 55.483792 13 13 55.494118 9900
     58 13 13 55.493752 13 13 55.502949 9900
     59 13 13 55.503745 13 13 55.514124 9900
     60 13 13 55.513747 13 13 55.522947 9900
     61 13 13 55.523747 13 13 55.532983 9900
     62 13 13 55.533746 13 13 55.542988 9900
     63 13 13 55.543742 13 13 55.552951 9900
     64 13 13 55.553744 13 13 55.562958 9900
     65 13 13 55.563740 13 13 55.573123 9900
     66 13 13 55.573746 13 13 55.582949 9900
     67 13 13 55.583733 13 13 55.592965 9900
     68 13 13 55.593820 13 13 55.602997 9900
     69 13 13 55.603743 13 13 55.612957 9900
     70 13 13 55.613745 13 13 55.622934 9900
     71 13 13 55.623742 13 13 55.632966 9900
     72 13 13 55.633744 13 13 55.642944 9900
     73 13 13 55.643740 13 13 55.653050 9900
     74 13 13 55.653731 13 13 55.662917 9900
     75 13 13 55.663893 13 13 55.673108 9900
     76 13 13 55.673765 13 13 55.683016 9900
     77 13 13 55.683742 13 13 55.692946 9900
     78 13 13 55.693744 13 13 55.702950 9900
     79 13 13 55.703752 13 13 55.712958 9900
     80 13 13 55.713745 13 13 55.722935 9900
     81 13 13 55.723742 13 13 55.732998 9900
     82 13 13 55.733761 13 13 55.742959 9900
     83 13 13 55.743743 13 13 55.752961 9900
     84 13 13 55.753748 13 13 55.764578 9900
     85 13 13 55.763745 13 13 55.772965 9900
     86 13 13 55.773750 13 13 55.782960 9900
     87 13 13 55.783743 13 13 55.792951 9900
     88 13 13 55.793745 13 13 55.802979 9900
     89 13 13 55.803744 13 13 55.813009 9900
     90 13 13 55.813746 13 13 55.822943 9900
     91 13 13 55.823743 13 13 55.833019 9900
     92 13 13 55.833745 13 13 55.842931 9900
     93 13 13 55.843743 13 13 55.852975 9900
     94 13 13 55.853751 13 13 55.863058 9900
     95 13 13 55.863748 13 13 55.874087 9900
     96 13 13 55.873764 13 13 55.882967 9900
     97 13 13 55.883744 13 13 55.892946 9900
     98 13 13 55.893745 13 13 55.902948 9900
     99 13 13 55.903742 13 13 55.912936 9900
    100 13 13 55.913744 13 13 55.928941 9900
    101 13 13 55.923738 13 13 55.937179 9900
    102 13 13 55.933701 13 13 55.945518 9900
    103 13 13 55.943744 13 13 55.953933 9900
    104 13 13 55.953746 13 13 55.962941 9900
    105 13 13 55.963740 13 13 55.972957 9900
    106 13 13 55.973744 13 13 55.982928 9900
    107 13 13 55.983741 13 13 55.992967 9900
    108 13 13 55.993743 13 13 56.002924 9900
    109 13 13 56.003742 13 13 56.013001 9900
    110 13 13 56.013745 13 13 56.023049 9900
    111 13 13 56.023744 13 13 56.032922 9900
    112 13 13 56.033771 13 13 56.042963 9900
    113 13 13 56.043740 13 13 56.052889 9900
    114 13 13 56.053756 13 13 56.063029 9900
    115 13 13 56.063749 13 13 56.072969 9900
    116 13 13 56.073731 13 13 56.082889 9900
    117 13 13 56.083756 13 13 56.093074 9900
    118 13 13 56.093747 13 13 56.103042 9900
    119 13 13 56.103745 13 13 56.112946 9900
    120 13 13 56.113745 13 13 56.122957 9900
    121 13 13 56.123727 13 13 56.132877 9900
    122 13 13 56.133752 13 13 56.143000 9900
    123 13 13 56.143732 13 13 56.152932 9900
    124 13 13 56.153773 13 13 56.162965 9900
    125 13 13 56.163755 13 13 56.173011 9900
    126 13 13 56.173744 13 13 56.182932 9900
    127 13 13 56.183740 13 13 56.194594 9900
    128 13 13 56.193756 13 13 56.202956 9900
    129 13 13 56.203743 13 13 56.212940 9900
    130 13 13 56.213743 13 13 56.224074 9900
    131 13 13 56.223740 13 13 56.232948 9900
    132 13 13 56.233744 13 13 56.242975 9900
    133 13 13 56.243743 13 13 56.252940 9900
    134 13 13 56.253760 13 13 56.268712 9900
    135 13 13 56.268551 13 13 56.279732 9900
    136 13 13 56.273733 13 13 56.287742 9900
    137 13 13 56.283721 13 13 56.296056 9900
    138 13 13 56.293747 13 13 56.304403 9900
    139 13 13 56.303744 13 13 56.312983 9900
    140 13 13 56.313746 13 13 56.323030 9900
    141 13 13 56.323773 13 13 56.333050 9900
    142 13 13 56.333773 13 13 56.343024 9900
    143 13 13 56.343769 13 13 56.353099 9900
    144 13 13 56.353859 13 13 56.363107 9900
    145 13 13 56.363746 13 13 56.373001 9900
    146 13 13 56.373747 13 13 56.383001 9900
    147 13 13 56.383747 13 13 56.392983 9900
    148 13 13 56.393746 13 13 56.402999 9900
    149 13 13 56.403747 13 13 56.413071 9900
    150 13 13 56.413702 13 13 56.428918 9900
    151 13 13 56.423763 13 13 56.437134 9900
    152 13 13 56.433748 13 13 56.445461 9900
    153 13 13 56.443744 13 13 56.453857 9900
    154 13 13 56.453798 13 13 56.463028 9900
    155 13 13 56.463754 13 13 56.472957 9900
    156 13 13 56.473744 13 13 56.482931 9900
    157 13 13 56.483755 13 13 56.493012 9900
    158 13 13 56.493754 13 13 56.502946 9900
    159 13 13 56.503743 13 13 56.512965 9900
    160 13 13 56.513756 13 13 56.522964 9900
    161 13 13 56.523752 13 13 56.532947 9900
    162 13 13 56.533743 13 13 56.542968 9900
    163 13 13 56.543742 13 13 56.552931 9900
    164 13 13 56.553790 13 13 56.563107 9900
    165 13 13 56.563766 13 13 56.573087 9900
    166 13 13 56.573757 13 13 56.583196 9900
    167 13 13 56.583795 13 13 56.593054 9900
    168 13 13 56.593769 13 13 56.603098 9900
    169 13 13 56.603749 13 13 56.613078 9900
    170 13 13 56.613759 13 13 56.623018 9900
    171 13 13 56.623744 13 13 56.633097 9900
    172 13 13 56.633766 13 13 56.642958 9900
    173 13 13 56.643740 13 13 56.653008 9900
    174 13 13 56.653745 13 13 56.663004 9900
    175 13 13 56.663742 13 13 56.673014 9900
    176 13 13 56.673746 13 13 56.682983 9900
    177 13 13 56.683740 13 13 56.692948 9900
    178 13 13 56.693728 13 13 56.702981 9900
    179 13 13 56.703741 13 13 56.712941 9900
    180 13 13 56.713743 13 13 56.722983 9900
    181 13 13 56.723742 13 13 56.732967 9900
    182 13 13 56.733744 13 13 56.742927 9900
    183 13 13 56.743741 13 13 56.753039 9900
    184 13 13 56.753737 13 13 56.763049 9900
    185 13 13 56.763750 13 13 56.772981 9900
    186 13 13 56.774335 13 13 56.783554 9900
    187 13 13 56.783748 13 13 56.792969 9900
    188 13 13 56.793747 13 13 56.802930 9900
    189 13 13 56.803742 13 13 56.813011 9900
    190 13 13 56.813746 13 13 56.822932 9900
    191 13 13 56.823743 13 13 56.832985 9900
    192 13 13 56.833744 13 13 56.842927 9900
    193 13 13 56.843741 13 13 56.852983 9900
    194 13 13 56.853745 13 13 56.862927 9900
    195 13 13 56.863742 13 13 56.873103 9900
    196 13 13 56.873769 13 13 56.883037 9900
    197 13 13 56.883772 13 13 56.893082 9900
    198 13 13 56.893748 13 13 56.902937 9900
    199 13 13 56.903742 13 13 56.912939 9900
    200 13 13 56.913744 13 13 56.928910 9900
    201 13 13 56.923760 13 13 56.937179 9900
    202 13 13 56.933717 13 13 56.945520 9900
    203 13 13 56.943744 13 13 56.953930 9900
    204 13 13 56.953746 13 13 56.962949 9900
    205 13 13 56.963740 13 13 56.972940 9900
    206 13 13 56.973742 13 13 56.982973 9900
    207 13 13 56.983747 13 13 56.992953 9900
    208 13 13 56.993746 13 13 57.003872 9900
    209 13 13 57.003703 13 13 57.012998 9900
    210 13 13 57.013745 13 13 57.022930 9900
    211 13 13 57.023741 13 13 57.032930 9900
    212 13 13 57.033715 13 13 57.042853 9900
    213 13 13 57.043740 13 13 57.053021 9900
    214 13 13 57.053744 13 13 57.062919 9900
    215 13 13 57.063743 13 13 57.073847 9900
    216 13 13 57.073715 13 13 57.083796 9900
    217 13 13 57.083688 13 13 57.092990 9900
    218 13 13 57.093746 13 13 57.103147 9900
    219 13 13 57.103743 13 13 57.112943 9900
    220 13 13 57.113743 13 13 57.122957 9900
    221 13 13 57.123742 13 13 57.132927 9900
    222 13 13 57.133744 13 13 57.142943 9900
    223 13 13 57.143742 13 13 57.152979 9900
    224 13 13 57.153745 13 13 57.162931 9900
    225 13 13 57.163739 13 13 57.172960 9900
    226 13 13 57.173744 13 13 57.182927 9900
    227 13 13 57.183743 13 13 57.192954 9900
    228 13 13 57.193742 13 13 57.202924 9900
    229 13 13 57.203738 13 13 57.212952 9900
    230 13 13 57.213743 13 13 57.222924 9900
    231 13 13 57.223740 13 13 57.232947 9900
    232 13 13 57.233747 13 13 57.242969 9900
    233 13 13 57.243743 13 13 57.255569 9900
    234 13 13 57.255335 13 13 57.264558 9900
    235 13 13 57.263750 13 13 57.273068 9900
    236 13 13 57.273746 13 13 57.283034 9900
    237 13 13 57.283746 13 13 57.292971 9900
    238 13 13 57.293745 13 13 57.302931 9900
    239 13 13 57.303741 13 13 57.312955 9900
    240 13 13 57.313743 13 13 57.322960 9900
    241 13 13 57.323745 13 13 57.332971 9900
    242 13 13 57.333741 13 13 57.343017 9900
    243 13 13 57.343769 13 13 57.353051 9900
    244 13 13 57.353768 13 13 57.363042 9900
    245 13 13 57.363787 13 13 57.373055 9900
    246 13 13 57.373761 13 13 57.382973 9900
    247 13 13 57.383833 13 13 57.393210 9900
    248 13 13 57.393748 13 13 57.402937 9900
    249 13 13 57.403742 13 13 57.413037 9900
    250 13 13 57.413747 13 13 57.428936 9900
    251 13 13 57.423738 13 13 57.437187 9900
    252 13 13 57.433748 13 13 57.445506 9900
    253 13 13 57.443744 13 13 57.453946 9900
    254 13 13 57.453746 13 13 57.462980 9900
    255 13 13 57.463729 13 13 57.472993 9900
    256 13 13 57.473731 13 13 57.483004 9900
    257 13 13 57.483728 13 13 57.493001 9900
    258 13 13 57.493727 13 13 57.502909 9900
    259 13 13 57.503731 13 13 57.512959 9900
    260 13 13 57.513745 13 13 57.522941 9900
    261 13 13 57.523741 13 13 57.532955 9900
    262 13 13 57.533732 13 13 57.542923 9900
    263 13 13 57.543768 13 13 57.552962 9900
    264 13 13 57.553744 13 13 57.562922 9900
    265 13 13 57.563772 13 13 57.572989 9900
    266 13 13 57.573745 13 13 57.582965 9900
    267 13 13 57.583829 13 13 57.593024 9900
    268 13 13 57.593744 13 13 57.602933 9900
    269 13 13 57.603740 13 13 57.612983 9900
    270 13 13 57.613731 13 13 57.622911 9900
    271 13 13 57.623722 13 13 57.632975 9900
    272 13 13 57.633696 13 13 57.642898 9900
    273 13 13 57.643746 13 13 57.652999 9900
    274 13 13 57.653745 13 13 57.662936 9900
    275 13 13 57.663729 13 13 57.672921 9900
    276 13 13 57.673754 13 13 57.682929 9900
    277 13 13 57.683726 13 13 57.692929 9900
    278 13 13 57.693738 13 13 57.702936 9900
    279 13 13 57.703769 13 13 57.713073 9900
    280 13 13 57.713745 13 13 57.722946 9900
    281 13 13 57.723742 13 13 57.732962 9900
    282 13 13 57.733747 13 13 57.742944 9900
    283 13 13 57.743741 13 13 57.752960 9900
    284 13 13 57.753745 13 13 57.764099 9900
    285 13 13 57.763745 13 13 57.772951 9900
    286 13 13 57.773757 13 13 57.783670 9900
    287 13 13 57.783845 13 13 57.793121 9900
    288 13 13 57.793762 13 13 57.802996 9900
    289 13 13 57.803755 13 13 57.813000 9900
    290 13 13 57.813746 13 13 57.823039 9900
    291 13 13 57.823768 13 13 57.833244 9900
    292 13 13 57.833770 13 13 57.843176 9900
    293 13 13 57.843766 13 13 57.853042 9900
    294 13 13 57.853748 13 13 57.862932 9900
    295 13 13 57.863742 13 13 57.873043 9900
    296 13 13 57.873691 13 13 57.883046 9900
    297 13 13 57.883769 13 13 57.893090 9900
    298 13 13 57.893746 13 13 57.902970 9900
    299 13 13 57.903753 13 13 57.913060 9900
    300 13 13 57.913746 13 13 57.929834 9900
    301 13 13 57.923738 13 13 57.937185 9900
    302 13 13 57.933722 13 13 57.945515 9900
    303 13 13 57.943745 13 13 57.953932 9900
    304 13 13 57.953746 13 13 57.962952 9900
    305 13 13 57.963734 13 13 57.973112 9900
    306 13 13 57.973748 13 13 57.982917 9900
    307 13 13 57.983702 13 13 57.992877 9900
    308 13 13 57.993757 13 13 58.002929 9900
    309 13 13 58.003726 13 13 58.012920 9900
    310 13 13 58.013751 13 13 58.022924 9900
    311 13 13 58.023744 13 13 58.032929 9900
    312 13 13 58.033777 13 13 58.042928 9900
    313 13 13 58.043726 13 13 58.052903 9900
    314 13 13 58.053736 13 13 58.062986 9900
    315 13 13 58.063741 13 13 58.072937 9900
    316 13 13 58.073686 13 13 58.082864 9900
    317 13 13 58.083739 13 13 58.093057 9900
    318 13 13 58.093746 13 13 58.102941 9900
    319 13 13 58.103740 13 13 58.113947 9900
    320 13 13 58.113742 13 13 58.122915 9900
    321 13 13 58.123736 13 13 58.132900 9900
    322 13 13 58.133736 13 13 58.142949 9900
    323 13 13 58.143732 13 13 58.152890 9900
    324 13 13 58.153739 13 13 58.163868 9900
    325 13 13 58.163735 13 13 58.172915 9900
    326 13 13 58.173777 13 13 58.182940 9900
    327 13 13 58.183773 13 13 58.192939 9900
    328 13 13 58.193738 13 13 58.202899 9900
    329 13 13 58.203744 13 13 58.212927 9900
    330 13 13 58.213755 13 13 58.222926 9900
    331 13 13 58.223726 13 13 58.232889 9900
    332 13 13 58.233759 13 13 58.243020 9900
    333 13 13 58.243761 13 13 58.253005 9900
    334 13 13 58.253746 13 13 58.262998 9900
    335 13 13 58.263747 13 13 58.273344 9900
    336 13 13 58.273919 13 13 58.283338 9900
    337 13 13 58.283746 13 13 58.292962 9900
    338 13 13 58.293810 13 13 58.306553 9900
    339 13 13 58.306181 13 13 58.315432 9900
    340 13 13 58.313751 13 13 58.323821 9900
    341 13 13 58.323760 13 13 58.332973 9900
    342 13 13 58.333744 13 13 58.342955 9900
    343 13 13 58.343744 13 13 58.353014 9900
    344 13 13 58.353746 13 13 58.362991 9900
    345 13 13 58.363742 13 13 58.372956 9900
    346 13 13 58.373758 13 13 58.383043 9900
    347 13 13 58.383744 13 13 58.393894 9900
    348 13 13 58.393723 13 13 58.402991 9900
    349 13 13 58.403742 13 13 58.413817 9900
    350 13 13 58.413705 13 13 58.428901 9900
    351 13 13 58.423775 13 13 58.437218 9900
    352 13 13 58.433759 13 13 58.445630 9900
    353 13 13 58.443742 13 13 58.453910 9900
    354 13 13 58.453843 13 13 58.463110 9900
    355 13 13 58.463743 13 13 58.472943 9900
    356 13 13 58.473744 13 13 58.483049 9900
    357 13 13 58.483744 13 13 58.492949 9900
    358 13 13 58.493743 13 13 58.502943 9900
    359 13 13 58.503743 13 13 58.512982 9900
    360 13 13 58.513744 13 13 58.522939 9900
    361 13 13 58.523743 13 13 58.534024 9900
    362 13 13 58.533729 13 13 58.542924 9900
    363 13 13 58.543762 13 13 58.552970 9900
    364 13 13 58.553745 13 13 58.562927 9900
    365 13 13 58.563738 13 13 58.573023 9900
    366 13 13 58.573745 13 13 58.582948 9900
    367 13 13 58.583742 13 13 58.592975 9900
    368 13 13 58.593744 13 13 58.602935 9900
    369 13 13 58.603741 13 13 58.612951 9900
    370 13 13 58.613743 13 13 58.622937 9900
    371 13 13 58.623742 13 13 58.632944 9900
    372 13 13 58.633744 13 13 58.642949 9900
    373 13 13 58.643740 13 13 58.652940 9900
    374 13 13 58.653779 13 13 58.662987 9900
    375 13 13 58.663742 13 13 58.672927 9900
    376 13 13 58.673743 13 13 58.682935 9900
    377 13 13 58.683740 13 13 58.692965 9900
    378 13 13 58.693731 13 13 58.702877 9900
    379 13 13 58.703766 13 13 58.712955 9900
    380 13 13 58.713743 13 13 58.722921 9900
    381 13 13 58.723753 13 13 58.732922 9900
    382 13 13 58.733753 13 13 58.743053 9900
    383 13 13 58.743743 13 13 58.752943 9900
    384 13 13 58.753745 13 13 58.763072 9900
    385 13 13 58.763728 13 13 58.773389 9900
    386 13 13 58.773738 13 13 58.782958 9900
    387 13 13 58.783729 13 13 58.792920 9900
    388 13 13 58.793796 13 13 58.803077 9900
    389 13 13 58.803745 13 13 58.815263 9900
    390 13 13 58.813743 13 13 58.823582 9900
    391 13 13 58.823748 13 13 58.832979 9900
    392 13 13 58.833758 13 13 58.843012 9900
    393 13 13 58.843747 13 13 58.852972 9900
    394 13 13 58.853746 13 13 58.862932 9900
    395 13 13 58.863740 13 13 58.872959 9900
    396 13 13 58.873745 13 13 58.882941 9900
    397 13 13 58.883741 13 13 58.893053 9900
    398 13 13 58.893746 13 13 58.902939 9900
    399 13 13 58.903742 13 13 58.912956 9900
    400 13 13 58.913800 13 13 58.929855 9900
    401 13 13 58.923749 13 13 58.937339 9900
    402 13 13 58.933748 13 13 58.945610 9900
    403 13 13 58.943744 13 13 58.953921 9900
    404 13 13 58.953752 13 13 58.962949 9900
    405 13 13 58.963729 13 13 58.972979 9900
    406 13 13 58.973745 13 13 58.982939 9900
    407 13 13 58.983747 13 13 58.992961 9900
    408 13 13 58.993702 13 13 59.002884 9900
    409 13 13 59.003787 13 13 59.014358 9900
    410 13 13 59.013744 13 13 59.022936 9900
    411 13 13 59.023741 13 13 59.032949 9900
    412 13 13 59.033743 13 13 59.042934 9900
    413 13 13 59.043742 13 13 59.052926 9900
    414 13 13 59.053744 13 13 59.062950 9900
    415 13 13 59.063743 13 13 59.072946 9900
    416 13 13 59.073743 13 13 59.083047 9900
    417 13 13 59.083745 13 13 59.092959 9900
    418 13 13 59.093747 13 13 59.103434 9900
    419 13 13 59.103766 13 13 59.113190 9900
    420 13 13 59.113773 13 13 59.123109 9900
    421 13 13 59.123764 13 13 59.133017 9900
    422 13 13 59.133746 13 13 59.142927 9900
    423 13 13 59.143731 13 13 59.152940 9900
    424 13 13 59.153756 13 13 59.162964 9900
    425 13 13 59.163741 13 13 59.172941 9900
    426 13 13 59.173746 13 13 59.183014 9900
    427 13 13 59.183760 13 13 59.192919 9900
    428 13 13 59.193748 13 13 59.202936 9900
    429 13 13 59.203786 13 13 59.212983 9900
    430 13 13 59.213746 13 13 59.222934 9900
    431 13 13 59.223742 13 13 59.233018 9900
    432 13 13 59.233758 13 13 59.242955 9900
    433 13 13 59.243752 13 13 59.252952 9900
    434 13 13 59.253765 13 13 59.262994 9900
    435 13 13 59.263756 13 13 59.273066 9900
    436 13 13 59.273744 13 13 59.282966 9900
    437 13 13 59.283783 13 13 59.293042 9900
    438 13 13 59.293796 13 13 59.312300 9900
    439 13 13 59.303829 13 13 59.316944 9900
    440 13 13 59.313747 13 13 59.324266 9900
    441 13 13 59.323946 13 13 59.333238 9900
    442 13 13 59.333775 13 13 59.343034 9900
    443 13 13 59.343747 13 13 59.352992 9900
    444 13 13 59.353749 13 13 59.363942 9900
    445 13 13 59.363771 13 13 59.373021 9900
    446 13 13 59.373747 13 13 59.383169 9900
    447 13 13 59.383836 13 13 59.393124 9900
    448 13 13 59.393759 13 13 59.403300 9900
    449 13 13 59.403745 13 13 59.413071 9900
    450 13 13 59.413747 13 13 59.428952 9900
    451 13 13 59.423760 13 13 59.437193 9900
    452 13 13 59.433705 13 13 59.445511 9900
    453 13 13 59.443744 13 13 59.453935 9900
    454 13 13 59.453746 13 13 59.462952 9900
    455 13 13 59.463743 13 13 59.472934 9900
    456 13 13 59.473747 13 13 59.483038 9900
    457 13 13 59.483745 13 13 59.492935 9900
    458 13 13 59.493744 13 13 59.502968 9900
    459 13 13 59.503709 13 13 59.521003 9900
    460 13 13 59.514735 13 13 59.529044 9900
    461 13 13 59.523746 13 13 59.537478 9900
    462 13 13 59.533735 13 13 59.545603 9900
    463 13 13 59.543742 13 13 59.553955 9900
    464 13 13 59.553755 13 13 59.563057 9900
    465 13 13 59.563743 13 13 59.572985 9900
    466 13 13 59.573745 13 13 59.582996 9900
    467 13 13 59.583745 13 13 59.593035 9900
    468 13 13 59.593747 13 13 59.602994 9900
    469 13 13 59.603746 13 13 59.613019 9900
    470 13 13 59.613774 13 13 59.623032 9900
    471 13 13 59.623742 13 13 59.633006 9900
    472 13 13 59.633752 13 13 59.643048 9900
    473 13 13 59.643745 13 13 59.653046 9900
    474 13 13 59.653745 13 13 59.662933 9900
    475 13 13 59.663742 13 13 59.673025 9900
    476 13 13 59.673738 13 13 59.682932 9900
    477 13 13 59.683742 13 13 59.692953 9900
    478 13 13 59.693744 13 13 59.702939 9900
    479 13 13 59.703747 13 13 59.713028 9900
    480 13 13 59.713746 13 13 59.722935 9900
    481 13 13 59.723742 13 13 59.732959 9900
    482 13 13 59.733744 13 13 59.742919 9900
    483 13 13 59.743743 13 13 59.752969 9900
    484 13 13 59.753745 13 13 59.762959 9900
    485 13 13 59.763739 13 13 59.772939 9900
    486 13 13 59.773746 13 13 59.783003 9900
    487 13 13 59.783748 13 13 59.792960 9900
    488 13 13 59.793745 13 13 59.802928 9900
    489 13 13 59.803742 13 13 59.812997 9900
    490 13 13 59.813746 13 13 59.822932 9900
    491 13 13 59.823742 13 13 59.833004 9900
    492 13 13 59.833747 13 13 59.842941 9900
    493 13 13 59.843744 13 13 59.853003 9900
    494 13 13 59.853748 13 13 59.862991 9900
    495 13 13 59.863767 13 13 59.873058 9900
    496 13 13 59.873770 13 13 59.883074 9900
    497 13 13 59.884216 13 13 59.893481 9900
    498 13 13 59.893751 13 13 59.902954 9900
    499 13 13 59.903742 13 13 59.912931 9900
    500 13 13 59.913744 13 13 59.929816 9900
    501 13 13 59.923740 13 13 59.937192 9900
    502 13 13 59.933731 13 13 59.945520 9900
    503 13 13 59.943745 13 13 59.953842 9900
    504 13 13 59.953685 13 13 59.962867 9900
    505 13 13 59.963738 13 13 59.972999 9900
    506 13 13 59.973745 13 13 59.982936 9900
    507 13 13 59.983744 13 13 59.993952 9900
    508 13 13 59.993782 13 14 0.002969 9900
    509 13 14 0.003728 13 14 0.012865 9900
    510 13 14 0.013822 13 14 0.022985 9900
    511 13 14 0.023733 13 14 0.032911 9900
    512 13 14 0.033723 13 14 0.042912 9900
    513 13 14 0.043733 13 14 0.053039 9900
    514 13 14 0.053726 13 14 0.062899 9900
    515 13 14 0.063730 13 14 0.072988 9900
    516 13 14 0.073746 13 14 0.082920 9900
    517 13 14 0.083742 13 14 0.092947 9900
    518 13 14 0.093745 13 14 0.103019 9900
    519 13 14 0.103747 13 14 0.112935 9900
    520 13 14 0.113803 13 14 0.122996 9900
    521 13 14 0.123744 13 14 0.132958 9900
    522 13 14 0.133744 13 14 0.142934 9900
    523 13 14 0.143743 13 14 0.152951 9900
    524 13 14 0.153750 13 14 0.163952 9900
    525 13 14 0.163763 13 14 0.172978 9900
    526 13 14 0.173745 13 14 0.183044 9900
    527 13 14 0.183762 13 14 0.192975 9900
    528 13 14 0.193746 13 14 0.202928 9900
    529 13 14 0.203743 13 14 0.212951 9900
    530 13 14 0.213745 13 14 0.222928 9900
    531 13 14 0.223744 13 14 0.232929 9900
    532 13 14 0.233744 13 14 0.242957 9900
    533 13 14 0.243745 13 14 0.252948 9900
    534 13 14 0.253746 13 14 0.262979 9900
    535 13 14 0.263752 13 14 0.273154 9900
    536 13 14 0.273749 13 14 0.282952 9900
    537 13 14 0.283766 13 14 0.293061 9900
    538 13 14 0.293749 13 14 0.303083 9900
    539 13 14 0.303864 13 14 0.314009 9900
    540 13 14 0.313831 13 14 0.323031 9900
    541 13 14 0.323744 13 14 0.332960 9900
    542 13 14 0.333749 13 14 0.342957 9900
    543 13 14 0.343787 13 14 0.354173 9900
    544 13 14 0.353704 13 14 0.362972 9900
    545 13 14 0.363770 13 14 0.373100 9900
    546 13 14 0.373851 13 14 0.383208 9900
    547 13 14 0.383705 13 14 0.392968 9900
    548 13 14 0.393747 13 14 0.402943 9900
    549 13 14 0.403743 13 14 0.413012 9900
    550 13 14 0.413746 13 14 0.428990 9900
    551 13 14 0.423746 13 14 0.439198 9900
    552 13 14 0.433912 13 14 0.446235 9900
    553 13 14 0.443735 13 14 0.454555 9900
    554 13 14 0.453747 13 14 0.462944 9900
    555 13 14 0.463745 13 14 0.474024 9900
    556 13 14 0.473733 13 14 0.488407 9900
    557 13 14 0.486176 13 14 0.497519 9900
    558 13 14 0.493976 13 14 0.511447 9900
    559 13 14 0.506932 13 14 0.519933 9900
    560 13 14 0.513733 13 14 0.528076 9900
    561 13 14 0.523742 13 14 0.536396 9900
    562 13 14 0.533784 13 14 0.544716 9900
    563 13 14 0.543747 13 14 0.553048 9900
    564 13 14 0.553745 13 14 0.562935 9900
    565 13 14 0.563741 13 14 0.572978 9900
    566 13 14 0.573746 13 14 0.582934 9900
    567 13 14 0.583748 13 14 0.592954 9900
    568 13 14 0.593745 13 14 0.603008 9900
    569 13 14 0.603746 13 14 0.612971 9900
    570 13 14 0.613748 13 14 0.622946 9900
    571 13 14 0.623743 13 14 0.632985 9900
    572 13 14 0.633745 13 14 0.642931 9900
    573 13 14 0.643739 13 14 0.653002 9900
    574 13 14 0.653730 13 14 0.662866 9900
    575 13 14 0.663733 13 14 0.673025 9900
    576 13 14 0.673686 13 14 0.682837 9900
    577 13 14 0.683715 13 14 0.693027 9900
    578 13 14 0.693733 13 14 0.702886 9900
    579 13 14 0.703715 13 14 0.712932 9900
    580 13 14 0.713731 13 14 0.722935 9900
    581 13 14 0.723743 13 14 0.732953 9900
    582 13 14 0.733755 13 14 0.742929 9900
    583 13 14 0.743778 13 14 0.753167 9900
    584 13 14 0.753750 13 14 0.762937 9900
    585 13 14 0.763741 13 14 0.772970 9900
    586 13 14 0.773746 13 14 0.783061 9900
    587 13 14 0.783750 13 14 0.792965 9900
    588 13 14 0.793745 13 14 0.802931 9900
    589 13 14 0.803744 13 14 0.813860 9900
    590 13 14 0.813683 13 14 0.823017 9900
    591 13 14 0.823765 13 14 0.833107 9900
    592 13 14 0.833774 13 14 0.843066 9900
    593 13 14 0.843766 13 14 0.853029 9900
    594 13 14 0.853800 13 14 0.869562 9900
    595 13 14 0.863736 13 14 0.876454 9900
    596 13 14 0.873736 13 14 0.888073 9900
    597 13 14 0.884666 13 14 0.896386 9900
    598 13 14 0.893769 13 14 0.904707 9900
    599 13 14 0.903749 13 14 0.913039 9900
    600 13 14 0.913747 13 14 0.928963 9900
    601 13 14 0.923740 13 14 0.937260 9900
    602 13 14 0.933716 13 14 0.945532 9900
    603 13 14 0.943769 13 14 0.953894 9900
    604 13 14 0.953829 13 14 0.963043 9900
    605 13 14 0.963748 13 14 0.972958 9900
    606 13 14 0.973748 13 14 0.982940 9900
    607 13 14 0.983840 13 14 0.993195 9900
    608 13 14 0.993749 13 14 1.002947 9900
    609 13 14 1.003743 13 14 1.012955 9900
    610 13 14 1.013743 13 14 1.022933 9900
    611 13 14 1.023741 13 14 1.032985 9900
    612 13 14 1.033746 13 14 1.042940 9900
    613 13 14 1.043741 13 14 1.054073 9900
    614 13 14 1.053747 13 14 1.062931 9900
    615 13 14 1.063744 13 14 1.073997 9900
    616 13 14 1.073884 13 14 1.083089 9900
    617 13 14 1.083747 13 14 1.093032 9900
    618 13 14 1.093769 13 14 1.103013 9900
    619 13 14 1.103746 13 14 1.112992 9900
    620 13 14 1.113769 13 14 1.122981 9900
    621 13 14 1.123744 13 14 1.132943 9900
    622 13 14 1.133750 13 14 1.144050 9900
    623 13 14 1.143748 13 14 1.152948 9900
    624 13 14 1.153745 13 14 1.163896 9900
    625 13 14 1.163726 13 14 1.173030 9900
    626 13 14 1.173763 13 14 1.182944 9900
    627 13 14 1.183753 13 14 1.192963 9900
    628 13 14 1.193743 13 14 1.202903 9900
    629 13 14 1.203786 13 14 1.212998 9900
    630 13 14 1.213759 13 14 1.222963 9900
    631 13 14 1.223762 13 14 1.232952 9900
    632 13 14 1.233743 13 14 1.242971 9900
    633 13 14 1.243743 13 14 1.252955 9900
    634 13 14 1.253743 13 14 1.264079 9900
    635 13 14 1.263819 13 14 1.273054 9900
    636 13 14 1.273763 13 14 1.282975 9900
    637 13 14 1.283758 13 14 1.293003 9900
    638 13 14 1.293746 13 14 1.302982 9900
    639 13 14 1.303787 13 14 1.313013 9900
    640 13 14 1.313746 13 14 1.322967 9900
    641 13 14 1.323763 13 14 1.333060 9900
    642 13 14 1.333769 13 14 1.343011 9900
    643 13 14 1.343788 13 14 1.353018 9900
    644 13 14 1.353750 13 14 1.362953 9900
    645 13 14 1.363825 13 14 1.374803 9900
    646 13 14 1.373761 13 14 1.383026 9900
    647 13 14 1.383750 13 14 1.393008 9900
    648 13 14 1.393758 13 14 1.404015 9900
    649 13 14 1.403748 13 14 1.412997 9900
    650 13 14 1.413745 13 14 1.430177 9900
    651 13 14 1.423748 13 14 1.437183 9900
    652 13 14 1.433701 13 14 1.445498 9900
    653 13 14 1.443745 13 14 1.453882 9900
    654 13 14 1.453821 13 14 1.463090 9900
    655 13 14 1.463743 13 14 1.472944 9900
    656 13 14 1.473743 13 14 1.482939 9900
    657 13 14 1.483741 13 14 1.492958 9900
    658 13 14 1.493743 13 14 1.502939 9900
    659 13 14 1.503743 13 14 1.512977 9900
    660 13 14 1.513744 13 14 1.522939 9900
    661 13 14 1.523741 13 14 1.532906 9900
    662 13 14 1.533770 13 14 1.543061 9900
    663 13 14 1.543744 13 14 1.552941 9900
    664 13 14 1.553742 13 14 1.562930 9900
    665 13 14 1.563739 13 14 1.572953 9900
    666 13 14 1.573744 13 14 1.591733 9900
    667 13 14 1.583730 13 14 1.602204 9900
    668 13 14 1.598866 13 14 1.610701 9900
    669 13 14 1.603797 13 14 1.618828 9900
    670 13 14 1.613732 13 14 1.627348 9900
    671 13 14 1.623702 13 14 1.635489 9900
    672 13 14 1.633744 13 14 1.643896 9900
    673 13 14 1.643746 13 14 1.652959 9900
    674 13 14 1.653745 13 14 1.662933 9900
    675 13 14 1.663745 13 14 1.672958 9900
    676 13 14 1.673746 13 14 1.683004 9900
    677 13 14 1.683746 13 14 1.692934 9900
    678 13 14 1.693750 13 14 1.703009 9900
    679 13 14 1.703729 13 14 1.712895 9900
    680 13 14 1.713728 13 14 1.722969 9900
    681 13 14 1.723729 13 14 1.732896 9900
    682 13 14 1.733732 13 14 1.742976 9900
    683 13 14 1.743741 13 14 1.752953 9900
    684 13 14 1.753744 13 14 1.762935 9900
    685 13 14 1.763739 13 14 1.772946 9900
    686 13 14 1.773744 13 14 1.782940 9900
    687 13 14 1.783742 13 14 1.792962 9900
    688 13 14 1.793744 13 14 1.802934 9900
    689 13 14 1.803742 13 14 1.813819 9900
    690 13 14 1.813753 13 14 1.822953 9900
    691 13 14 1.823742 13 14 1.832937 9900
    692 13 14 1.833744 13 14 1.843815 9900
    693 13 14 1.843690 13 14 1.853621 9900
    694 13 14 1.853747 13 14 1.862979 9900
    695 13 14 1.863767 13 14 1.873076 9900
    696 13 14 1.873772 13 14 1.883118 9900
    697 13 14 1.883751 13 14 1.893159 9900
    698 13 14 1.893752 13 14 1.902957 9900
    699 13 14 1.903744 13 14 1.912949 9900
    700 13 14 1.913745 13 14 1.929902 9900
    701 13 14 1.923740 13 14 1.937259 9900
    702 13 14 1.933718 13 14 1.945508 9900
    703 13 14 1.943746 13 14 1.953933 9900
    704 13 14 1.953746 13 14 1.963090 9900
    705 13 14 1.963744 13 14 1.972953 9900
    706 13 14 1.973744 13 14 1.982930 9900
    707 13 14 1.983741 13 14 1.993163 9900
    708 13 14 1.993745 13 14 2.002936 9900
    709 13 14 2.003741 13 14 2.012950 9900
    710 13 14 2.013743 13 14 2.022937 9900
    711 13 14 2.023743 13 14 2.033961 9900
    712 13 14 2.033743 13 14 2.042928 9900
    713 13 14 2.043740 13 14 2.052916 9900
    714 13 14 2.053735 13 14 2.063098 9900
    715 13 14 2.063747 13 14 2.072944 9900
    716 13 14 2.073761 13 14 2.082946 9900
    717 13 14 2.083765 13 14 2.092969 9900
    718 13 14 2.093745 13 14 2.102910 9900
    719 13 14 2.103739 13 14 2.112935 9900
    720 13 14 2.113764 13 14 2.122971 9900
    721 13 14 2.123745 13 14 2.132925 9900
    722 13 14 2.133764 13 14 2.142951 9900
    723 13 14 2.143731 13 14 2.152954 9900
    724 13 14 2.153757 13 14 2.162913 9900
    725 13 14 2.163739 13 14 2.172937 9900
    726 13 14 2.173764 13 14 2.182986 9900
    727 13 14 2.183753 13 14 2.192978 9900
    728 13 14 2.193738 13 14 2.203014 9900
    729 13 14 2.203730 13 14 2.212914 9900
    730 13 14 2.213778 13 14 2.222987 9900
    731 13 14 2.223732 13 14 2.232927 9900
    732 13 14 2.233728 13 14 2.242939 9900
    733 13 14 2.243771 13 14 2.253029 9900
    734 13 14 2.253757 13 14 2.262945 9900
    735 13 14 2.263760 13 14 2.273115 9900
    736 13 14 2.273754 13 14 2.283040 9900
    737 13 14 2.283770 13 14 2.293003 9900
    738 13 14 2.293756 13 14 2.303013 9900
    739 13 14 2.303735 13 14 2.313063 9900
    740 13 14 2.313737 13 14 2.323106 9900
    741 13 14 2.323744 13 14 2.332946 9900
    742 13 14 2.333746 13 14 2.342985 9900
    743 13 14 2.343745 13 14 2.352940 9900
    744 13 14 2.353743 13 14 2.362931 9900
    745 13 14 2.363742 13 14 2.372970 9900
    746 13 14 2.373743 13 14 2.382944 9900
    747 13 14 2.383756 13 14 2.392987 9900
    748 13 14 2.395875 13 14 2.405599 9900
    749 13 14 2.403744 13 14 2.413927 9900
    750 13 14 2.413756 13 14 2.428926 9900
    751 13 14 2.423745 13 14 2.437196 9900
    752 13 14 2.433740 13 14 2.445532 9900
    753 13 14 2.443744 13 14 2.453895 9900
    754 13 14 2.453746 13 14 2.462946 9900
    755 13 14 2.463741 13 14 2.474171 9900
    756 13 14 2.473742 13 14 2.483279 9900
    757 13 14 2.483744 13 14 2.492964 9900
    758 13 14 2.493743 13 14 2.502927 9900
    759 13 14 2.503741 13 14 2.512999 9900
    760 13 14 2.513744 13 14 2.522930 9900
    761 13 14 2.523741 13 14 2.532964 9900
    762 13 14 2.533745 13 14 2.542927 9900
    763 13 14 2.543740 13 14 2.553040 9900
    764 13 14 2.553748 13 14 2.562949 9900
    765 13 14 2.563730 13 14 2.572960 9900
    766 13 14 2.573732 13 14 2.583065 9900
    767 13 14 2.583733 13 14 2.592963 9900
    768 13 14 2.593750 13 14 2.604239 9900
    769 13 14 2.603724 13 14 2.612988 9900
    770 13 14 2.613734 13 14 2.622958 9900
    771 13 14 2.623752 13 14 2.632902 9900
    772 13 14 2.633735 13 14 2.643854 9900
    773 13 14 2.643683 13 14 2.653934 9900
    774 13 14 2.653745 13 14 2.662958 9900
    775 13 14 2.663745 13 14 2.672938 9900
    776 13 14 2.673744 13 14 2.683049 9900
    777 13 14 2.683746 13 14 2.692931 9900
    778 13 14 2.693734 13 14 2.710716 9900
    779 13 14 2.703771 13 14 2.720463 9900
    780 13 14 2.714986 13 14 2.729003 9900
    781 13 14 2.723777 13 14 2.737158 9900
    782 13 14 2.733746 13 14 2.745537 9900
    783 13 14 2.743741 13 14 2.754348 9900
    784 13 14 2.753753 13 14 2.762947 9900
    785 13 14 2.763742 13 14 2.772962 9900
    786 13 14 2.773744 13 14 2.782935 9900
    787 13 14 2.783742 13 14 2.793473 9900
    788 13 14 2.793747 13 14 2.802947 9900
    789 13 14 2.803742 13 14 2.812965 9900
    790 13 14 2.813746 13 14 2.822934 9900
    791 13 14 2.823742 13 14 2.832975 9900
    792 13 14 2.833746 13 14 2.842938 9900
    793 13 14 2.843741 13 14 2.853063 9900
    794 13 14 2.853746 13 14 2.862931 9900
    795 13 14 2.863742 13 14 2.873898 9900
    796 13 14 2.873720 13 14 2.882966 9900
    797 13 14 2.883745 13 14 2.893035 9900
    798 13 14 2.893746 13 14 2.904338 9900
    799 13 14 2.903747 13 14 2.912955 9900
    800 13 14 2.913745 13 14 2.929870 9900
    801 13 14 2.923740 13 14 2.937193 9900
    802 13 14 2.933717 13 14 2.945507 9900
    803 13 14 2.943744 13 14 2.953930 9900
    804 13 14 2.953746 13 14 2.962982 9900
    805 13 14 2.963740 13 14 2.972944 9900
    806 13 14 2.973746 13 14 2.983019 9900
    807 13 14 2.983747 13 14 2.993006 9900
    808 13 14 2.993746 13 14 3.002930 9900
    809 13 14 3.003741 13 14 3.012960 9900
    810 13 14 3.013745 13 14 3.022927 9900
    811 13 14 3.023741 13 14 3.032998 9900
    812 13 14 3.033811 13 14 3.043979 9900
    813 13 14 3.043746 13 14 3.052961 9900
    814 13 14 3.053745 13 14 3.062926 9900
    815 13 14 3.063741 13 14 3.072973 9900
    816 13 14 3.073744 13 14 3.082974 9900
    817 13 14 3.083746 13 14 3.094648 9900
    818 13 14 3.093712 13 14 3.103044 9900
    819 13 14 3.103746 13 14 3.112964 9900
    820 13 14 3.113789 13 14 3.124092 9900
    821 13 14 3.123734 13 14 3.133011 9900
    822 13 14 3.133764 13 14 3.142958 9900
    823 13 14 3.143742 13 14 3.152937 9900
    824 13 14 3.153744 13 14 3.163914 9900
    825 13 14 3.163743 13 14 3.172978 9900
    826 13 14 3.173776 13 14 3.182976 9900
    827 13 14 3.183742 13 14 3.192947 9900
    828 13 14 3.193795 13 14 3.203028 9900
    829 13 14 3.203742 13 14 3.212931 9900
    830 13 14 3.213773 13 14 3.224073 9900
    831 13 14 3.223746 13 14 3.232953 9900
    832 13 14 3.233743 13 14 3.242979 9900
    833 13 14 3.243742 13 14 3.252944 9900
    834 13 14 3.253747 13 14 3.262955 9900
    835 13 14 3.263742 13 14 3.272981 9900
    836 13 14 3.273747 13 14 3.282985 9900
    837 13 14 3.283817 13 14 3.293072 9900
    838 13 14 3.293775 13 14 3.303017 9900
    839 13 14 3.303768 13 14 3.313060 9900
    840 13 14 3.313772 13 14 3.323049 9900
    841 13 14 3.323767 13 14 3.333066 9900
    842 13 14 3.333772 13 14 3.343049 9900
    843 13 14 3.343764 13 14 3.353076 9900
    844 13 14 3.353746 13 14 3.362946 9900
    845 13 14 3.363742 13 14 3.372935 9900
    846 13 14 3.373743 13 14 3.382969 9900
    847 13 14 3.383742 13 14 3.392933 9900
    848 13 14 3.393748 13 14 3.402984 9900
    849 13 14 3.403742 13 14 3.412957 9900
    850 13 14 3.413734 13 14 3.428876 9900
    851 13 14 3.423743 13 14 3.437189 9900
    852 13 14 3.433727 13 14 3.445501 9900
    853 13 14 3.443738 13 14 3.454021 9900
    854 13 14 3.453739 13 14 3.463010 9900
    855 13 14 3.463744 13 14 3.473044 9900
    856 13 14 3.473746 13 14 3.483004 9900
    857 13 14 3.483741 13 14 3.492953 9900
    858 13 14 3.493743 13 14 3.502952 9900
    859 13 14 3.503778 13 14 3.512989 9900
    860 13 14 3.513744 13 14 3.522931 9900
    861 13 14 3.523741 13 14 3.532959 9900
    862 13 14 3.533742 13 14 3.542931 9900
    863 13 14 3.543740 13 14 3.552960 9900
    864 13 14 3.553744 13 14 3.562942 9900
    865 13 14 3.563741 13 14 3.573024 9900
    866 13 14 3.573744 13 14 3.582945 9900
    867 13 14 3.583743 13 14 3.592957 9900
    868 13 14 3.593745 13 14 3.602933 9900
    869 13 14 3.603743 13 14 3.612998 9900
    870 13 14 3.613770 13 14 3.622974 9900
    871 13 14 3.623745 13 14 3.632953 9900
    872 13 14 3.633744 13 14 3.642932 9900
    873 13 14 3.643742 13 14 3.652947 9900
    874 13 14 3.653744 13 14 3.662961 9900
    875 13 14 3.663743 13 14 3.672930 9900
    876 13 14 3.673960 13 14 3.683158 9900
    877 13 14 3.683749 13 14 3.692950 9900
    878 13 14 3.693746 13 14 3.703908 9900
    879 13 14 3.703745 13 14 3.713058 9900
    880 13 14 3.713747 13 14 3.722920 9900
    881 13 14 3.723736 13 14 3.733851 9900
    882 13 14 3.733709 13 14 3.743782 9900
    883 13 14 3.743739 13 14 3.752943 9900
    884 13 14 3.753746 13 14 3.763913 9900
    885 13 14 3.763742 13 14 3.772946 9900
    886 13 14 3.773744 13 14 3.782963 9900
    887 13 14 3.783744 13 14 3.792971 9900
    888 13 14 3.793747 13 14 3.802982 9900
    889 13 14 3.803742 13 14 3.812930 9900
    890 13 14 3.813781 13 14 3.822963 9900
    891 13 14 3.823742 13 14 3.832949 9900
    892 13 14 3.833746 13 14 3.842940 9900
    893 13 14 3.843741 13 14 3.853000 9900
    894 13 14 3.853746 13 14 3.862931 9900
    895 13 14 3.863741 13 14 3.872960 9900
    896 13 14 3.873745 13 14 3.883029 9900
    897 13 14 3.883743 13 14 3.893028 9900
    898 13 14 3.893743 13 14 3.902927 9900
    899 13 14 3.903742 13 14 3.914563 9900
    900 13 14 3.913752 13 14 3.929221 9900
    901 13 14 3.923745 13 14 3.937235 9900
    902 13 14 3.933751 13 14 3.945520 9900
    903 13 14 3.943744 13 14 3.953850 9900
    904 13 14 3.953698 13 14 3.963004 9900
    905 13 14 3.963750 13 14 3.972967 9900
    906 13 14 3.973745 13 14 3.983044 9900
    907 13 14 3.983746 13 14 3.993012 9900
    908 13 14 3.993749 13 14 4.002943 9900
    909 13 14 4.003741 13 14 4.012953 9900
    910 13 14 4.013742 13 14 4.022922 9900
    911 13 14 4.023754 13 14 4.032990 9900
    912 13 14 4.033746 13 14 4.042932 9900
    913 13 14 4.043741 13 14 4.053906 9900
    914 13 14 4.053738 13 14 4.062954 9900
    915 13 14 4.063742 13 14 4.072948 9900
    916 13 14 4.073744 13 14 4.082976 9900
    917 13 14 4.083752 13 14 4.092995 9900
    918 13 14 4.093755 13 14 4.102973 9900
    919 13 14 4.103956 13 14 4.114220 9900
    920 13 14 4.113730 13 14 4.122920 9900
    921 13 14 4.123742 13 14 4.132992 9900
    922 13 14 4.133729 13 14 4.142896 9900
    923 13 14 4.143779 13 14 4.154893 9900
    924 13 14 4.153756 13 14 4.163210 9900
    925 13 14 4.163743 13 14 4.172958 9900
    926 13 14 4.173744 13 14 4.182925 9900
    927 13 14 4.183788 13 14 4.192993 9900
    928 13 14 4.193745 13 14 4.202941 9900
    929 13 14 4.203745 13 14 4.214154 9900
    930 13 14 4.213734 13 14 4.222925 9900
    931 13 14 4.223728 13 14 4.232937 9900
    932 13 14 4.233746 13 14 4.242956 9900
    933 13 14 4.243743 13 14 4.253002 9900
    934 13 14 4.253745 13 14 4.262942 9900
    935 13 14 4.263742 13 14 4.272962 9900
    936 13 14 4.273746 13 14 4.282931 9900
    937 13 14 4.283743 13 14 4.292957 9900
    938 13 14 4.293743 13 14 4.302926 9900
    939 13 14 4.305196 13 14 4.314658 9900
    940 13 14 4.313747 13 14 4.322979 9900
    941 13 14 4.323743 13 14 4.332965 9900
    942 13 14 4.333747 13 14 4.342978 9900
    943 13 14 4.343741 13 14 4.352953 9900
    944 13 14 4.353772 13 14 4.364131 9900
    945 13 14 4.363766 13 14 4.373134 9900
    946 13 14 4.373770 13 14 4.383051 9900
    947 13 14 4.383771 13 14 4.393048 9900
    948 13 14 4.393786 13 14 4.403088 9900
    949 13 14 4.403745 13 14 4.413161 9900
    950 13 14 4.413744 13 14 4.430134 9900
    951 13 14 4.423746 13 14 4.437255 9900
    952 13 14 4.433809 13 14 4.445509 9900
    953 13 14 4.443749 13 14 4.453960 9900
    954 13 14 4.453751 13 14 4.463030 9900
    955 13 14 4.463744 13 14 4.473004 9900
    956 13 14 4.473746 13 14 4.483013 9900
    957 13 14 4.483730 13 14 4.492901 9900
    958 13 14 4.493997 13 14 4.503266 9900
    959 13 14 4.503745 13 14 4.513069 9900
    960 13 14 4.513747 13 14 4.522935 9900
    961 13 14 4.523742 13 14 4.533043 9900
    962 13 14 4.533732 13 14 4.542925 9900
    963 13 14 4.543743 13 14 4.553096 9900
    964 13 14 4.553734 13 14 4.562894 9900
    965 13 14 4.563749 13 14 4.572947 9900
    966 13 14 4.573745 13 14 4.583057 9900
    967 13 14 4.583747 13 14 4.592952 9900
    968 13 14 4.593752 13 14 4.603041 9900
    969 13 14 4.603746 13 14 4.612944 9900
    970 13 14 4.613744 13 14 4.622929 9900
    971 13 14 4.623742 13 14 4.632976 9900
    972 13 14 4.633745 13 14 4.642932 9900
    973 13 14 4.643742 13 14 4.652943 9900
    974 13 14 4.653743 13 14 4.662933 9900
    975 13 14 4.663742 13 14 4.672944 9900
    976 13 14 4.673743 13 14 4.685579 9900
    977 13 14 4.683774 13 14 4.693889 9900
    978 13 14 4.693727 13 14 4.702868 9900
    979 13 14 4.703786 13 14 4.712980 9900
    980 13 14 4.713743 13 14 4.722885 9900
    981 13 14 4.723781 13 14 4.732972 9900
    982 13 14 4.733729 13 14 4.742886 9900
    983 13 14 4.743755 13 14 4.753021 9900
    984 13 14 4.753992 13 14 4.763325 9900
    985 13 14 4.763744 13 14 4.772961 9900
    986 13 14 4.773744 13 14 4.782925 9900
    987 13 14 4.783750 13 14 4.792975 9900
    988 13 14 4.793750 13 14 4.802935 9900
    989 13 14 4.803755 13 14 4.812978 9900
    990 13 14 4.813746 13 14 4.822930 9900
    991 13 14 4.823743 13 14 4.832957 9900
    992 13 14 4.833745 13 14 4.842927 9900
    993 13 14 4.843747 13 14 4.852968 9900
    994 13 14 4.853745 13 14 4.862930 9900
    995 13 14 4.863742 13 14 4.872963 9900
    996 13 14 4.873744 13 14 4.882930 9900
    997 13 14 4.883822 13 14 4.893907 9900
    998 13 14 4.893741 13 14 4.903016 9900
    999 13 14 4.903747 13 14 4.912961 9900
   1000 13 14 4.913748 13 14 4.931794 9900
