      1 13 15 32.043619 13 15 32.043619 10700
      2 13 15 32.053688 13 15 32.053688 10700
      3 13 15 32.063712 13 15 32.063712 10700
      4 13 15 32.073749 13 15 32.073749 10700
      5 13 15 32.083742 13 15 32.083742 10700
      6 13 15 32.093735 13 15 32.093735 10700
      7 13 15 32.103810 13 15 32.103810 10700
      8 13 15 32.113720 13 15 32.113720 10700
      9 13 15 32.123716 13 15 32.123716 10700
     10 13 15 32.133718 13 15 32.133718 10700
     11 13 15 32.143717 13 15 32.143717 10700
     12 13 15 32.153725 13 15 32.153725 10700
     13 13 15 32.163741 13 15 32.163741 10700
     14 13 15 32.173937 13 15 32.173937 10700
     15 13 15 32.183740 13 15 32.183740 10700
     16 13 15 32.193722 13 15 32.193722 10700
     17 13 15 32.203716 13 15 32.203716 10700
     18 13 15 32.213717 13 15 32.213717 10700
     19 13 15 32.223723 13 15 32.223723 10700
     20 13 15 32.233730 13 15 32.233730 10700
     21 13 15 32.243746 13 15 32.243746 10700
     22 13 15 32.253709 13 15 32.253709 10700
     23 13 15 32.263710 13 15 32.263710 10700
     24 13 15 32.273704 13 15 32.273704 10700
     25 13 15 32.283724 13 15 32.283724 10700
     26 13 15 32.293722 13 15 32.293722 10700
     27 13 15 32.303741 13 15 32.303741 10700
     28 13 15 32.313707 13 15 32.313707 10700
     29 13 15 32.323723 13 15 32.323723 10700
     30 13 15 32.333742 13 15 32.333742 10700
     31 13 15 32.343725 13 15 32.343725 10700
     32 13 15 32.353707 13 15 32.353707 10700
     33 13 15 32.363714 13 15 32.363714 10700
     34 13 15 32.373728 13 15 32.373728 10700
     35 13 15 32.383735 13 15 32.383735 10700
     36 13 15 32.393797 13 15 32.393797 10700
     37 13 15 32.403717 13 15 32.403717 10700
     38 13 15 32.413719 13 15 32.413719 10700
     39 13 15 32.423779 13 15 32.423779 10700
     40 13 15 32.433720 13 15 32.433720 10700
     41 13 15 32.443716 13 15 32.443716 10700
     42 13 15 32.453721 13 15 32.453721 10700
     43 13 15 32.463717 13 15 32.463717 10700
     44 13 15 32.473736 13 15 32.473736 10700
     45 13 15 32.483722 13 15 32.483722 10700
     46 13 15 32.493720 13 15 32.493720 10700
     47 13 15 32.503715 13 15 32.503715 10700
     48 13 15 32.513717 13 15 32.513717 10700
     49 13 15 32.523716 13 15 32.523716 10700
     50 13 15 32.533718 13 15 32.533718 10700
     51 13 15 32.543722 13 15 32.543722 10700
     52 13 15 32.553719 13 15 32.553719 10700
     53 13 15 32.563720 13 15 32.563720 10700
     54 13 15 32.573723 13 15 32.573723 10700
     55 13 15 32.583720 13 15 32.583720 10700
     56 13 15 32.593758 13 15 32.593758 10700
     57 13 15 32.604762 13 15 32.604762 10700
     58 13 15 32.613722 13 15 32.613722 10700
     59 13 15 32.623717 13 15 32.623717 10700
     60 13 15 32.633718 13 15 32.633718 10700
     61 13 15 32.643718 13 15 32.643718 10700
     62 13 15 32.653719 13 15 32.653719 10700
     63 13 15 32.663716 13 15 32.663716 10700
     64 13 15 32.673718 13 15 32.673718 10700
     65 13 15 32.683718 13 15 32.683718 10700
     66 13 15 32.693717 13 15 32.693717 10700
     67 13 15 32.703715 13 15 32.703715 10700
     68 13 15 32.713807 13 15 32.713807 10700
     69 13 15 32.723717 13 15 32.723717 10700
     70 13 15 32.733718 13 15 32.733718 10700
     71 13 15 32.743716 13 15 32.743716 10700
     72 13 15 32.753736 13 15 32.753736 10700
     73 13 15 32.763713 13 15 32.763713 10700
     74 13 15 32.773724 13 15 32.773724 10700
     75 13 15 32.783729 13 15 32.783729 10700
     76 13 15 32.793719 13 15 32.793719 10700
     77 13 15 32.803702 13 15 32.803702 10700
     78 13 15 32.813760 13 15 32.813760 10700
     79 13 15 32.823726 13 15 32.823726 10700
     80 13 15 32.833737 13 15 32.833737 10700
     81 13 15 32.843800 13 15 32.843800 10700
     82 13 15 32.853735 13 15 32.853735 10700
     83 13 15 32.863740 13 15 32.863740 10700
     84 13 15 32.873787 13 15 32.873787 10700
     85 13 15 32.883746 13 15 32.883746 10700
     86 13 15 32.893813 13 15 32.893813 10700
     87 13 15 32.903705 13 15 32.903705 10700
     88 13 15 32.913707 13 15 32.913707 10700
     89 13 15 32.923817 13 15 32.923817 10700
     90 13 15 32.933726 13 15 32.933726 10700
     91 13 15 32.943804 13 15 32.943804 10700
     92 13 15 32.953726 13 15 32.953726 10700
     93 13 15 32.963742 13 15 32.963742 10700
     94 13 15 32.973751 13 15 32.973751 10700
     95 13 15 32.983747 13 15 32.983747 10700
     96 13 15 32.993734 13 15 32.993734 10700
     97 13 15 33.003743 13 15 33.003743 10700
     98 13 15 33.013725 13 15 33.013725 10700
     99 13 15 33.023707 13 15 33.023707 10700
    100 13 15 33.033731 13 15 33.033731 10700
    101 13 15 33.043723 13 15 33.043723 10700
    102 13 15 33.053724 13 15 33.053724 10700
    103 13 15 33.063721 13 15 33.063721 10700
    104 13 15 33.073661 13 15 33.073661 10700
    105 13 15 33.083714 13 15 33.083714 10700
    106 13 15 33.093722 13 15 33.093722 10700
    107 13 15 33.103717 13 15 33.103717 10700
    108 13 15 33.113722 13 15 33.113722 10700
    109 13 15 33.123783 13 15 33.123783 10700
    110 13 15 33.133723 13 15 33.133723 10700
    111 13 15 33.143717 13 15 33.143717 10700
    112 13 15 33.153719 13 15 33.153719 10700
    113 13 15 33.163719 13 15 33.163719 10700
    114 13 15 33.173723 13 15 33.173723 10700
    115 13 15 33.183719 13 15 33.183719 10700
    116 13 15 33.193720 13 15 33.193720 10700
    117 13 15 33.203716 13 15 33.203716 10700
    118 13 15 33.213723 13 15 33.213723 10700
    119 13 15 33.223717 13 15 33.223717 10700
    120 13 15 33.233721 13 15 33.233721 10700
    121 13 15 33.243718 13 15 33.243718 10700
    122 13 15 33.253743 13 15 33.253743 10700
    123 13 15 33.263720 13 15 33.263720 10700
    124 13 15 33.273707 13 15 33.273707 10700
    125 13 15 33.283726 13 15 33.283726 10700
    126 13 15 33.293722 13 15 33.293722 10700
    127 13 15 33.303719 13 15 33.303719 10700
    128 13 15 33.313721 13 15 33.313721 10700
    129 13 15 33.323720 13 15 33.323720 10700
    130 13 15 33.333739 13 15 33.333739 10700
    131 13 15 33.343725 13 15 33.343725 10700
    132 13 15 33.353720 13 15 33.353720 10700
    133 13 15 33.363714 13 15 33.363714 10700
    134 13 15 33.373753 13 15 33.373753 10700
    135 13 15 33.383732 13 15 33.383732 10700
    136 13 15 33.393720 13 15 33.393720 10700
    137 13 15 33.403717 13 15 33.403717 10700
    138 13 15 33.413719 13 15 33.413719 10700
    139 13 15 33.423717 13 15 33.423717 10700
    140 13 15 33.433720 13 15 33.433720 10700
    141 13 15 33.443717 13 15 33.443717 10700
    142 13 15 33.453721 13 15 33.453721 10700
    143 13 15 33.463723 13 15 33.463723 10700
    144 13 15 33.473726 13 15 33.473726 10700
    145 13 15 33.483719 13 15 33.483719 10700
    146 13 15 33.493706 13 15 33.493706 10700
    147 13 15 33.503751 13 15 33.503751 10700
    148 13 15 33.513829 13 15 33.513829 10700
    149 13 15 33.523721 13 15 33.523721 10700
    150 13 15 33.533721 13 15 33.533721 10700
    151 13 15 33.543725 13 15 33.543725 10700
    152 13 15 33.553724 13 15 33.553724 10700
    153 13 15 33.563723 13 15 33.563723 10700
    154 13 15 33.573726 13 15 33.573726 10700
    155 13 15 33.583716 13 15 33.583716 10700
    156 13 15 33.593724 13 15 33.593724 10700
    157 13 15 33.603718 13 15 33.603718 10700
    158 13 15 33.613719 13 15 33.613719 10700
    159 13 15 33.623739 13 15 33.623739 10700
    160 13 15 33.633721 13 15 33.633721 10700
    161 13 15 33.643743 13 15 33.643743 10700
    162 13 15 33.653742 13 15 33.653742 10700
    163 13 15 33.663724 13 15 33.663724 10700
    164 13 15 33.673721 13 15 33.673721 10700
    165 13 15 33.683739 13 15 33.683739 10700
    166 13 15 33.693810 13 15 33.693810 10700
    167 13 15 33.703741 13 15 33.703741 10700
    168 13 15 33.713734 13 15 33.713734 10700
    169 13 15 33.723714 13 15 33.723714 10700
    170 13 15 33.733736 13 15 33.733736 10700
    171 13 15 33.743727 13 15 33.743727 10700
    172 13 15 33.753743 13 15 33.753743 10700
    173 13 15 33.763719 13 15 33.763719 10700
    174 13 15 33.773746 13 15 33.773746 10700
    175 13 15 33.783746 13 15 33.783746 10700
    176 13 15 33.794161 13 15 33.794161 10700
    177 13 15 33.803722 13 15 33.803722 10700
    178 13 15 33.813720 13 15 33.813720 10700
    179 13 15 33.823721 13 15 33.823721 10700
    180 13 15 33.833719 13 15 33.833719 10700
    181 13 15 33.843716 13 15 33.843716 10700
    182 13 15 33.853721 13 15 33.853721 10700
    183 13 15 33.863709 13 15 33.863709 10700
    184 13 15 33.873735 13 15 33.873735 10700
    185 13 15 33.883718 13 15 33.883718 10700
    186 13 15 33.893718 13 15 33.893718 10700
    187 13 15 33.903708 13 15 33.903708 10700
    188 13 15 33.913721 13 15 33.913721 10700
    189 13 15 33.923704 13 15 33.923704 10700
    190 13 15 33.933720 13 15 33.933720 10700
    191 13 15 33.943716 13 15 33.943716 10700
    192 13 15 33.953719 13 15 33.953719 10700
    193 13 15 33.963728 13 15 33.963728 10700
    194 13 15 33.973767 13 15 33.973767 10700
    195 13 15 33.983747 13 15 33.983747 10700
    196 13 15 33.993738 13 15 33.993738 10700
    197 13 15 34.003723 13 15 34.003723 10700
    198 13 15 34.013722 13 15 34.013722 10700
    199 13 15 34.023730 13 15 34.023730 10700
    200 13 15 34.033737 13 15 34.033737 10700
    201 13 15 34.043720 13 15 34.043720 10700
    202 13 15 34.053722 13 15 34.053722 10700
    203 13 15 34.063679 13 15 34.063679 10700
    204 13 15 34.073689 13 15 34.073689 10700
    205 13 15 34.083747 13 15 34.083747 10700
    206 13 15 34.093767 13 15 34.093767 10700
    207 13 15 34.103718 13 15 34.103718 10700
    208 13 15 34.113720 13 15 34.113720 10700
    209 13 15 34.123719 13 15 34.123719 10700
    210 13 15 34.133718 13 15 34.133718 10700
    211 13 15 34.143723 13 15 34.143723 10700
    212 13 15 34.153722 13 15 34.153722 10700
    213 13 15 34.163716 13 15 34.163716 10700
    214 13 15 34.173721 13 15 34.173721 10700
    215 13 15 34.183722 13 15 34.183722 10700
    216 13 15 34.193719 13 15 34.193719 10700
    217 13 15 34.203718 13 15 34.203718 10700
    218 13 15 34.213720 13 15 34.213720 10700
    219 13 15 34.223717 13 15 34.223717 10700
    220 13 15 34.233718 13 15 34.233718 10700
    221 13 15 34.243718 13 15 34.243718 10700
    222 13 15 34.253717 13 15 34.253717 10700
    223 13 15 34.263717 13 15 34.263717 10700
    224 13 15 34.273724 13 15 34.273724 10700
    225 13 15 34.283726 13 15 34.283726 10700
    226 13 15 34.293719 13 15 34.293719 10700
    227 13 15 34.303719 13 15 34.303719 10700
    228 13 15 34.313720 13 15 34.313720 10700
    229 13 15 34.324347 13 15 34.324347 10700
    230 13 15 34.333723 13 15 34.333723 10700
    231 13 15 34.343716 13 15 34.343716 10700
    232 13 15 34.353718 13 15 34.353718 10700
    233 13 15 34.363715 13 15 34.363715 10700
    234 13 15 34.373717 13 15 34.373717 10700
    235 13 15 34.383718 13 15 34.383718 10700
    236 13 15 34.393734 13 15 34.393734 10700
    237 13 15 34.403717 13 15 34.403717 10700
    238 13 15 34.413719 13 15 34.413719 10700
    239 13 15 34.423718 13 15 34.423718 10700
    240 13 15 34.433719 13 15 34.433719 10700
    241 13 15 34.443717 13 15 34.443717 10700
    242 13 15 34.453713 13 15 34.453713 10700
    243 13 15 34.463718 13 15 34.463718 10700
    244 13 15 34.473719 13 15 34.473719 10700
    245 13 15 34.483719 13 15 34.483719 10700
    246 13 15 34.493721 13 15 34.493721 10700
    247 13 15 34.503717 13 15 34.503717 10700
    248 13 15 34.513717 13 15 34.513717 10700
    249 13 15 34.523718 13 15 34.523718 10700
    250 13 15 34.533706 13 15 34.533706 10700
    251 13 15 34.543756 13 15 34.543756 10700
    252 13 15 34.553742 13 15 34.553742 10700
    253 13 15 34.563712 13 15 34.563712 10700
    254 13 15 34.573720 13 15 34.573720 10700
    255 13 15 34.583714 13 15 34.583714 10700
    256 13 15 34.593690 13 15 34.593690 10700
    257 13 15 34.603786 13 15 34.603786 10700
    258 13 15 34.613711 13 15 34.613711 10700
    259 13 15 34.623727 13 15 34.623727 10700
    260 13 15 34.633828 13 15 34.633828 10700
    261 13 15 34.643725 13 15 34.643725 10700
    262 13 15 34.653728 13 15 34.653728 10700
    263 13 15 34.663721 13 15 34.663721 10700
    264 13 15 34.673723 13 15 34.673723 10700
    265 13 15 34.683717 13 15 34.683717 10700
    266 13 15 34.693719 13 15 34.693719 10700
    267 13 15 34.703719 13 15 34.703719 10700
    268 13 15 34.713726 13 15 34.713726 10700
    269 13 15 34.723719 13 15 34.723719 10700
    270 13 15 34.733719 13 15 34.733719 10700
    271 13 15 34.743774 13 15 34.743774 10700
    272 13 15 34.753720 13 15 34.753720 10700
    273 13 15 34.763761 13 15 34.763761 10700
    274 13 15 34.773736 13 15 34.773736 10700
    275 13 15 34.783720 13 15 34.783720 10700
    276 13 15 34.793720 13 15 34.793720 10700
    277 13 15 34.803710 13 15 34.803710 10700
    278 13 15 34.813704 13 15 34.813704 10700
    279 13 15 34.823706 13 15 34.823706 10700
    280 13 15 34.833750 13 15 34.833750 10700
    281 13 15 34.843729 13 15 34.843729 10700
    282 13 15 34.853721 13 15 34.853721 10700
    283 13 15 34.863723 13 15 34.863723 10700
    284 13 15 34.873721 13 15 34.873721 10700
    285 13 15 34.883718 13 15 34.883718 10700
    286 13 15 34.893709 13 15 34.893709 10700
    287 13 15 34.903717 13 15 34.903717 10700
    288 13 15 34.913719 13 15 34.913719 10700
    289 13 15 34.923746 13 15 34.923746 10700
    290 13 15 34.934232 13 15 34.934232 10700
    291 13 15 34.943680 13 15 34.943680 10700
    292 13 15 34.953719 13 15 34.953719 10700
    293 13 15 34.963723 13 15 34.963723 10700
    294 13 15 34.973708 13 15 34.973708 10700
    295 13 15 34.983722 13 15 34.983722 10700
    296 13 15 34.993718 13 15 34.993718 10700
    297 13 15 35.003726 13 15 35.003726 10700
    298 13 15 35.013809 13 15 35.013809 10700
    299 13 15 35.023744 13 15 35.023744 10700
    300 13 15 35.033745 13 15 35.033745 10700
    301 13 15 35.043697 13 15 35.043697 10700
    302 13 15 35.053725 13 15 35.053725 10700
    303 13 15 35.063744 13 15 35.063744 10700
    304 13 15 35.073731 13 15 35.073731 10700
    305 13 15 35.083728 13 15 35.083728 10700
    306 13 15 35.093724 13 15 35.093724 10700
    307 13 15 35.103729 13 15 35.103729 10700
    308 13 15 35.113729 13 15 35.113729 10700
    309 13 15 35.123719 13 15 35.123719 10700
    310 13 15 35.133721 13 15 35.133721 10700
    311 13 15 35.143717 13 15 35.143717 10700
    312 13 15 35.153719 13 15 35.153719 10700
    313 13 15 35.163719 13 15 35.163719 10700
    314 13 15 35.173724 13 15 35.173724 10700
    315 13 15 35.183723 13 15 35.183723 10700
    316 13 15 35.193719 13 15 35.193719 10700
    317 13 15 35.203716 13 15 35.203716 10700
    318 13 15 35.213732 13 15 35.213732 10700
    319 13 15 35.223731 13 15 35.223731 10700
    320 13 15 35.233733 13 15 35.233733 10700
    321 13 15 35.243726 13 15 35.243726 10700
    322 13 15 35.253720 13 15 35.253720 10700
    323 13 15 35.263703 13 15 35.263703 10700
    324 13 15 35.273710 13 15 35.273710 10700
    325 13 15 35.283748 13 15 35.283748 10700
    326 13 15 35.293720 13 15 35.293720 10700
    327 13 15 35.303738 13 15 35.303738 10700
    328 13 15 35.313746 13 15 35.313746 10700
    329 13 15 35.323718 13 15 35.323718 10700
    330 13 15 35.333717 13 15 35.333717 10700
    331 13 15 35.343730 13 15 35.343730 10700
    332 13 15 35.353749 13 15 35.353749 10700
    333 13 15 35.363717 13 15 35.363717 10700
    334 13 15 35.373750 13 15 35.373750 10700
    335 13 15 35.383719 13 15 35.383719 10700
    336 13 15 35.393718 13 15 35.393718 10700
    337 13 15 35.403720 13 15 35.403720 10700
    338 13 15 35.413724 13 15 35.413724 10700
    339 13 15 35.423717 13 15 35.423717 10700
    340 13 15 35.433722 13 15 35.433722 10700
    341 13 15 35.443716 13 15 35.443716 10700
    342 13 15 35.453719 13 15 35.453719 10700
    343 13 15 35.463751 13 15 35.463751 10700
    344 13 15 35.473720 13 15 35.473720 10700
    345 13 15 35.483716 13 15 35.483716 10700
    346 13 15 35.493718 13 15 35.493718 10700
    347 13 15 35.503717 13 15 35.503717 10700
    348 13 15 35.513717 13 15 35.513717 10700
    349 13 15 35.523716 13 15 35.523716 10700
    350 13 15 35.533721 13 15 35.533721 10700
    351 13 15 35.543720 13 15 35.543720 10700
    352 13 15 35.553722 13 15 35.553722 10700
    353 13 15 35.563738 13 15 35.563738 10700
    354 13 15 35.573737 13 15 35.573737 10700
    355 13 15 35.583697 13 15 35.583697 10700
    356 13 15 35.593729 13 15 35.593729 10700
    357 13 15 35.603718 13 15 35.603718 10700
    358 13 15 35.613717 13 15 35.613717 10700
    359 13 15 35.623764 13 15 35.623764 10700
    360 13 15 35.633693 13 15 35.633693 10700
    361 13 15 35.643723 13 15 35.643723 10700
    362 13 15 35.653719 13 15 35.653719 10700
    363 13 15 35.663719 13 15 35.663719 10700
    364 13 15 35.673721 13 15 35.673721 10700
    365 13 15 35.683717 13 15 35.683717 10700
    366 13 15 35.693720 13 15 35.693720 10700
    367 13 15 35.703741 13 15 35.703741 10700
    368 13 15 35.713743 13 15 35.713743 10700
    369 13 15 35.723734 13 15 35.723734 10700
    370 13 15 35.733735 13 15 35.733735 10700
    371 13 15 35.743729 13 15 35.743729 10700
    372 13 15 35.753812 13 15 35.753812 10700
    373 13 15 35.763728 13 15 35.763728 10700
    374 13 15 35.773736 13 15 35.773736 10700
    375 13 15 35.783731 13 15 35.783731 10700
    376 13 15 35.793731 13 15 35.793731 10700
    377 13 15 35.803733 13 15 35.803733 10700
    378 13 15 35.813718 13 15 35.813718 10700
    379 13 15 35.823717 13 15 35.823717 10700
    380 13 15 35.833717 13 15 35.833717 10700
    381 13 15 35.843716 13 15 35.843716 10700
    382 13 15 35.853718 13 15 35.853718 10700
    383 13 15 35.863703 13 15 35.863703 10700
    384 13 15 35.873711 13 15 35.873711 10700
    385 13 15 35.883704 13 15 35.883704 10700
    386 13 15 35.893726 13 15 35.893726 10700
    387 13 15 35.903717 13 15 35.903717 10700
    388 13 15 35.913764 13 15 35.913764 10700
    389 13 15 35.923704 13 15 35.923704 10700
    390 13 15 35.933847 13 15 35.933847 10700
    391 13 15 35.943727 13 15 35.943727 10700
    392 13 15 35.953721 13 15 35.953721 10700
    393 13 15 35.963718 13 15 35.963718 10700
    394 13 15 35.973722 13 15 35.973722 10700
    395 13 15 35.983848 13 15 35.983848 10700
    396 13 15 35.993685 13 15 35.993685 10700
    397 13 15 36.003732 13 15 36.003732 10700
    398 13 15 36.013719 13 15 36.013719 10700
    399 13 15 36.023718 13 15 36.023718 10700
    400 13 15 36.033720 13 15 36.033720 10700
    401 13 15 36.043722 13 15 36.043722 10700
    402 13 15 36.053722 13 15 36.053722 10700
    403 13 15 36.063723 13 15 36.063723 10700
    404 13 15 36.073723 13 15 36.073723 10700
    405 13 15 36.083733 13 15 36.083733 10700
    406 13 15 36.093755 13 15 36.093755 10700
    407 13 15 36.103718 13 15 36.103718 10700
    408 13 15 36.113720 13 15 36.113720 10700
    409 13 15 36.123719 13 15 36.123719 10700
    410 13 15 36.133718 13 15 36.133718 10700
    411 13 15 36.143720 13 15 36.143720 10700
    412 13 15 36.153727 13 15 36.153727 10700
    413 13 15 36.163721 13 15 36.163721 10700
    414 13 15 36.173720 13 15 36.173720 10700
    415 13 15 36.183720 13 15 36.183720 10700
    416 13 15 36.193705 13 15 36.193705 10700
    417 13 15 36.203707 13 15 36.203707 10700
    418 13 15 36.213723 13 15 36.213723 10700
    419 13 15 36.223719 13 15 36.223719 10700
    420 13 15 36.233719 13 15 36.233719 10700
    421 13 15 36.243712 13 15 36.243712 10700
    422 13 15 36.253704 13 15 36.253704 10700
    423 13 15 36.263742 13 15 36.263742 10700
    424 13 15 36.273707 13 15 36.273707 10700
    425 13 15 36.283726 13 15 36.283726 10700
    426 13 15 36.293734 13 15 36.293734 10700
    427 13 15 36.303733 13 15 36.303733 10700
    428 13 15 36.313746 13 15 36.313746 10700
    429 13 15 36.323718 13 15 36.323718 10700
    430 13 15 36.333723 13 15 36.333723 10700
    431 13 15 36.343722 13 15 36.343722 10700
    432 13 15 36.353724 13 15 36.353724 10700
    433 13 15 36.363722 13 15 36.363722 10700
    434 13 15 36.373724 13 15 36.373724 10700
    435 13 15 36.383721 13 15 36.383721 10700
    436 13 15 36.393780 13 15 36.393780 10700
    437 13 15 36.403719 13 15 36.403719 10700
    438 13 15 36.413718 13 15 36.413718 10700
    439 13 15 36.423721 13 15 36.423721 10700
    440 13 15 36.433719 13 15 36.433719 10700
    441 13 15 36.443716 13 15 36.443716 10700
    442 13 15 36.453733 13 15 36.453733 10700
    443 13 15 36.463718 13 15 36.463718 10700
    444 13 15 36.473784 13 15 36.473784 10700
    445 13 15 36.483735 13 15 36.483735 10700
    446 13 15 36.493721 13 15 36.493721 10700
    447 13 15 36.503718 13 15 36.503718 10700
    448 13 15 36.513761 13 15 36.513761 10700
    449 13 15 36.523828 13 15 36.523828 10700
    450 13 15 36.533757 13 15 36.533757 10700
    451 13 15 36.543723 13 15 36.543723 10700
    452 13 15 36.553741 13 15 36.553741 10700
    453 13 15 36.563681 13 15 36.563681 10700
    454 13 15 36.573723 13 15 36.573723 10700
    455 13 15 36.583723 13 15 36.583723 10700
    456 13 15 36.593733 13 15 36.593733 10700
    457 13 15 36.603732 13 15 36.603732 10700
    458 13 15 36.613731 13 15 36.613731 10700
    459 13 15 36.623843 13 15 36.623843 10700
    460 13 15 36.633723 13 15 36.633723 10700
    461 13 15 36.643788 13 15 36.643788 10700
    462 13 15 36.653728 13 15 36.653728 10700
    463 13 15 36.663744 13 15 36.663744 10700
    464 13 15 36.673724 13 15 36.673724 10700
    465 13 15 36.683743 13 15 36.683743 10700
    466 13 15 36.693758 13 15 36.693758 10700
    467 13 15 36.703747 13 15 36.703747 10700
    468 13 15 36.713745 13 15 36.713745 10700
    469 13 15 36.723855 13 15 36.723855 10700
    470 13 15 36.733758 13 15 36.733758 10700
    471 13 15 36.743847 13 15 36.743847 10700
    472 13 15 36.753749 13 15 36.753749 10700
    473 13 15 36.763753 13 15 36.763753 10700
    474 13 15 36.773730 13 15 36.773730 10700
    475 13 15 36.783740 13 15 36.783740 10700
    476 13 15 36.793729 13 15 36.793729 10700
    477 13 15 36.803772 13 15 36.803772 10700
    478 13 15 36.813752 13 15 36.813752 10700
    479 13 15 36.823725 13 15 36.823725 10700
    480 13 15 36.833722 13 15 36.833722 10700
    481 13 15 36.843743 13 15 36.843743 10700
    482 13 15 36.853734 13 15 36.853734 10700
    483 13 15 36.863725 13 15 36.863725 10700
    484 13 15 36.873725 13 15 36.873725 10700
    485 13 15 36.883721 13 15 36.883721 10700
    486 13 15 36.893717 13 15 36.893717 10700
    487 13 15 36.903767 13 15 36.903767 10700
    488 13 15 36.913733 13 15 36.913733 10700
    489 13 15 36.923752 13 15 36.923752 10700
    490 13 15 36.933754 13 15 36.933754 10700
    491 13 15 36.943725 13 15 36.943725 10700
    492 13 15 36.953727 13 15 36.953727 10700
    493 13 15 36.964038 13 15 36.964038 10700
    494 13 15 36.973793 13 15 36.973793 10700
    495 13 15 36.983745 13 15 36.983745 10700
    496 13 15 36.993749 13 15 36.993749 10700
    497 13 15 37.003805 13 15 37.003805 10700
    498 13 15 37.013790 13 15 37.013790 10700
    499 13 15 37.023735 13 15 37.023735 10700
    500 13 15 37.033749 13 15 37.033749 10700
    501 13 15 37.043729 13 15 37.043729 10700
    502 13 15 37.053682 13 15 37.053682 10700
    503 13 15 37.063735 13 15 37.063735 10700
    504 13 15 37.073796 13 15 37.073796 10700
    505 13 15 37.083748 13 15 37.083748 10700
    506 13 15 37.093744 13 15 37.093744 10700
    507 13 15 37.103723 13 15 37.103723 10700
    508 13 15 37.113725 13 15 37.113725 10700
    509 13 15 37.123708 13 15 37.123708 10700
    510 13 15 37.133741 13 15 37.133741 10700
    511 13 15 37.143799 13 15 37.143799 10700
    512 13 15 37.153714 13 15 37.153714 10700
    513 13 15 37.163713 13 15 37.163713 10700
    514 13 15 37.173709 13 15 37.173709 10700
    515 13 15 37.183750 13 15 37.183750 10700
    516 13 15 37.193730 13 15 37.193730 10700
    517 13 15 37.203727 13 15 37.203727 10700
    518 13 15 37.214275 13 15 37.214275 10700
    519 13 15 37.223734 13 15 37.223734 10700
    520 13 15 37.233753 13 15 37.233753 10700
    521 13 15 37.243726 13 15 37.243726 10700
    522 13 15 37.253720 13 15 37.253720 10700
    523 13 15 37.263717 13 15 37.263717 10700
    524 13 15 37.273721 13 15 37.273721 10700
    525 13 15 37.283741 13 15 37.283741 10700
    526 13 15 37.293736 13 15 37.293736 10700
    527 13 15 37.303733 13 15 37.303733 10700
    528 13 15 37.313754 13 15 37.313754 10700
    529 13 15 37.323731 13 15 37.323731 10700
    530 13 15 37.333733 13 15 37.333733 10700
    531 13 15 37.343750 13 15 37.343750 10700
    532 13 15 37.353732 13 15 37.353732 10700
    533 13 15 37.363723 13 15 37.363723 10700
    534 13 15 37.373747 13 15 37.373747 10700
    535 13 15 37.383747 13 15 37.383747 10700
    536 13 15 37.393726 13 15 37.393726 10700
    537 13 15 37.403727 13 15 37.403727 10700
    538 13 15 37.413724 13 15 37.413724 10700
    539 13 15 37.423726 13 15 37.423726 10700
    540 13 15 37.433740 13 15 37.433740 10700
    541 13 15 37.443724 13 15 37.443724 10700
    542 13 15 37.453729 13 15 37.453729 10700
    543 13 15 37.463737 13 15 37.463737 10700
    544 13 15 37.473730 13 15 37.473730 10700
    545 13 15 37.483728 13 15 37.483728 10700
    546 13 15 37.493718 13 15 37.493718 10700
    547 13 15 37.503723 13 15 37.503723 10700
    548 13 15 37.513722 13 15 37.513722 10700
    549 13 15 37.523743 13 15 37.523743 10700
    550 13 15 37.533720 13 15 37.533720 10700
    551 13 15 37.543762 13 15 37.543762 10700
    552 13 15 37.553725 13 15 37.553725 10700
    553 13 15 37.563701 13 15 37.563701 10700
    554 13 15 37.573768 13 15 37.573768 10700
    555 13 15 37.583837 13 15 37.583837 10700
    556 13 15 37.593715 13 15 37.593715 10700
    557 13 15 37.603715 13 15 37.603715 10700
    558 13 15 37.613796 13 15 37.613796 10700
    559 13 15 37.623719 13 15 37.623719 10700
    560 13 15 37.633730 13 15 37.633730 10700
    561 13 15 37.643734 13 15 37.643734 10700
    562 13 15 37.653722 13 15 37.653722 10700
    563 13 15 37.663718 13 15 37.663718 10700
    564 13 15 37.673721 13 15 37.673721 10700
    565 13 15 37.683742 13 15 37.683742 10700
    566 13 15 37.693720 13 15 37.693720 10700
    567 13 15 37.703721 13 15 37.703721 10700
    568 13 15 37.713720 13 15 37.713720 10700
    569 13 15 37.723708 13 15 37.723708 10700
    570 13 15 37.733719 13 15 37.733719 10700
    571 13 15 37.743704 13 15 37.743704 10700
    572 13 15 37.753720 13 15 37.753720 10700
    573 13 15 37.763781 13 15 37.763781 10700
    574 13 15 37.773719 13 15 37.773719 10700
    575 13 15 37.783720 13 15 37.783720 10700
    576 13 15 37.793722 13 15 37.793722 10700
    577 13 15 37.803719 13 15 37.803719 10700
    578 13 15 37.813718 13 15 37.813718 10700
    579 13 15 37.823717 13 15 37.823717 10700
    580 13 15 37.833717 13 15 37.833717 10700
    581 13 15 37.843718 13 15 37.843718 10700
    582 13 15 37.853704 13 15 37.853704 10700
    583 13 15 37.863703 13 15 37.863703 10700
    584 13 15 37.873711 13 15 37.873711 10700
    585 13 15 37.883707 13 15 37.883707 10700
    586 13 15 37.893707 13 15 37.893707 10700
    587 13 15 37.903708 13 15 37.903708 10700
    588 13 15 37.913705 13 15 37.913705 10700
    589 13 15 37.923726 13 15 37.923726 10700
    590 13 15 37.933705 13 15 37.933705 10700
    591 13 15 37.943722 13 15 37.943722 10700
    592 13 15 37.953718 13 15 37.953718 10700
    593 13 15 37.963704 13 15 37.963704 10700
    594 13 15 37.973722 13 15 37.973722 10700
    595 13 15 37.983724 13 15 37.983724 10700
    596 13 15 37.993718 13 15 37.993718 10700
    597 13 15 38.003704 13 15 38.003704 10700
    598 13 15 38.013720 13 15 38.013720 10700
    599 13 15 38.023718 13 15 38.023718 10700
    600 13 15 38.033718 13 15 38.033718 10700
    601 13 15 38.043750 13 15 38.043750 10700
    602 13 15 38.053725 13 15 38.053725 10700
    603 13 15 38.063733 13 15 38.063733 10700
    604 13 15 38.073723 13 15 38.073723 10700
    605 13 15 38.083722 13 15 38.083722 10700
    606 13 15 38.093729 13 15 38.093729 10700
    607 13 15 38.103720 13 15 38.103720 10700
    608 13 15 38.113720 13 15 38.113720 10700
    609 13 15 38.123688 13 15 38.123688 10700
    610 13 15 38.133718 13 15 38.133718 10700
    611 13 15 38.143720 13 15 38.143720 10700
    612 13 15 38.153727 13 15 38.153727 10700
    613 13 15 38.163716 13 15 38.163716 10700
    614 13 15 38.173720 13 15 38.173720 10700
    615 13 15 38.183723 13 15 38.183723 10700
    616 13 15 38.193725 13 15 38.193725 10700
    617 13 15 38.203730 13 15 38.203730 10700
    618 13 15 38.213720 13 15 38.213720 10700
    619 13 15 38.223719 13 15 38.223719 10700
    620 13 15 38.233718 13 15 38.233718 10700
    621 13 15 38.243718 13 15 38.243718 10700
    622 13 15 38.253722 13 15 38.253722 10700
    623 13 15 38.263719 13 15 38.263719 10700
    624 13 15 38.273719 13 15 38.273719 10700
    625 13 15 38.283720 13 15 38.283720 10700
    626 13 15 38.293720 13 15 38.293720 10700
    627 13 15 38.303741 13 15 38.303741 10700
    628 13 15 38.313721 13 15 38.313721 10700
    629 13 15 38.323734 13 15 38.323734 10700
    630 13 15 38.333722 13 15 38.333722 10700
    631 13 15 38.343719 13 15 38.343719 10700
    632 13 15 38.353718 13 15 38.353718 10700
    633 13 15 38.363717 13 15 38.363717 10700
    634 13 15 38.373719 13 15 38.373719 10700
    635 13 15 38.383738 13 15 38.383738 10700
    636 13 15 38.393732 13 15 38.393732 10700
    637 13 15 38.403723 13 15 38.403723 10700
    638 13 15 38.413716 13 15 38.413716 10700
    639 13 15 38.423720 13 15 38.423720 10700
    640 13 15 38.433723 13 15 38.433723 10700
    641 13 15 38.443716 13 15 38.443716 10700
    642 13 15 38.453732 13 15 38.453732 10700
    643 13 15 38.463718 13 15 38.463718 10700
    644 13 15 38.473722 13 15 38.473722 10700
    645 13 15 38.483719 13 15 38.483719 10700
    646 13 15 38.493721 13 15 38.493721 10700
    647 13 15 38.503791 13 15 38.503791 10700
    648 13 15 38.513720 13 15 38.513720 10700
    649 13 15 38.523718 13 15 38.523718 10700
    650 13 15 38.533718 13 15 38.533718 10700
    651 13 15 38.543720 13 15 38.543720 10700
    652 13 15 38.553725 13 15 38.553725 10700
    653 13 15 38.563729 13 15 38.563729 10700
    654 13 15 38.573804 13 15 38.573804 10700
    655 13 15 38.583728 13 15 38.583728 10700
    656 13 15 38.593766 13 15 38.593766 10700
    657 13 15 38.603720 13 15 38.603720 10700
    658 13 15 38.613731 13 15 38.613731 10700
    659 13 15 38.623725 13 15 38.623725 10700
    660 13 15 38.633736 13 15 38.633736 10700
    661 13 15 38.643731 13 15 38.643731 10700
    662 13 15 38.653747 13 15 38.653747 10700
    663 13 15 38.663988 13 15 38.663988 10700
    664 13 15 38.673754 13 15 38.673754 10700
    665 13 15 38.683781 13 15 38.683781 10700
    666 13 15 38.693775 13 15 38.693775 10700
    667 13 15 38.703749 13 15 38.703749 10700
    668 13 15 38.713726 13 15 38.713726 10700
    669 13 15 38.723725 13 15 38.723725 10700
    670 13 15 38.733736 13 15 38.733736 10700
    671 13 15 38.743754 13 15 38.743754 10700
    672 13 15 38.753751 13 15 38.753751 10700
    673 13 15 38.763894 13 15 38.763894 10700
    674 13 15 38.773744 13 15 38.773744 10700
    675 13 15 38.783727 13 15 38.783727 10700
    676 13 15 38.793726 13 15 38.793726 10700
    677 13 15 38.803747 13 15 38.803747 10700
    678 13 15 38.813780 13 15 38.813780 10700
    679 13 15 38.823731 13 15 38.823731 10700
    680 13 15 38.833754 13 15 38.833754 10700
    681 13 15 38.843722 13 15 38.843722 10700
    682 13 15 38.853721 13 15 38.853721 10700
    683 13 15 38.863715 13 15 38.863715 10700
    684 13 15 38.873721 13 15 38.873721 10700
    685 13 15 38.883723 13 15 38.883723 10700
    686 13 15 38.893723 13 15 38.893723 10700
    687 13 15 38.903731 13 15 38.903731 10700
    688 13 15 38.913741 13 15 38.913741 10700
    689 13 15 38.923743 13 15 38.923743 10700
    690 13 15 38.933743 13 15 38.933743 10700
    691 13 15 38.943728 13 15 38.943728 10700
    692 13 15 38.953785 13 15 38.953785 10700
    693 13 15 38.963734 13 15 38.963734 10700
    694 13 15 38.973776 13 15 38.973776 10700
    695 13 15 38.983749 13 15 38.983749 10700
    696 13 15 38.993775 13 15 38.993775 10700
    697 13 15 39.003756 13 15 39.003756 10700
    698 13 15 39.013703 13 15 39.013703 10700
    699 13 15 39.023730 13 15 39.023730 10700
    700 13 15 39.033731 13 15 39.033731 10700
    701 13 15 39.043726 13 15 39.043726 10700
    702 13 15 39.053848 13 15 39.053848 10700
    703 13 15 39.063806 13 15 39.063806 10700
    704 13 15 39.073672 13 15 39.073672 10700
    705 13 15 39.083888 13 15 39.083888 10700
    706 13 15 39.093755 13 15 39.093755 10700
    707 13 15 39.103749 13 15 39.103749 10700
    708 13 15 39.113773 13 15 39.113773 10700
    709 13 15 39.123727 13 15 39.123727 10700
    710 13 15 39.133732 13 15 39.133732 10700
    711 13 15 39.143773 13 15 39.143773 10700
    712 13 15 39.153734 13 15 39.153734 10700
    713 13 15 39.163724 13 15 39.163724 10700
    714 13 15 39.173721 13 15 39.173721 10700
    715 13 15 39.183720 13 15 39.183720 10700
    716 13 15 39.193750 13 15 39.193750 10700
    717 13 15 39.203735 13 15 39.203735 10700
    718 13 15 39.213755 13 15 39.213755 10700
    719 13 15 39.223747 13 15 39.223747 10700
    720 13 15 39.233730 13 15 39.233730 10700
    721 13 15 39.243726 13 15 39.243726 10700
    722 13 15 39.253731 13 15 39.253731 10700
    723 13 15 39.263827 13 15 39.263827 10700
    724 13 15 39.273733 13 15 39.273733 10700
    725 13 15 39.283732 13 15 39.283732 10700
    726 13 15 39.293759 13 15 39.293759 10700
    727 13 15 39.303727 13 15 39.303727 10700
    728 13 15 39.313727 13 15 39.313727 10700
    729 13 15 39.324334 13 15 39.324334 10700
    730 13 15 39.333705 13 15 39.333705 10700
    731 13 15 39.343752 13 15 39.343752 10700
    732 13 15 39.353766 13 15 39.353766 10700
    733 13 15 39.363746 13 15 39.363746 10700
    734 13 15 39.373727 13 15 39.373727 10700
    735 13 15 39.383814 13 15 39.383814 10700
    736 13 15 39.393726 13 15 39.393726 10700
    737 13 15 39.403745 13 15 39.403745 10700
    738 13 15 39.413741 13 15 39.413741 10700
    739 13 15 39.423730 13 15 39.423730 10700
    740 13 15 39.433726 13 15 39.433726 10700
    741 13 15 39.443719 13 15 39.443719 10700
    742 13 15 39.453786 13 15 39.453786 10700
    743 13 15 39.463765 13 15 39.463765 10700
    744 13 15 39.473723 13 15 39.473723 10700
    745 13 15 39.483758 13 15 39.483758 10700
    746 13 15 39.493988 13 15 39.493988 10700
    747 13 15 39.503745 13 15 39.503745 10700
    748 13 15 39.513739 13 15 39.513739 10700
    749 13 15 39.523727 13 15 39.523727 10700
    750 13 15 39.533782 13 15 39.533782 10700
    751 13 15 39.543722 13 15 39.543722 10700
    752 13 15 39.553693 13 15 39.553693 10700
    753 13 15 39.563665 13 15 39.563665 10700
    754 13 15 39.573720 13 15 39.573720 10700
    755 13 15 39.583747 13 15 39.583747 10700
    756 13 15 39.593724 13 15 39.593724 10700
    757 13 15 39.603718 13 15 39.603718 10700
    758 13 15 39.613703 13 15 39.613703 10700
    759 13 15 39.623705 13 15 39.623705 10700
    760 13 15 39.633769 13 15 39.633769 10700
    761 13 15 39.643735 13 15 39.643735 10700
    762 13 15 39.653722 13 15 39.653722 10700
    763 13 15 39.663727 13 15 39.663727 10700
    764 13 15 39.673720 13 15 39.673720 10700
    765 13 15 39.683706 13 15 39.683706 10700
    766 13 15 39.693708 13 15 39.693708 10700
    767 13 15 39.703743 13 15 39.703743 10700
    768 13 15 39.713731 13 15 39.713731 10700
    769 13 15 39.723699 13 15 39.723699 10700
    770 13 15 39.733727 13 15 39.733727 10700
    771 13 15 39.743741 13 15 39.743741 10700
    772 13 15 39.753734 13 15 39.753734 10700
    773 13 15 39.763720 13 15 39.763720 10700
    774 13 15 39.773721 13 15 39.773721 10700
    775 13 15 39.783726 13 15 39.783726 10700
    776 13 15 39.793723 13 15 39.793723 10700
    777 13 15 39.803722 13 15 39.803722 10700
    778 13 15 39.813707 13 15 39.813707 10700
    779 13 15 39.823663 13 15 39.823663 10700
    780 13 15 39.833654 13 15 39.833654 10700
    781 13 15 39.843727 13 15 39.843727 10700
    782 13 15 39.853721 13 15 39.853721 10700
    783 13 15 39.863719 13 15 39.863719 10700
    784 13 15 39.873719 13 15 39.873719 10700
    785 13 15 39.883718 13 15 39.883718 10700
    786 13 15 39.893706 13 15 39.893706 10700
    787 13 15 39.903703 13 15 39.903703 10700
    788 13 15 39.913727 13 15 39.913727 10700
    789 13 15 39.923718 13 15 39.923718 10700
    790 13 15 39.933720 13 15 39.933720 10700
    791 13 15 39.943719 13 15 39.943719 10700
    792 13 15 39.953705 13 15 39.953705 10700
    793 13 15 39.963717 13 15 39.963717 10700
    794 13 15 39.973720 13 15 39.973720 10700
    795 13 15 39.983730 13 15 39.983730 10700
    796 13 15 39.993721 13 15 39.993721 10700
    797 13 15 40.003720 13 15 40.003720 10700
    798 13 15 40.013720 13 15 40.013720 10700
    799 13 15 40.023727 13 15 40.023727 10700
    800 13 15 40.033720 13 15 40.033720 10700
    801 13 15 40.043720 13 15 40.043720 10700
    802 13 15 40.053784 13 15 40.053784 10700
    803 13 15 40.063850 13 15 40.063850 10700
    804 13 15 40.073771 13 15 40.073771 10700
    805 13 15 40.083736 13 15 40.083736 10700
    806 13 15 40.093746 13 15 40.093746 10700
    807 13 15 40.103745 13 15 40.103745 10700
    808 13 15 40.113720 13 15 40.113720 10700
    809 13 15 40.123716 13 15 40.123716 10700
    810 13 15 40.133718 13 15 40.133718 10700
    811 13 15 40.143717 13 15 40.143717 10700
    812 13 15 40.153725 13 15 40.153725 10700
    813 13 15 40.163721 13 15 40.163721 10700
    814 13 15 40.173710 13 15 40.173710 10700
    815 13 15 40.183720 13 15 40.183720 10700
    816 13 15 40.193719 13 15 40.193719 10700
    817 13 15 40.203716 13 15 40.203716 10700
    818 13 15 40.213718 13 15 40.213718 10700
    819 13 15 40.223731 13 15 40.223731 10700
    820 13 15 40.233721 13 15 40.233721 10700
    821 13 15 40.243718 13 15 40.243718 10700
    822 13 15 40.253718 13 15 40.253718 10700
    823 13 15 40.263716 13 15 40.263716 10700
    824 13 15 40.273716 13 15 40.273716 10700
    825 13 15 40.283718 13 15 40.283718 10700
    826 13 15 40.293717 13 15 40.293717 10700
    827 13 15 40.303719 13 15 40.303719 10700
    828 13 15 40.313721 13 15 40.313721 10700
    829 13 15 40.323717 13 15 40.323717 10700
    830 13 15 40.333719 13 15 40.333719 10700
    831 13 15 40.343719 13 15 40.343719 10700
    832 13 15 40.353788 13 15 40.353788 10700
    833 13 15 40.363719 13 15 40.363719 10700
    834 13 15 40.373722 13 15 40.373722 10700
    835 13 15 40.383721 13 15 40.383721 10700
    836 13 15 40.393704 13 15 40.393704 10700
    837 13 15 40.403719 13 15 40.403719 10700
    838 13 15 40.413719 13 15 40.413719 10700
    839 13 15 40.423718 13 15 40.423718 10700
    840 13 15 40.433760 13 15 40.433760 10700
    841 13 15 40.443720 13 15 40.443720 10700
    842 13 15 40.453721 13 15 40.453721 10700
    843 13 15 40.463721 13 15 40.463721 10700
    844 13 15 40.473719 13 15 40.473719 10700
    845 13 15 40.483733 13 15 40.483733 10700
    846 13 15 40.493724 13 15 40.493724 10700
    847 13 15 40.503743 13 15 40.503743 10700
    848 13 15 40.513866 13 15 40.513866 10700
    849 13 15 40.523721 13 15 40.523721 10700
    850 13 15 40.533718 13 15 40.533718 10700
    851 13 15 40.543720 13 15 40.543720 10700
    852 13 15 40.553710 13 15 40.553710 10700
    853 13 15 40.563676 13 15 40.563676 10700
    854 13 15 40.573756 13 15 40.573756 10700
    855 13 15 40.583725 13 15 40.583725 10700
    856 13 15 40.593721 13 15 40.593721 10700
    857 13 15 40.603718 13 15 40.603718 10700
    858 13 15 40.613720 13 15 40.613720 10700
    859 13 15 40.623721 13 15 40.623721 10700
    860 13 15 40.633718 13 15 40.633718 10700
    861 13 15 40.643717 13 15 40.643717 10700
    862 13 15 40.653719 13 15 40.653719 10700
    863 13 15 40.663721 13 15 40.663721 10700
    864 13 15 40.673718 13 15 40.673718 10700
    865 13 15 40.683723 13 15 40.683723 10700
    866 13 15 40.693722 13 15 40.693722 10700
    867 13 15 40.703718 13 15 40.703718 10700
    868 13 15 40.713720 13 15 40.713720 10700
    869 13 15 40.723720 13 15 40.723720 10700
    870 13 15 40.733722 13 15 40.733722 10700
    871 13 15 40.743720 13 15 40.743720 10700
    872 13 15 40.753745 13 15 40.753745 10700
    873 13 15 40.763719 13 15 40.763719 10700
    874 13 15 40.773721 13 15 40.773721 10700
    875 13 15 40.783732 13 15 40.783732 10700
    876 13 15 40.793733 13 15 40.793733 10700
    877 13 15 40.804354 13 15 40.804354 10700
    878 13 15 40.813738 13 15 40.813738 10700
    879 13 15 40.823709 13 15 40.823709 10700
    880 13 15 40.833764 13 15 40.833764 10700
    881 13 15 40.843704 13 15 40.843704 10700
    882 13 15 40.853701 13 15 40.853701 10700
    883 13 15 40.863703 13 15 40.863703 10700
    884 13 15 40.873697 13 15 40.873697 10700
    885 13 15 40.883719 13 15 40.883719 10700
    886 13 15 40.893729 13 15 40.893729 10700
    887 13 15 40.903705 13 15 40.903705 10700
    888 13 15 40.913730 13 15 40.913730 10700
    889 13 15 40.923721 13 15 40.923721 10700
    890 13 15 40.933726 13 15 40.933726 10700
    891 13 15 40.943705 13 15 40.943705 10700
    892 13 15 40.953732 13 15 40.953732 10700
    893 13 15 40.963706 13 15 40.963706 10700
    894 13 15 40.973747 13 15 40.973747 10700
    895 13 15 40.983727 13 15 40.983727 10700
    896 13 15 40.993721 13 15 40.993721 10700
    897 13 15 41.003748 13 15 41.003748 10700
    898 13 15 41.013719 13 15 41.013719 10700
    899 13 15 41.023721 13 15 41.023721 10700
    900 13 15 41.033723 13 15 41.033723 10700
    901 13 15 41.043742 13 15 41.043742 10700
    902 13 15 41.053707 13 15 41.053707 10700
    903 13 15 41.063752 13 15 41.063752 10700
    904 13 15 41.073723 13 15 41.073723 10700
    905 13 15 41.083708 13 15 41.083708 10700
    906 13 15 41.093722 13 15 41.093722 10700
    907 13 15 41.103717 13 15 41.103717 10700
    908 13 15 41.113719 13 15 41.113719 10700
    909 13 15 41.123717 13 15 41.123717 10700
    910 13 15 41.133718 13 15 41.133718 10700
    911 13 15 41.143717 13 15 41.143717 10700
    912 13 15 41.153722 13 15 41.153722 10700
    913 13 15 41.163715 13 15 41.163715 10700
    914 13 15 41.173723 13 15 41.173723 10700
    915 13 15 41.183726 13 15 41.183726 10700
    916 13 15 41.193719 13 15 41.193719 10700
    917 13 15 41.203718 13 15 41.203718 10700
    918 13 15 41.213729 13 15 41.213729 10700
    919 13 15 41.223733 13 15 41.223733 10700
    920 13 15 41.233722 13 15 41.233722 10700
    921 13 15 41.243723 13 15 41.243723 10700
    922 13 15 41.253722 13 15 41.253722 10700
    923 13 15 41.263846 13 15 41.263846 10700
    924 13 15 41.273803 13 15 41.273803 10700
    925 13 15 41.283707 13 15 41.283707 10700
    926 13 15 41.293720 13 15 41.293720 10700
    927 13 15 41.303739 13 15 41.303739 10700
    928 13 15 41.313724 13 15 41.313724 10700
    929 13 15 41.323737 13 15 41.323737 10700
    930 13 15 41.333736 13 15 41.333736 10700
    931 13 15 41.343735 13 15 41.343735 10700
    932 13 15 41.353802 13 15 41.353802 10700
    933 13 15 41.363799 13 15 41.363799 10700
    934 13 15 41.373725 13 15 41.373725 10700
    935 13 15 41.383727 13 15 41.383727 10700
    936 13 15 41.393707 13 15 41.393707 10700
    937 13 15 41.403722 13 15 41.403722 10700
    938 13 15 41.413741 13 15 41.413741 10700
    939 13 15 41.423859 13 15 41.423859 10700
    940 13 15 41.433722 13 15 41.433722 10700
    941 13 15 41.443725 13 15 41.443725 10700
    942 13 15 41.453721 13 15 41.453721 10700
    943 13 15 41.463726 13 15 41.463726 10700
    944 13 15 41.473706 13 15 41.473706 10700
    945 13 15 41.483719 13 15 41.483719 10700
    946 13 15 41.493758 13 15 41.493758 10700
    947 13 15 41.503708 13 15 41.503708 10700
    948 13 15 41.513742 13 15 41.513742 10700
    949 13 15 41.523722 13 15 41.523722 10700
    950 13 15 41.533723 13 15 41.533723 10700
    951 13 15 41.543722 13 15 41.543722 10700
    952 13 15 41.553741 13 15 41.553741 10700
    953 13 15 41.563704 13 15 41.563704 10700
    954 13 15 41.573757 13 15 41.573757 10700
    955 13 15 41.583733 13 15 41.583733 10700
    956 13 15 41.593668 13 15 41.593668 10700
    957 13 15 41.603727 13 15 41.603727 10700
    958 13 15 41.613725 13 15 41.613725 10700
    959 13 15 41.623719 13 15 41.623719 10700
    960 13 15 41.633719 13 15 41.633719 10700
    961 13 15 41.643718 13 15 41.643718 10700
    962 13 15 41.653744 13 15 41.653744 10700
    963 13 15 41.663719 13 15 41.663719 10700
    964 13 15 41.673721 13 15 41.673721 10700
    965 13 15 41.683718 13 15 41.683718 10700
    966 13 15 41.693724 13 15 41.693724 10700
    967 13 15 41.703719 13 15 41.703719 10700
    968 13 15 41.713720 13 15 41.713720 10700
    969 13 15 41.723717 13 15 41.723717 10700
    970 13 15 41.733722 13 15 41.733722 10700
    971 13 15 41.743741 13 15 41.743741 10700
    972 13 15 41.753745 13 15 41.753745 10700
    973 13 15 41.763744 13 15 41.763744 10700
    974 13 15 41.773721 13 15 41.773721 10700
    975 13 15 41.783746 13 15 41.783746 10700
    976 13 15 41.793728 13 15 41.793728 10700
    977 13 15 41.803719 13 15 41.803719 10700
    978 13 15 41.813721 13 15 41.813721 10700
    979 13 15 41.823717 13 15 41.823717 10700
    980 13 15 41.833717 13 15 41.833717 10700
    981 13 15 41.843716 13 15 41.843716 10700
    982 13 15 41.853718 13 15 41.853718 10700
    983 13 15 41.863717 13 15 41.863717 10700
    984 13 15 41.873748 13 15 41.873748 10700
    985 13 15 41.883716 13 15 41.883716 10700
    986 13 15 41.893729 13 15 41.893729 10700
    987 13 15 41.903717 13 15 41.903717 10700
    988 13 15 41.913718 13 15 41.913718 10700
    989 13 15 41.923718 13 15 41.923718 10700
    990 13 15 41.933720 13 15 41.933720 10700
    991 13 15 41.943720 13 15 41.943720 10700
    992 13 15 41.953718 13 15 41.953718 10700
    993 13 15 41.963718 13 15 41.963718 10700
    994 13 15 41.973722 13 15 41.973722 10700
    995 13 15 41.983752 13 15 41.983752 10700
    996 13 15 41.993726 13 15 41.993726 10700
    997 13 15 42.003709 13 15 42.003709 10700
    998 13 15 42.013717 13 15 42.013717 10700
    999 13 15 42.023716 13 15 42.023716 10700
   1000 13 15 42.033720 13 15 42.033720 10700
