      1 13 10 28.018177 13 10 28.018177 8200
      2 13 10 28.028332 13 10 28.028332 8200
      3 13 10 28.038270 13 10 28.038270 8200
      4 13 10 28.048265 13 10 28.048265 8200
      5 13 10 28.058334 13 10 28.058334 8200
      6 13 10 28.068322 13 10 28.068322 8200
      7 13 10 28.078276 13 10 28.078276 8200
      8 13 10 28.088345 13 10 28.088345 8200
      9 13 10 28.098341 13 10 28.098341 8200
     10 13 10 28.108347 13 10 28.108347 8200
     11 13 10 28.118348 13 10 28.118348 8200
     12 13 10 28.128275 13 10 28.128275 8200
     13 13 10 28.138344 13 10 28.138344 8200
     14 13 10 28.148281 13 10 28.148281 8200
     15 13 10 28.158280 13 10 28.158280 8200
     16 13 10 28.168290 13 10 28.168290 8200
     17 13 10 28.178280 13 10 28.178280 8200
     18 13 10 28.188289 13 10 28.188289 8200
     19 13 10 28.198934 13 10 28.198934 8200
     20 13 10 28.208345 13 10 28.208345 8200
     21 13 10 28.218275 13 10 28.218275 8200
     22 13 10 28.228345 13 10 28.228345 8200
     23 13 10 28.238275 13 10 28.238275 8200
     24 13 10 28.248301 13 10 28.248301 8200
     25 13 10 28.258365 13 10 28.258365 8200
     26 13 10 28.268371 13 10 28.268371 8200
     27 13 10 28.278383 13 10 28.278383 8200
     28 13 10 28.288358 13 10 28.288358 8200
     29 13 10 28.298335 13 10 28.298335 8200
     30 13 10 28.308353 13 10 28.308353 8200
     31 13 10 28.318334 13 10 28.318334 8200
     32 13 10 28.328351 13 10 28.328351 8200
     33 13 10 28.338277 13 10 28.338277 8200
     34 13 10 28.348281 13 10 28.348281 8200
     35 13 10 28.358278 13 10 28.358278 8200
     36 13 10 28.368279 13 10 28.368279 8200
     37 13 10 28.378284 13 10 28.378284 8200
     38 13 10 28.388669 13 10 28.388669 8200
     39 13 10 28.398355 13 10 28.398355 8200
     40 13 10 28.408335 13 10 28.408335 8200
     41 13 10 28.418343 13 10 28.418343 8200
     42 13 10 28.428347 13 10 28.428347 8200
     43 13 10 28.438282 13 10 28.438282 8200
     44 13 10 28.448275 13 10 28.448275 8200
     45 13 10 28.458435 13 10 28.458435 8200
     46 13 10 28.468413 13 10 28.468413 8200
     47 13 10 28.478867 13 10 28.478867 8200
     48 13 10 28.488343 13 10 28.488343 8200
     49 13 10 28.498338 13 10 28.498338 8200
     50 13 10 28.508334 13 10 28.508334 8200
     51 13 10 28.518381 13 10 28.518381 8200
     52 13 10 28.528462 13 10 28.528462 8200
     53 13 10 28.538281 13 10 28.538281 8200
     54 13 10 28.548310 13 10 28.548310 8200
     55 13 10 28.558306 13 10 28.558306 8200
     56 13 10 28.568289 13 10 28.568289 8200
     57 13 10 28.578285 13 10 28.578285 8200
     58 13 10 28.588622 13 10 28.588622 8200
     59 13 10 28.598352 13 10 28.598352 8200
     60 13 10 28.608333 13 10 28.608333 8200
     61 13 10 28.618342 13 10 28.618342 8200
     62 13 10 28.628295 13 10 28.628295 8200
     63 13 10 28.638287 13 10 28.638287 8200
     64 13 10 28.648288 13 10 28.648288 8200
     65 13 10 28.658415 13 10 28.658415 8200
     66 13 10 28.668375 13 10 28.668375 8200
     67 13 10 28.678297 13 10 28.678297 8200
     68 13 10 28.688344 13 10 28.688344 8200
     69 13 10 28.698340 13 10 28.698340 8200
     70 13 10 28.708332 13 10 28.708332 8200
     71 13 10 28.718357 13 10 28.718357 8200
     72 13 10 28.728336 13 10 28.728336 8200
     73 13 10 28.738603 13 10 28.738603 8200
     74 13 10 28.748321 13 10 28.748321 8200
     75 13 10 28.758282 13 10 28.758282 8200
     76 13 10 28.768280 13 10 28.768280 8200
     77 13 10 28.778278 13 10 28.778278 8200
     78 13 10 28.788343 13 10 28.788343 8200
     79 13 10 28.798345 13 10 28.798345 8200
     80 13 10 28.808341 13 10 28.808341 8200
     81 13 10 28.818349 13 10 28.818349 8200
     82 13 10 28.828299 13 10 28.828299 8200
     83 13 10 28.838280 13 10 28.838280 8200
     84 13 10 28.848292 13 10 28.848292 8200
     85 13 10 28.858297 13 10 28.858297 8200
     86 13 10 28.868383 13 10 28.868383 8200
     87 13 10 28.878357 13 10 28.878357 8200
     88 13 10 28.888303 13 10 28.888303 8200
     89 13 10 28.898355 13 10 28.898355 8200
     90 13 10 28.908342 13 10 28.908342 8200
     91 13 10 28.918341 13 10 28.918341 8200
     92 13 10 28.928283 13 10 28.928283 8200
     93 13 10 28.938821 13 10 28.938821 8200
     94 13 10 28.948280 13 10 28.948280 8200
     95 13 10 28.958286 13 10 28.958286 8200
     96 13 10 28.968319 13 10 28.968319 8200
     97 13 10 28.978279 13 10 28.978279 8200
     98 13 10 28.988334 13 10 28.988334 8200
     99 13 10 28.998415 13 10 28.998415 8200
    100 13 10 29.008326 13 10 29.008326 8200
    101 13 10 29.018416 13 10 29.018416 8200
    102 13 10 29.028241 13 10 29.028241 8200
    103 13 10 29.038353 13 10 29.038353 8200
    104 13 10 29.048256 13 10 29.048256 8200
    105 13 10 29.058377 13 10 29.058377 8200
    106 13 10 29.068349 13 10 29.068349 8200
    107 13 10 29.078347 13 10 29.078347 8200
    108 13 10 29.088336 13 10 29.088336 8200
    109 13 10 29.098337 13 10 29.098337 8200
    110 13 10 29.108294 13 10 29.108294 8200
    111 13 10 29.118399 13 10 29.118399 8200
    112 13 10 29.128347 13 10 29.128347 8200
    113 13 10 29.138265 13 10 29.138265 8200
    114 13 10 29.148288 13 10 29.148288 8200
    115 13 10 29.158288 13 10 29.158288 8200
    116 13 10 29.168300 13 10 29.168300 8200
    117 13 10 29.178280 13 10 29.178280 8200
    118 13 10 29.188341 13 10 29.188341 8200
    119 13 10 29.198408 13 10 29.198408 8200
    120 13 10 29.208341 13 10 29.208341 8200
    121 13 10 29.218423 13 10 29.218423 8200
    122 13 10 29.228384 13 10 29.228384 8200
    123 13 10 29.238345 13 10 29.238345 8200
    124 13 10 29.248279 13 10 29.248279 8200
    125 13 10 29.258300 13 10 29.258300 8200
    126 13 10 29.268281 13 10 29.268281 8200
    127 13 10 29.278347 13 10 29.278347 8200
    128 13 10 29.288340 13 10 29.288340 8200
    129 13 10 29.298273 13 10 29.298273 8200
    130 13 10 29.308337 13 10 29.308337 8200
    131 13 10 29.318394 13 10 29.318394 8200
    132 13 10 29.328381 13 10 29.328381 8200
    133 13 10 29.338283 13 10 29.338283 8200
    134 13 10 29.348282 13 10 29.348282 8200
    135 13 10 29.358278 13 10 29.358278 8200
    136 13 10 29.368293 13 10 29.368293 8200
    137 13 10 29.378295 13 10 29.378295 8200
    138 13 10 29.388332 13 10 29.388332 8200
    139 13 10 29.398281 13 10 29.398281 8200
    140 13 10 29.408387 13 10 29.408387 8200
    141 13 10 29.418281 13 10 29.418281 8200
    142 13 10 29.428354 13 10 29.428354 8200
    143 13 10 29.438313 13 10 29.438313 8200
    144 13 10 29.448275 13 10 29.448275 8200
    145 13 10 29.458335 13 10 29.458335 8200
    146 13 10 29.468347 13 10 29.468347 8200
    147 13 10 29.478345 13 10 29.478345 8200
    148 13 10 29.488389 13 10 29.488389 8200
    149 13 10 29.498384 13 10 29.498384 8200
    150 13 10 29.508352 13 10 29.508352 8200
    151 13 10 29.518350 13 10 29.518350 8200
    152 13 10 29.528279 13 10 29.528279 8200
    153 13 10 29.538349 13 10 29.538349 8200
    154 13 10 29.548282 13 10 29.548282 8200
    155 13 10 29.558312 13 10 29.558312 8200
    156 13 10 29.568310 13 10 29.568310 8200
    157 13 10 29.578296 13 10 29.578296 8200
    158 13 10 29.588384 13 10 29.588384 8200
    159 13 10 29.599064 13 10 29.599064 8200
    160 13 10 29.608343 13 10 29.608343 8200
    161 13 10 29.618335 13 10 29.618335 8200
    162 13 10 29.628347 13 10 29.628347 8200
    163 13 10 29.638275 13 10 29.638275 8200
    164 13 10 29.648299 13 10 29.648299 8200
    165 13 10 29.658280 13 10 29.658280 8200
    166 13 10 29.668347 13 10 29.668347 8200
    167 13 10 29.678343 13 10 29.678343 8200
    168 13 10 29.688334 13 10 29.688334 8200
    169 13 10 29.698361 13 10 29.698361 8200
    170 13 10 29.708331 13 10 29.708331 8200
    171 13 10 29.718326 13 10 29.718326 8200
    172 13 10 29.728352 13 10 29.728352 8200
    173 13 10 29.738288 13 10 29.738288 8200
    174 13 10 29.748234 13 10 29.748234 8200
    175 13 10 29.758296 13 10 29.758296 8200
    176 13 10 29.768308 13 10 29.768308 8200
    177 13 10 29.778375 13 10 29.778375 8200
    178 13 10 29.788353 13 10 29.788353 8200
    179 13 10 29.798338 13 10 29.798338 8200
    180 13 10 29.808346 13 10 29.808346 8200
    181 13 10 29.818276 13 10 29.818276 8200
    182 13 10 29.828324 13 10 29.828324 8200
    183 13 10 29.838345 13 10 29.838345 8200
    184 13 10 29.848283 13 10 29.848283 8200
    185 13 10 29.858350 13 10 29.858350 8200
    186 13 10 29.868348 13 10 29.868348 8200
    187 13 10 29.878336 13 10 29.878336 8200
    188 13 10 29.888303 13 10 29.888303 8200
    189 13 10 29.898406 13 10 29.898406 8200
    190 13 10 29.908298 13 10 29.908298 8200
    191 13 10 29.918343 13 10 29.918343 8200
    192 13 10 29.928339 13 10 29.928339 8200
    193 13 10 29.938362 13 10 29.938362 8200
    194 13 10 29.948347 13 10 29.948347 8200
    195 13 10 29.958283 13 10 29.958283 8200
    196 13 10 29.968295 13 10 29.968295 8200
    197 13 10 29.978276 13 10 29.978276 8200
    198 13 10 29.988324 13 10 29.988324 8200
    199 13 10 29.998345 13 10 29.998345 8200
    200 13 10 30.008368 13 10 30.008368 8200
    201 13 10 30.018350 13 10 30.018350 8200
    202 13 10 30.028248 13 10 30.028248 8200
    203 13 10 30.038287 13 10 30.038287 8200
    204 13 10 30.048273 13 10 30.048273 8200
    205 13 10 30.058281 13 10 30.058281 8200
    206 13 10 30.068466 13 10 30.068466 8200
    207 13 10 30.078341 13 10 30.078341 8200
    208 13 10 30.088349 13 10 30.088349 8200
    209 13 10 30.098358 13 10 30.098358 8200
    210 13 10 30.108342 13 10 30.108342 8200
    211 13 10 30.118273 13 10 30.118273 8200
    212 13 10 30.128330 13 10 30.128330 8200
    213 13 10 30.138335 13 10 30.138335 8200
    214 13 10 30.148527 13 10 30.148527 8200
    215 13 10 30.158280 13 10 30.158280 8200
    216 13 10 30.168354 13 10 30.168354 8200
    217 13 10 30.178284 13 10 30.178284 8200
    218 13 10 30.188286 13 10 30.188286 8200
    219 13 10 30.198315 13 10 30.198315 8200
    220 13 10 30.208283 13 10 30.208283 8200
    221 13 10 30.218280 13 10 30.218280 8200
    222 13 10 30.228280 13 10 30.228280 8200
    223 13 10 30.238347 13 10 30.238347 8200
    224 13 10 30.248310 13 10 30.248310 8200
    225 13 10 30.258288 13 10 30.258288 8200
    226 13 10 30.268294 13 10 30.268294 8200
    227 13 10 30.278328 13 10 30.278328 8200
    228 13 10 30.288333 13 10 30.288333 8200
    229 13 10 30.298337 13 10 30.298337 8200
    230 13 10 30.308332 13 10 30.308332 8200
    231 13 10 30.318341 13 10 30.318341 8200
    232 13 10 30.328331 13 10 30.328331 8200
    233 13 10 30.338294 13 10 30.338294 8200
    234 13 10 30.348290 13 10 30.348290 8200
    235 13 10 30.358277 13 10 30.358277 8200
    236 13 10 30.368279 13 10 30.368279 8200
    237 13 10 30.378251 13 10 30.378251 8200
    238 13 10 30.388279 13 10 30.388279 8200
    239 13 10 30.398351 13 10 30.398351 8200
    240 13 10 30.408387 13 10 30.408387 8200
    241 13 10 30.418407 13 10 30.418407 8200
    242 13 10 30.428336 13 10 30.428336 8200
    243 13 10 30.438348 13 10 30.438348 8200
    244 13 10 30.448277 13 10 30.448277 8200
    245 13 10 30.458279 13 10 30.458279 8200
    246 13 10 30.468348 13 10 30.468348 8200
    247 13 10 30.478408 13 10 30.478408 8200
    248 13 10 30.488361 13 10 30.488361 8200
    249 13 10 30.498301 13 10 30.498301 8200
    250 13 10 30.508279 13 10 30.508279 8200
    251 13 10 30.518347 13 10 30.518347 8200
    252 13 10 30.528272 13 10 30.528272 8200
    253 13 10 30.538299 13 10 30.538299 8200
    254 13 10 30.548273 13 10 30.548273 8200
    255 13 10 30.558285 13 10 30.558285 8200
    256 13 10 30.568277 13 10 30.568277 8200
    257 13 10 30.578286 13 10 30.578286 8200
    258 13 10 30.588273 13 10 30.588273 8200
    259 13 10 30.598324 13 10 30.598324 8200
    260 13 10 30.608357 13 10 30.608357 8200
    261 13 10 30.618356 13 10 30.618356 8200
    262 13 10 30.628332 13 10 30.628332 8200
    263 13 10 30.638277 13 10 30.638277 8200
    264 13 10 30.648291 13 10 30.648291 8200
    265 13 10 30.658294 13 10 30.658294 8200
    266 13 10 30.668340 13 10 30.668340 8200
    267 13 10 30.678356 13 10 30.678356 8200
    268 13 10 30.688341 13 10 30.688341 8200
    269 13 10 30.698274 13 10 30.698274 8200
    270 13 10 30.708339 13 10 30.708339 8200
    271 13 10 30.718295 13 10 30.718295 8200
    272 13 10 30.728332 13 10 30.728332 8200
    273 13 10 30.738389 13 10 30.738389 8200
    274 13 10 30.748277 13 10 30.748277 8200
    275 13 10 30.758296 13 10 30.758296 8200
    276 13 10 30.768291 13 10 30.768291 8200
    277 13 10 30.778289 13 10 30.778289 8200
    278 13 10 30.788295 13 10 30.788295 8200
    279 13 10 30.798338 13 10 30.798338 8200
    280 13 10 30.808337 13 10 30.808337 8200
    281 13 10 30.818345 13 10 30.818345 8200
    282 13 10 30.828392 13 10 30.828392 8200
    283 13 10 30.838277 13 10 30.838277 8200
    284 13 10 30.848290 13 10 30.848290 8200
    285 13 10 30.858305 13 10 30.858305 8200
    286 13 10 30.869036 13 10 30.869036 8200
    287 13 10 30.878350 13 10 30.878350 8200
    288 13 10 30.888341 13 10 30.888341 8200
    289 13 10 30.898595 13 10 30.898595 8200
    290 13 10 30.908342 13 10 30.908342 8200
    291 13 10 30.918357 13 10 30.918357 8200
    292 13 10 30.928349 13 10 30.928349 8200
    293 13 10 30.938344 13 10 30.938344 8200
    294 13 10 30.948277 13 10 30.948277 8200
    295 13 10 30.958351 13 10 30.958351 8200
    296 13 10 30.968277 13 10 30.968277 8200
    297 13 10 30.978315 13 10 30.978315 8200
    298 13 10 30.988279 13 10 30.988279 8200
    299 13 10 30.998305 13 10 30.998305 8200
    300 13 10 31.008279 13 10 31.008279 8200
    301 13 10 31.018349 13 10 31.018349 8200
    302 13 10 31.028435 13 10 31.028435 8200
    303 13 10 31.038292 13 10 31.038292 8200
    304 13 10 31.048342 13 10 31.048342 8200
    305 13 10 31.058334 13 10 31.058334 8200
    306 13 10 31.068284 13 10 31.068284 8200
    307 13 10 31.078357 13 10 31.078357 8200
    308 13 10 31.088349 13 10 31.088349 8200
    309 13 10 31.098355 13 10 31.098355 8200
    310 13 10 31.108335 13 10 31.108335 8200
    311 13 10 31.118301 13 10 31.118301 8200
    312 13 10 31.128336 13 10 31.128336 8200
    313 13 10 31.138342 13 10 31.138342 8200
    314 13 10 31.148298 13 10 31.148298 8200
    315 13 10 31.158322 13 10 31.158322 8200
    316 13 10 31.168289 13 10 31.168289 8200
    317 13 10 31.178311 13 10 31.178311 8200
    318 13 10 31.188230 13 10 31.188230 8200
    319 13 10 31.198346 13 10 31.198346 8200
    320 13 10 31.208301 13 10 31.208301 8200
    321 13 10 31.218288 13 10 31.218288 8200
    322 13 10 31.228342 13 10 31.228342 8200
    323 13 10 31.238374 13 10 31.238374 8200
    324 13 10 31.248276 13 10 31.248276 8200
    325 13 10 31.258285 13 10 31.258285 8200
    326 13 10 31.268482 13 10 31.268482 8200
    327 13 10 31.278348 13 10 31.278348 8200
    328 13 10 31.288280 13 10 31.288280 8200
    329 13 10 31.298306 13 10 31.298306 8200
    330 13 10 31.308347 13 10 31.308347 8200
    331 13 10 31.318342 13 10 31.318342 8200
    332 13 10 31.328279 13 10 31.328279 8200
    333 13 10 31.338343 13 10 31.338343 8200
    334 13 10 31.348285 13 10 31.348285 8200
    335 13 10 31.358268 13 10 31.358268 8200
    336 13 10 31.368276 13 10 31.368276 8200
    337 13 10 31.378280 13 10 31.378280 8200
    338 13 10 31.388279 13 10 31.388279 8200
    339 13 10 31.398357 13 10 31.398357 8200
    340 13 10 31.408343 13 10 31.408343 8200
    341 13 10 31.418413 13 10 31.418413 8200
    342 13 10 31.428332 13 10 31.428332 8200
    343 13 10 31.438282 13 10 31.438282 8200
    344 13 10 31.448280 13 10 31.448280 8200
    345 13 10 31.458280 13 10 31.458280 8200
    346 13 10 31.468316 13 10 31.468316 8200
    347 13 10 31.478342 13 10 31.478342 8200
    348 13 10 31.488275 13 10 31.488275 8200
    349 13 10 31.498346 13 10 31.498346 8200
    350 13 10 31.508348 13 10 31.508348 8200
    351 13 10 31.518350 13 10 31.518350 8200
    352 13 10 31.528432 13 10 31.528432 8200
    353 13 10 31.538344 13 10 31.538344 8200
    354 13 10 31.548277 13 10 31.548277 8200
    355 13 10 31.558306 13 10 31.558306 8200
    356 13 10 31.568297 13 10 31.568297 8200
    357 13 10 31.578289 13 10 31.578289 8200
    358 13 10 31.588309 13 10 31.588309 8200
    359 13 10 31.598687 13 10 31.598687 8200
    360 13 10 31.608460 13 10 31.608460 8200
    361 13 10 31.618282 13 10 31.618282 8200
    362 13 10 31.628284 13 10 31.628284 8200
    363 13 10 31.638480 13 10 31.638480 8200
    364 13 10 31.648384 13 10 31.648384 8200
    365 13 10 31.658284 13 10 31.658284 8200
    366 13 10 31.668548 13 10 31.668548 8200
    367 13 10 31.678364 13 10 31.678364 8200
    368 13 10 31.688366 13 10 31.688366 8200
    369 13 10 31.698447 13 10 31.698447 8200
    370 13 10 31.708342 13 10 31.708342 8200
    371 13 10 31.718340 13 10 31.718340 8200
    372 13 10 31.728335 13 10 31.728335 8200
    373 13 10 31.738360 13 10 31.738360 8200
    374 13 10 31.748343 13 10 31.748343 8200
    375 13 10 31.758275 13 10 31.758275 8200
    376 13 10 31.768276 13 10 31.768276 8200
    377 13 10 31.778234 13 10 31.778234 8200
    378 13 10 31.788313 13 10 31.788313 8200
    379 13 10 31.798860 13 10 31.798860 8200
    380 13 10 31.808302 13 10 31.808302 8200
    381 13 10 31.818279 13 10 31.818279 8200
    382 13 10 31.828348 13 10 31.828348 8200
    383 13 10 31.838374 13 10 31.838374 8200
    384 13 10 31.848282 13 10 31.848282 8200
    385 13 10 31.858285 13 10 31.858285 8200
    386 13 10 31.868583 13 10 31.868583 8200
    387 13 10 31.878340 13 10 31.878340 8200
    388 13 10 31.888349 13 10 31.888349 8200
    389 13 10 31.898299 13 10 31.898299 8200
    390 13 10 31.908362 13 10 31.908362 8200
    391 13 10 31.918351 13 10 31.918351 8200
    392 13 10 31.928294 13 10 31.928294 8200
    393 13 10 31.938278 13 10 31.938278 8200
    394 13 10 31.948375 13 10 31.948375 8200
    395 13 10 31.958290 13 10 31.958290 8200
    396 13 10 31.968277 13 10 31.968277 8200
    397 13 10 31.978290 13 10 31.978290 8200
    398 13 10 31.988296 13 10 31.988296 8200
    399 13 10 31.998333 13 10 31.998333 8200
    400 13 10 32.008333 13 10 32.008333 8200
    401 13 10 32.018408 13 10 32.018408 8200
    402 13 10 32.028241 13 10 32.028241 8200
    403 13 10 32.038398 13 10 32.038398 8200
    404 13 10 32.048276 13 10 32.048276 8200
    405 13 10 32.058284 13 10 32.058284 8200
    406 13 10 32.068300 13 10 32.068300 8200
    407 13 10 32.078344 13 10 32.078344 8200
    408 13 10 32.088374 13 10 32.088374 8200
    409 13 10 32.098346 13 10 32.098346 8200
    410 13 10 32.108344 13 10 32.108344 8200
    411 13 10 32.118321 13 10 32.118321 8200
    412 13 10 32.128349 13 10 32.128349 8200
    413 13 10 32.138387 13 10 32.138387 8200
    414 13 10 32.148277 13 10 32.148277 8200
    415 13 10 32.158289 13 10 32.158289 8200
    416 13 10 32.168281 13 10 32.168281 8200
    417 13 10 32.178291 13 10 32.178291 8200
    418 13 10 32.188310 13 10 32.188310 8200
    419 13 10 32.198521 13 10 32.198521 8200
    420 13 10 32.208410 13 10 32.208410 8200
    421 13 10 32.218280 13 10 32.218280 8200
    422 13 10 32.228296 13 10 32.228296 8200
    423 13 10 32.238370 13 10 32.238370 8200
    424 13 10 32.248274 13 10 32.248274 8200
    425 13 10 32.258298 13 10 32.258298 8200
    426 13 10 32.268315 13 10 32.268315 8200
    427 13 10 32.278346 13 10 32.278346 8200
    428 13 10 32.288400 13 10 32.288400 8200
    429 13 10 32.298301 13 10 32.298301 8200
    430 13 10 32.308385 13 10 32.308385 8200
    431 13 10 32.318337 13 10 32.318337 8200
    432 13 10 32.328310 13 10 32.328310 8200
    433 13 10 32.338335 13 10 32.338335 8200
    434 13 10 32.348278 13 10 32.348278 8200
    435 13 10 32.358279 13 10 32.358279 8200
    436 13 10 32.368288 13 10 32.368288 8200
    437 13 10 32.378295 13 10 32.378295 8200
    438 13 10 32.388280 13 10 32.388280 8200
    439 13 10 32.398882 13 10 32.398882 8200
    440 13 10 32.408352 13 10 32.408352 8200
    441 13 10 32.418286 13 10 32.418286 8200
    442 13 10 32.428274 13 10 32.428274 8200
    443 13 10 32.438370 13 10 32.438370 8200
    444 13 10 32.448281 13 10 32.448281 8200
    445 13 10 32.458418 13 10 32.458418 8200
    446 13 10 32.468446 13 10 32.468446 8200
    447 13 10 32.478400 13 10 32.478400 8200
    448 13 10 32.488439 13 10 32.488439 8200
    449 13 10 32.498359 13 10 32.498359 8200
    450 13 10 32.508308 13 10 32.508308 8200
    451 13 10 32.518327 13 10 32.518327 8200
    452 13 10 32.528404 13 10 32.528404 8200
    453 13 10 32.538429 13 10 32.538429 8200
    454 13 10 32.548332 13 10 32.548332 8200
    455 13 10 32.558284 13 10 32.558284 8200
    456 13 10 32.568278 13 10 32.568278 8200
    457 13 10 32.578282 13 10 32.578282 8200
    458 13 10 32.588244 13 10 32.588244 8200
    459 13 10 32.598672 13 10 32.598672 8200
    460 13 10 32.608336 13 10 32.608336 8200
    461 13 10 32.618330 13 10 32.618330 8200
    462 13 10 32.628332 13 10 32.628332 8200
    463 13 10 32.638339 13 10 32.638339 8200
    464 13 10 32.648358 13 10 32.648358 8200
    465 13 10 32.658281 13 10 32.658281 8200
    466 13 10 32.668745 13 10 32.668745 8200
    467 13 10 32.678313 13 10 32.678313 8200
    468 13 10 32.688279 13 10 32.688279 8200
    469 13 10 32.698275 13 10 32.698275 8200
    470 13 10 32.708278 13 10 32.708278 8200
    471 13 10 32.718226 13 10 32.718226 8200
    472 13 10 32.728337 13 10 32.728337 8200
    473 13 10 32.738337 13 10 32.738337 8200
    474 13 10 32.748337 13 10 32.748337 8200
    475 13 10 32.758217 13 10 32.758217 8200
    476 13 10 32.768281 13 10 32.768281 8200
    477 13 10 32.778281 13 10 32.778281 8200
    478 13 10 32.788280 13 10 32.788280 8200
    479 13 10 32.798329 13 10 32.798329 8200
    480 13 10 32.808687 13 10 32.808687 8200
    481 13 10 32.818306 13 10 32.818306 8200
    482 13 10 32.828350 13 10 32.828350 8200
    483 13 10 32.838278 13 10 32.838278 8200
    484 13 10 32.848274 13 10 32.848274 8200
    485 13 10 32.858294 13 10 32.858294 8200
    486 13 10 32.868295 13 10 32.868295 8200
    487 13 10 32.878340 13 10 32.878340 8200
    488 13 10 32.888350 13 10 32.888350 8200
    489 13 10 32.898434 13 10 32.898434 8200
    490 13 10 32.908337 13 10 32.908337 8200
    491 13 10 32.918339 13 10 32.918339 8200
    492 13 10 32.928342 13 10 32.928342 8200
    493 13 10 32.939408 13 10 32.939408 8200
    494 13 10 32.948323 13 10 32.948323 8200
    495 13 10 32.958289 13 10 32.958289 8200
    496 13 10 32.968280 13 10 32.968280 8200
    497 13 10 32.978298 13 10 32.978298 8200
    498 13 10 32.988278 13 10 32.988278 8200
    499 13 10 32.998300 13 10 32.998300 8200
    500 13 10 33.008347 13 10 33.008347 8200
    501 13 10 33.018346 13 10 33.018346 8200
    502 13 10 33.028384 13 10 33.028384 8200
    503 13 10 33.038252 13 10 33.038252 8200
    504 13 10 33.048278 13 10 33.048278 8200
    505 13 10 33.058289 13 10 33.058289 8200
    506 13 10 33.068477 13 10 33.068477 8200
    507 13 10 33.078342 13 10 33.078342 8200
    508 13 10 33.088348 13 10 33.088348 8200
    509 13 10 33.098345 13 10 33.098345 8200
    510 13 10 33.108322 13 10 33.108322 8200
    511 13 10 33.118330 13 10 33.118330 8200
    512 13 10 33.128283 13 10 33.128283 8200
    513 13 10 33.138330 13 10 33.138330 8200
    514 13 10 33.148341 13 10 33.148341 8200
    515 13 10 33.158256 13 10 33.158256 8200
    516 13 10 33.168343 13 10 33.168343 8200
    517 13 10 33.178300 13 10 33.178300 8200
    518 13 10 33.188279 13 10 33.188279 8200
    519 13 10 33.198478 13 10 33.198478 8200
    520 13 10 33.208337 13 10 33.208337 8200
    521 13 10 33.218299 13 10 33.218299 8200
    522 13 10 33.228344 13 10 33.228344 8200
    523 13 10 33.238404 13 10 33.238404 8200
    524 13 10 33.248275 13 10 33.248275 8200
    525 13 10 33.258277 13 10 33.258277 8200
    526 13 10 33.268518 13 10 33.268518 8200
    527 13 10 33.278312 13 10 33.278312 8200
    528 13 10 33.288339 13 10 33.288339 8200
    529 13 10 33.298335 13 10 33.298335 8200
    530 13 10 33.308301 13 10 33.308301 8200
    531 13 10 33.318337 13 10 33.318337 8200
    532 13 10 33.328270 13 10 33.328270 8200
    533 13 10 33.338340 13 10 33.338340 8200
    534 13 10 33.348320 13 10 33.348320 8200
    535 13 10 33.358223 13 10 33.358223 8200
    536 13 10 33.368308 13 10 33.368308 8200
    537 13 10 33.378281 13 10 33.378281 8200
    538 13 10 33.388272 13 10 33.388272 8200
    539 13 10 33.398327 13 10 33.398327 8200
    540 13 10 33.408295 13 10 33.408295 8200
    541 13 10 33.418398 13 10 33.418398 8200
    542 13 10 33.428378 13 10 33.428378 8200
    543 13 10 33.438349 13 10 33.438349 8200
    544 13 10 33.448278 13 10 33.448278 8200
    545 13 10 33.458280 13 10 33.458280 8200
    546 13 10 33.468598 13 10 33.468598 8200
    547 13 10 33.478318 13 10 33.478318 8200
    548 13 10 33.488287 13 10 33.488287 8200
    549 13 10 33.498336 13 10 33.498336 8200
    550 13 10 33.508276 13 10 33.508276 8200
    551 13 10 33.518284 13 10 33.518284 8200
    552 13 10 33.528474 13 10 33.528474 8200
    553 13 10 33.538296 13 10 33.538296 8200
    554 13 10 33.548366 13 10 33.548366 8200
    555 13 10 33.558290 13 10 33.558290 8200
    556 13 10 33.568277 13 10 33.568277 8200
    557 13 10 33.578266 13 10 33.578266 8200
    558 13 10 33.588259 13 10 33.588259 8200
    559 13 10 33.598691 13 10 33.598691 8200
    560 13 10 33.608429 13 10 33.608429 8200
    561 13 10 33.618344 13 10 33.618344 8200
    562 13 10 33.628352 13 10 33.628352 8200
    563 13 10 33.638347 13 10 33.638347 8200
    564 13 10 33.648301 13 10 33.648301 8200
    565 13 10 33.658284 13 10 33.658284 8200
    566 13 10 33.668371 13 10 33.668371 8200
    567 13 10 33.678283 13 10 33.678283 8200
    568 13 10 33.688467 13 10 33.688467 8200
    569 13 10 33.698354 13 10 33.698354 8200
    570 13 10 33.708320 13 10 33.708320 8200
    571 13 10 33.718349 13 10 33.718349 8200
    572 13 10 33.728335 13 10 33.728335 8200
    573 13 10 33.738497 13 10 33.738497 8200
    574 13 10 33.748421 13 10 33.748421 8200
    575 13 10 33.758352 13 10 33.758352 8200
    576 13 10 33.768276 13 10 33.768276 8200
    577 13 10 33.778278 13 10 33.778278 8200
    578 13 10 33.788288 13 10 33.788288 8200
    579 13 10 33.798386 13 10 33.798386 8200
    580 13 10 33.808385 13 10 33.808385 8200
    581 13 10 33.818353 13 10 33.818353 8200
    582 13 10 33.828276 13 10 33.828276 8200
    583 13 10 33.838335 13 10 33.838335 8200
    584 13 10 33.848350 13 10 33.848350 8200
    585 13 10 33.858274 13 10 33.858274 8200
    586 13 10 33.868937 13 10 33.868937 8200
    587 13 10 33.878343 13 10 33.878343 8200
    588 13 10 33.888387 13 10 33.888387 8200
    589 13 10 33.898302 13 10 33.898302 8200
    590 13 10 33.908296 13 10 33.908296 8200
    591 13 10 33.918328 13 10 33.918328 8200
    592 13 10 33.928345 13 10 33.928345 8200
    593 13 10 33.938346 13 10 33.938346 8200
    594 13 10 33.948348 13 10 33.948348 8200
    595 13 10 33.958294 13 10 33.958294 8200
    596 13 10 33.968263 13 10 33.968263 8200
    597 13 10 33.978279 13 10 33.978279 8200
    598 13 10 33.988278 13 10 33.988278 8200
    599 13 10 33.998344 13 10 33.998344 8200
    600 13 10 34.008341 13 10 34.008341 8200
    601 13 10 34.018326 13 10 34.018326 8200
    602 13 10 34.028360 13 10 34.028360 8200
    603 13 10 34.038348 13 10 34.038348 8200
    604 13 10 34.048416 13 10 34.048416 8200
    605 13 10 34.058284 13 10 34.058284 8200
    606 13 10 34.068283 13 10 34.068283 8200
    607 13 10 34.078389 13 10 34.078389 8200
    608 13 10 34.088248 13 10 34.088248 8200
    609 13 10 34.098345 13 10 34.098345 8200
    610 13 10 34.108342 13 10 34.108342 8200
    611 13 10 34.118282 13 10 34.118282 8200
    612 13 10 34.128362 13 10 34.128362 8200
    613 13 10 34.138340 13 10 34.138340 8200
    614 13 10 34.148380 13 10 34.148380 8200
    615 13 10 34.158264 13 10 34.158264 8200
    616 13 10 34.168264 13 10 34.168264 8200
    617 13 10 34.178280 13 10 34.178280 8200
    618 13 10 34.188302 13 10 34.188302 8200
    619 13 10 34.198377 13 10 34.198377 8200
    620 13 10 34.208329 13 10 34.208329 8200
    621 13 10 34.218341 13 10 34.218341 8200
    622 13 10 34.228282 13 10 34.228282 8200
    623 13 10 34.238289 13 10 34.238289 8200
    624 13 10 34.248339 13 10 34.248339 8200
    625 13 10 34.258287 13 10 34.258287 8200
    626 13 10 34.268425 13 10 34.268425 8200
    627 13 10 34.278464 13 10 34.278464 8200
    628 13 10 34.288333 13 10 34.288333 8200
    629 13 10 34.298341 13 10 34.298341 8200
    630 13 10 34.308301 13 10 34.308301 8200
    631 13 10 34.318384 13 10 34.318384 8200
    632 13 10 34.328296 13 10 34.328296 8200
    633 13 10 34.338281 13 10 34.338281 8200
    634 13 10 34.348336 13 10 34.348336 8200
    635 13 10 34.358344 13 10 34.358344 8200
    636 13 10 34.368270 13 10 34.368270 8200
    637 13 10 34.378284 13 10 34.378284 8200
    638 13 10 34.388275 13 10 34.388275 8200
    639 13 10 34.398316 13 10 34.398316 8200
    640 13 10 34.408363 13 10 34.408363 8200
    641 13 10 34.418367 13 10 34.418367 8200
    642 13 10 34.428392 13 10 34.428392 8200
    643 13 10 34.438335 13 10 34.438335 8200
    644 13 10 34.448416 13 10 34.448416 8200
    645 13 10 34.458224 13 10 34.458224 8200
    646 13 10 34.468347 13 10 34.468347 8200
    647 13 10 34.478400 13 10 34.478400 8200
    648 13 10 34.489393 13 10 34.489393 8200
    649 13 10 34.498399 13 10 34.498399 8200
    650 13 10 34.508446 13 10 34.508446 8200
    651 13 10 34.518327 13 10 34.518327 8200
    652 13 10 34.528480 13 10 34.528480 8200
    653 13 10 34.538414 13 10 34.538414 8200
    654 13 10 34.548349 13 10 34.548349 8200
    655 13 10 34.558363 13 10 34.558363 8200
    656 13 10 34.568274 13 10 34.568274 8200
    657 13 10 34.578276 13 10 34.578276 8200
    658 13 10 34.588275 13 10 34.588275 8200
    659 13 10 34.598287 13 10 34.598287 8200
    660 13 10 34.609076 13 10 34.609076 8200
    661 13 10 34.618389 13 10 34.618389 8200
    662 13 10 34.628349 13 10 34.628349 8200
    663 13 10 34.638339 13 10 34.638339 8200
    664 13 10 34.648279 13 10 34.648279 8200
    665 13 10 34.658298 13 10 34.658298 8200
    666 13 10 34.668332 13 10 34.668332 8200
    667 13 10 34.678373 13 10 34.678373 8200
    668 13 10 34.688561 13 10 34.688561 8200
    669 13 10 34.698346 13 10 34.698346 8200
    670 13 10 34.708331 13 10 34.708331 8200
    671 13 10 34.718349 13 10 34.718349 8200
    672 13 10 34.728330 13 10 34.728330 8200
    673 13 10 34.738337 13 10 34.738337 8200
    674 13 10 34.748278 13 10 34.748278 8200
    675 13 10 34.758279 13 10 34.758279 8200
    676 13 10 34.768295 13 10 34.768295 8200
    677 13 10 34.778266 13 10 34.778266 8200
    678 13 10 34.788311 13 10 34.788311 8200
    679 13 10 34.798338 13 10 34.798338 8200
    680 13 10 34.808393 13 10 34.808393 8200
    681 13 10 34.818342 13 10 34.818342 8200
    682 13 10 34.828634 13 10 34.828634 8200
    683 13 10 34.838343 13 10 34.838343 8200
    684 13 10 34.848345 13 10 34.848345 8200
    685 13 10 34.858285 13 10 34.858285 8200
    686 13 10 34.868419 13 10 34.868419 8200
    687 13 10 34.878234 13 10 34.878234 8200
    688 13 10 34.888334 13 10 34.888334 8200
    689 13 10 34.898345 13 10 34.898345 8200
    690 13 10 34.908330 13 10 34.908330 8200
    691 13 10 34.918280 13 10 34.918280 8200
    692 13 10 34.928336 13 10 34.928336 8200
    693 13 10 34.938341 13 10 34.938341 8200
    694 13 10 34.948349 13 10 34.948349 8200
    695 13 10 34.958275 13 10 34.958275 8200
    696 13 10 34.968288 13 10 34.968288 8200
    697 13 10 34.978296 13 10 34.978296 8200
    698 13 10 34.988290 13 10 34.988290 8200
    699 13 10 34.998339 13 10 34.998339 8200
    700 13 10 35.008308 13 10 35.008308 8200
    701 13 10 35.018340 13 10 35.018340 8200
    702 13 10 35.028275 13 10 35.028275 8200
    703 13 10 35.038367 13 10 35.038367 8200
    704 13 10 35.048278 13 10 35.048278 8200
    705 13 10 35.058278 13 10 35.058278 8200
    706 13 10 35.068348 13 10 35.068348 8200
    707 13 10 35.078895 13 10 35.078895 8200
    708 13 10 35.088363 13 10 35.088363 8200
    709 13 10 35.098303 13 10 35.098303 8200
    710 13 10 35.108431 13 10 35.108431 8200
    711 13 10 35.118344 13 10 35.118344 8200
    712 13 10 35.128275 13 10 35.128275 8200
    713 13 10 35.138572 13 10 35.138572 8200
    714 13 10 35.148300 13 10 35.148300 8200
    715 13 10 35.158279 13 10 35.158279 8200
    716 13 10 35.168292 13 10 35.168292 8200
    717 13 10 35.178297 13 10 35.178297 8200
    718 13 10 35.188296 13 10 35.188296 8200
    719 13 10 35.198357 13 10 35.198357 8200
    720 13 10 35.208435 13 10 35.208435 8200
    721 13 10 35.218356 13 10 35.218356 8200
    722 13 10 35.228499 13 10 35.228499 8200
    723 13 10 35.238376 13 10 35.238376 8200
    724 13 10 35.248508 13 10 35.248508 8200
    725 13 10 35.258276 13 10 35.258276 8200
    726 13 10 35.268273 13 10 35.268273 8200
    727 13 10 35.278325 13 10 35.278325 8200
    728 13 10 35.288336 13 10 35.288336 8200
    729 13 10 35.298343 13 10 35.298343 8200
    730 13 10 35.308346 13 10 35.308346 8200
    731 13 10 35.318342 13 10 35.318342 8200
    732 13 10 35.328293 13 10 35.328293 8200
    733 13 10 35.338344 13 10 35.338344 8200
    734 13 10 35.348418 13 10 35.348418 8200
    735 13 10 35.358274 13 10 35.358274 8200
    736 13 10 35.368277 13 10 35.368277 8200
    737 13 10 35.378275 13 10 35.378275 8200
    738 13 10 35.388275 13 10 35.388275 8200
    739 13 10 35.398356 13 10 35.398356 8200
    740 13 10 35.408298 13 10 35.408298 8200
    741 13 10 35.418345 13 10 35.418345 8200
    742 13 10 35.428339 13 10 35.428339 8200
    743 13 10 35.438352 13 10 35.438352 8200
    744 13 10 35.448649 13 10 35.448649 8200
    745 13 10 35.458266 13 10 35.458266 8200
    746 13 10 35.468274 13 10 35.468274 8200
    747 13 10 35.478346 13 10 35.478346 8200
    748 13 10 35.488278 13 10 35.488278 8200
    749 13 10 35.498345 13 10 35.498345 8200
    750 13 10 35.508350 13 10 35.508350 8200
    751 13 10 35.518298 13 10 35.518298 8200
    752 13 10 35.528407 13 10 35.528407 8200
    753 13 10 35.538372 13 10 35.538372 8200
    754 13 10 35.548341 13 10 35.548341 8200
    755 13 10 35.558284 13 10 35.558284 8200
    756 13 10 35.568277 13 10 35.568277 8200
    757 13 10 35.578282 13 10 35.578282 8200
    758 13 10 35.588279 13 10 35.588279 8200
    759 13 10 35.598354 13 10 35.598354 8200
    760 13 10 35.608277 13 10 35.608277 8200
    761 13 10 35.618340 13 10 35.618340 8200
    762 13 10 35.628290 13 10 35.628290 8200
    763 13 10 35.638299 13 10 35.638299 8200
    764 13 10 35.648333 13 10 35.648333 8200
    765 13 10 35.658296 13 10 35.658296 8200
    766 13 10 35.668272 13 10 35.668272 8200
    767 13 10 35.679070 13 10 35.679070 8200
    768 13 10 35.688364 13 10 35.688364 8200
    769 13 10 35.698267 13 10 35.698267 8200
    770 13 10 35.708483 13 10 35.708483 8200
    771 13 10 35.718271 13 10 35.718271 8200
    772 13 10 35.728332 13 10 35.728332 8200
    773 13 10 35.738278 13 10 35.738278 8200
    774 13 10 35.748331 13 10 35.748331 8200
    775 13 10 35.758398 13 10 35.758398 8200
    776 13 10 35.768262 13 10 35.768262 8200
    777 13 10 35.778213 13 10 35.778213 8200
    778 13 10 35.788263 13 10 35.788263 8200
    779 13 10 35.798533 13 10 35.798533 8200
    780 13 10 35.808433 13 10 35.808433 8200
    781 13 10 35.818379 13 10 35.818379 8200
    782 13 10 35.828327 13 10 35.828327 8200
    783 13 10 35.838396 13 10 35.838396 8200
    784 13 10 35.848283 13 10 35.848283 8200
    785 13 10 35.858347 13 10 35.858347 8200
    786 13 10 35.868295 13 10 35.868295 8200
    787 13 10 35.879364 13 10 35.879364 8200
    788 13 10 35.888896 13 10 35.888896 8200
    789 13 10 35.898333 13 10 35.898333 8200
    790 13 10 35.908304 13 10 35.908304 8200
    791 13 10 35.918382 13 10 35.918382 8200
    792 13 10 35.928345 13 10 35.928345 8200
    793 13 10 35.938341 13 10 35.938341 8200
    794 13 10 35.948348 13 10 35.948348 8200
    795 13 10 35.958348 13 10 35.958348 8200
    796 13 10 35.968285 13 10 35.968285 8200
    797 13 10 35.978276 13 10 35.978276 8200
    798 13 10 35.988278 13 10 35.988278 8200
    799 13 10 35.998327 13 10 35.998327 8200
    800 13 10 36.008372 13 10 36.008372 8200
    801 13 10 36.018340 13 10 36.018340 8200
    802 13 10 36.028643 13 10 36.028643 8200
    803 13 10 36.038361 13 10 36.038361 8200
    804 13 10 36.048357 13 10 36.048357 8200
    805 13 10 36.058286 13 10 36.058286 8200
    806 13 10 36.068274 13 10 36.068274 8200
    807 13 10 36.078338 13 10 36.078338 8200
    808 13 10 36.088279 13 10 36.088279 8200
    809 13 10 36.098342 13 10 36.098342 8200
    810 13 10 36.108372 13 10 36.108372 8200
    811 13 10 36.118341 13 10 36.118341 8200
    812 13 10 36.128343 13 10 36.128343 8200
    813 13 10 36.138345 13 10 36.138345 8200
    814 13 10 36.148341 13 10 36.148341 8200
    815 13 10 36.158279 13 10 36.158279 8200
    816 13 10 36.168292 13 10 36.168292 8200
    817 13 10 36.178266 13 10 36.178266 8200
    818 13 10 36.188343 13 10 36.188343 8200
    819 13 10 36.198413 13 10 36.198413 8200
    820 13 10 36.208339 13 10 36.208339 8200
    821 13 10 36.218370 13 10 36.218370 8200
    822 13 10 36.228276 13 10 36.228276 8200
    823 13 10 36.238337 13 10 36.238337 8200
    824 13 10 36.248333 13 10 36.248333 8200
    825 13 10 36.258223 13 10 36.258223 8200
    826 13 10 36.268335 13 10 36.268335 8200
    827 13 10 36.278356 13 10 36.278356 8200
    828 13 10 36.288640 13 10 36.288640 8200
    829 13 10 36.298360 13 10 36.298360 8200
    830 13 10 36.308383 13 10 36.308383 8200
    831 13 10 36.318350 13 10 36.318350 8200
    832 13 10 36.328476 13 10 36.328476 8200
    833 13 10 36.338405 13 10 36.338405 8200
    834 13 10 36.348348 13 10 36.348348 8200
    835 13 10 36.358280 13 10 36.358280 8200
    836 13 10 36.368293 13 10 36.368293 8200
    837 13 10 36.378290 13 10 36.378290 8200
    838 13 10 36.388291 13 10 36.388291 8200
    839 13 10 36.398304 13 10 36.398304 8200
    840 13 10 36.408343 13 10 36.408343 8200
    841 13 10 36.418342 13 10 36.418342 8200
    842 13 10 36.428339 13 10 36.428339 8200
    843 13 10 36.438349 13 10 36.438349 8200
    844 13 10 36.448279 13 10 36.448279 8200
    845 13 10 36.458283 13 10 36.458283 8200
    846 13 10 36.468290 13 10 36.468290 8200
    847 13 10 36.478321 13 10 36.478321 8200
    848 13 10 36.488321 13 10 36.488321 8200
    849 13 10 36.498285 13 10 36.498285 8200
    850 13 10 36.508277 13 10 36.508277 8200
    851 13 10 36.518301 13 10 36.518301 8200
    852 13 10 36.528283 13 10 36.528283 8200
    853 13 10 36.538300 13 10 36.538300 8200
    854 13 10 36.548417 13 10 36.548417 8200
    855 13 10 36.558278 13 10 36.558278 8200
    856 13 10 36.568311 13 10 36.568311 8200
    857 13 10 36.578280 13 10 36.578280 8200
    858 13 10 36.588281 13 10 36.588281 8200
    859 13 10 36.598266 13 10 36.598266 8200
    860 13 10 36.608282 13 10 36.608282 8200
    861 13 10 36.618282 13 10 36.618282 8200
    862 13 10 36.628349 13 10 36.628349 8200
    863 13 10 36.638325 13 10 36.638325 8200
    864 13 10 36.648372 13 10 36.648372 8200
    865 13 10 36.658284 13 10 36.658284 8200
    866 13 10 36.668281 13 10 36.668281 8200
    867 13 10 36.678423 13 10 36.678423 8200
    868 13 10 36.688389 13 10 36.688389 8200
    869 13 10 36.698407 13 10 36.698407 8200
    870 13 10 36.708348 13 10 36.708348 8200
    871 13 10 36.718373 13 10 36.718373 8200
    872 13 10 36.728358 13 10 36.728358 8200
    873 13 10 36.738360 13 10 36.738360 8200
    874 13 10 36.748404 13 10 36.748404 8200
    875 13 10 36.758282 13 10 36.758282 8200
    876 13 10 36.768298 13 10 36.768298 8200
    877 13 10 36.778278 13 10 36.778278 8200
    878 13 10 36.788339 13 10 36.788339 8200
    879 13 10 36.798233 13 10 36.798233 8200
    880 13 10 36.808680 13 10 36.808680 8200
    881 13 10 36.818930 13 10 36.818930 8200
    882 13 10 36.828293 13 10 36.828293 8200
    883 13 10 36.838394 13 10 36.838394 8200
    884 13 10 36.848342 13 10 36.848342 8200
    885 13 10 36.858307 13 10 36.858307 8200
    886 13 10 36.868301 13 10 36.868301 8200
    887 13 10 36.878874 13 10 36.878874 8200
    888 13 10 36.888392 13 10 36.888392 8200
    889 13 10 36.898358 13 10 36.898358 8200
    890 13 10 36.908351 13 10 36.908351 8200
    891 13 10 36.918343 13 10 36.918343 8200
    892 13 10 36.928288 13 10 36.928288 8200
    893 13 10 36.938341 13 10 36.938341 8200
    894 13 10 36.948346 13 10 36.948346 8200
    895 13 10 36.958331 13 10 36.958331 8200
    896 13 10 36.968274 13 10 36.968274 8200
    897 13 10 36.978279 13 10 36.978279 8200
    898 13 10 36.988292 13 10 36.988292 8200
    899 13 10 36.998277 13 10 36.998277 8200
    900 13 10 37.008389 13 10 37.008389 8200
    901 13 10 37.018321 13 10 37.018321 8200
    902 13 10 37.028337 13 10 37.028337 8200
    903 13 10 37.038344 13 10 37.038344 8200
    904 13 10 37.048228 13 10 37.048228 8200
    905 13 10 37.058295 13 10 37.058295 8200
    906 13 10 37.068291 13 10 37.068291 8200
    907 13 10 37.078279 13 10 37.078279 8200
    908 13 10 37.088351 13 10 37.088351 8200
    909 13 10 37.098351 13 10 37.098351 8200
    910 13 10 37.108338 13 10 37.108338 8200
    911 13 10 37.118357 13 10 37.118357 8200
    912 13 10 37.128351 13 10 37.128351 8200
    913 13 10 37.138342 13 10 37.138342 8200
    914 13 10 37.148283 13 10 37.148283 8200
    915 13 10 37.158278 13 10 37.158278 8200
    916 13 10 37.168281 13 10 37.168281 8200
    917 13 10 37.178280 13 10 37.178280 8200
    918 13 10 37.188282 13 10 37.188282 8200
    919 13 10 37.198278 13 10 37.198278 8200
    920 13 10 37.208289 13 10 37.208289 8200
    921 13 10 37.218356 13 10 37.218356 8200
    922 13 10 37.228332 13 10 37.228332 8200
    923 13 10 37.238340 13 10 37.238340 8200
    924 13 10 37.248278 13 10 37.248278 8200
    925 13 10 37.258287 13 10 37.258287 8200
    926 13 10 37.268281 13 10 37.268281 8200
    927 13 10 37.279063 13 10 37.279063 8200
    928 13 10 37.288362 13 10 37.288362 8200
    929 13 10 37.298354 13 10 37.298354 8200
    930 13 10 37.308348 13 10 37.308348 8200
    931 13 10 37.318283 13 10 37.318283 8200
    932 13 10 37.328338 13 10 37.328338 8200
    933 13 10 37.338349 13 10 37.338349 8200
    934 13 10 37.401715 13 10 37.401715 8200
    935 13 10 37.401846 13 10 37.401846 8200
    936 13 10 37.414808 13 10 37.414808 8200
    937 13 10 37.414954 13 10 37.414954 8200
    938 13 10 37.420110 13 10 37.420110 8200
    939 13 10 37.428331 13 10 37.428331 8200
    940 13 10 37.439514 13 10 37.439514 8200
    941 13 10 37.439540 13 10 37.439540 8200
    942 13 10 37.447571 13 10 37.447571 8200
    943 13 10 37.458733 13 10 37.458733 8200
    944 13 10 37.458762 13 10 37.458762 8200
    945 13 10 37.468425 13 10 37.468425 8200
    946 13 10 37.476489 13 10 37.476489 8200
    947 13 10 37.478388 13 10 37.478388 8200
    948 13 10 37.488281 13 10 37.488281 8200
    949 13 10 37.498280 13 10 37.498280 8200
    950 13 10 37.508243 13 10 37.508243 8200
    951 13 10 37.518312 13 10 37.518312 8200
    952 13 10 37.528306 13 10 37.528306 8200
    953 13 10 37.538420 13 10 37.538420 8200
    954 13 10 37.548397 13 10 37.548397 8200
    955 13 10 37.558278 13 10 37.558278 8200
    956 13 10 37.568342 13 10 37.568342 8200
    957 13 10 37.578411 13 10 37.578411 8200
    958 13 10 37.588349 13 10 37.588349 8200
    959 13 10 37.598340 13 10 37.598340 8200
    960 13 10 37.608590 13 10 37.608590 8200
    961 13 10 37.618358 13 10 37.618358 8200
    962 13 10 37.628349 13 10 37.628349 8200
    963 13 10 37.638359 13 10 37.638359 8200
    964 13 10 37.648311 13 10 37.648311 8200
    965 13 10 37.658326 13 10 37.658326 8200
    966 13 10 37.668348 13 10 37.668348 8200
    967 13 10 37.678282 13 10 37.678282 8200
    968 13 10 37.688287 13 10 37.688287 8200
    969 13 10 37.698334 13 10 37.698334 8200
    970 13 10 37.708285 13 10 37.708285 8200
    971 13 10 37.718294 13 10 37.718294 8200
    972 13 10 37.728296 13 10 37.728296 8200
    973 13 10 37.738301 13 10 37.738301 8200
    974 13 10 37.748375 13 10 37.748375 8200
    975 13 10 37.758524 13 10 37.758524 8200
    976 13 10 37.768472 13 10 37.768472 8200
    977 13 10 37.778481 13 10 37.778481 8200
    978 13 10 37.788293 13 10 37.788293 8200
    979 13 10 37.799278 13 10 37.799278 8200
    980 13 10 37.808334 13 10 37.808334 8200
    981 13 10 37.818962 13 10 37.818962 8200
    982 13 10 37.828372 13 10 37.828372 8200
    983 13 10 37.838320 13 10 37.838320 8200
    984 13 10 37.848379 13 10 37.848379 8200
    985 13 10 37.858277 13 10 37.858277 8200
    986 13 10 37.868352 13 10 37.868352 8200
    987 13 10 37.878844 13 10 37.878844 8200
    988 13 10 37.888871 13 10 37.888871 8200
    989 13 10 37.898291 13 10 37.898291 8200
    990 13 10 37.908278 13 10 37.908278 8200
    991 13 10 37.918281 13 10 37.918281 8200
    992 13 10 37.928299 13 10 37.928299 8200
    993 13 10 37.938333 13 10 37.938333 8200
    994 13 10 37.948296 13 10 37.948296 8200
    995 13 10 37.958292 13 10 37.958292 8200
    996 13 10 37.968297 13 10 37.968297 8200
    997 13 10 37.979095 13 10 37.979095 8200
    998 13 10 37.988281 13 10 37.988281 8200
    999 13 10 37.998184 13 10 37.998184 8200
   1000 13 10 38.008327 13 10 38.008327 8200
