      1 13 17 21.305763 13 17 21.305763 11600
      2 13 17 21.315849 13 17 21.315849 11600
      3 13 17 21.325856 13 17 21.325856 11600
      4 13 17 21.335874 13 17 21.335874 11600
      5 13 17 21.345864 13 17 21.345864 11600
      6 13 17 21.355864 13 17 21.355864 11600
      7 13 17 21.365867 13 17 21.365867 11600
      8 13 17 21.375864 13 17 21.375864 11600
      9 13 17 21.385867 13 17 21.385867 11600
     10 13 17 21.395866 13 17 21.395866 11600
     11 13 17 21.405864 13 17 21.405864 11600
     12 13 17 21.415866 13 17 21.415866 11600
     13 13 17 21.425865 13 17 21.425865 11600
     14 13 17 21.435863 13 17 21.435863 11600
     15 13 17 21.445865 13 17 21.445865 11600
     16 13 17 21.455863 13 17 21.455863 11600
     17 13 17 21.465865 13 17 21.465865 11600
     18 13 17 21.475861 13 17 21.475861 11600
     19 13 17 21.485849 13 17 21.485849 11600
     20 13 17 21.495871 13 17 21.495871 11600
     21 13 17 21.505866 13 17 21.505866 11600
     22 13 17 21.515862 13 17 21.515862 11600
     23 13 17 21.525866 13 17 21.525866 11600
     24 13 17 21.535985 13 17 21.535985 11600
     25 13 17 21.545875 13 17 21.545875 11600
     26 13 17 21.555863 13 17 21.555863 11600
     27 13 17 21.565864 13 17 21.565864 11600
     28 13 17 21.575865 13 17 21.575865 11600
     29 13 17 21.585871 13 17 21.585871 11600
     30 13 17 21.595883 13 17 21.595883 11600
     31 13 17 21.605875 13 17 21.605875 11600
     32 13 17 21.615866 13 17 21.615866 11600
     33 13 17 21.625914 13 17 21.625914 11600
     34 13 17 21.635878 13 17 21.635878 11600
     35 13 17 21.645868 13 17 21.645868 11600
     36 13 17 21.655863 13 17 21.655863 11600
     37 13 17 21.665865 13 17 21.665865 11600
     38 13 17 21.675864 13 17 21.675864 11600
     39 13 17 21.685864 13 17 21.685864 11600
     40 13 17 21.695861 13 17 21.695861 11600
     41 13 17 21.705867 13 17 21.705867 11600
     42 13 17 21.715903 13 17 21.715903 11600
     43 13 17 21.725867 13 17 21.725867 11600
     44 13 17 21.735869 13 17 21.735869 11600
     45 13 17 21.745870 13 17 21.745870 11600
     46 13 17 21.755865 13 17 21.755865 11600
     47 13 17 21.765868 13 17 21.765868 11600
     48 13 17 21.775895 13 17 21.775895 11600
     49 13 17 21.785864 13 17 21.785864 11600
     50 13 17 21.795867 13 17 21.795867 11600
     51 13 17 21.805866 13 17 21.805866 11600
     52 13 17 21.815840 13 17 21.815840 11600
     53 13 17 21.825879 13 17 21.825879 11600
     54 13 17 21.835865 13 17 21.835865 11600
     55 13 17 21.845866 13 17 21.845866 11600
     56 13 17 21.855864 13 17 21.855864 11600
     57 13 17 21.865867 13 17 21.865867 11600
     58 13 17 21.875903 13 17 21.875903 11600
     59 13 17 21.885885 13 17 21.885885 11600
     60 13 17 21.895865 13 17 21.895865 11600
     61 13 17 21.905867 13 17 21.905867 11600
     62 13 17 21.915866 13 17 21.915866 11600
     63 13 17 21.925865 13 17 21.925865 11600
     64 13 17 21.935866 13 17 21.935866 11600
     65 13 17 21.945896 13 17 21.945896 11600
     66 13 17 21.955857 13 17 21.955857 11600
     67 13 17 21.965862 13 17 21.965862 11600
     68 13 17 21.975882 13 17 21.975882 11600
     69 13 17 21.985866 13 17 21.985866 11600
     70 13 17 21.995895 13 17 21.995895 11600
     71 13 17 22.005886 13 17 22.005886 11600
     72 13 17 22.015879 13 17 22.015879 11600
     73 13 17 22.025866 13 17 22.025866 11600
     74 13 17 22.035873 13 17 22.035873 11600
     75 13 17 22.045871 13 17 22.045871 11600
     76 13 17 22.055866 13 17 22.055866 11600
     77 13 17 22.065874 13 17 22.065874 11600
     78 13 17 22.075866 13 17 22.075866 11600
     79 13 17 22.085864 13 17 22.085864 11600
     80 13 17 22.095876 13 17 22.095876 11600
     81 13 17 22.105866 13 17 22.105866 11600
     82 13 17 22.115863 13 17 22.115863 11600
     83 13 17 22.125863 13 17 22.125863 11600
     84 13 17 22.135861 13 17 22.135861 11600
     85 13 17 22.145862 13 17 22.145862 11600
     86 13 17 22.155864 13 17 22.155864 11600
     87 13 17 22.165865 13 17 22.165865 11600
     88 13 17 22.175882 13 17 22.175882 11600
     89 13 17 22.185866 13 17 22.185866 11600
     90 13 17 22.195862 13 17 22.195862 11600
     91 13 17 22.205863 13 17 22.205863 11600
     92 13 17 22.215799 13 17 22.215799 11600
     93 13 17 22.225868 13 17 22.225868 11600
     94 13 17 22.235877 13 17 22.235877 11600
     95 13 17 22.245864 13 17 22.245864 11600
     96 13 17 22.255863 13 17 22.255863 11600
     97 13 17 22.265864 13 17 22.265864 11600
     98 13 17 22.275860 13 17 22.275860 11600
     99 13 17 22.285864 13 17 22.285864 11600
    100 13 17 22.295873 13 17 22.295873 11600
    101 13 17 22.305866 13 17 22.305866 11600
    102 13 17 22.315865 13 17 22.315865 11600
    103 13 17 22.325842 13 17 22.325842 11600
    104 13 17 22.335830 13 17 22.335830 11600
    105 13 17 22.345866 13 17 22.345866 11600
    106 13 17 22.355907 13 17 22.355907 11600
    107 13 17 22.365869 13 17 22.365869 11600
    108 13 17 22.375833 13 17 22.375833 11600
    109 13 17 22.385868 13 17 22.385868 11600
    110 13 17 22.395876 13 17 22.395876 11600
    111 13 17 22.405864 13 17 22.405864 11600
    112 13 17 22.415866 13 17 22.415866 11600
    113 13 17 22.425875 13 17 22.425875 11600
    114 13 17 22.435835 13 17 22.435835 11600
    115 13 17 22.445819 13 17 22.445819 11600
    116 13 17 22.455867 13 17 22.455867 11600
    117 13 17 22.465865 13 17 22.465865 11600
    118 13 17 22.475892 13 17 22.475892 11600
    119 13 17 22.485870 13 17 22.485870 11600
    120 13 17 22.495850 13 17 22.495850 11600
    121 13 17 22.505811 13 17 22.505811 11600
    122 13 17 22.515889 13 17 22.515889 11600
    123 13 17 22.525866 13 17 22.525866 11600
    124 13 17 22.535907 13 17 22.535907 11600
    125 13 17 22.545877 13 17 22.545877 11600
    126 13 17 22.555859 13 17 22.555859 11600
    127 13 17 22.565830 13 17 22.565830 11600
    128 13 17 22.575879 13 17 22.575879 11600
    129 13 17 22.585865 13 17 22.585865 11600
    130 13 17 22.595863 13 17 22.595863 11600
    131 13 17 22.605868 13 17 22.605868 11600
    132 13 17 22.615863 13 17 22.615863 11600
    133 13 17 22.625865 13 17 22.625865 11600
    134 13 17 22.635874 13 17 22.635874 11600
    135 13 17 22.645875 13 17 22.645875 11600
    136 13 17 22.655884 13 17 22.655884 11600
    137 13 17 22.665866 13 17 22.665866 11600
    138 13 17 22.675861 13 17 22.675861 11600
    139 13 17 22.685881 13 17 22.685881 11600
    140 13 17 22.695862 13 17 22.695862 11600
    141 13 17 22.705863 13 17 22.705863 11600
    142 13 17 22.715863 13 17 22.715863 11600
    143 13 17 22.725863 13 17 22.725863 11600
    144 13 17 22.735865 13 17 22.735865 11600
    145 13 17 22.745864 13 17 22.745864 11600
    146 13 17 22.755863 13 17 22.755863 11600
    147 13 17 22.766322 13 17 22.766322 11600
    148 13 17 22.775874 13 17 22.775874 11600
    149 13 17 22.785879 13 17 22.785879 11600
    150 13 17 22.795864 13 17 22.795864 11600
    151 13 17 22.805875 13 17 22.805875 11600
    152 13 17 22.815868 13 17 22.815868 11600
    153 13 17 22.825828 13 17 22.825828 11600
    154 13 17 22.835813 13 17 22.835813 11600
    155 13 17 22.845877 13 17 22.845877 11600
    156 13 17 22.855852 13 17 22.855852 11600
    157 13 17 22.865867 13 17 22.865867 11600
    158 13 17 22.875810 13 17 22.875810 11600
    159 13 17 22.885866 13 17 22.885866 11600
    160 13 17 22.895910 13 17 22.895910 11600
    161 13 17 22.905902 13 17 22.905902 11600
    162 13 17 22.915852 13 17 22.915852 11600
    163 13 17 22.925815 13 17 22.925815 11600
    164 13 17 22.935807 13 17 22.935807 11600
    165 13 17 22.945861 13 17 22.945861 11600
    166 13 17 22.955850 13 17 22.955850 11600
    167 13 17 22.965878 13 17 22.965878 11600
    168 13 17 22.975871 13 17 22.975871 11600
    169 13 17 22.985851 13 17 22.985851 11600
    170 13 17 22.995871 13 17 22.995871 11600
    171 13 17 23.005877 13 17 23.005877 11600
    172 13 17 23.015867 13 17 23.015867 11600
    173 13 17 23.025905 13 17 23.025905 11600
    174 13 17 23.035869 13 17 23.035869 11600
    175 13 17 23.045868 13 17 23.045868 11600
    176 13 17 23.055849 13 17 23.055849 11600
    177 13 17 23.065815 13 17 23.065815 11600
    178 13 17 23.075866 13 17 23.075866 11600
    179 13 17 23.085864 13 17 23.085864 11600
    180 13 17 23.095863 13 17 23.095863 11600
    181 13 17 23.105865 13 17 23.105865 11600
    182 13 17 23.115861 13 17 23.115861 11600
    183 13 17 23.125863 13 17 23.125863 11600
    184 13 17 23.135860 13 17 23.135860 11600
    185 13 17 23.145863 13 17 23.145863 11600
    186 13 17 23.155861 13 17 23.155861 11600
    187 13 17 23.165863 13 17 23.165863 11600
    188 13 17 23.175864 13 17 23.175864 11600
    189 13 17 23.185999 13 17 23.185999 11600
    190 13 17 23.195864 13 17 23.195864 11600
    191 13 17 23.205861 13 17 23.205861 11600
    192 13 17 23.215878 13 17 23.215878 11600
    193 13 17 23.225865 13 17 23.225865 11600
    194 13 17 23.235886 13 17 23.235886 11600
    195 13 17 23.245864 13 17 23.245864 11600
    196 13 17 23.255863 13 17 23.255863 11600
    197 13 17 23.265862 13 17 23.265862 11600
    198 13 17 23.275874 13 17 23.275874 11600
    199 13 17 23.285864 13 17 23.285864 11600
    200 13 17 23.295863 13 17 23.295863 11600
    201 13 17 23.305892 13 17 23.305892 11600
    202 13 17 23.315865 13 17 23.315865 11600
    203 13 17 23.325824 13 17 23.325824 11600
    204 13 17 23.335810 13 17 23.335810 11600
    205 13 17 23.345849 13 17 23.345849 11600
    206 13 17 23.355861 13 17 23.355861 11600
    207 13 17 23.365867 13 17 23.365867 11600
    208 13 17 23.375811 13 17 23.375811 11600
    209 13 17 23.385867 13 17 23.385867 11600
    210 13 17 23.395865 13 17 23.395865 11600
    211 13 17 23.405864 13 17 23.405864 11600
    212 13 17 23.415863 13 17 23.415863 11600
    213 13 17 23.425924 13 17 23.425924 11600
    214 13 17 23.435878 13 17 23.435878 11600
    215 13 17 23.445868 13 17 23.445868 11600
    216 13 17 23.455864 13 17 23.455864 11600
    217 13 17 23.465824 13 17 23.465824 11600
    218 13 17 23.475843 13 17 23.475843 11600
    219 13 17 23.485889 13 17 23.485889 11600
    220 13 17 23.495826 13 17 23.495826 11600
    221 13 17 23.505853 13 17 23.505853 11600
    222 13 17 23.515865 13 17 23.515865 11600
    223 13 17 23.525900 13 17 23.525900 11600
    224 13 17 23.535878 13 17 23.535878 11600
    225 13 17 23.545881 13 17 23.545881 11600
    226 13 17 23.555821 13 17 23.555821 11600
    227 13 17 23.565864 13 17 23.565864 11600
    228 13 17 23.575876 13 17 23.575876 11600
    229 13 17 23.585864 13 17 23.585864 11600
    230 13 17 23.595863 13 17 23.595863 11600
    231 13 17 23.605864 13 17 23.605864 11600
    232 13 17 23.615863 13 17 23.615863 11600
    233 13 17 23.625866 13 17 23.625866 11600
    234 13 17 23.635861 13 17 23.635861 11600
    235 13 17 23.645875 13 17 23.645875 11600
    236 13 17 23.655863 13 17 23.655863 11600
    237 13 17 23.665873 13 17 23.665873 11600
    238 13 17 23.675878 13 17 23.675878 11600
    239 13 17 23.685863 13 17 23.685863 11600
    240 13 17 23.695881 13 17 23.695881 11600
    241 13 17 23.705863 13 17 23.705863 11600
    242 13 17 23.715956 13 17 23.715956 11600
    243 13 17 23.725923 13 17 23.725923 11600
    244 13 17 23.735862 13 17 23.735862 11600
    245 13 17 23.745913 13 17 23.745913 11600
    246 13 17 23.755862 13 17 23.755862 11600
    247 13 17 23.765862 13 17 23.765862 11600
    248 13 17 23.775864 13 17 23.775864 11600
    249 13 17 23.785869 13 17 23.785869 11600
    250 13 17 23.795960 13 17 23.795960 11600
    251 13 17 23.805863 13 17 23.805863 11600
    252 13 17 23.815854 13 17 23.815854 11600
    253 13 17 23.825859 13 17 23.825859 11600
    254 13 17 23.835854 13 17 23.835854 11600
    255 13 17 23.845855 13 17 23.845855 11600
    256 13 17 23.855858 13 17 23.855858 11600
    257 13 17 23.865801 13 17 23.865801 11600
    258 13 17 23.875837 13 17 23.875837 11600
    259 13 17 23.885850 13 17 23.885850 11600
    260 13 17 23.895852 13 17 23.895852 11600
    261 13 17 23.905874 13 17 23.905874 11600
    262 13 17 23.915873 13 17 23.915873 11600
    263 13 17 23.925876 13 17 23.925876 11600
    264 13 17 23.935797 13 17 23.935797 11600
    265 13 17 23.945841 13 17 23.945841 11600
    266 13 17 23.955853 13 17 23.955853 11600
    267 13 17 23.965863 13 17 23.965863 11600
    268 13 17 23.975864 13 17 23.975864 11600
    269 13 17 23.985863 13 17 23.985863 11600
    270 13 17 23.995799 13 17 23.995799 11600
    271 13 17 24.005870 13 17 24.005870 11600
    272 13 17 24.015847 13 17 24.015847 11600
    273 13 17 24.025864 13 17 24.025864 11600
    274 13 17 24.035861 13 17 24.035861 11600
    275 13 17 24.045864 13 17 24.045864 11600
    276 13 17 24.055806 13 17 24.055806 11600
    277 13 17 24.065836 13 17 24.065836 11600
    278 13 17 24.075852 13 17 24.075852 11600
    279 13 17 24.085864 13 17 24.085864 11600
    280 13 17 24.095863 13 17 24.095863 11600
    281 13 17 24.105868 13 17 24.105868 11600
    282 13 17 24.115876 13 17 24.115876 11600
    283 13 17 24.125873 13 17 24.125873 11600
    284 13 17 24.135884 13 17 24.135884 11600
    285 13 17 24.145844 13 17 24.145844 11600
    286 13 17 24.155861 13 17 24.155861 11600
    287 13 17 24.165863 13 17 24.165863 11600
    288 13 17 24.175865 13 17 24.175865 11600
    289 13 17 24.185863 13 17 24.185863 11600
    290 13 17 24.195862 13 17 24.195862 11600
    291 13 17 24.205977 13 17 24.205977 11600
    292 13 17 24.215865 13 17 24.215865 11600
    293 13 17 24.225864 13 17 24.225864 11600
    294 13 17 24.235862 13 17 24.235862 11600
    295 13 17 24.245864 13 17 24.245864 11600
    296 13 17 24.255870 13 17 24.255870 11600
    297 13 17 24.265865 13 17 24.265865 11600
    298 13 17 24.275863 13 17 24.275863 11600
    299 13 17 24.285864 13 17 24.285864 11600
    300 13 17 24.295857 13 17 24.295857 11600
    301 13 17 24.305866 13 17 24.305866 11600
    302 13 17 24.315860 13 17 24.315860 11600
    303 13 17 24.325797 13 17 24.325797 11600
    304 13 17 24.335858 13 17 24.335858 11600
    305 13 17 24.345849 13 17 24.345849 11600
    306 13 17 24.355859 13 17 24.355859 11600
    307 13 17 24.365876 13 17 24.365876 11600
    308 13 17 24.375869 13 17 24.375869 11600
    309 13 17 24.385866 13 17 24.385866 11600
    310 13 17 24.395865 13 17 24.395865 11600
    311 13 17 24.405899 13 17 24.405899 11600
    312 13 17 24.415867 13 17 24.415867 11600
    313 13 17 24.425865 13 17 24.425865 11600
    314 13 17 24.435880 13 17 24.435880 11600
    315 13 17 24.445865 13 17 24.445865 11600
    316 13 17 24.455866 13 17 24.455866 11600
    317 13 17 24.465863 13 17 24.465863 11600
    318 13 17 24.475865 13 17 24.475865 11600
    319 13 17 24.485821 13 17 24.485821 11600
    320 13 17 24.495867 13 17 24.495867 11600
    321 13 17 24.505870 13 17 24.505870 11600
    322 13 17 24.515865 13 17 24.515865 11600
    323 13 17 24.525880 13 17 24.525880 11600
    324 13 17 24.535865 13 17 24.535865 11600
    325 13 17 24.545843 13 17 24.545843 11600
    326 13 17 24.555866 13 17 24.555866 11600
    327 13 17 24.565850 13 17 24.565850 11600
    328 13 17 24.575866 13 17 24.575866 11600
    329 13 17 24.585865 13 17 24.585865 11600
    330 13 17 24.595874 13 17 24.595874 11600
    331 13 17 24.605862 13 17 24.605862 11600
    332 13 17 24.615861 13 17 24.615861 11600
    333 13 17 24.625875 13 17 24.625875 11600
    334 13 17 24.635873 13 17 24.635873 11600
    335 13 17 24.645863 13 17 24.645863 11600
    336 13 17 24.655892 13 17 24.655892 11600
    337 13 17 24.665874 13 17 24.665874 11600
    338 13 17 24.675862 13 17 24.675862 11600
    339 13 17 24.685864 13 17 24.685864 11600
    340 13 17 24.695924 13 17 24.695924 11600
    341 13 17 24.705863 13 17 24.705863 11600
    342 13 17 24.715861 13 17 24.715861 11600
    343 13 17 24.725880 13 17 24.725880 11600
    344 13 17 24.735862 13 17 24.735862 11600
    345 13 17 24.745875 13 17 24.745875 11600
    346 13 17 24.755860 13 17 24.755860 11600
    347 13 17 24.765865 13 17 24.765865 11600
    348 13 17 24.775866 13 17 24.775866 11600
    349 13 17 24.785851 13 17 24.785851 11600
    350 13 17 24.795902 13 17 24.795902 11600
    351 13 17 24.805862 13 17 24.805862 11600
    352 13 17 24.815863 13 17 24.815863 11600
    353 13 17 24.825846 13 17 24.825846 11600
    354 13 17 24.835836 13 17 24.835836 11600
    355 13 17 24.845867 13 17 24.845867 11600
    356 13 17 24.855875 13 17 24.855875 11600
    357 13 17 24.865864 13 17 24.865864 11600
    358 13 17 24.876017 13 17 24.876017 11600
    359 13 17 24.885808 13 17 24.885808 11600
    360 13 17 24.895893 13 17 24.895893 11600
    361 13 17 24.905865 13 17 24.905865 11600
    362 13 17 24.915866 13 17 24.915866 11600
    363 13 17 24.925865 13 17 24.925865 11600
    364 13 17 24.935835 13 17 24.935835 11600
    365 13 17 24.945819 13 17 24.945819 11600
    366 13 17 24.955852 13 17 24.955852 11600
    367 13 17 24.965852 13 17 24.965852 11600
    368 13 17 24.975896 13 17 24.975896 11600
    369 13 17 24.985852 13 17 24.985852 11600
    370 13 17 24.995806 13 17 24.995806 11600
    371 13 17 25.005824 13 17 25.005824 11600
    372 13 17 25.015844 13 17 25.015844 11600
    373 13 17 25.025864 13 17 25.025864 11600
    374 13 17 25.035865 13 17 25.035865 11600
    375 13 17 25.045874 13 17 25.045874 11600
    376 13 17 25.055837 13 17 25.055837 11600
    377 13 17 25.065850 13 17 25.065850 11600
    378 13 17 25.075869 13 17 25.075869 11600
    379 13 17 25.085865 13 17 25.085865 11600
    380 13 17 25.095877 13 17 25.095877 11600
    381 13 17 25.105889 13 17 25.105889 11600
    382 13 17 25.115866 13 17 25.115866 11600
    383 13 17 25.125863 13 17 25.125863 11600
    384 13 17 25.135860 13 17 25.135860 11600
    385 13 17 25.145863 13 17 25.145863 11600
    386 13 17 25.155864 13 17 25.155864 11600
    387 13 17 25.165863 13 17 25.165863 11600
    388 13 17 25.175864 13 17 25.175864 11600
    389 13 17 25.185863 13 17 25.185863 11600
    390 13 17 25.195862 13 17 25.195862 11600
    391 13 17 25.205863 13 17 25.205863 11600
    392 13 17 25.215862 13 17 25.215862 11600
    393 13 17 25.225864 13 17 25.225864 11600
    394 13 17 25.235863 13 17 25.235863 11600
    395 13 17 25.245868 13 17 25.245868 11600
    396 13 17 25.255863 13 17 25.255863 11600
    397 13 17 25.265862 13 17 25.265862 11600
    398 13 17 25.275863 13 17 25.275863 11600
    399 13 17 25.285864 13 17 25.285864 11600
    400 13 17 25.295864 13 17 25.295864 11600
    401 13 17 25.305865 13 17 25.305865 11600
    402 13 17 25.315895 13 17 25.315895 11600
    403 13 17 25.325824 13 17 25.325824 11600
    404 13 17 25.335813 13 17 25.335813 11600
    405 13 17 25.345866 13 17 25.345866 11600
    406 13 17 25.355874 13 17 25.355874 11600
    407 13 17 25.365863 13 17 25.365863 11600
    408 13 17 25.375826 13 17 25.375826 11600
    409 13 17 25.385866 13 17 25.385866 11600
    410 13 17 25.395897 13 17 25.395897 11600
    411 13 17 25.405884 13 17 25.405884 11600
    412 13 17 25.415865 13 17 25.415865 11600
    413 13 17 25.425851 13 17 25.425851 11600
    414 13 17 25.435831 13 17 25.435831 11600
    415 13 17 25.445886 13 17 25.445886 11600
    416 13 17 25.455864 13 17 25.455864 11600
    417 13 17 25.465863 13 17 25.465863 11600
    418 13 17 25.475868 13 17 25.475868 11600
    419 13 17 25.485865 13 17 25.485865 11600
    420 13 17 25.495832 13 17 25.495832 11600
    421 13 17 25.505804 13 17 25.505804 11600
    422 13 17 25.515852 13 17 25.515852 11600
    423 13 17 25.525883 13 17 25.525883 11600
    424 13 17 25.535851 13 17 25.535851 11600
    425 13 17 25.545822 13 17 25.545822 11600
    426 13 17 25.555886 13 17 25.555886 11600
    427 13 17 25.565885 13 17 25.565885 11600
    428 13 17 25.575866 13 17 25.575866 11600
    429 13 17 25.585872 13 17 25.585872 11600
    430 13 17 25.595890 13 17 25.595890 11600
    431 13 17 25.605878 13 17 25.605878 11600
    432 13 17 25.615863 13 17 25.615863 11600
    433 13 17 25.625873 13 17 25.625873 11600
    434 13 17 25.635885 13 17 25.635885 11600
    435 13 17 25.645886 13 17 25.645886 11600
    436 13 17 25.655888 13 17 25.655888 11600
    437 13 17 25.665925 13 17 25.665925 11600
    438 13 17 25.675888 13 17 25.675888 11600
    439 13 17 25.685984 13 17 25.685984 11600
    440 13 17 25.695869 13 17 25.695869 11600
    441 13 17 25.705926 13 17 25.705926 11600
    442 13 17 25.715862 13 17 25.715862 11600
    443 13 17 25.725873 13 17 25.725873 11600
    444 13 17 25.735917 13 17 25.735917 11600
    445 13 17 25.745851 13 17 25.745851 11600
    446 13 17 25.755866 13 17 25.755866 11600
    447 13 17 25.765862 13 17 25.765862 11600
    448 13 17 25.775978 13 17 25.775978 11600
    449 13 17 25.785862 13 17 25.785862 11600
    450 13 17 25.795864 13 17 25.795864 11600
    451 13 17 25.805865 13 17 25.805865 11600
    452 13 17 25.815864 13 17 25.815864 11600
    453 13 17 25.825924 13 17 25.825924 11600
    454 13 17 25.835833 13 17 25.835833 11600
    455 13 17 25.845864 13 17 25.845864 11600
    456 13 17 25.855868 13 17 25.855868 11600
    457 13 17 25.865869 13 17 25.865869 11600
    458 13 17 25.875868 13 17 25.875868 11600
    459 13 17 25.885866 13 17 25.885866 11600
    460 13 17 25.895890 13 17 25.895890 11600
    461 13 17 25.905906 13 17 25.905906 11600
    462 13 17 25.915867 13 17 25.915867 11600
    463 13 17 25.925809 13 17 25.925809 11600
    464 13 17 25.935867 13 17 25.935867 11600
    465 13 17 25.945871 13 17 25.945871 11600
    466 13 17 25.955867 13 17 25.955867 11600
    467 13 17 25.965841 13 17 25.965841 11600
    468 13 17 25.975861 13 17 25.975861 11600
    469 13 17 25.985821 13 17 25.985821 11600
    470 13 17 25.995868 13 17 25.995868 11600
    471 13 17 26.005866 13 17 26.005866 11600
    472 13 17 26.015814 13 17 26.015814 11600
    473 13 17 26.025905 13 17 26.025905 11600
    474 13 17 26.035868 13 17 26.035868 11600
    475 13 17 26.045826 13 17 26.045826 11600
    476 13 17 26.055883 13 17 26.055883 11600
    477 13 17 26.065865 13 17 26.065865 11600
    478 13 17 26.075866 13 17 26.075866 11600
    479 13 17 26.085868 13 17 26.085868 11600
    480 13 17 26.095888 13 17 26.095888 11600
    481 13 17 26.105895 13 17 26.105895 11600
    482 13 17 26.115867 13 17 26.115867 11600
    483 13 17 26.125865 13 17 26.125865 11600
    484 13 17 26.135861 13 17 26.135861 11600
    485 13 17 26.145865 13 17 26.145865 11600
    486 13 17 26.155863 13 17 26.155863 11600
    487 13 17 26.165865 13 17 26.165865 11600
    488 13 17 26.175864 13 17 26.175864 11600
    489 13 17 26.185863 13 17 26.185863 11600
    490 13 17 26.195864 13 17 26.195864 11600
    491 13 17 26.205863 13 17 26.205863 11600
    492 13 17 26.215861 13 17 26.215861 11600
    493 13 17 26.225864 13 17 26.225864 11600
    494 13 17 26.235862 13 17 26.235862 11600
    495 13 17 26.245892 13 17 26.245892 11600
    496 13 17 26.255846 13 17 26.255846 11600
    497 13 17 26.265892 13 17 26.265892 11600
    498 13 17 26.275863 13 17 26.275863 11600
    499 13 17 26.285851 13 17 26.285851 11600
    500 13 17 26.295898 13 17 26.295898 11600
    501 13 17 26.305865 13 17 26.305865 11600
    502 13 17 26.315864 13 17 26.315864 11600
    503 13 17 26.325844 13 17 26.325844 11600
    504 13 17 26.335830 13 17 26.335830 11600
    505 13 17 26.345864 13 17 26.345864 11600
    506 13 17 26.355874 13 17 26.355874 11600
    507 13 17 26.365866 13 17 26.365866 11600
    508 13 17 26.375824 13 17 26.375824 11600
    509 13 17 26.385822 13 17 26.385822 11600
    510 13 17 26.395872 13 17 26.395872 11600
    511 13 17 26.405856 13 17 26.405856 11600
    512 13 17 26.415853 13 17 26.415853 11600
    513 13 17 26.425860 13 17 26.425860 11600
    514 13 17 26.435852 13 17 26.435852 11600
    515 13 17 26.445807 13 17 26.445807 11600
    516 13 17 26.455868 13 17 26.455868 11600
    517 13 17 26.465865 13 17 26.465865 11600
    518 13 17 26.475864 13 17 26.475864 11600
    519 13 17 26.485873 13 17 26.485873 11600
    520 13 17 26.495833 13 17 26.495833 11600
    521 13 17 26.505814 13 17 26.505814 11600
    522 13 17 26.515874 13 17 26.515874 11600
    523 13 17 26.525867 13 17 26.525867 11600
    524 13 17 26.535878 13 17 26.535878 11600
    525 13 17 26.545873 13 17 26.545873 11600
    526 13 17 26.555841 13 17 26.555841 11600
    527 13 17 26.565892 13 17 26.565892 11600
    528 13 17 26.575869 13 17 26.575869 11600
    529 13 17 26.585864 13 17 26.585864 11600
    530 13 17 26.595873 13 17 26.595873 11600
    531 13 17 26.605865 13 17 26.605865 11600
    532 13 17 26.615861 13 17 26.615861 11600
    533 13 17 26.625883 13 17 26.625883 11600
    534 13 17 26.635864 13 17 26.635864 11600
    535 13 17 26.645941 13 17 26.645941 11600
    536 13 17 26.655864 13 17 26.655864 11600
    537 13 17 26.665865 13 17 26.665865 11600
    538 13 17 26.675875 13 17 26.675875 11600
    539 13 17 26.685864 13 17 26.685864 11600
    540 13 17 26.695858 13 17 26.695858 11600
    541 13 17 26.705849 13 17 26.705849 11600
    542 13 17 26.715896 13 17 26.715896 11600
    543 13 17 26.725850 13 17 26.725850 11600
    544 13 17 26.735876 13 17 26.735876 11600
    545 13 17 26.745937 13 17 26.745937 11600
    546 13 17 26.755866 13 17 26.755866 11600
    547 13 17 26.765796 13 17 26.765796 11600
    548 13 17 26.775863 13 17 26.775863 11600
    549 13 17 26.785865 13 17 26.785865 11600
    550 13 17 26.795863 13 17 26.795863 11600
    551 13 17 26.805876 13 17 26.805876 11600
    552 13 17 26.815864 13 17 26.815864 11600
    553 13 17 26.825825 13 17 26.825825 11600
    554 13 17 26.835812 13 17 26.835812 11600
    555 13 17 26.845863 13 17 26.845863 11600
    556 13 17 26.855869 13 17 26.855869 11600
    557 13 17 26.865867 13 17 26.865867 11600
    558 13 17 26.875813 13 17 26.875813 11600
    559 13 17 26.885867 13 17 26.885867 11600
    560 13 17 26.895869 13 17 26.895869 11600
    561 13 17 26.905901 13 17 26.905901 11600
    562 13 17 26.915866 13 17 26.915866 11600
    563 13 17 26.926030 13 17 26.926030 11600
    564 13 17 26.935933 13 17 26.935933 11600
    565 13 17 26.945864 13 17 26.945864 11600
    566 13 17 26.955866 13 17 26.955866 11600
    567 13 17 26.965865 13 17 26.965865 11600
    568 13 17 26.975871 13 17 26.975871 11600
    569 13 17 26.985865 13 17 26.985865 11600
    570 13 17 26.995837 13 17 26.995837 11600
    571 13 17 27.005865 13 17 27.005865 11600
    572 13 17 27.015865 13 17 27.015865 11600
    573 13 17 27.025864 13 17 27.025864 11600
    574 13 17 27.035868 13 17 27.035868 11600
    575 13 17 27.045854 13 17 27.045854 11600
    576 13 17 27.055823 13 17 27.055823 11600
    577 13 17 27.065867 13 17 27.065867 11600
    578 13 17 27.075887 13 17 27.075887 11600
    579 13 17 27.085891 13 17 27.085891 11600
    580 13 17 27.095863 13 17 27.095863 11600
    581 13 17 27.105874 13 17 27.105874 11600
    582 13 17 27.115863 13 17 27.115863 11600
    583 13 17 27.125872 13 17 27.125872 11600
    584 13 17 27.135860 13 17 27.135860 11600
    585 13 17 27.145866 13 17 27.145866 11600
    586 13 17 27.155861 13 17 27.155861 11600
    587 13 17 27.165824 13 17 27.165824 11600
    588 13 17 27.175871 13 17 27.175871 11600
    589 13 17 27.185870 13 17 27.185870 11600
    590 13 17 27.195862 13 17 27.195862 11600
    591 13 17 27.205863 13 17 27.205863 11600
    592 13 17 27.215876 13 17 27.215876 11600
    593 13 17 27.225857 13 17 27.225857 11600
    594 13 17 27.235869 13 17 27.235869 11600
    595 13 17 27.245871 13 17 27.245871 11600
    596 13 17 27.255866 13 17 27.255866 11600
    597 13 17 27.265892 13 17 27.265892 11600
    598 13 17 27.275871 13 17 27.275871 11600
    599 13 17 27.285887 13 17 27.285887 11600
    600 13 17 27.295888 13 17 27.295888 11600
    601 13 17 27.305894 13 17 27.305894 11600
    602 13 17 27.315888 13 17 27.315888 11600
    603 13 17 27.325867 13 17 27.325867 11600
    604 13 17 27.335954 13 17 27.335954 11600
    605 13 17 27.345857 13 17 27.345857 11600
    606 13 17 27.355924 13 17 27.355924 11600
    607 13 17 27.365822 13 17 27.365822 11600
    608 13 17 27.375869 13 17 27.375869 11600
    609 13 17 27.385880 13 17 27.385880 11600
    610 13 17 27.395866 13 17 27.395866 11600
    611 13 17 27.405881 13 17 27.405881 11600
    612 13 17 27.415879 13 17 27.415879 11600
    613 13 17 27.425889 13 17 27.425889 11600
    614 13 17 27.435814 13 17 27.435814 11600
    615 13 17 27.445875 13 17 27.445875 11600
    616 13 17 27.455883 13 17 27.455883 11600
    617 13 17 27.465863 13 17 27.465863 11600
    618 13 17 27.475892 13 17 27.475892 11600
    619 13 17 27.485872 13 17 27.485872 11600
    620 13 17 27.495867 13 17 27.495867 11600
    621 13 17 27.505872 13 17 27.505872 11600
    622 13 17 27.515872 13 17 27.515872 11600
    623 13 17 27.525880 13 17 27.525880 11600
    624 13 17 27.535896 13 17 27.535896 11600
    625 13 17 27.545942 13 17 27.545942 11600
    626 13 17 27.555813 13 17 27.555813 11600
    627 13 17 27.565874 13 17 27.565874 11600
    628 13 17 27.575870 13 17 27.575870 11600
    629 13 17 27.585864 13 17 27.585864 11600
    630 13 17 27.595863 13 17 27.595863 11600
    631 13 17 27.605865 13 17 27.605865 11600
    632 13 17 27.615870 13 17 27.615870 11600
    633 13 17 27.625864 13 17 27.625864 11600
    634 13 17 27.635864 13 17 27.635864 11600
    635 13 17 27.645934 13 17 27.645934 11600
    636 13 17 27.655915 13 17 27.655915 11600
    637 13 17 27.665883 13 17 27.665883 11600
    638 13 17 27.675861 13 17 27.675861 11600
    639 13 17 27.685863 13 17 27.685863 11600
    640 13 17 27.695868 13 17 27.695868 11600
    641 13 17 27.705866 13 17 27.705866 11600
    642 13 17 27.715859 13 17 27.715859 11600
    643 13 17 27.725864 13 17 27.725864 11600
    644 13 17 27.735862 13 17 27.735862 11600
    645 13 17 27.745875 13 17 27.745875 11600
    646 13 17 27.756009 13 17 27.756009 11600
    647 13 17 27.765864 13 17 27.765864 11600
    648 13 17 27.775863 13 17 27.775863 11600
    649 13 17 27.785892 13 17 27.785892 11600
    650 13 17 27.795864 13 17 27.795864 11600
    651 13 17 27.805870 13 17 27.805870 11600
    652 13 17 27.815864 13 17 27.815864 11600
    653 13 17 27.825825 13 17 27.825825 11600
    654 13 17 27.835816 13 17 27.835816 11600
    655 13 17 27.845864 13 17 27.845864 11600
    656 13 17 27.855827 13 17 27.855827 11600
    657 13 17 27.865867 13 17 27.865867 11600
    658 13 17 27.875813 13 17 27.875813 11600
    659 13 17 27.885870 13 17 27.885870 11600
    660 13 17 27.895875 13 17 27.895875 11600
    661 13 17 27.905899 13 17 27.905899 11600
    662 13 17 27.915867 13 17 27.915867 11600
    663 13 17 27.925865 13 17 27.925865 11600
    664 13 17 27.935817 13 17 27.935817 11600
    665 13 17 27.945810 13 17 27.945810 11600
    666 13 17 27.955864 13 17 27.955864 11600
    667 13 17 27.965865 13 17 27.965865 11600
    668 13 17 27.975864 13 17 27.975864 11600
    669 13 17 27.985865 13 17 27.985865 11600
    670 13 17 27.995817 13 17 27.995817 11600
    671 13 17 28.005866 13 17 28.005866 11600
    672 13 17 28.015865 13 17 28.015865 11600
    673 13 17 28.025901 13 17 28.025901 11600
    674 13 17 28.035864 13 17 28.035864 11600
    675 13 17 28.045875 13 17 28.045875 11600
    676 13 17 28.055859 13 17 28.055859 11600
    677 13 17 28.065806 13 17 28.065806 11600
    678 13 17 28.075866 13 17 28.075866 11600
    679 13 17 28.085888 13 17 28.085888 11600
    680 13 17 28.095864 13 17 28.095864 11600
    681 13 17 28.105886 13 17 28.105886 11600
    682 13 17 28.115866 13 17 28.115866 11600
    683 13 17 28.125862 13 17 28.125862 11600
    684 13 17 28.135860 13 17 28.135860 11600
    685 13 17 28.145865 13 17 28.145865 11600
    686 13 17 28.155864 13 17 28.155864 11600
    687 13 17 28.165865 13 17 28.165865 11600
    688 13 17 28.175865 13 17 28.175865 11600
    689 13 17 28.185863 13 17 28.185863 11600
    690 13 17 28.195861 13 17 28.195861 11600
    691 13 17 28.205863 13 17 28.205863 11600
    692 13 17 28.215862 13 17 28.215862 11600
    693 13 17 28.225865 13 17 28.225865 11600
    694 13 17 28.235860 13 17 28.235860 11600
    695 13 17 28.245864 13 17 28.245864 11600
    696 13 17 28.255863 13 17 28.255863 11600
    697 13 17 28.265864 13 17 28.265864 11600
    698 13 17 28.275863 13 17 28.275863 11600
    699 13 17 28.285865 13 17 28.285865 11600
    700 13 17 28.295873 13 17 28.295873 11600
    701 13 17 28.305865 13 17 28.305865 11600
    702 13 17 28.315867 13 17 28.315867 11600
    703 13 17 28.325838 13 17 28.325838 11600
    704 13 17 28.335826 13 17 28.335826 11600
    705 13 17 28.345831 13 17 28.345831 11600
    706 13 17 28.355827 13 17 28.355827 11600
    707 13 17 28.365867 13 17 28.365867 11600
    708 13 17 28.375841 13 17 28.375841 11600
    709 13 17 28.385808 13 17 28.385808 11600
    710 13 17 28.395869 13 17 28.395869 11600
    711 13 17 28.405940 13 17 28.405940 11600
    712 13 17 28.415903 13 17 28.415903 11600
    713 13 17 28.425871 13 17 28.425871 11600
    714 13 17 28.435825 13 17 28.435825 11600
    715 13 17 28.445979 13 17 28.445979 11600
    716 13 17 28.455936 13 17 28.455936 11600
    717 13 17 28.465869 13 17 28.465869 11600
    718 13 17 28.475894 13 17 28.475894 11600
    719 13 17 28.485866 13 17 28.485866 11600
    720 13 17 28.495827 13 17 28.495827 11600
    721 13 17 28.505887 13 17 28.505887 11600
    722 13 17 28.515876 13 17 28.515876 11600
    723 13 17 28.525940 13 17 28.525940 11600
    724 13 17 28.535868 13 17 28.535868 11600
    725 13 17 28.545877 13 17 28.545877 11600
    726 13 17 28.555844 13 17 28.555844 11600
    727 13 17 28.565808 13 17 28.565808 11600
    728 13 17 28.575880 13 17 28.575880 11600
    729 13 17 28.585865 13 17 28.585865 11600
    730 13 17 28.595862 13 17 28.595862 11600
    731 13 17 28.605864 13 17 28.605864 11600
    732 13 17 28.615861 13 17 28.615861 11600
    733 13 17 28.625876 13 17 28.625876 11600
    734 13 17 28.635863 13 17 28.635863 11600
    735 13 17 28.645866 13 17 28.645866 11600
    736 13 17 28.655888 13 17 28.655888 11600
    737 13 17 28.665903 13 17 28.665903 11600
    738 13 17 28.675864 13 17 28.675864 11600
    739 13 17 28.685863 13 17 28.685863 11600
    740 13 17 28.695862 13 17 28.695862 11600
    741 13 17 28.705863 13 17 28.705863 11600
    742 13 17 28.715862 13 17 28.715862 11600
    743 13 17 28.725864 13 17 28.725864 11600
    744 13 17 28.735862 13 17 28.735862 11600
    745 13 17 28.745881 13 17 28.745881 11600
    746 13 17 28.755849 13 17 28.755849 11600
    747 13 17 28.765848 13 17 28.765848 11600
    748 13 17 28.775866 13 17 28.775866 11600
    749 13 17 28.785865 13 17 28.785865 11600
    750 13 17 28.795870 13 17 28.795870 11600
    751 13 17 28.805865 13 17 28.805865 11600
    752 13 17 28.815816 13 17 28.815816 11600
    753 13 17 28.825862 13 17 28.825862 11600
    754 13 17 28.835847 13 17 28.835847 11600
    755 13 17 28.845863 13 17 28.845863 11600
    756 13 17 28.855928 13 17 28.855928 11600
    757 13 17 28.865867 13 17 28.865867 11600
    758 13 17 28.875842 13 17 28.875842 11600
    759 13 17 28.885819 13 17 28.885819 11600
    760 13 17 28.896674 13 17 28.896674 11600
    761 13 17 28.905943 13 17 28.905943 11600
    762 13 17 28.915842 13 17 28.915842 11600
    763 13 17 28.925875 13 17 28.925875 11600
    764 13 17 28.935843 13 17 28.935843 11600
    765 13 17 28.945814 13 17 28.945814 11600
    766 13 17 28.955853 13 17 28.955853 11600
    767 13 17 28.965855 13 17 28.965855 11600
    768 13 17 28.975853 13 17 28.975853 11600
    769 13 17 28.985842 13 17 28.985842 11600
    770 13 17 28.995822 13 17 28.995822 11600
    771 13 17 29.005810 13 17 29.005810 11600
    772 13 17 29.015798 13 17 29.015798 11600
    773 13 17 29.025852 13 17 29.025852 11600
    774 13 17 29.035865 13 17 29.035865 11600
    775 13 17 29.045874 13 17 29.045874 11600
    776 13 17 29.055859 13 17 29.055859 11600
    777 13 17 29.065833 13 17 29.065833 11600
    778 13 17 29.075804 13 17 29.075804 11600
    779 13 17 29.085864 13 17 29.085864 11600
    780 13 17 29.095862 13 17 29.095862 11600
    781 13 17 29.105862 13 17 29.105862 11600
    782 13 17 29.115864 13 17 29.115864 11600
    783 13 17 29.125862 13 17 29.125862 11600
    784 13 17 29.135860 13 17 29.135860 11600
    785 13 17 29.145862 13 17 29.145862 11600
    786 13 17 29.155861 13 17 29.155861 11600
    787 13 17 29.165870 13 17 29.165870 11600
    788 13 17 29.175868 13 17 29.175868 11600
    789 13 17 29.185863 13 17 29.185863 11600
    790 13 17 29.195864 13 17 29.195864 11600
    791 13 17 29.205880 13 17 29.205880 11600
    792 13 17 29.215866 13 17 29.215866 11600
    793 13 17 29.225881 13 17 29.225881 11600
    794 13 17 29.235866 13 17 29.235866 11600
    795 13 17 29.245867 13 17 29.245867 11600
    796 13 17 29.255935 13 17 29.255935 11600
    797 13 17 29.265867 13 17 29.265867 11600
    798 13 17 29.275866 13 17 29.275866 11600
    799 13 17 29.285859 13 17 29.285859 11600
    800 13 17 29.295864 13 17 29.295864 11600
    801 13 17 29.305811 13 17 29.305811 11600
    802 13 17 29.315864 13 17 29.315864 11600
    803 13 17 29.325880 13 17 29.325880 11600
    804 13 17 29.336337 13 17 29.336337 11600
    805 13 17 29.345866 13 17 29.345866 11600
    806 13 17 29.355876 13 17 29.355876 11600
    807 13 17 29.365842 13 17 29.365842 11600
    808 13 17 29.375823 13 17 29.375823 11600
    809 13 17 29.385867 13 17 29.385867 11600
    810 13 17 29.395877 13 17 29.395877 11600
    811 13 17 29.405864 13 17 29.405864 11600
    812 13 17 29.415862 13 17 29.415862 11600
    813 13 17 29.425913 13 17 29.425913 11600
    814 13 17 29.435835 13 17 29.435835 11600
    815 13 17 29.445865 13 17 29.445865 11600
    816 13 17 29.455866 13 17 29.455866 11600
    817 13 17 29.465897 13 17 29.465897 11600
    818 13 17 29.475887 13 17 29.475887 11600
    819 13 17 29.485848 13 17 29.485848 11600
    820 13 17 29.495816 13 17 29.495816 11600
    821 13 17 29.505964 13 17 29.505964 11600
    822 13 17 29.515878 13 17 29.515878 11600
    823 13 17 29.525864 13 17 29.525864 11600
    824 13 17 29.535871 13 17 29.535871 11600
    825 13 17 29.545846 13 17 29.545846 11600
    826 13 17 29.555824 13 17 29.555824 11600
    827 13 17 29.565922 13 17 29.565922 11600
    828 13 17 29.575883 13 17 29.575883 11600
    829 13 17 29.585872 13 17 29.585872 11600
    830 13 17 29.595870 13 17 29.595870 11600
    831 13 17 29.605872 13 17 29.605872 11600
    832 13 17 29.615864 13 17 29.615864 11600
    833 13 17 29.625865 13 17 29.625865 11600
    834 13 17 29.635866 13 17 29.635866 11600
    835 13 17 29.645868 13 17 29.645868 11600
    836 13 17 29.655868 13 17 29.655868 11600
    837 13 17 29.665872 13 17 29.665872 11600
    838 13 17 29.675865 13 17 29.675865 11600
    839 13 17 29.685866 13 17 29.685866 11600
    840 13 17 29.695868 13 17 29.695868 11600
    841 13 17 29.705866 13 17 29.705866 11600
    842 13 17 29.715862 13 17 29.715862 11600
    843 13 17 29.725864 13 17 29.725864 11600
    844 13 17 29.735862 13 17 29.735862 11600
    845 13 17 29.745863 13 17 29.745863 11600
    846 13 17 29.755849 13 17 29.755849 11600
    847 13 17 29.765861 13 17 29.765861 11600
    848 13 17 29.775869 13 17 29.775869 11600
    849 13 17 29.785866 13 17 29.785866 11600
    850 13 17 29.795861 13 17 29.795861 11600
    851 13 17 29.805863 13 17 29.805863 11600
    852 13 17 29.815822 13 17 29.815822 11600
    853 13 17 29.825825 13 17 29.825825 11600
    854 13 17 29.835823 13 17 29.835823 11600
    855 13 17 29.845866 13 17 29.845866 11600
    856 13 17 29.855875 13 17 29.855875 11600
    857 13 17 29.865864 13 17 29.865864 11600
    858 13 17 29.875826 13 17 29.875826 11600
    859 13 17 29.885866 13 17 29.885866 11600
    860 13 17 29.895866 13 17 29.895866 11600
    861 13 17 29.905878 13 17 29.905878 11600
    862 13 17 29.915869 13 17 29.915869 11600
    863 13 17 29.925865 13 17 29.925865 11600
    864 13 17 29.935814 13 17 29.935814 11600
    865 13 17 29.945864 13 17 29.945864 11600
    866 13 17 29.955905 13 17 29.955905 11600
    867 13 17 29.965865 13 17 29.965865 11600
    868 13 17 29.975825 13 17 29.975825 11600
    869 13 17 29.985860 13 17 29.985860 11600
    870 13 17 29.995799 13 17 29.995799 11600
    871 13 17 30.005807 13 17 30.005807 11600
    872 13 17 30.015852 13 17 30.015852 11600
    873 13 17 30.025901 13 17 30.025901 11600
    874 13 17 30.035865 13 17 30.035865 11600
    875 13 17 30.045857 13 17 30.045857 11600
    876 13 17 30.055828 13 17 30.055828 11600
    877 13 17 30.065870 13 17 30.065870 11600
    878 13 17 30.075849 13 17 30.075849 11600
    879 13 17 30.085867 13 17 30.085867 11600
    880 13 17 30.095862 13 17 30.095862 11600
    881 13 17 30.105862 13 17 30.105862 11600
    882 13 17 30.115863 13 17 30.115863 11600
    883 13 17 30.125862 13 17 30.125862 11600
    884 13 17 30.135860 13 17 30.135860 11600
    885 13 17 30.145865 13 17 30.145865 11600
    886 13 17 30.155861 13 17 30.155861 11600
    887 13 17 30.165863 13 17 30.165863 11600
    888 13 17 30.175862 13 17 30.175862 11600
    889 13 17 30.185864 13 17 30.185864 11600
    890 13 17 30.195862 13 17 30.195862 11600
    891 13 17 30.205864 13 17 30.205864 11600
    892 13 17 30.215862 13 17 30.215862 11600
    893 13 17 30.225863 13 17 30.225863 11600
    894 13 17 30.235862 13 17 30.235862 11600
    895 13 17 30.245862 13 17 30.245862 11600
    896 13 17 30.255863 13 17 30.255863 11600
    897 13 17 30.265865 13 17 30.265865 11600
    898 13 17 30.275864 13 17 30.275864 11600
    899 13 17 30.285876 13 17 30.285876 11600
    900 13 17 30.295863 13 17 30.295863 11600
    901 13 17 30.305845 13 17 30.305845 11600
    902 13 17 30.315865 13 17 30.315865 11600
    903 13 17 30.325824 13 17 30.325824 11600
    904 13 17 30.335833 13 17 30.335833 11600
    905 13 17 30.345866 13 17 30.345866 11600
    906 13 17 30.355827 13 17 30.355827 11600
    907 13 17 30.365866 13 17 30.365866 11600
    908 13 17 30.375828 13 17 30.375828 11600
    909 13 17 30.385967 13 17 30.385967 11600
    910 13 17 30.395866 13 17 30.395866 11600
    911 13 17 30.405878 13 17 30.405878 11600
    912 13 17 30.415896 13 17 30.415896 11600
    913 13 17 30.425865 13 17 30.425865 11600
    914 13 17 30.435815 13 17 30.435815 11600
    915 13 17 30.445872 13 17 30.445872 11600
    916 13 17 30.455829 13 17 30.455829 11600
    917 13 17 30.465900 13 17 30.465900 11600
    918 13 17 30.475875 13 17 30.475875 11600
    919 13 17 30.485865 13 17 30.485865 11600
    920 13 17 30.495816 13 17 30.495816 11600
    921 13 17 30.505893 13 17 30.505893 11600
    922 13 17 30.515865 13 17 30.515865 11600
    923 13 17 30.525908 13 17 30.525908 11600
    924 13 17 30.535876 13 17 30.535876 11600
    925 13 17 30.545799 13 17 30.545799 11600
    926 13 17 30.555813 13 17 30.555813 11600
    927 13 17 30.565865 13 17 30.565865 11600
    928 13 17 30.575866 13 17 30.575866 11600
    929 13 17 30.585864 13 17 30.585864 11600
    930 13 17 30.595863 13 17 30.595863 11600
    931 13 17 30.605865 13 17 30.605865 11600
    932 13 17 30.615863 13 17 30.615863 11600
    933 13 17 30.625864 13 17 30.625864 11600
    934 13 17 30.635863 13 17 30.635863 11600
    935 13 17 30.645931 13 17 30.645931 11600
    936 13 17 30.655863 13 17 30.655863 11600
    937 13 17 30.665863 13 17 30.665863 11600
    938 13 17 30.675862 13 17 30.675862 11600
    939 13 17 30.685864 13 17 30.685864 11600
    940 13 17 30.695864 13 17 30.695864 11600
    941 13 17 30.705870 13 17 30.705870 11600
    942 13 17 30.715862 13 17 30.715862 11600
    943 13 17 30.725863 13 17 30.725863 11600
    944 13 17 30.735862 13 17 30.735862 11600
    945 13 17 30.745863 13 17 30.745863 11600
    946 13 17 30.755863 13 17 30.755863 11600
    947 13 17 30.765862 13 17 30.765862 11600
    948 13 17 30.775863 13 17 30.775863 11600
    949 13 17 30.785865 13 17 30.785865 11600
    950 13 17 30.795864 13 17 30.795864 11600
    951 13 17 30.805862 13 17 30.805862 11600
    952 13 17 30.815864 13 17 30.815864 11600
    953 13 17 30.825849 13 17 30.825849 11600
    954 13 17 30.835864 13 17 30.835864 11600
    955 13 17 30.845873 13 17 30.845873 11600
    956 13 17 30.855861 13 17 30.855861 11600
    957 13 17 30.865864 13 17 30.865864 11600
    958 13 17 30.875851 13 17 30.875851 11600
    959 13 17 30.885867 13 17 30.885867 11600
    960 13 17 30.895877 13 17 30.895877 11600
    961 13 17 30.905905 13 17 30.905905 11600
    962 13 17 30.915873 13 17 30.915873 11600
    963 13 17 30.925868 13 17 30.925868 11600
    964 13 17 30.935866 13 17 30.935866 11600
    965 13 17 30.945876 13 17 30.945876 11600
    966 13 17 30.955932 13 17 30.955932 11600
    967 13 17 30.965868 13 17 30.965868 11600
    968 13 17 30.975864 13 17 30.975864 11600
    969 13 17 30.985866 13 17 30.985866 11600
    970 13 17 30.995861 13 17 30.995861 11600
    971 13 17 31.005866 13 17 31.005866 11600
    972 13 17 31.015928 13 17 31.015928 11600
    973 13 17 31.025883 13 17 31.025883 11600
    974 13 17 31.035866 13 17 31.035866 11600
    975 13 17 31.045864 13 17 31.045864 11600
    976 13 17 31.055886 13 17 31.055886 11600
    977 13 17 31.065888 13 17 31.065888 11600
    978 13 17 31.075934 13 17 31.075934 11600
    979 13 17 31.085867 13 17 31.085867 11600
    980 13 17 31.095873 13 17 31.095873 11600
    981 13 17 31.105865 13 17 31.105865 11600
    982 13 17 31.115864 13 17 31.115864 11600
    983 13 17 31.125863 13 17 31.125863 11600
    984 13 17 31.135861 13 17 31.135861 11600
    985 13 17 31.145863 13 17 31.145863 11600
    986 13 17 31.155864 13 17 31.155864 11600
    987 13 17 31.166004 13 17 31.166004 11600
    988 13 17 31.175865 13 17 31.175865 11600
    989 13 17 31.185864 13 17 31.185864 11600
    990 13 17 31.195862 13 17 31.195862 11600
    991 13 17 31.205863 13 17 31.205863 11600
    992 13 17 31.215862 13 17 31.215862 11600
    993 13 17 31.225864 13 17 31.225864 11600
    994 13 17 31.235862 13 17 31.235862 11600
    995 13 17 31.245864 13 17 31.245864 11600
    996 13 17 31.255863 13 17 31.255863 11600
    997 13 17 31.265875 13 17 31.265875 11600
    998 13 17 31.275863 13 17 31.275863 11600
    999 13 17 31.285865 13 17 31.285865 11600
   1000 13 17 31.295863 13 17 31.295863 11600
