      1 13 13 6.188081 13 13 6.188081 9500
      2 13 13 6.198272 13 13 6.198272 9500
      3 13 13 6.208229 13 13 6.208229 9500
      4 13 13 6.218194 13 13 6.218194 9500
      5 13 13 6.228226 13 13 6.228226 9500
      6 13 13 6.238191 13 13 6.238191 9500
      7 13 13 6.248197 13 13 6.248197 9500
      8 13 13 6.258244 13 13 6.258244 9500
      9 13 13 6.268208 13 13 6.268208 9500
     10 13 13 6.278257 13 13 6.278257 9500
     11 13 13 6.288236 13 13 6.288236 9500
     12 13 13 6.298201 13 13 6.298201 9500
     13 13 13 6.308230 13 13 6.308230 9500
     14 13 13 6.318188 13 13 6.318188 9500
     15 13 13 6.328262 13 13 6.328262 9500
     16 13 13 6.338172 13 13 6.338172 9500
     17 13 13 6.348668 13 13 6.348668 9500
     18 13 13 6.358198 13 13 6.358198 9500
     19 13 13 6.368276 13 13 6.368276 9500
     20 13 13 6.378236 13 13 6.378236 9500
     21 13 13 6.388551 13 13 6.388551 9500
     22 13 13 6.398183 13 13 6.398183 9500
     23 13 13 6.408266 13 13 6.408266 9500
     24 13 13 6.418307 13 13 6.418307 9500
     25 13 13 6.428251 13 13 6.428251 9500
     26 13 13 6.438265 13 13 6.438265 9500
     27 13 13 6.448268 13 13 6.448268 9500
     28 13 13 6.458244 13 13 6.458244 9500
     29 13 13 6.468301 13 13 6.468301 9500
     30 13 13 6.478246 13 13 6.478246 9500
     31 13 13 6.488260 13 13 6.488260 9500
     32 13 13 6.498599 13 13 6.498599 9500
     33 13 13 6.508192 13 13 6.508192 9500
     34 13 13 6.518187 13 13 6.518187 9500
     35 13 13 6.528183 13 13 6.528183 9500
     36 13 13 6.538278 13 13 6.538278 9500
     37 13 13 6.548288 13 13 6.548288 9500
     38 13 13 6.558176 13 13 6.558176 9500
     39 13 13 6.568238 13 13 6.568238 9500
     40 13 13 6.578243 13 13 6.578243 9500
     41 13 13 6.588248 13 13 6.588248 9500
     42 13 13 6.598188 13 13 6.598188 9500
     43 13 13 6.608240 13 13 6.608240 9500
     44 13 13 6.618184 13 13 6.618184 9500
     45 13 13 6.628275 13 13 6.628275 9500
     46 13 13 6.638183 13 13 6.638183 9500
     47 13 13 6.648321 13 13 6.648321 9500
     48 13 13 6.658240 13 13 6.658240 9500
     49 13 13 6.668179 13 13 6.668179 9500
     50 13 13 6.678249 13 13 6.678249 9500
     51 13 13 6.688251 13 13 6.688251 9500
     52 13 13 6.698389 13 13 6.698389 9500
     53 13 13 6.708180 13 13 6.708180 9500
     54 13 13 6.718339 13 13 6.718339 9500
     55 13 13 6.728189 13 13 6.728189 9500
     56 13 13 6.738146 13 13 6.738146 9500
     57 13 13 6.748213 13 13 6.748213 9500
     58 13 13 6.758313 13 13 6.758313 9500
     59 13 13 6.768269 13 13 6.768269 9500
     60 13 13 6.778271 13 13 6.778271 9500
     61 13 13 6.788242 13 13 6.788242 9500
     62 13 13 6.798249 13 13 6.798249 9500
     63 13 13 6.808241 13 13 6.808241 9500
     64 13 13 6.818184 13 13 6.818184 9500
     65 13 13 6.828177 13 13 6.828177 9500
     66 13 13 6.838313 13 13 6.838313 9500
     67 13 13 6.848376 13 13 6.848376 9500
     68 13 13 6.858242 13 13 6.858242 9500
     69 13 13 6.868247 13 13 6.868247 9500
     70 13 13 6.878215 13 13 6.878215 9500
     71 13 13 6.888242 13 13 6.888242 9500
     72 13 13 6.898213 13 13 6.898213 9500
     73 13 13 6.908255 13 13 6.908255 9500
     74 13 13 6.918141 13 13 6.918141 9500
     75 13 13 6.928181 13 13 6.928181 9500
     76 13 13 6.938214 13 13 6.938214 9500
     77 13 13 6.948184 13 13 6.948184 9500
     78 13 13 6.958503 13 13 6.958503 9500
     79 13 13 6.968294 13 13 6.968294 9500
     80 13 13 6.978250 13 13 6.978250 9500
     81 13 13 6.988300 13 13 6.988300 9500
     82 13 13 6.998284 13 13 6.998284 9500
     83 13 13 7.008263 13 13 7.008263 9500
     84 13 13 7.018189 13 13 7.018189 9500
     85 13 13 7.028185 13 13 7.028185 9500
     86 13 13 7.038185 13 13 7.038185 9500
     87 13 13 7.048206 13 13 7.048206 9500
     88 13 13 7.058245 13 13 7.058245 9500
     89 13 13 7.068243 13 13 7.068243 9500
     90 13 13 7.078272 13 13 7.078272 9500
     91 13 13 7.088269 13 13 7.088269 9500
     92 13 13 7.098181 13 13 7.098181 9500
     93 13 13 7.108177 13 13 7.108177 9500
     94 13 13 7.118186 13 13 7.118186 9500
     95 13 13 7.128182 13 13 7.128182 9500
     96 13 13 7.138194 13 13 7.138194 9500
     97 13 13 7.148214 13 13 7.148214 9500
     98 13 13 7.158273 13 13 7.158273 9500
     99 13 13 7.168247 13 13 7.168247 9500
    100 13 13 7.178228 13 13 7.178228 9500
    101 13 13 7.188286 13 13 7.188286 9500
    102 13 13 7.198224 13 13 7.198224 9500
    103 13 13 7.208283 13 13 7.208283 9500
    104 13 13 7.218338 13 13 7.218338 9500
    105 13 13 7.228227 13 13 7.228227 9500
    106 13 13 7.238213 13 13 7.238213 9500
    107 13 13 7.248291 13 13 7.248291 9500
    108 13 13 7.258275 13 13 7.258275 9500
    109 13 13 7.268322 13 13 7.268322 9500
    110 13 13 7.278265 13 13 7.278265 9500
    111 13 13 7.288270 13 13 7.288270 9500
    112 13 13 7.298316 13 13 7.298316 9500
    113 13 13 7.308199 13 13 7.308199 9500
    114 13 13 7.318189 13 13 7.318189 9500
    115 13 13 7.328184 13 13 7.328184 9500
    116 13 13 7.338816 13 13 7.338816 9500
    117 13 13 7.348372 13 13 7.348372 9500
    118 13 13 7.358391 13 13 7.358391 9500
    119 13 13 7.368134 13 13 7.368134 9500
    120 13 13 7.378239 13 13 7.378239 9500
    121 13 13 7.388314 13 13 7.388314 9500
    122 13 13 7.398201 13 13 7.398201 9500
    123 13 13 7.408313 13 13 7.408313 9500
    124 13 13 7.418383 13 13 7.418383 9500
    125 13 13 7.428187 13 13 7.428187 9500
    126 13 13 7.438233 13 13 7.438233 9500
    127 13 13 7.448565 13 13 7.448565 9500
    128 13 13 7.458153 13 13 7.458153 9500
    129 13 13 7.468296 13 13 7.468296 9500
    130 13 13 7.478313 13 13 7.478313 9500
    131 13 13 7.488307 13 13 7.488307 9500
    132 13 13 7.498247 13 13 7.498247 9500
    133 13 13 7.508257 13 13 7.508257 9500
    134 13 13 7.518184 13 13 7.518184 9500
    135 13 13 7.528208 13 13 7.528208 9500
    136 13 13 7.538183 13 13 7.538183 9500
    137 13 13 7.548179 13 13 7.548179 9500
    138 13 13 7.558186 13 13 7.558186 9500
    139 13 13 7.568226 13 13 7.568226 9500
    140 13 13 7.578354 13 13 7.578354 9500
    141 13 13 7.588307 13 13 7.588307 9500
    142 13 13 7.598245 13 13 7.598245 9500
    143 13 13 7.608244 13 13 7.608244 9500
    144 13 13 7.618249 13 13 7.618249 9500
    145 13 13 7.628235 13 13 7.628235 9500
    146 13 13 7.638238 13 13 7.638238 9500
    147 13 13 7.648587 13 13 7.648587 9500
    148 13 13 7.658114 13 13 7.658114 9500
    149 13 13 7.668300 13 13 7.668300 9500
    150 13 13 7.678221 13 13 7.678221 9500
    151 13 13 7.688329 13 13 7.688329 9500
    152 13 13 7.698208 13 13 7.698208 9500
    153 13 13 7.708375 13 13 7.708375 9500
    154 13 13 7.718348 13 13 7.718348 9500
    155 13 13 7.728210 13 13 7.728210 9500
    156 13 13 7.738214 13 13 7.738214 9500
    157 13 13 7.748212 13 13 7.748212 9500
    158 13 13 7.758193 13 13 7.758193 9500
    159 13 13 7.768201 13 13 7.768201 9500
    160 13 13 7.778674 13 13 7.778674 9500
    161 13 13 7.788204 13 13 7.788204 9500
    162 13 13 7.798282 13 13 7.798282 9500
    163 13 13 7.808227 13 13 7.808227 9500
    164 13 13 7.818221 13 13 7.818221 9500
    165 13 13 7.828332 13 13 7.828332 9500
    166 13 13 7.838247 13 13 7.838247 9500
    167 13 13 7.848339 13 13 7.848339 9500
    168 13 13 7.858107 13 13 7.858107 9500
    169 13 13 7.868313 13 13 7.868313 9500
    170 13 13 7.878326 13 13 7.878326 9500
    171 13 13 7.888180 13 13 7.888180 9500
    172 13 13 7.898239 13 13 7.898239 9500
    173 13 13 7.908250 13 13 7.908250 9500
    174 13 13 7.919037 13 13 7.919037 9500
    175 13 13 7.928174 13 13 7.928174 9500
    176 13 13 7.938176 13 13 7.938176 9500
    177 13 13 7.948204 13 13 7.948204 9500
    178 13 13 7.958185 13 13 7.958185 9500
    179 13 13 7.968180 13 13 7.968180 9500
    180 13 13 7.978182 13 13 7.978182 9500
    181 13 13 7.988178 13 13 7.988178 9500
    182 13 13 7.998141 13 13 7.998141 9500
    183 13 13 8.008252 13 13 8.008252 9500
    184 13 13 8.019035 13 13 8.019035 9500
    185 13 13 8.028316 13 13 8.028316 9500
    186 13 13 8.038232 13 13 8.038232 9500
    187 13 13 8.048258 13 13 8.048258 9500
    188 13 13 8.058745 13 13 8.058745 9500
    189 13 13 8.068253 13 13 8.068253 9500
    190 13 13 8.078813 13 13 8.078813 9500
    191 13 13 8.088326 13 13 8.088326 9500
    192 13 13 8.098269 13 13 8.098269 9500
    193 13 13 8.108181 13 13 8.108181 9500
    194 13 13 8.118183 13 13 8.118183 9500
    195 13 13 8.128180 13 13 8.128180 9500
    196 13 13 8.138182 13 13 8.138182 9500
    197 13 13 8.148180 13 13 8.148180 9500
    198 13 13 8.158182 13 13 8.158182 9500
    199 13 13 8.168179 13 13 8.168179 9500
    200 13 13 8.178193 13 13 8.178193 9500
    201 13 13 8.188193 13 13 8.188193 9500
    202 13 13 8.198176 13 13 8.198176 9500
    203 13 13 8.208218 13 13 8.208218 9500
    204 13 13 8.218249 13 13 8.218249 9500
    205 13 13 8.228275 13 13 8.228275 9500
    206 13 13 8.238263 13 13 8.238263 9500
    207 13 13 8.248234 13 13 8.248234 9500
    208 13 13 8.258558 13 13 8.258558 9500
    209 13 13 8.268257 13 13 8.268257 9500
    210 13 13 8.278753 13 13 8.278753 9500
    211 13 13 8.289142 13 13 8.289142 9500
    212 13 13 8.298351 13 13 8.298351 9500
    213 13 13 8.308211 13 13 8.308211 9500
    214 13 13 8.318201 13 13 8.318201 9500
    215 13 13 8.328182 13 13 8.328182 9500
    216 13 13 8.338181 13 13 8.338181 9500
    217 13 13 8.348179 13 13 8.348179 9500
    218 13 13 8.358181 13 13 8.358181 9500
    219 13 13 8.368180 13 13 8.368180 9500
    220 13 13 8.378190 13 13 8.378190 9500
    221 13 13 8.388175 13 13 8.388175 9500
    222 13 13 8.398250 13 13 8.398250 9500
    223 13 13 8.408241 13 13 8.408241 9500
    224 13 13 8.418233 13 13 8.418233 9500
    225 13 13 8.428179 13 13 8.428179 9500
    226 13 13 8.438231 13 13 8.438231 9500
    227 13 13 8.448238 13 13 8.448238 9500
    228 13 13 8.459066 13 13 8.459066 9500
    229 13 13 8.469091 13 13 8.469091 9500
    230 13 13 8.478256 13 13 8.478256 9500
    231 13 13 8.488239 13 13 8.488239 9500
    232 13 13 8.498241 13 13 8.498241 9500
    233 13 13 8.508143 13 13 8.508143 9500
    234 13 13 8.518183 13 13 8.518183 9500
    235 13 13 8.528150 13 13 8.528150 9500
    236 13 13 8.538211 13 13 8.538211 9500
    237 13 13 8.548180 13 13 8.548180 9500
    238 13 13 8.558180 13 13 8.558180 9500
    239 13 13 8.568179 13 13 8.568179 9500
    240 13 13 8.578181 13 13 8.578181 9500
    241 13 13 8.588177 13 13 8.588177 9500
    242 13 13 8.598250 13 13 8.598250 9500
    243 13 13 8.608727 13 13 8.608727 9500
    244 13 13 8.618216 13 13 8.618216 9500
    245 13 13 8.628211 13 13 8.628211 9500
    246 13 13 8.638251 13 13 8.638251 9500
    247 13 13 8.648258 13 13 8.648258 9500
    248 13 13 8.658186 13 13 8.658186 9500
    249 13 13 8.668210 13 13 8.668210 9500
    250 13 13 8.678262 13 13 8.678262 9500
    251 13 13 8.688242 13 13 8.688242 9500
    252 13 13 8.698192 13 13 8.698192 9500
    253 13 13 8.708275 13 13 8.708275 9500
    254 13 13 8.718173 13 13 8.718173 9500
    255 13 13 8.728170 13 13 8.728170 9500
    256 13 13 8.738172 13 13 8.738172 9500
    257 13 13 8.748169 13 13 8.748169 9500
    258 13 13 8.758172 13 13 8.758172 9500
    259 13 13 8.768167 13 13 8.768167 9500
    260 13 13 8.778183 13 13 8.778183 9500
    261 13 13 8.788183 13 13 8.788183 9500
    262 13 13 8.798242 13 13 8.798242 9500
    263 13 13 8.808230 13 13 8.808230 9500
    264 13 13 8.818241 13 13 8.818241 9500
    265 13 13 8.828248 13 13 8.828248 9500
    266 13 13 8.838240 13 13 8.838240 9500
    267 13 13 8.848238 13 13 8.848238 9500
    268 13 13 8.858285 13 13 8.858285 9500
    269 13 13 8.868306 13 13 8.868306 9500
    270 13 13 8.878282 13 13 8.878282 9500
    271 13 13 8.888222 13 13 8.888222 9500
    272 13 13 8.898246 13 13 8.898246 9500
    273 13 13 8.908243 13 13 8.908243 9500
    274 13 13 8.918184 13 13 8.918184 9500
    275 13 13 8.928177 13 13 8.928177 9500
    276 13 13 8.938183 13 13 8.938183 9500
    277 13 13 8.948180 13 13 8.948180 9500
    278 13 13 8.958182 13 13 8.958182 9500
    279 13 13 8.968182 13 13 8.968182 9500
    280 13 13 8.978175 13 13 8.978175 9500
    281 13 13 8.988186 13 13 8.988186 9500
    282 13 13 8.998319 13 13 8.998319 9500
    283 13 13 9.008347 13 13 9.008347 9500
    284 13 13 9.018266 13 13 9.018266 9500
    285 13 13 9.028247 13 13 9.028247 9500
    286 13 13 9.038182 13 13 9.038182 9500
    287 13 13 9.048246 13 13 9.048246 9500
    288 13 13 9.058198 13 13 9.058198 9500
    289 13 13 9.068695 13 13 9.068695 9500
    290 13 13 9.078174 13 13 9.078174 9500
    291 13 13 9.088222 13 13 9.088222 9500
    292 13 13 9.098314 13 13 9.098314 9500
    293 13 13 9.108418 13 13 9.108418 9500
    294 13 13 9.118600 13 13 9.118600 9500
    295 13 13 9.128263 13 13 9.128263 9500
    296 13 13 9.138210 13 13 9.138210 9500
    297 13 13 9.148182 13 13 9.148182 9500
    298 13 13 9.158181 13 13 9.158181 9500
    299 13 13 9.168181 13 13 9.168181 9500
    300 13 13 9.178181 13 13 9.178181 9500
    301 13 13 9.188181 13 13 9.188181 9500
    302 13 13 9.198183 13 13 9.198183 9500
    303 13 13 9.208185 13 13 9.208185 9500
    304 13 13 9.218180 13 13 9.218180 9500
    305 13 13 9.228229 13 13 9.228229 9500
    306 13 13 9.238433 13 13 9.238433 9500
    307 13 13 9.248319 13 13 9.248319 9500
    308 13 13 9.258245 13 13 9.258245 9500
    309 13 13 9.268264 13 13 9.268264 9500
    310 13 13 9.278259 13 13 9.278259 9500
    311 13 13 9.288213 13 13 9.288213 9500
    312 13 13 9.298268 13 13 9.298268 9500
    313 13 13 9.308203 13 13 9.308203 9500
    314 13 13 9.318435 13 13 9.318435 9500
    315 13 13 9.328272 13 13 9.328272 9500
    316 13 13 9.338186 13 13 9.338186 9500
    317 13 13 9.348190 13 13 9.348190 9500
    318 13 13 9.358183 13 13 9.358183 9500
    319 13 13 9.368180 13 13 9.368180 9500
    320 13 13 9.378182 13 13 9.378182 9500
    321 13 13 9.388184 13 13 9.388184 9500
    322 13 13 9.398184 13 13 9.398184 9500
    323 13 13 9.408179 13 13 9.408179 9500
    324 13 13 9.418191 13 13 9.418191 9500
    325 13 13 9.428179 13 13 9.428179 9500
    326 13 13 9.438266 13 13 9.438266 9500
    327 13 13 9.448610 13 13 9.448610 9500
    328 13 13 9.458156 13 13 9.458156 9500
    329 13 13 9.468260 13 13 9.468260 9500
    330 13 13 9.478275 13 13 9.478275 9500
    331 13 13 9.488305 13 13 9.488305 9500
    332 13 13 9.498262 13 13 9.498262 9500
    333 13 13 9.508186 13 13 9.508186 9500
    334 13 13 9.518236 13 13 9.518236 9500
    335 13 13 9.528294 13 13 9.528294 9500
    336 13 13 9.538230 13 13 9.538230 9500
    337 13 13 9.548259 13 13 9.548259 9500
    338 13 13 9.558203 13 13 9.558203 9500
    339 13 13 9.568194 13 13 9.568194 9500
    340 13 13 9.578184 13 13 9.578184 9500
    341 13 13 9.588181 13 13 9.588181 9500
    342 13 13 9.598186 13 13 9.598186 9500
    343 13 13 9.608178 13 13 9.608178 9500
    344 13 13 9.618152 13 13 9.618152 9500
    345 13 13 9.628194 13 13 9.628194 9500
    346 13 13 9.638180 13 13 9.638180 9500
    347 13 13 9.648177 13 13 9.648177 9500
    348 13 13 9.658521 13 13 9.658521 9500
    349 13 13 9.668257 13 13 9.668257 9500
    350 13 13 9.678283 13 13 9.678283 9500
    351 13 13 9.688219 13 13 9.688219 9500
    352 13 13 9.698209 13 13 9.698209 9500
    353 13 13 9.708216 13 13 9.708216 9500
    354 13 13 9.718864 13 13 9.718864 9500
    355 13 13 9.728339 13 13 9.728339 9500
    356 13 13 9.738184 13 13 9.738184 9500
    357 13 13 9.748227 13 13 9.748227 9500
    358 13 13 9.758205 13 13 9.758205 9500
    359 13 13 9.768183 13 13 9.768183 9500
    360 13 13 9.778188 13 13 9.778188 9500
    361 13 13 9.788180 13 13 9.788180 9500
    362 13 13 9.798213 13 13 9.798213 9500
    363 13 13 9.808213 13 13 9.808213 9500
    364 13 13 9.818189 13 13 9.818189 9500
    365 13 13 9.828201 13 13 9.828201 9500
    366 13 13 9.838214 13 13 9.838214 9500
    367 13 13 9.848179 13 13 9.848179 9500
    368 13 13 9.858867 13 13 9.858867 9500
    369 13 13 9.868494 13 13 9.868494 9500
    370 13 13 9.878228 13 13 9.878228 9500
    371 13 13 9.888294 13 13 9.888294 9500
    372 13 13 9.898250 13 13 9.898250 9500
    373 13 13 9.908200 13 13 9.908200 9500
    374 13 13 9.918243 13 13 9.918243 9500
    375 13 13 9.928181 13 13 9.928181 9500
    376 13 13 9.938898 13 13 9.938898 9500
    377 13 13 9.948342 13 13 9.948342 9500
    378 13 13 9.958318 13 13 9.958318 9500
    379 13 13 9.968256 13 13 9.968256 9500
    380 13 13 9.978229 13 13 9.978229 9500
    381 13 13 9.988184 13 13 9.988184 9500
    382 13 13 9.998193 13 13 9.998193 9500
    383 13 13 10.008245 13 13 10.008245 9500
    384 13 13 10.018197 13 13 10.018197 9500
    385 13 13 10.028178 13 13 10.028178 9500
    386 13 13 10.038195 13 13 10.038195 9500
    387 13 13 10.048192 13 13 10.048192 9500
    388 13 13 10.058438 13 13 10.058438 9500
    389 13 13 10.068319 13 13 10.068319 9500
    390 13 13 10.078250 13 13 10.078250 9500
    391 13 13 10.088240 13 13 10.088240 9500
    392 13 13 10.098375 13 13 10.098375 9500
    393 13 13 10.108252 13 13 10.108252 9500
    394 13 13 10.118285 13 13 10.118285 9500
    395 13 13 10.128239 13 13 10.128239 9500
    396 13 13 10.138242 13 13 10.138242 9500
    397 13 13 10.148358 13 13 10.148358 9500
    398 13 13 10.158258 13 13 10.158258 9500
    399 13 13 10.168250 13 13 10.168250 9500
    400 13 13 10.178250 13 13 10.178250 9500
    401 13 13 10.188183 13 13 10.188183 9500
    402 13 13 10.198150 13 13 10.198150 9500
    403 13 13 10.208218 13 13 10.208218 9500
    404 13 13 10.218180 13 13 10.218180 9500
    405 13 13 10.228272 13 13 10.228272 9500
    406 13 13 10.238200 13 13 10.238200 9500
    407 13 13 10.248179 13 13 10.248179 9500
    408 13 13 10.258324 13 13 10.258324 9500
    409 13 13 10.268245 13 13 10.268245 9500
    410 13 13 10.278249 13 13 10.278249 9500
    411 13 13 10.288202 13 13 10.288202 9500
    412 13 13 10.298298 13 13 10.298298 9500
    413 13 13 10.308211 13 13 10.308211 9500
    414 13 13 10.318255 13 13 10.318255 9500
    415 13 13 10.328314 13 13 10.328314 9500
    416 13 13 10.338288 13 13 10.338288 9500
    417 13 13 10.348229 13 13 10.348229 9500
    418 13 13 10.358316 13 13 10.358316 9500
    419 13 13 10.368254 13 13 10.368254 9500
    420 13 13 10.378301 13 13 10.378301 9500
    421 13 13 10.388286 13 13 10.388286 9500
    422 13 13 10.398192 13 13 10.398192 9500
    423 13 13 10.408210 13 13 10.408210 9500
    424 13 13 10.418236 13 13 10.418236 9500
    425 13 13 10.428181 13 13 10.428181 9500
    426 13 13 10.438181 13 13 10.438181 9500
    427 13 13 10.448195 13 13 10.448195 9500
    428 13 13 10.458462 13 13 10.458462 9500
    429 13 13 10.468208 13 13 10.468208 9500
    430 13 13 10.478263 13 13 10.478263 9500
    431 13 13 10.488281 13 13 10.488281 9500
    432 13 13 10.498253 13 13 10.498253 9500
    433 13 13 10.508160 13 13 10.508160 9500
    434 13 13 10.518122 13 13 10.518122 9500
    435 13 13 10.528271 13 13 10.528271 9500
    436 13 13 10.538332 13 13 10.538332 9500
    437 13 13 10.548251 13 13 10.548251 9500
    438 13 13 10.558251 13 13 10.558251 9500
    439 13 13 10.568334 13 13 10.568334 9500
    440 13 13 10.578265 13 13 10.578265 9500
    441 13 13 10.588259 13 13 10.588259 9500
    442 13 13 10.598228 13 13 10.598228 9500
    443 13 13 10.609033 13 13 10.609033 9500
    444 13 13 10.618197 13 13 10.618197 9500
    445 13 13 10.628260 13 13 10.628260 9500
    446 13 13 10.638182 13 13 10.638182 9500
    447 13 13 10.648180 13 13 10.648180 9500
    448 13 13 10.658350 13 13 10.658350 9500
    449 13 13 10.668222 13 13 10.668222 9500
    450 13 13 10.678796 13 13 10.678796 9500
    451 13 13 10.688254 13 13 10.688254 9500
    452 13 13 10.698264 13 13 10.698264 9500
    453 13 13 10.708323 13 13 10.708323 9500
    454 13 13 10.718234 13 13 10.718234 9500
    455 13 13 10.728396 13 13 10.728396 9500
    456 13 13 10.738837 13 13 10.738837 9500
    457 13 13 10.748329 13 13 10.748329 9500
    458 13 13 10.758226 13 13 10.758226 9500
    459 13 13 10.768283 13 13 10.768283 9500
    460 13 13 10.778674 13 13 10.778674 9500
    461 13 13 10.788308 13 13 10.788308 9500
    462 13 13 10.798583 13 13 10.798583 9500
    463 13 13 10.808258 13 13 10.808258 9500
    464 13 13 10.818256 13 13 10.818256 9500
    465 13 13 10.828220 13 13 10.828220 9500
    466 13 13 10.838167 13 13 10.838167 9500
    467 13 13 10.848171 13 13 10.848171 9500
    468 13 13 10.858548 13 13 10.858548 9500
    469 13 13 10.868247 13 13 10.868247 9500
    470 13 13 10.878204 13 13 10.878204 9500
    471 13 13 10.888239 13 13 10.888239 9500
    472 13 13 10.898255 13 13 10.898255 9500
    473 13 13 10.908169 13 13 10.908169 9500
    474 13 13 10.918193 13 13 10.918193 9500
    475 13 13 10.928193 13 13 10.928193 9500
    476 13 13 10.938423 13 13 10.938423 9500
    477 13 13 10.963478 13 13 10.963478 9500
    478 13 13 10.963568 13 13 10.963568 9500
    479 13 13 10.968367 13 13 10.968367 9500
    480 13 13 10.978828 13 13 10.978828 9500
    481 13 13 10.988336 13 13 10.988336 9500
    482 13 13 10.998315 13 13 10.998315 9500
    483 13 13 11.008240 13 13 11.008240 9500
    484 13 13 11.018504 13 13 11.018504 9500
    485 13 13 11.028394 13 13 11.028394 9500
    486 13 13 11.039479 13 13 11.039479 9500
    487 13 13 11.048420 13 13 11.048420 9500
    488 13 13 11.058253 13 13 11.058253 9500
    489 13 13 11.068191 13 13 11.068191 9500
    490 13 13 11.078884 13 13 11.078884 9500
    491 13 13 11.088328 13 13 11.088328 9500
    492 13 13 11.098212 13 13 11.098212 9500
    493 13 13 11.108301 13 13 11.108301 9500
    494 13 13 11.118285 13 13 11.118285 9500
    495 13 13 11.128118 13 13 11.128118 9500
    496 13 13 11.138184 13 13 11.138184 9500
    497 13 13 11.148158 13 13 11.148158 9500
    498 13 13 11.158217 13 13 11.158217 9500
    499 13 13 11.168179 13 13 11.168179 9500
    500 13 13 11.178164 13 13 11.178164 9500
    501 13 13 11.188179 13 13 11.188179 9500
    502 13 13 11.198309 13 13 11.198309 9500
    503 13 13 11.208290 13 13 11.208290 9500
    504 13 13 11.218382 13 13 11.218382 9500
    505 13 13 11.228249 13 13 11.228249 9500
    506 13 13 11.238288 13 13 11.238288 9500
    507 13 13 11.248309 13 13 11.248309 9500
    508 13 13 11.258345 13 13 11.258345 9500
    509 13 13 11.269019 13 13 11.269019 9500
    510 13 13 11.278190 13 13 11.278190 9500
    511 13 13 11.288258 13 13 11.288258 9500
    512 13 13 11.298249 13 13 11.298249 9500
    513 13 13 11.308206 13 13 11.308206 9500
    514 13 13 11.318286 13 13 11.318286 9500
    515 13 13 11.328222 13 13 11.328222 9500
    516 13 13 11.338248 13 13 11.338248 9500
    517 13 13 11.348181 13 13 11.348181 9500
    518 13 13 11.358181 13 13 11.358181 9500
    519 13 13 11.368207 13 13 11.368207 9500
    520 13 13 11.378182 13 13 11.378182 9500
    521 13 13 11.388177 13 13 11.388177 9500
    522 13 13 11.398180 13 13 11.398180 9500
    523 13 13 11.408189 13 13 11.408189 9500
    524 13 13 11.418240 13 13 11.418240 9500
    525 13 13 11.428207 13 13 11.428207 9500
    526 13 13 11.438375 13 13 11.438375 9500
    527 13 13 11.448292 13 13 11.448292 9500
    528 13 13 11.458370 13 13 11.458370 9500
    529 13 13 11.468769 13 13 11.468769 9500
    530 13 13 11.478937 13 13 11.478937 9500
    531 13 13 11.488329 13 13 11.488329 9500
    532 13 13 11.498226 13 13 11.498226 9500
    533 13 13 11.508475 13 13 11.508475 9500
    534 13 13 11.518249 13 13 11.518249 9500
    535 13 13 11.528221 13 13 11.528221 9500
    536 13 13 11.538185 13 13 11.538185 9500
    537 13 13 11.548362 13 13 11.548362 9500
    538 13 13 11.558187 13 13 11.558187 9500
    539 13 13 11.568179 13 13 11.568179 9500
    540 13 13 11.578181 13 13 11.578181 9500
    541 13 13 11.588179 13 13 11.588179 9500
    542 13 13 11.598181 13 13 11.598181 9500
    543 13 13 11.608180 13 13 11.608180 9500
    544 13 13 11.618180 13 13 11.618180 9500
    545 13 13 11.628285 13 13 11.628285 9500
    546 13 13 11.638951 13 13 11.638951 9500
    547 13 13 11.648239 13 13 11.648239 9500
    548 13 13 11.658250 13 13 11.658250 9500
    549 13 13 11.668210 13 13 11.668210 9500
    550 13 13 11.678210 13 13 11.678210 9500
    551 13 13 11.688255 13 13 11.688255 9500
    552 13 13 11.698278 13 13 11.698278 9500
    553 13 13 11.708337 13 13 11.708337 9500
    554 13 13 11.718239 13 13 11.718239 9500
    555 13 13 11.728262 13 13 11.728262 9500
    556 13 13 11.738189 13 13 11.738189 9500
    557 13 13 11.748184 13 13 11.748184 9500
    558 13 13 11.758196 13 13 11.758196 9500
    559 13 13 11.768179 13 13 11.768179 9500
    560 13 13 11.778181 13 13 11.778181 9500
    561 13 13 11.788180 13 13 11.788180 9500
    562 13 13 11.798180 13 13 11.798180 9500
    563 13 13 11.808165 13 13 11.808165 9500
    564 13 13 11.818213 13 13 11.818213 9500
    565 13 13 11.828269 13 13 11.828269 9500
    566 13 13 11.838264 13 13 11.838264 9500
    567 13 13 11.848242 13 13 11.848242 9500
    568 13 13 11.858223 13 13 11.858223 9500
    569 13 13 11.868213 13 13 11.868213 9500
    570 13 13 11.878204 13 13 11.878204 9500
    571 13 13 11.888210 13 13 11.888210 9500
    572 13 13 11.898203 13 13 11.898203 9500
    573 13 13 11.908312 13 13 11.908312 9500
    574 13 13 11.918444 13 13 11.918444 9500
    575 13 13 11.928252 13 13 11.928252 9500
    576 13 13 11.938242 13 13 11.938242 9500
    577 13 13 11.948183 13 13 11.948183 9500
    578 13 13 11.958171 13 13 11.958171 9500
    579 13 13 11.968173 13 13 11.968173 9500
    580 13 13 11.978168 13 13 11.978168 9500
    581 13 13 11.988165 13 13 11.988165 9500
    582 13 13 11.998205 13 13 11.998205 9500
    583 13 13 12.008183 13 13 12.008183 9500
    584 13 13 12.018183 13 13 12.018183 9500
    585 13 13 12.028181 13 13 12.028181 9500
    586 13 13 12.038182 13 13 12.038182 9500
    587 13 13 12.048284 13 13 12.048284 9500
    588 13 13 12.058194 13 13 12.058194 9500
    589 13 13 12.068251 13 13 12.068251 9500
    590 13 13 12.078224 13 13 12.078224 9500
    591 13 13 12.088193 13 13 12.088193 9500
    592 13 13 12.098437 13 13 12.098437 9500
    593 13 13 12.108268 13 13 12.108268 9500
    594 13 13 12.118275 13 13 12.118275 9500
    595 13 13 12.128202 13 13 12.128202 9500
    596 13 13 12.138260 13 13 12.138260 9500
    597 13 13 12.148289 13 13 12.148289 9500
    598 13 13 12.158300 13 13 12.158300 9500
    599 13 13 12.168264 13 13 12.168264 9500
    600 13 13 12.178191 13 13 12.178191 9500
    601 13 13 12.188211 13 13 12.188211 9500
    602 13 13 12.198176 13 13 12.198176 9500
    603 13 13 12.208185 13 13 12.208185 9500
    604 13 13 12.218184 13 13 12.218184 9500
    605 13 13 12.228180 13 13 12.228180 9500
    606 13 13 12.238219 13 13 12.238219 9500
    607 13 13 12.248184 13 13 12.248184 9500
    608 13 13 12.258188 13 13 12.258188 9500
    609 13 13 12.268295 13 13 12.268295 9500
    610 13 13 12.278233 13 13 12.278233 9500
    611 13 13 12.288710 13 13 12.288710 9500
    612 13 13 12.298230 13 13 12.298230 9500
    613 13 13 12.309124 13 13 12.309124 9500
    614 13 13 12.318203 13 13 12.318203 9500
    615 13 13 12.328203 13 13 12.328203 9500
    616 13 13 12.338115 13 13 12.338115 9500
    617 13 13 12.348247 13 13 12.348247 9500
    618 13 13 12.358230 13 13 12.358230 9500
    619 13 13 12.368244 13 13 12.368244 9500
    620 13 13 12.378182 13 13 12.378182 9500
    621 13 13 12.388180 13 13 12.388180 9500
    622 13 13 12.398180 13 13 12.398180 9500
    623 13 13 12.408205 13 13 12.408205 9500
    624 13 13 12.418186 13 13 12.418186 9500
    625 13 13 12.428200 13 13 12.428200 9500
    626 13 13 12.438185 13 13 12.438185 9500
    627 13 13 12.448180 13 13 12.448180 9500
    628 13 13 12.458183 13 13 12.458183 9500
    629 13 13 12.468284 13 13 12.468284 9500
    630 13 13 12.478206 13 13 12.478206 9500
    631 13 13 12.488179 13 13 12.488179 9500
    632 13 13 12.498217 13 13 12.498217 9500
    633 13 13 12.508210 13 13 12.508210 9500
    634 13 13 12.518211 13 13 12.518211 9500
    635 13 13 12.528202 13 13 12.528202 9500
    636 13 13 12.538247 13 13 12.538247 9500
    637 13 13 12.548177 13 13 12.548177 9500
    638 13 13 12.558249 13 13 12.558249 9500
    639 13 13 12.568179 13 13 12.568179 9500
    640 13 13 12.578248 13 13 12.578248 9500
    641 13 13 12.588177 13 13 12.588177 9500
    642 13 13 12.598181 13 13 12.598181 9500
    643 13 13 12.608176 13 13 12.608176 9500
    644 13 13 12.618192 13 13 12.618192 9500
    645 13 13 12.628185 13 13 12.628185 9500
    646 13 13 12.638185 13 13 12.638185 9500
    647 13 13 12.648179 13 13 12.648179 9500
    648 13 13 12.658181 13 13 12.658181 9500
    649 13 13 12.668262 13 13 12.668262 9500
    650 13 13 12.678245 13 13 12.678245 9500
    651 13 13 12.688271 13 13 12.688271 9500
    652 13 13 12.698696 13 13 12.698696 9500
    653 13 13 12.708316 13 13 12.708316 9500
    654 13 13 12.718296 13 13 12.718296 9500
    655 13 13 12.728367 13 13 12.728367 9500
    656 13 13 12.738253 13 13 12.738253 9500
    657 13 13 12.748288 13 13 12.748288 9500
    658 13 13 12.758262 13 13 12.758262 9500
    659 13 13 12.768261 13 13 12.768261 9500
    660 13 13 12.778252 13 13 12.778252 9500
    661 13 13 12.788180 13 13 12.788180 9500
    662 13 13 12.798182 13 13 12.798182 9500
    663 13 13 12.808180 13 13 12.808180 9500
    664 13 13 12.818180 13 13 12.818180 9500
    665 13 13 12.828179 13 13 12.828179 9500
    666 13 13 12.838181 13 13 12.838181 9500
    667 13 13 12.848185 13 13 12.848185 9500
    668 13 13 12.858180 13 13 12.858180 9500
    669 13 13 12.868214 13 13 12.868214 9500
    670 13 13 12.879120 13 13 12.879120 9500
    671 13 13 12.888277 13 13 12.888277 9500
    672 13 13 12.898262 13 13 12.898262 9500
    673 13 13 12.908219 13 13 12.908219 9500
    674 13 13 12.918744 13 13 12.918744 9500
    675 13 13 12.928183 13 13 12.928183 9500
    676 13 13 12.938264 13 13 12.938264 9500
    677 13 13 12.948273 13 13 12.948273 9500
    678 13 13 12.958251 13 13 12.958251 9500
    679 13 13 12.968246 13 13 12.968246 9500
    680 13 13 12.978310 13 13 12.978310 9500
    681 13 13 12.988184 13 13 12.988184 9500
    682 13 13 12.998179 13 13 12.998179 9500
    683 13 13 13.008177 13 13 13.008177 9500
    684 13 13 13.018181 13 13 13.018181 9500
    685 13 13 13.028178 13 13 13.028178 9500
    686 13 13 13.038176 13 13 13.038176 9500
    687 13 13 13.048194 13 13 13.048194 9500
    688 13 13 13.058170 13 13 13.058170 9500
    689 13 13 13.068248 13 13 13.068248 9500
    690 13 13 13.078267 13 13 13.078267 9500
    691 13 13 13.088262 13 13 13.088262 9500
    692 13 13 13.098155 13 13 13.098155 9500
    693 13 13 13.108209 13 13 13.108209 9500
    694 13 13 13.118306 13 13 13.118306 9500
    695 13 13 13.128247 13 13 13.128247 9500
    696 13 13 13.138272 13 13 13.138272 9500
    697 13 13 13.148485 13 13 13.148485 9500
    698 13 13 13.158205 13 13 13.158205 9500
    699 13 13 13.168246 13 13 13.168246 9500
    700 13 13 13.178245 13 13 13.178245 9500
    701 13 13 13.188185 13 13 13.188185 9500
    702 13 13 13.198214 13 13 13.198214 9500
    703 13 13 13.208135 13 13 13.208135 9500
    704 13 13 13.218184 13 13 13.218184 9500
    705 13 13 13.228182 13 13 13.228182 9500
    706 13 13 13.238181 13 13 13.238181 9500
    707 13 13 13.248179 13 13 13.248179 9500
    708 13 13 13.258513 13 13 13.258513 9500
    709 13 13 13.268226 13 13 13.268226 9500
    710 13 13 13.278240 13 13 13.278240 9500
    711 13 13 13.289113 13 13 13.289113 9500
    712 13 13 13.298280 13 13 13.298280 9500
    713 13 13 13.308738 13 13 13.308738 9500
    714 13 13 13.318830 13 13 13.318830 9500
    715 13 13 13.328198 13 13 13.328198 9500
    716 13 13 13.338205 13 13 13.338205 9500
    717 13 13 13.348186 13 13 13.348186 9500
    718 13 13 13.358197 13 13 13.358197 9500
    719 13 13 13.368252 13 13 13.368252 9500
    720 13 13 13.378242 13 13 13.378242 9500
    721 13 13 13.388301 13 13 13.388301 9500
    722 13 13 13.398189 13 13 13.398189 9500
    723 13 13 13.408205 13 13 13.408205 9500
    724 13 13 13.418179 13 13 13.418179 9500
    725 13 13 13.428179 13 13 13.428179 9500
    726 13 13 13.438200 13 13 13.438200 9500
    727 13 13 13.448178 13 13 13.448178 9500
    728 13 13 13.458180 13 13 13.458180 9500
    729 13 13 13.468232 13 13 13.468232 9500
    730 13 13 13.478251 13 13 13.478251 9500
    731 13 13 13.488182 13 13 13.488182 9500
    732 13 13 13.498250 13 13 13.498250 9500
    733 13 13 13.508191 13 13 13.508191 9500
    734 13 13 13.518209 13 13 13.518209 9500
    735 13 13 13.528211 13 13 13.528211 9500
    736 13 13 13.538252 13 13 13.538252 9500
    737 13 13 13.548242 13 13 13.548242 9500
    738 13 13 13.558249 13 13 13.558249 9500
    739 13 13 13.568236 13 13 13.568236 9500
    740 13 13 13.578281 13 13 13.578281 9500
    741 13 13 13.588226 13 13 13.588226 9500
    742 13 13 13.598183 13 13 13.598183 9500
    743 13 13 13.608180 13 13 13.608180 9500
    744 13 13 13.618237 13 13 13.618237 9500
    745 13 13 13.628175 13 13 13.628175 9500
    746 13 13 13.638180 13 13 13.638180 9500
    747 13 13 13.648177 13 13 13.648177 9500
    748 13 13 13.658181 13 13 13.658181 9500
    749 13 13 13.668241 13 13 13.668241 9500
    750 13 13 13.678188 13 13 13.678188 9500
    751 13 13 13.688247 13 13 13.688247 9500
    752 13 13 13.698190 13 13 13.698190 9500
    753 13 13 13.708254 13 13 13.708254 9500
    754 13 13 13.718258 13 13 13.718258 9500
    755 13 13 13.728184 13 13 13.728184 9500
    756 13 13 13.738381 13 13 13.738381 9500
    757 13 13 13.748326 13 13 13.748326 9500
    758 13 13 13.758293 13 13 13.758293 9500
    759 13 13 13.768387 13 13 13.768387 9500
    760 13 13 13.778254 13 13 13.778254 9500
    761 13 13 13.788266 13 13 13.788266 9500
    762 13 13 13.798313 13 13 13.798313 9500
    763 13 13 13.808249 13 13 13.808249 9500
    764 13 13 13.818186 13 13 13.818186 9500
    765 13 13 13.828167 13 13 13.828167 9500
    766 13 13 13.838169 13 13 13.838169 9500
    767 13 13 13.848167 13 13 13.848167 9500
    768 13 13 13.858190 13 13 13.858190 9500
    769 13 13 13.868259 13 13 13.868259 9500
    770 13 13 13.878173 13 13 13.878173 9500
    771 13 13 13.888242 13 13 13.888242 9500
    772 13 13 13.898281 13 13 13.898281 9500
    773 13 13 13.908241 13 13 13.908241 9500
    774 13 13 13.918179 13 13 13.918179 9500
    775 13 13 13.928250 13 13 13.928250 9500
    776 13 13 13.938199 13 13 13.938199 9500
    777 13 13 13.948188 13 13 13.948188 9500
    778 13 13 13.958176 13 13 13.958176 9500
    779 13 13 13.968235 13 13 13.968235 9500
    780 13 13 13.978246 13 13 13.978246 9500
    781 13 13 13.988246 13 13 13.988246 9500
    782 13 13 13.998245 13 13 13.998245 9500
    783 13 13 14.008300 13 13 14.008300 9500
    784 13 13 14.018224 13 13 14.018224 9500
    785 13 13 14.028180 13 13 14.028180 9500
    786 13 13 14.038282 13 13 14.038282 9500
    787 13 13 14.048189 13 13 14.048189 9500
    788 13 13 14.058182 13 13 14.058182 9500
    789 13 13 14.068296 13 13 14.068296 9500
    790 13 13 14.078253 13 13 14.078253 9500
    791 13 13 14.088243 13 13 14.088243 9500
    792 13 13 14.098210 13 13 14.098210 9500
    793 13 13 14.108180 13 13 14.108180 9500
    794 13 13 14.118280 13 13 14.118280 9500
    795 13 13 14.128225 13 13 14.128225 9500
    796 13 13 14.138251 13 13 14.138251 9500
    797 13 13 14.148208 13 13 14.148208 9500
    798 13 13 14.158291 13 13 14.158291 9500
    799 13 13 14.168246 13 13 14.168246 9500
    800 13 13 14.178247 13 13 14.178247 9500
    801 13 13 14.188290 13 13 14.188290 9500
    802 13 13 14.198145 13 13 14.198145 9500
    803 13 13 14.208176 13 13 14.208176 9500
    804 13 13 14.218184 13 13 14.218184 9500
    805 13 13 14.228180 13 13 14.228180 9500
    806 13 13 14.238198 13 13 14.238198 9500
    807 13 13 14.248182 13 13 14.248182 9500
    808 13 13 14.258181 13 13 14.258181 9500
    809 13 13 14.268290 13 13 14.268290 9500
    810 13 13 14.278264 13 13 14.278264 9500
    811 13 13 14.288256 13 13 14.288256 9500
    812 13 13 14.298251 13 13 14.298251 9500
    813 13 13 14.308180 13 13 14.308180 9500
    814 13 13 14.318253 13 13 14.318253 9500
    815 13 13 14.328291 13 13 14.328291 9500
    816 13 13 14.338276 13 13 14.338276 9500
    817 13 13 14.348238 13 13 14.348238 9500
    818 13 13 14.358240 13 13 14.358240 9500
    819 13 13 14.368182 13 13 14.368182 9500
    820 13 13 14.378242 13 13 14.378242 9500
    821 13 13 14.388234 13 13 14.388234 9500
    822 13 13 14.398262 13 13 14.398262 9500
    823 13 13 14.408179 13 13 14.408179 9500
    824 13 13 14.418177 13 13 14.418177 9500
    825 13 13 14.428181 13 13 14.428181 9500
    826 13 13 14.438181 13 13 14.438181 9500
    827 13 13 14.448176 13 13 14.448176 9500
    828 13 13 14.458256 13 13 14.458256 9500
    829 13 13 14.468209 13 13 14.468209 9500
    830 13 13 14.478184 13 13 14.478184 9500
    831 13 13 14.488243 13 13 14.488243 9500
    832 13 13 14.498281 13 13 14.498281 9500
    833 13 13 14.508245 13 13 14.508245 9500
    834 13 13 14.518283 13 13 14.518283 9500
    835 13 13 14.528292 13 13 14.528292 9500
    836 13 13 14.538202 13 13 14.538202 9500
    837 13 13 14.548254 13 13 14.548254 9500
    838 13 13 14.558310 13 13 14.558310 9500
    839 13 13 14.568236 13 13 14.568236 9500
    840 13 13 14.578317 13 13 14.578317 9500
    841 13 13 14.588295 13 13 14.588295 9500
    842 13 13 14.598300 13 13 14.598300 9500
    843 13 13 14.608346 13 13 14.608346 9500
    844 13 13 14.618316 13 13 14.618316 9500
    845 13 13 14.628394 13 13 14.628394 9500
    846 13 13 14.638237 13 13 14.638237 9500
    847 13 13 14.648180 13 13 14.648180 9500
    848 13 13 14.658182 13 13 14.658182 9500
    849 13 13 14.668245 13 13 14.668245 9500
    850 13 13 14.678345 13 13 14.678345 9500
    851 13 13 14.688216 13 13 14.688216 9500
    852 13 13 14.698342 13 13 14.698342 9500
    853 13 13 14.708273 13 13 14.708273 9500
    854 13 13 14.718251 13 13 14.718251 9500
    855 13 13 14.728170 13 13 14.728170 9500
    856 13 13 14.738516 13 13 14.738516 9500
    857 13 13 14.748326 13 13 14.748326 9500
    858 13 13 14.758480 13 13 14.758480 9500
    859 13 13 14.768311 13 13 14.768311 9500
    860 13 13 14.778226 13 13 14.778226 9500
    861 13 13 14.788197 13 13 14.788197 9500
    862 13 13 14.798287 13 13 14.798287 9500
    863 13 13 14.808282 13 13 14.808282 9500
    864 13 13 14.818256 13 13 14.818256 9500
    865 13 13 14.828357 13 13 14.828357 9500
    866 13 13 14.838250 13 13 14.838250 9500
    867 13 13 14.848380 13 13 14.848380 9500
    868 13 13 14.858193 13 13 14.858193 9500
    869 13 13 14.868290 13 13 14.868290 9500
    870 13 13 14.878472 13 13 14.878472 9500
    871 13 13 14.888305 13 13 14.888305 9500
    872 13 13 14.898421 13 13 14.898421 9500
    873 13 13 14.908246 13 13 14.908246 9500
    874 13 13 14.918252 13 13 14.918252 9500
    875 13 13 14.928243 13 13 14.928243 9500
    876 13 13 14.938183 13 13 14.938183 9500
    877 13 13 14.948181 13 13 14.948181 9500
    878 13 13 14.958636 13 13 14.958636 9500
    879 13 13 14.968229 13 13 14.968229 9500
    880 13 13 14.979129 13 13 14.979129 9500
    881 13 13 14.988284 13 13 14.988284 9500
    882 13 13 14.998336 13 13 14.998336 9500
    883 13 13 15.008217 13 13 15.008217 9500
    884 13 13 15.018252 13 13 15.018252 9500
    885 13 13 15.028207 13 13 15.028207 9500
    886 13 13 15.038265 13 13 15.038265 9500
    887 13 13 15.048270 13 13 15.048270 9500
    888 13 13 15.058256 13 13 15.058256 9500
    889 13 13 15.068258 13 13 15.068258 9500
    890 13 13 15.078215 13 13 15.078215 9500
    891 13 13 15.088990 13 13 15.088990 9500
    892 13 13 15.098202 13 13 15.098202 9500
    893 13 13 15.108238 13 13 15.108238 9500
    894 13 13 15.118204 13 13 15.118204 9500
    895 13 13 15.128180 13 13 15.128180 9500
    896 13 13 15.138182 13 13 15.138182 9500
    897 13 13 15.148210 13 13 15.148210 9500
    898 13 13 15.158212 13 13 15.158212 9500
    899 13 13 15.168881 13 13 15.168881 9500
    900 13 13 15.178260 13 13 15.178260 9500
    901 13 13 15.188185 13 13 15.188185 9500
    902 13 13 15.198216 13 13 15.198216 9500
    903 13 13 15.208228 13 13 15.208228 9500
    904 13 13 15.218254 13 13 15.218254 9500
    905 13 13 15.230377 13 13 15.230377 9500
    906 13 13 15.238184 13 13 15.238184 9500
    907 13 13 15.248243 13 13 15.248243 9500
    908 13 13 15.258209 13 13 15.258209 9500
    909 13 13 15.268271 13 13 15.268271 9500
    910 13 13 15.278244 13 13 15.278244 9500
    911 13 13 15.288361 13 13 15.288361 9500
    912 13 13 15.298282 13 13 15.298282 9500
    913 13 13 15.308256 13 13 15.308256 9500
    914 13 13 15.318244 13 13 15.318244 9500
    915 13 13 15.328371 13 13 15.328371 9500
    916 13 13 15.338184 13 13 15.338184 9500
    917 13 13 15.348179 13 13 15.348179 9500
    918 13 13 15.358181 13 13 15.358181 9500
    919 13 13 15.368335 13 13 15.368335 9500
    920 13 13 15.378211 13 13 15.378211 9500
    921 13 13 15.388289 13 13 15.388289 9500
    922 13 13 15.398334 13 13 15.398334 9500
    923 13 13 15.408241 13 13 15.408241 9500
    924 13 13 15.418243 13 13 15.418243 9500
    925 13 13 15.428245 13 13 15.428245 9500
    926 13 13 15.438197 13 13 15.438197 9500
    927 13 13 15.448603 13 13 15.448603 9500
    928 13 13 15.458185 13 13 15.458185 9500
    929 13 13 15.468258 13 13 15.468258 9500
    930 13 13 15.478248 13 13 15.478248 9500
    931 13 13 15.488250 13 13 15.488250 9500
    932 13 13 15.498245 13 13 15.498245 9500
    933 13 13 15.508262 13 13 15.508262 9500
    934 13 13 15.518181 13 13 15.518181 9500
    935 13 13 15.528145 13 13 15.528145 9500
    936 13 13 15.538173 13 13 15.538173 9500
    937 13 13 15.549391 13 13 15.549391 9500
    938 13 13 15.558173 13 13 15.558173 9500
    939 13 13 15.568244 13 13 15.568244 9500
    940 13 13 15.578248 13 13 15.578248 9500
    941 13 13 15.588509 13 13 15.588509 9500
    942 13 13 15.598202 13 13 15.598202 9500
    943 13 13 15.608242 13 13 15.608242 9500
    944 13 13 15.618252 13 13 15.618252 9500
    945 13 13 15.628240 13 13 15.628240 9500
    946 13 13 15.638182 13 13 15.638182 9500
    947 13 13 15.648244 13 13 15.648244 9500
    948 13 13 15.658184 13 13 15.658184 9500
    949 13 13 15.668291 13 13 15.668291 9500
    950 13 13 15.678245 13 13 15.678245 9500
    951 13 13 15.688181 13 13 15.688181 9500
    952 13 13 15.698133 13 13 15.698133 9500
    953 13 13 15.708290 13 13 15.708290 9500
    954 13 13 15.718218 13 13 15.718218 9500
    955 13 13 15.728179 13 13 15.728179 9500
    956 13 13 15.738213 13 13 15.738213 9500
    957 13 13 15.748179 13 13 15.748179 9500
    958 13 13 15.758181 13 13 15.758181 9500
    959 13 13 15.768309 13 13 15.768309 9500
    960 13 13 15.779040 13 13 15.779040 9500
    961 13 13 15.788252 13 13 15.788252 9500
    962 13 13 15.798256 13 13 15.798256 9500
    963 13 13 15.808246 13 13 15.808246 9500
    964 13 13 15.818248 13 13 15.818248 9500
    965 13 13 15.828245 13 13 15.828245 9500
    966 13 13 15.838240 13 13 15.838240 9500
    967 13 13 15.848259 13 13 15.848259 9500
    968 13 13 15.858273 13 13 15.858273 9500
    969 13 13 15.868131 13 13 15.868131 9500
    970 13 13 15.878194 13 13 15.878194 9500
    971 13 13 15.888206 13 13 15.888206 9500
    972 13 13 15.898212 13 13 15.898212 9500
    973 13 13 15.908239 13 13 15.908239 9500
    974 13 13 15.918247 13 13 15.918247 9500
    975 13 13 15.928181 13 13 15.928181 9500
    976 13 13 15.938181 13 13 15.938181 9500
    977 13 13 15.948180 13 13 15.948180 9500
    978 13 13 15.958182 13 13 15.958182 9500
    979 13 13 15.968171 13 13 15.968171 9500
    980 13 13 15.978282 13 13 15.978282 9500
    981 13 13 15.988248 13 13 15.988248 9500
    982 13 13 15.998248 13 13 15.998248 9500
    983 13 13 16.008241 13 13 16.008241 9500
    984 13 13 16.018246 13 13 16.018246 9500
    985 13 13 16.028242 13 13 16.028242 9500
    986 13 13 16.038183 13 13 16.038183 9500
    987 13 13 16.048244 13 13 16.048244 9500
    988 13 13 16.058285 13 13 16.058285 9500
    989 13 13 16.068208 13 13 16.068208 9500
    990 13 13 16.078251 13 13 16.078251 9500
    991 13 13 16.088271 13 13 16.088271 9500
    992 13 13 16.098234 13 13 16.098234 9500
    993 13 13 16.108263 13 13 16.108263 9500
    994 13 13 16.118251 13 13 16.118251 9500
    995 13 13 16.128184 13 13 16.128184 9500
    996 13 13 16.138183 13 13 16.138183 9500
    997 13 13 16.148179 13 13 16.148179 9500
    998 13 13 16.158183 13 13 16.158183 9500
    999 13 13 16.168306 13 13 16.168306 9500
   1000 13 13 16.178255 13 13 16.178255 9500
