      1 13 12 29.640996 13 12 29.640996 9200
      2 13 12 29.651163 13 12 29.651163 9200
      3 13 12 29.662143 13 12 29.662143 9200
      4 13 12 29.671182 13 12 29.671182 9200
      5 13 12 29.681263 13 12 29.681263 9200
      6 13 12 29.691152 13 12 29.691152 9200
      7 13 12 29.701101 13 12 29.701101 9200
      8 13 12 29.711161 13 12 29.711161 9200
      9 13 12 29.721156 13 12 29.721156 9200
     10 13 12 29.731185 13 12 29.731185 9200
     11 13 12 29.741099 13 12 29.741099 9200
     12 13 12 29.751231 13 12 29.751231 9200
     13 13 12 29.761089 13 12 29.761089 9200
     14 13 12 29.771181 13 12 29.771181 9200
     15 13 12 29.781152 13 12 29.781152 9200
     16 13 12 29.791161 13 12 29.791161 9200
     17 13 12 29.801095 13 12 29.801095 9200
     18 13 12 29.811097 13 12 29.811097 9200
     19 13 12 29.821097 13 12 29.821097 9200
     20 13 12 29.831095 13 12 29.831095 9200
     21 13 12 29.841093 13 12 29.841093 9200
     22 13 12 29.851123 13 12 29.851123 9200
     23 13 12 29.861091 13 12 29.861091 9200
     24 13 12 29.871272 13 12 29.871272 9200
     25 13 12 29.881152 13 12 29.881152 9200
     26 13 12 29.891151 13 12 29.891151 9200
     27 13 12 29.901149 13 12 29.901149 9200
     28 13 12 29.911165 13 12 29.911165 9200
     29 13 12 29.921158 13 12 29.921158 9200
     30 13 12 29.931111 13 12 29.931111 9200
     31 13 12 29.941093 13 12 29.941093 9200
     32 13 12 29.951163 13 12 29.951163 9200
     33 13 12 29.961169 13 12 29.961169 9200
     34 13 12 29.971098 13 12 29.971098 9200
     35 13 12 29.981124 13 12 29.981124 9200
     36 13 12 29.991275 13 12 29.991275 9200
     37 13 12 30.001134 13 12 30.001134 9200
     38 13 12 30.011101 13 12 30.011101 9200
     39 13 12 30.021094 13 12 30.021094 9200
     40 13 12 30.031096 13 12 30.031096 9200
     41 13 12 30.041095 13 12 30.041095 9200
     42 13 12 30.051169 13 12 30.051169 9200
     43 13 12 30.061163 13 12 30.061163 9200
     44 13 12 30.071166 13 12 30.071166 9200
     45 13 12 30.081157 13 12 30.081157 9200
     46 13 12 30.091156 13 12 30.091156 9200
     47 13 12 30.101178 13 12 30.101178 9200
     48 13 12 30.111156 13 12 30.111156 9200
     49 13 12 30.121190 13 12 30.121190 9200
     50 13 12 30.131097 13 12 30.131097 9200
     51 13 12 30.141096 13 12 30.141096 9200
     52 13 12 30.151271 13 12 30.151271 9200
     53 13 12 30.161211 13 12 30.161211 9200
     54 13 12 30.171079 13 12 30.171079 9200
     55 13 12 30.181157 13 12 30.181157 9200
     56 13 12 30.191158 13 12 30.191158 9200
     57 13 12 30.201100 13 12 30.201100 9200
     58 13 12 30.211096 13 12 30.211096 9200
     59 13 12 30.221094 13 12 30.221094 9200
     60 13 12 30.231093 13 12 30.231093 9200
     61 13 12 30.241095 13 12 30.241095 9200
     62 13 12 30.251155 13 12 30.251155 9200
     63 13 12 30.261548 13 12 30.261548 9200
     64 13 12 30.271132 13 12 30.271132 9200
     65 13 12 30.281158 13 12 30.281158 9200
     66 13 12 30.291152 13 12 30.291152 9200
     67 13 12 30.301097 13 12 30.301097 9200
     68 13 12 30.311160 13 12 30.311160 9200
     69 13 12 30.321173 13 12 30.321173 9200
     70 13 12 30.331150 13 12 30.331150 9200
     71 13 12 30.341098 13 12 30.341098 9200
     72 13 12 30.351168 13 12 30.351168 9200
     73 13 12 30.361191 13 12 30.361191 9200
     74 13 12 30.371095 13 12 30.371095 9200
     75 13 12 30.381156 13 12 30.381156 9200
     76 13 12 30.391161 13 12 30.391161 9200
     77 13 12 30.401101 13 12 30.401101 9200
     78 13 12 30.411093 13 12 30.411093 9200
     79 13 12 30.421096 13 12 30.421096 9200
     80 13 12 30.431097 13 12 30.431097 9200
     81 13 12 30.441095 13 12 30.441095 9200
     82 13 12 30.451173 13 12 30.451173 9200
     83 13 12 30.461214 13 12 30.461214 9200
     84 13 12 30.471858 13 12 30.471858 9200
     85 13 12 30.481147 13 12 30.481147 9200
     86 13 12 30.491101 13 12 30.491101 9200
     87 13 12 30.501149 13 12 30.501149 9200
     88 13 12 30.511158 13 12 30.511158 9200
     89 13 12 30.521164 13 12 30.521164 9200
     90 13 12 30.531168 13 12 30.531168 9200
     91 13 12 30.541170 13 12 30.541170 9200
     92 13 12 30.551089 13 12 30.551089 9200
     93 13 12 30.561175 13 12 30.561175 9200
     94 13 12 30.571170 13 12 30.571170 9200
     95 13 12 30.581095 13 12 30.581095 9200
     96 13 12 30.591165 13 12 30.591165 9200
     97 13 12 30.601153 13 12 30.601153 9200
     98 13 12 30.611101 13 12 30.611101 9200
     99 13 12 30.621099 13 12 30.621099 9200
    100 13 12 30.631095 13 12 30.631095 9200
    101 13 12 30.641109 13 12 30.641109 9200
    102 13 12 30.651178 13 12 30.651178 9200
    103 13 12 30.661163 13 12 30.661163 9200
    104 13 12 30.671185 13 12 30.671185 9200
    105 13 12 30.681218 13 12 30.681218 9200
    106 13 12 30.691147 13 12 30.691147 9200
    107 13 12 30.701135 13 12 30.701135 9200
    108 13 12 30.711199 13 12 30.711199 9200
    109 13 12 30.721122 13 12 30.721122 9200
    110 13 12 30.731166 13 12 30.731166 9200
    111 13 12 30.741168 13 12 30.741168 9200
    112 13 12 30.751221 13 12 30.751221 9200
    113 13 12 30.761503 13 12 30.761503 9200
    114 13 12 30.771156 13 12 30.771156 9200
    115 13 12 30.781062 13 12 30.781062 9200
    116 13 12 30.791181 13 12 30.791181 9200
    117 13 12 30.801169 13 12 30.801169 9200
    118 13 12 30.811098 13 12 30.811098 9200
    119 13 12 30.821093 13 12 30.821093 9200
    120 13 12 30.831094 13 12 30.831094 9200
    121 13 12 30.841094 13 12 30.841094 9200
    122 13 12 30.851093 13 12 30.851093 9200
    123 13 12 30.861128 13 12 30.861128 9200
    124 13 12 30.871172 13 12 30.871172 9200
    125 13 12 30.881136 13 12 30.881136 9200
    126 13 12 30.891161 13 12 30.891161 9200
    127 13 12 30.901171 13 12 30.901171 9200
    128 13 12 30.911120 13 12 30.911120 9200
    129 13 12 30.921161 13 12 30.921161 9200
    130 13 12 30.931093 13 12 30.931093 9200
    131 13 12 30.941155 13 12 30.941155 9200
    132 13 12 30.951166 13 12 30.951166 9200
    133 13 12 30.961241 13 12 30.961241 9200
    134 13 12 30.971095 13 12 30.971095 9200
    135 13 12 30.981166 13 12 30.981166 9200
    136 13 12 30.991102 13 12 30.991102 9200
    137 13 12 31.001159 13 12 31.001159 9200
    138 13 12 31.011095 13 12 31.011095 9200
    139 13 12 31.021097 13 12 31.021097 9200
    140 13 12 31.031092 13 12 31.031092 9200
    141 13 12 31.041093 13 12 31.041093 9200
    142 13 12 31.051093 13 12 31.051093 9200
    143 13 12 31.061122 13 12 31.061122 9200
    144 13 12 31.071118 13 12 31.071118 9200
    145 13 12 31.081136 13 12 31.081136 9200
    146 13 12 31.091173 13 12 31.091173 9200
    147 13 12 31.101095 13 12 31.101095 9200
    148 13 12 31.111157 13 12 31.111157 9200
    149 13 12 31.121159 13 12 31.121159 9200
    150 13 12 31.131205 13 12 31.131205 9200
    151 13 12 31.141158 13 12 31.141158 9200
    152 13 12 31.151097 13 12 31.151097 9200
    153 13 12 31.161155 13 12 31.161155 9200
    154 13 12 31.171233 13 12 31.171233 9200
    155 13 12 31.181156 13 12 31.181156 9200
    156 13 12 31.191223 13 12 31.191223 9200
    157 13 12 31.201869 13 12 31.201869 9200
    158 13 12 31.211078 13 12 31.211078 9200
    159 13 12 31.221122 13 12 31.221122 9200
    160 13 12 31.231096 13 12 31.231096 9200
    161 13 12 31.241080 13 12 31.241080 9200
    162 13 12 31.251097 13 12 31.251097 9200
    163 13 12 31.261164 13 12 31.261164 9200
    164 13 12 31.271164 13 12 31.271164 9200
    165 13 12 31.281196 13 12 31.281196 9200
    166 13 12 31.291163 13 12 31.291163 9200
    167 13 12 31.301093 13 12 31.301093 9200
    168 13 12 31.311157 13 12 31.311157 9200
    169 13 12 31.321097 13 12 31.321097 9200
    170 13 12 31.331164 13 12 31.331164 9200
    171 13 12 31.341093 13 12 31.341093 9200
    172 13 12 31.351247 13 12 31.351247 9200
    173 13 12 31.361166 13 12 31.361166 9200
    174 13 12 31.371165 13 12 31.371165 9200
    175 13 12 31.381098 13 12 31.381098 9200
    176 13 12 31.391145 13 12 31.391145 9200
    177 13 12 31.401164 13 12 31.401164 9200
    178 13 12 31.411094 13 12 31.411094 9200
    179 13 12 31.421092 13 12 31.421092 9200
    180 13 12 31.431094 13 12 31.431094 9200
    181 13 12 31.441093 13 12 31.441093 9200
    182 13 12 31.451081 13 12 31.451081 9200
    183 13 12 31.461057 13 12 31.461057 9200
    184 13 12 31.471112 13 12 31.471112 9200
    185 13 12 31.481103 13 12 31.481103 9200
    186 13 12 31.491188 13 12 31.491188 9200
    187 13 12 31.501158 13 12 31.501158 9200
    188 13 12 31.511206 13 12 31.511206 9200
    189 13 12 31.521205 13 12 31.521205 9200
    190 13 12 31.531168 13 12 31.531168 9200
    191 13 12 31.541116 13 12 31.541116 9200
    192 13 12 31.551095 13 12 31.551095 9200
    193 13 12 31.561339 13 12 31.561339 9200
    194 13 12 31.571158 13 12 31.571158 9200
    195 13 12 31.581175 13 12 31.581175 9200
    196 13 12 31.591377 13 12 31.591377 9200
    197 13 12 31.601227 13 12 31.601227 9200
    198 13 12 31.611177 13 12 31.611177 9200
    199 13 12 31.621100 13 12 31.621100 9200
    200 13 12 31.631092 13 12 31.631092 9200
    201 13 12 31.641096 13 12 31.641096 9200
    202 13 12 31.651101 13 12 31.651101 9200
    203 13 12 31.661121 13 12 31.661121 9200
    204 13 12 31.671178 13 12 31.671178 9200
    205 13 12 31.681138 13 12 31.681138 9200
    206 13 12 31.691171 13 12 31.691171 9200
    207 13 12 31.701185 13 12 31.701185 9200
    208 13 12 31.711155 13 12 31.711155 9200
    209 13 12 31.721160 13 12 31.721160 9200
    210 13 12 31.731210 13 12 31.731210 9200
    211 13 12 31.741154 13 12 31.741154 9200
    212 13 12 31.751099 13 12 31.751099 9200
    213 13 12 31.761202 13 12 31.761202 9200
    214 13 12 31.771255 13 12 31.771255 9200
    215 13 12 31.781162 13 12 31.781162 9200
    216 13 12 31.791250 13 12 31.791250 9200
    217 13 12 31.801097 13 12 31.801097 9200
    218 13 12 31.811098 13 12 31.811098 9200
    219 13 12 31.821110 13 12 31.821110 9200
    220 13 12 31.831101 13 12 31.831101 9200
    221 13 12 31.841181 13 12 31.841181 9200
    222 13 12 31.851092 13 12 31.851092 9200
    223 13 12 31.861149 13 12 31.861149 9200
    224 13 12 31.871114 13 12 31.871114 9200
    225 13 12 31.881191 13 12 31.881191 9200
    226 13 12 31.891156 13 12 31.891156 9200
    227 13 12 31.901175 13 12 31.901175 9200
    228 13 12 31.911182 13 12 31.911182 9200
    229 13 12 31.921101 13 12 31.921101 9200
    230 13 12 31.931145 13 12 31.931145 9200
    231 13 12 31.941123 13 12 31.941123 9200
    232 13 12 31.951185 13 12 31.951185 9200
    233 13 12 31.961117 13 12 31.961117 9200
    234 13 12 31.971171 13 12 31.971171 9200
    235 13 12 31.981187 13 12 31.981187 9200
    236 13 12 31.991407 13 12 31.991407 9200
    237 13 12 32.001359 13 12 32.001359 9200
    238 13 12 32.011175 13 12 32.011175 9200
    239 13 12 32.021177 13 12 32.021177 9200
    240 13 12 32.031122 13 12 32.031122 9200
    241 13 12 32.041141 13 12 32.041141 9200
    242 13 12 32.051099 13 12 32.051099 9200
    243 13 12 32.061106 13 12 32.061106 9200
    244 13 12 32.071094 13 12 32.071094 9200
    245 13 12 32.081175 13 12 32.081175 9200
    246 13 12 32.091096 13 12 32.091096 9200
    247 13 12 32.101185 13 12 32.101185 9200
    248 13 12 32.111167 13 12 32.111167 9200
    249 13 12 32.121141 13 12 32.121141 9200
    250 13 12 32.131154 13 12 32.131154 9200
    251 13 12 32.141156 13 12 32.141156 9200
    252 13 12 32.151164 13 12 32.151164 9200
    253 13 12 32.161741 13 12 32.161741 9200
    254 13 12 32.171121 13 12 32.171121 9200
    255 13 12 32.181158 13 12 32.181158 9200
    256 13 12 32.191083 13 12 32.191083 9200
    257 13 12 32.201144 13 12 32.201144 9200
    258 13 12 32.211086 13 12 32.211086 9200
    259 13 12 32.221094 13 12 32.221094 9200
    260 13 12 32.231093 13 12 32.231093 9200
    261 13 12 32.241109 13 12 32.241109 9200
    262 13 12 32.251081 13 12 32.251081 9200
    263 13 12 32.261065 13 12 32.261065 9200
    264 13 12 32.271104 13 12 32.271104 9200
    265 13 12 32.281106 13 12 32.281106 9200
    266 13 12 32.291085 13 12 32.291085 9200
    267 13 12 32.301099 13 12 32.301099 9200
    268 13 12 32.311163 13 12 32.311163 9200
    269 13 12 32.321159 13 12 32.321159 9200
    270 13 12 32.331161 13 12 32.331161 9200
    271 13 12 32.341158 13 12 32.341158 9200
    272 13 12 32.351157 13 12 32.351157 9200
    273 13 12 32.361156 13 12 32.361156 9200
    274 13 12 32.371158 13 12 32.371158 9200
    275 13 12 32.381197 13 12 32.381197 9200
    276 13 12 32.391122 13 12 32.391122 9200
    277 13 12 32.401116 13 12 32.401116 9200
    278 13 12 32.411206 13 12 32.411206 9200
    279 13 12 32.421098 13 12 32.421098 9200
    280 13 12 32.431092 13 12 32.431092 9200
    281 13 12 32.441096 13 12 32.441096 9200
    282 13 12 32.451093 13 12 32.451093 9200
    283 13 12 32.461092 13 12 32.461092 9200
    284 13 12 32.471096 13 12 32.471096 9200
    285 13 12 32.481093 13 12 32.481093 9200
    286 13 12 32.491157 13 12 32.491157 9200
    287 13 12 32.501156 13 12 32.501156 9200
    288 13 12 32.511240 13 12 32.511240 9200
    289 13 12 32.521161 13 12 32.521161 9200
    290 13 12 32.531162 13 12 32.531162 9200
    291 13 12 32.541091 13 12 32.541091 9200
    292 13 12 32.551153 13 12 32.551153 9200
    293 13 12 32.561152 13 12 32.561152 9200
    294 13 12 32.571261 13 12 32.571261 9200
    295 13 12 32.581209 13 12 32.581209 9200
    296 13 12 32.591262 13 12 32.591262 9200
    297 13 12 32.601315 13 12 32.601315 9200
    298 13 12 32.611139 13 12 32.611139 9200
    299 13 12 32.621127 13 12 32.621127 9200
    300 13 12 32.631163 13 12 32.631163 9200
    301 13 12 32.641207 13 12 32.641207 9200
    302 13 12 32.651254 13 12 32.651254 9200
    303 13 12 32.661099 13 12 32.661099 9200
    304 13 12 32.671117 13 12 32.671117 9200
    305 13 12 32.681181 13 12 32.681181 9200
    306 13 12 32.691096 13 12 32.691096 9200
    307 13 12 32.701115 13 12 32.701115 9200
    308 13 12 32.711117 13 12 32.711117 9200
    309 13 12 32.721304 13 12 32.721304 9200
    310 13 12 32.731732 13 12 32.731732 9200
    311 13 12 32.741253 13 12 32.741253 9200
    312 13 12 32.751179 13 12 32.751179 9200
    313 13 12 32.761124 13 12 32.761124 9200
    314 13 12 32.771290 13 12 32.771290 9200
    315 13 12 32.781733 13 12 32.781733 9200
    316 13 12 32.791156 13 12 32.791156 9200
    317 13 12 32.801116 13 12 32.801116 9200
    318 13 12 32.811132 13 12 32.811132 9200
    319 13 12 32.821159 13 12 32.821159 9200
    320 13 12 32.831113 13 12 32.831113 9200
    321 13 12 32.841096 13 12 32.841096 9200
    322 13 12 32.851160 13 12 32.851160 9200
    323 13 12 32.861097 13 12 32.861097 9200
    324 13 12 32.871096 13 12 32.871096 9200
    325 13 12 32.881031 13 12 32.881031 9200
    326 13 12 32.891039 13 12 32.891039 9200
    327 13 12 32.901093 13 12 32.901093 9200
    328 13 12 32.911095 13 12 32.911095 9200
    329 13 12 32.921095 13 12 32.921095 9200
    330 13 12 32.931095 13 12 32.931095 9200
    331 13 12 32.941099 13 12 32.941099 9200
    332 13 12 32.951101 13 12 32.951101 9200
    333 13 12 32.961181 13 12 32.961181 9200
    334 13 12 32.971114 13 12 32.971114 9200
    335 13 12 32.981126 13 12 32.981126 9200
    336 13 12 32.991216 13 12 32.991216 9200
    337 13 12 33.001094 13 12 33.001094 9200
    338 13 12 33.011206 13 12 33.011206 9200
    339 13 12 33.021214 13 12 33.021214 9200
    340 13 12 33.031143 13 12 33.031143 9200
    341 13 12 33.041204 13 12 33.041204 9200
    342 13 12 33.051093 13 12 33.051093 9200
    343 13 12 33.061165 13 12 33.061165 9200
    344 13 12 33.071137 13 12 33.071137 9200
    345 13 12 33.081094 13 12 33.081094 9200
    346 13 12 33.091096 13 12 33.091096 9200
    347 13 12 33.101092 13 12 33.101092 9200
    348 13 12 33.111102 13 12 33.111102 9200
    349 13 12 33.121116 13 12 33.121116 9200
    350 13 12 33.131096 13 12 33.131096 9200
    351 13 12 33.141098 13 12 33.141098 9200
    352 13 12 33.151102 13 12 33.151102 9200
    353 13 12 33.161194 13 12 33.161194 9200
    354 13 12 33.171191 13 12 33.171191 9200
    355 13 12 33.181252 13 12 33.181252 9200
    356 13 12 33.191169 13 12 33.191169 9200
    357 13 12 33.201210 13 12 33.201210 9200
    358 13 12 33.211317 13 12 33.211317 9200
    359 13 12 33.221133 13 12 33.221133 9200
    360 13 12 33.231147 13 12 33.231147 9200
    361 13 12 33.241155 13 12 33.241155 9200
    362 13 12 33.251156 13 12 33.251156 9200
    363 13 12 33.261153 13 12 33.261153 9200
    364 13 12 33.271113 13 12 33.271113 9200
    365 13 12 33.281097 13 12 33.281097 9200
    366 13 12 33.291114 13 12 33.291114 9200
    367 13 12 33.301108 13 12 33.301108 9200
    368 13 12 33.311098 13 12 33.311098 9200
    369 13 12 33.321117 13 12 33.321117 9200
    370 13 12 33.331100 13 12 33.331100 9200
    371 13 12 33.341096 13 12 33.341096 9200
    372 13 12 33.351098 13 12 33.351098 9200
    373 13 12 33.361429 13 12 33.361429 9200
    374 13 12 33.371206 13 12 33.371206 9200
    375 13 12 33.381494 13 12 33.381494 9200
    376 13 12 33.391224 13 12 33.391224 9200
    377 13 12 33.401167 13 12 33.401167 9200
    378 13 12 33.411149 13 12 33.411149 9200
    379 13 12 33.421191 13 12 33.421191 9200
    380 13 12 33.431213 13 12 33.431213 9200
    381 13 12 33.441091 13 12 33.441091 9200
    382 13 12 33.451161 13 12 33.451161 9200
    383 13 12 33.461157 13 12 33.461157 9200
    384 13 12 33.471165 13 12 33.471165 9200
    385 13 12 33.481121 13 12 33.481121 9200
    386 13 12 33.491171 13 12 33.491171 9200
    387 13 12 33.501460 13 12 33.501460 9200
    388 13 12 33.511110 13 12 33.511110 9200
    389 13 12 33.521093 13 12 33.521093 9200
    390 13 12 33.531098 13 12 33.531098 9200
    391 13 12 33.541083 13 12 33.541083 9200
    392 13 12 33.551094 13 12 33.551094 9200
    393 13 12 33.561703 13 12 33.561703 9200
    394 13 12 33.571173 13 12 33.571173 9200
    395 13 12 33.581161 13 12 33.581161 9200
    396 13 12 33.591152 13 12 33.591152 9200
    397 13 12 33.601215 13 12 33.601215 9200
    398 13 12 33.611713 13 12 33.611713 9200
    399 13 12 33.621209 13 12 33.621209 9200
    400 13 12 33.631166 13 12 33.631166 9200
    401 13 12 33.641168 13 12 33.641168 9200
    402 13 12 33.651099 13 12 33.651099 9200
    403 13 12 33.661155 13 12 33.661155 9200
    404 13 12 33.671159 13 12 33.671159 9200
    405 13 12 33.681145 13 12 33.681145 9200
    406 13 12 33.691246 13 12 33.691246 9200
    407 13 12 33.701098 13 12 33.701098 9200
    408 13 12 33.711098 13 12 33.711098 9200
    409 13 12 33.721097 13 12 33.721097 9200
    410 13 12 33.731054 13 12 33.731054 9200
    411 13 12 33.741095 13 12 33.741095 9200
    412 13 12 33.751100 13 12 33.751100 9200
    413 13 12 33.761128 13 12 33.761128 9200
    414 13 12 33.771050 13 12 33.771050 9200
    415 13 12 33.781173 13 12 33.781173 9200
    416 13 12 33.791203 13 12 33.791203 9200
    417 13 12 33.801149 13 12 33.801149 9200
    418 13 12 33.811884 13 12 33.811884 9200
    419 13 12 33.821199 13 12 33.821199 9200
    420 13 12 33.831176 13 12 33.831176 9200
    421 13 12 33.841158 13 12 33.841158 9200
    422 13 12 33.851154 13 12 33.851154 9200
    423 13 12 33.861173 13 12 33.861173 9200
    424 13 12 33.871186 13 12 33.871186 9200
    425 13 12 33.882069 13 12 33.882069 9200
    426 13 12 33.891109 13 12 33.891109 9200
    427 13 12 33.901094 13 12 33.901094 9200
    428 13 12 33.911078 13 12 33.911078 9200
    429 13 12 33.921098 13 12 33.921098 9200
    430 13 12 33.931083 13 12 33.931083 9200
    431 13 12 33.941085 13 12 33.941085 9200
    432 13 12 33.951113 13 12 33.951113 9200
    433 13 12 33.961244 13 12 33.961244 9200
    434 13 12 33.971384 13 12 33.971384 9200
    435 13 12 33.981175 13 12 33.981175 9200
    436 13 12 33.991343 13 12 33.991343 9200
    437 13 12 34.001182 13 12 34.001182 9200
    438 13 12 34.011153 13 12 34.011153 9200
    439 13 12 34.021194 13 12 34.021194 9200
    440 13 12 34.031153 13 12 34.031153 9200
    441 13 12 34.041128 13 12 34.041128 9200
    442 13 12 34.051158 13 12 34.051158 9200
    443 13 12 34.061203 13 12 34.061203 9200
    444 13 12 34.071294 13 12 34.071294 9200
    445 13 12 34.081162 13 12 34.081162 9200
    446 13 12 34.091155 13 12 34.091155 9200
    447 13 12 34.101117 13 12 34.101117 9200
    448 13 12 34.111094 13 12 34.111094 9200
    449 13 12 34.121094 13 12 34.121094 9200
    450 13 12 34.131092 13 12 34.131092 9200
    451 13 12 34.141095 13 12 34.141095 9200
    452 13 12 34.151096 13 12 34.151096 9200
    453 13 12 34.161091 13 12 34.161091 9200
    454 13 12 34.171211 13 12 34.171211 9200
    455 13 12 34.181154 13 12 34.181154 9200
    456 13 12 34.191101 13 12 34.191101 9200
    457 13 12 34.201163 13 12 34.201163 9200
    458 13 12 34.211118 13 12 34.211118 9200
    459 13 12 34.221125 13 12 34.221125 9200
    460 13 12 34.231180 13 12 34.231180 9200
    461 13 12 34.241151 13 12 34.241151 9200
    462 13 12 34.251167 13 12 34.251167 9200
    463 13 12 34.261096 13 12 34.261096 9200
    464 13 12 34.271098 13 12 34.271098 9200
    465 13 12 34.281092 13 12 34.281092 9200
    466 13 12 34.291173 13 12 34.291173 9200
    467 13 12 34.301099 13 12 34.301099 9200
    468 13 12 34.311045 13 12 34.311045 9200
    469 13 12 34.321128 13 12 34.321128 9200
    470 13 12 34.331090 13 12 34.331090 9200
    471 13 12 34.341087 13 12 34.341087 9200
    472 13 12 34.351097 13 12 34.351097 9200
    473 13 12 34.362005 13 12 34.362005 9200
    474 13 12 34.371119 13 12 34.371119 9200
    475 13 12 34.381160 13 12 34.381160 9200
    476 13 12 34.391190 13 12 34.391190 9200
    477 13 12 34.401162 13 12 34.401162 9200
    478 13 12 34.411150 13 12 34.411150 9200
    479 13 12 34.421053 13 12 34.421053 9200
    480 13 12 34.431176 13 12 34.431176 9200
    481 13 12 34.441198 13 12 34.441198 9200
    482 13 12 34.451160 13 12 34.451160 9200
    483 13 12 34.461151 13 12 34.461151 9200
    484 13 12 34.471173 13 12 34.471173 9200
    485 13 12 34.481152 13 12 34.481152 9200
    486 13 12 34.491097 13 12 34.491097 9200
    487 13 12 34.501094 13 12 34.501094 9200
    488 13 12 34.511093 13 12 34.511093 9200
    489 13 12 34.521093 13 12 34.521093 9200
    490 13 12 34.531094 13 12 34.531094 9200
    491 13 12 34.541094 13 12 34.541094 9200
    492 13 12 34.551094 13 12 34.551094 9200
    493 13 12 34.561137 13 12 34.561137 9200
    494 13 12 34.571162 13 12 34.571162 9200
    495 13 12 34.581167 13 12 34.581167 9200
    496 13 12 34.591121 13 12 34.591121 9200
    497 13 12 34.601162 13 12 34.601162 9200
    498 13 12 34.611114 13 12 34.611114 9200
    499 13 12 34.621200 13 12 34.621200 9200
    500 13 12 34.631163 13 12 34.631163 9200
    501 13 12 34.641162 13 12 34.641162 9200
    502 13 12 34.651176 13 12 34.651176 9200
    503 13 12 34.661160 13 12 34.661160 9200
    504 13 12 34.671151 13 12 34.671151 9200
    505 13 12 34.681173 13 12 34.681173 9200
    506 13 12 34.691096 13 12 34.691096 9200
    507 13 12 34.701095 13 12 34.701095 9200
    508 13 12 34.711128 13 12 34.711128 9200
    509 13 12 34.721094 13 12 34.721094 9200
    510 13 12 34.731095 13 12 34.731095 9200
    511 13 12 34.741084 13 12 34.741084 9200
    512 13 12 34.751094 13 12 34.751094 9200
    513 13 12 34.762169 13 12 34.762169 9200
    514 13 12 34.771797 13 12 34.771797 9200
    515 13 12 34.781190 13 12 34.781190 9200
    516 13 12 34.791159 13 12 34.791159 9200
    517 13 12 34.801161 13 12 34.801161 9200
    518 13 12 34.811121 13 12 34.811121 9200
    519 13 12 34.821153 13 12 34.821153 9200
    520 13 12 34.831099 13 12 34.831099 9200
    521 13 12 34.841258 13 12 34.841258 9200
    522 13 12 34.851160 13 12 34.851160 9200
    523 13 12 34.861156 13 12 34.861156 9200
    524 13 12 34.871194 13 12 34.871194 9200
    525 13 12 34.881168 13 12 34.881168 9200
    526 13 12 34.891159 13 12 34.891159 9200
    527 13 12 34.901094 13 12 34.901094 9200
    528 13 12 34.911091 13 12 34.911091 9200
    529 13 12 34.921092 13 12 34.921092 9200
    530 13 12 34.931092 13 12 34.931092 9200
    531 13 12 34.941093 13 12 34.941093 9200
    532 13 12 34.951093 13 12 34.951093 9200
    533 13 12 34.961232 13 12 34.961232 9200
    534 13 12 34.971183 13 12 34.971183 9200
    535 13 12 34.981158 13 12 34.981158 9200
    536 13 12 34.991169 13 12 34.991169 9200
    537 13 12 35.001153 13 12 35.001153 9200
    538 13 12 35.011158 13 12 35.011158 9200
    539 13 12 35.021602 13 12 35.021602 9200
    540 13 12 35.031162 13 12 35.031162 9200
    541 13 12 35.041195 13 12 35.041195 9200
    542 13 12 35.051161 13 12 35.051161 9200
    543 13 12 35.061163 13 12 35.061163 9200
    544 13 12 35.071097 13 12 35.071097 9200
    545 13 12 35.081150 13 12 35.081150 9200
    546 13 12 35.091166 13 12 35.091166 9200
    547 13 12 35.101095 13 12 35.101095 9200
    548 13 12 35.111106 13 12 35.111106 9200
    549 13 12 35.121096 13 12 35.121096 9200
    550 13 12 35.131123 13 12 35.131123 9200
    551 13 12 35.141100 13 12 35.141100 9200
    552 13 12 35.151074 13 12 35.151074 9200
    553 13 12 35.161197 13 12 35.161197 9200
    554 13 12 35.171087 13 12 35.171087 9200
    555 13 12 35.181074 13 12 35.181074 9200
    556 13 12 35.191159 13 12 35.191159 9200
    557 13 12 35.201175 13 12 35.201175 9200
    558 13 12 35.211097 13 12 35.211097 9200
    559 13 12 35.221186 13 12 35.221186 9200
    560 13 12 35.231195 13 12 35.231195 9200
    561 13 12 35.241183 13 12 35.241183 9200
    562 13 12 35.251151 13 12 35.251151 9200
    563 13 12 35.261192 13 12 35.261192 9200
    564 13 12 35.271158 13 12 35.271158 9200
    565 13 12 35.281163 13 12 35.281163 9200
    566 13 12 35.291218 13 12 35.291218 9200
    567 13 12 35.301087 13 12 35.301087 9200
    568 13 12 35.311135 13 12 35.311135 9200
    569 13 12 35.321097 13 12 35.321097 9200
    570 13 12 35.331113 13 12 35.331113 9200
    571 13 12 35.341095 13 12 35.341095 9200
    572 13 12 35.351483 13 12 35.351483 9200
    573 13 12 35.361128 13 12 35.361128 9200
    574 13 12 35.371166 13 12 35.371166 9200
    575 13 12 35.381140 13 12 35.381140 9200
    576 13 12 35.391162 13 12 35.391162 9200
    577 13 12 35.401144 13 12 35.401144 9200
    578 13 12 35.411098 13 12 35.411098 9200
    579 13 12 35.421162 13 12 35.421162 9200
    580 13 12 35.431151 13 12 35.431151 9200
    581 13 12 35.441158 13 12 35.441158 9200
    582 13 12 35.451155 13 12 35.451155 9200
    583 13 12 35.461150 13 12 35.461150 9200
    584 13 12 35.471091 13 12 35.471091 9200
    585 13 12 35.481167 13 12 35.481167 9200
    586 13 12 35.491098 13 12 35.491098 9200
    587 13 12 35.501092 13 12 35.501092 9200
    588 13 12 35.511133 13 12 35.511133 9200
    589 13 12 35.521098 13 12 35.521098 9200
    590 13 12 35.531095 13 12 35.531095 9200
    591 13 12 35.541094 13 12 35.541094 9200
    592 13 12 35.551098 13 12 35.551098 9200
    593 13 12 35.561143 13 12 35.561143 9200
    594 13 12 35.571269 13 12 35.571269 9200
    595 13 12 35.581223 13 12 35.581223 9200
    596 13 12 35.591163 13 12 35.591163 9200
    597 13 12 35.601128 13 12 35.601128 9200
    598 13 12 35.611158 13 12 35.611158 9200
    599 13 12 35.621206 13 12 35.621206 9200
    600 13 12 35.631158 13 12 35.631158 9200
    601 13 12 35.641122 13 12 35.641122 9200
    602 13 12 35.651170 13 12 35.651170 9200
    603 13 12 35.661197 13 12 35.661197 9200
    604 13 12 35.671154 13 12 35.671154 9200
    605 13 12 35.681159 13 12 35.681159 9200
    606 13 12 35.691096 13 12 35.691096 9200
    607 13 12 35.701123 13 12 35.701123 9200
    608 13 12 35.711103 13 12 35.711103 9200
    609 13 12 35.721139 13 12 35.721139 9200
    610 13 12 35.731135 13 12 35.731135 9200
    611 13 12 35.741115 13 12 35.741115 9200
    612 13 12 35.751161 13 12 35.751161 9200
    613 13 12 35.761100 13 12 35.761100 9200
    614 13 12 35.771146 13 12 35.771146 9200
    615 13 12 35.781094 13 12 35.781094 9200
    616 13 12 35.791159 13 12 35.791159 9200
    617 13 12 35.801157 13 12 35.801157 9200
    618 13 12 35.811168 13 12 35.811168 9200
    619 13 12 35.821196 13 12 35.821196 9200
    620 13 12 35.831161 13 12 35.831161 9200
    621 13 12 35.841112 13 12 35.841112 9200
    622 13 12 35.851165 13 12 35.851165 9200
    623 13 12 35.861167 13 12 35.861167 9200
    624 13 12 35.871091 13 12 35.871091 9200
    625 13 12 35.881200 13 12 35.881200 9200
    626 13 12 35.891198 13 12 35.891198 9200
    627 13 12 35.901167 13 12 35.901167 9200
    628 13 12 35.911360 13 12 35.911360 9200
    629 13 12 35.921126 13 12 35.921126 9200
    630 13 12 35.931099 13 12 35.931099 9200
    631 13 12 35.941094 13 12 35.941094 9200
    632 13 12 35.951104 13 12 35.951104 9200
    633 13 12 35.961187 13 12 35.961187 9200
    634 13 12 35.971181 13 12 35.971181 9200
    635 13 12 35.981116 13 12 35.981116 9200
    636 13 12 35.991253 13 12 35.991253 9200
    637 13 12 36.001206 13 12 36.001206 9200
    638 13 12 36.011181 13 12 36.011181 9200
    639 13 12 36.021177 13 12 36.021177 9200
    640 13 12 36.031134 13 12 36.031134 9200
    641 13 12 36.041187 13 12 36.041187 9200
    642 13 12 36.051167 13 12 36.051167 9200
    643 13 12 36.061118 13 12 36.061118 9200
    644 13 12 36.071176 13 12 36.071176 9200
    645 13 12 36.081156 13 12 36.081156 9200
    646 13 12 36.091183 13 12 36.091183 9200
    647 13 12 36.101162 13 12 36.101162 9200
    648 13 12 36.111069 13 12 36.111069 9200
    649 13 12 36.121122 13 12 36.121122 9200
    650 13 12 36.131107 13 12 36.131107 9200
    651 13 12 36.141089 13 12 36.141089 9200
    652 13 12 36.151100 13 12 36.151100 9200
    653 13 12 36.161202 13 12 36.161202 9200
    654 13 12 36.171236 13 12 36.171236 9200
    655 13 12 36.181181 13 12 36.181181 9200
    656 13 12 36.191156 13 12 36.191156 9200
    657 13 12 36.201155 13 12 36.201155 9200
    658 13 12 36.211170 13 12 36.211170 9200
    659 13 12 36.221150 13 12 36.221150 9200
    660 13 12 36.231200 13 12 36.231200 9200
    661 13 12 36.241166 13 12 36.241166 9200
    662 13 12 36.251154 13 12 36.251154 9200
    663 13 12 36.261169 13 12 36.261169 9200
    664 13 12 36.271171 13 12 36.271171 9200
    665 13 12 36.281153 13 12 36.281153 9200
    666 13 12 36.291096 13 12 36.291096 9200
    667 13 12 36.301096 13 12 36.301096 9200
    668 13 12 36.311095 13 12 36.311095 9200
    669 13 12 36.321095 13 12 36.321095 9200
    670 13 12 36.331096 13 12 36.331096 9200
    671 13 12 36.341099 13 12 36.341099 9200
    672 13 12 36.351098 13 12 36.351098 9200
    673 13 12 36.361150 13 12 36.361150 9200
    674 13 12 36.371155 13 12 36.371155 9200
    675 13 12 36.381168 13 12 36.381168 9200
    676 13 12 36.391095 13 12 36.391095 9200
    677 13 12 36.401156 13 12 36.401156 9200
    678 13 12 36.411098 13 12 36.411098 9200
    679 13 12 36.421222 13 12 36.421222 9200
    680 13 12 36.431190 13 12 36.431190 9200
    681 13 12 36.441156 13 12 36.441156 9200
    682 13 12 36.451129 13 12 36.451129 9200
    683 13 12 36.461095 13 12 36.461095 9200
    684 13 12 36.471159 13 12 36.471159 9200
    685 13 12 36.481149 13 12 36.481149 9200
    686 13 12 36.491149 13 12 36.491149 9200
    687 13 12 36.501094 13 12 36.501094 9200
    688 13 12 36.511093 13 12 36.511093 9200
    689 13 12 36.521098 13 12 36.521098 9200
    690 13 12 36.531179 13 12 36.531179 9200
    691 13 12 36.541082 13 12 36.541082 9200
    692 13 12 36.551116 13 12 36.551116 9200
    693 13 12 36.561199 13 12 36.561199 9200
    694 13 12 36.571157 13 12 36.571157 9200
    695 13 12 36.581161 13 12 36.581161 9200
    696 13 12 36.591543 13 12 36.591543 9200
    697 13 12 36.601160 13 12 36.601160 9200
    698 13 12 36.611215 13 12 36.611215 9200
    699 13 12 36.621042 13 12 36.621042 9200
    700 13 12 36.631124 13 12 36.631124 9200
    701 13 12 36.641098 13 12 36.641098 9200
    702 13 12 36.651156 13 12 36.651156 9200
    703 13 12 36.661154 13 12 36.661154 9200
    704 13 12 36.671160 13 12 36.671160 9200
    705 13 12 36.681153 13 12 36.681153 9200
    706 13 12 36.691099 13 12 36.691099 9200
    707 13 12 36.701096 13 12 36.701096 9200
    708 13 12 36.711098 13 12 36.711098 9200
    709 13 12 36.721119 13 12 36.721119 9200
    710 13 12 36.731096 13 12 36.731096 9200
    711 13 12 36.741095 13 12 36.741095 9200
    712 13 12 36.751105 13 12 36.751105 9200
    713 13 12 36.761375 13 12 36.761375 9200
    714 13 12 36.771177 13 12 36.771177 9200
    715 13 12 36.781166 13 12 36.781166 9200
    716 13 12 36.791124 13 12 36.791124 9200
    717 13 12 36.801152 13 12 36.801152 9200
    718 13 12 36.811160 13 12 36.811160 9200
    719 13 12 36.821655 13 12 36.821655 9200
    720 13 12 36.831231 13 12 36.831231 9200
    721 13 12 36.841371 13 12 36.841371 9200
    722 13 12 36.851095 13 12 36.851095 9200
    723 13 12 36.861159 13 12 36.861159 9200
    724 13 12 36.871206 13 12 36.871206 9200
    725 13 12 36.881098 13 12 36.881098 9200
    726 13 12 36.891167 13 12 36.891167 9200
    727 13 12 36.901156 13 12 36.901156 9200
    728 13 12 36.911150 13 12 36.911150 9200
    729 13 12 36.921103 13 12 36.921103 9200
    730 13 12 36.931100 13 12 36.931100 9200
    731 13 12 36.941101 13 12 36.941101 9200
    732 13 12 36.951129 13 12 36.951129 9200
    733 13 12 36.961098 13 12 36.961098 9200
    734 13 12 36.971103 13 12 36.971103 9200
    735 13 12 36.981140 13 12 36.981140 9200
    736 13 12 36.991163 13 12 36.991163 9200
    737 13 12 37.001170 13 12 37.001170 9200
    738 13 12 37.011164 13 12 37.011164 9200
    739 13 12 37.021155 13 12 37.021155 9200
    740 13 12 37.031235 13 12 37.031235 9200
    741 13 12 37.041206 13 12 37.041206 9200
    742 13 12 37.051189 13 12 37.051189 9200
    743 13 12 37.061174 13 12 37.061174 9200
    744 13 12 37.072032 13 12 37.072032 9200
    745 13 12 37.081150 13 12 37.081150 9200
    746 13 12 37.091262 13 12 37.091262 9200
    747 13 12 37.101177 13 12 37.101177 9200
    748 13 12 37.111226 13 12 37.111226 9200
    749 13 12 37.121186 13 12 37.121186 9200
    750 13 12 37.131126 13 12 37.131126 9200
    751 13 12 37.141128 13 12 37.141128 9200
    752 13 12 37.151167 13 12 37.151167 9200
    753 13 12 37.161157 13 12 37.161157 9200
    754 13 12 37.171101 13 12 37.171101 9200
    755 13 12 37.181448 13 12 37.181448 9200
    756 13 12 37.191195 13 12 37.191195 9200
    757 13 12 37.201202 13 12 37.201202 9200
    758 13 12 37.211156 13 12 37.211156 9200
    759 13 12 37.221178 13 12 37.221178 9200
    760 13 12 37.231099 13 12 37.231099 9200
    761 13 12 37.241270 13 12 37.241270 9200
    762 13 12 37.251168 13 12 37.251168 9200
    763 13 12 37.261096 13 12 37.261096 9200
    764 13 12 37.271169 13 12 37.271169 9200
    765 13 12 37.281227 13 12 37.281227 9200
    766 13 12 37.291285 13 12 37.291285 9200
    767 13 12 37.301189 13 12 37.301189 9200
    768 13 12 37.311089 13 12 37.311089 9200
    769 13 12 37.321196 13 12 37.321196 9200
    770 13 12 37.331105 13 12 37.331105 9200
    771 13 12 37.341088 13 12 37.341088 9200
    772 13 12 37.351188 13 12 37.351188 9200
    773 13 12 37.361094 13 12 37.361094 9200
    774 13 12 37.371183 13 12 37.371183 9200
    775 13 12 37.381162 13 12 37.381162 9200
    776 13 12 37.391195 13 12 37.391195 9200
    777 13 12 37.401232 13 12 37.401232 9200
    778 13 12 37.411168 13 12 37.411168 9200
    779 13 12 37.421101 13 12 37.421101 9200
    780 13 12 37.431095 13 12 37.431095 9200
    781 13 12 37.441133 13 12 37.441133 9200
    782 13 12 37.451168 13 12 37.451168 9200
    783 13 12 37.461230 13 12 37.461230 9200
    784 13 12 37.471170 13 12 37.471170 9200
    785 13 12 37.481202 13 12 37.481202 9200
    786 13 12 37.491132 13 12 37.491132 9200
    787 13 12 37.501176 13 12 37.501176 9200
    788 13 12 37.511158 13 12 37.511158 9200
    789 13 12 37.521071 13 12 37.521071 9200
    790 13 12 37.531190 13 12 37.531190 9200
    791 13 12 37.541094 13 12 37.541094 9200
    792 13 12 37.551098 13 12 37.551098 9200
    793 13 12 37.561098 13 12 37.561098 9200
    794 13 12 37.571134 13 12 37.571134 9200
    795 13 12 37.581156 13 12 37.581156 9200
    796 13 12 37.591149 13 12 37.591149 9200
    797 13 12 37.601097 13 12 37.601097 9200
    798 13 12 37.611286 13 12 37.611286 9200
    799 13 12 37.621099 13 12 37.621099 9200
    800 13 12 37.631096 13 12 37.631096 9200
    801 13 12 37.641125 13 12 37.641125 9200
    802 13 12 37.651173 13 12 37.651173 9200
    803 13 12 37.661099 13 12 37.661099 9200
    804 13 12 37.671142 13 12 37.671142 9200
    805 13 12 37.681201 13 12 37.681201 9200
    806 13 12 37.691173 13 12 37.691173 9200
    807 13 12 37.701166 13 12 37.701166 9200
    808 13 12 37.711193 13 12 37.711193 9200
    809 13 12 37.721158 13 12 37.721158 9200
    810 13 12 37.731101 13 12 37.731101 9200
    811 13 12 37.741093 13 12 37.741093 9200
    812 13 12 37.751097 13 12 37.751097 9200
    813 13 12 37.761149 13 12 37.761149 9200
    814 13 12 37.771186 13 12 37.771186 9200
    815 13 12 37.781176 13 12 37.781176 9200
    816 13 12 37.791151 13 12 37.791151 9200
    817 13 12 37.801096 13 12 37.801096 9200
    818 13 12 37.811245 13 12 37.811245 9200
    819 13 12 37.821159 13 12 37.821159 9200
    820 13 12 37.831093 13 12 37.831093 9200
    821 13 12 37.841268 13 12 37.841268 9200
    822 13 12 37.851184 13 12 37.851184 9200
    823 13 12 37.861929 13 12 37.861929 9200
    824 13 12 37.871160 13 12 37.871160 9200
    825 13 12 37.881101 13 12 37.881101 9200
    826 13 12 37.891154 13 12 37.891154 9200
    827 13 12 37.901097 13 12 37.901097 9200
    828 13 12 37.911124 13 12 37.911124 9200
    829 13 12 37.921098 13 12 37.921098 9200
    830 13 12 37.931078 13 12 37.931078 9200
    831 13 12 37.941099 13 12 37.941099 9200
    832 13 12 37.951099 13 12 37.951099 9200
    833 13 12 37.961134 13 12 37.961134 9200
    834 13 12 37.971170 13 12 37.971170 9200
    835 13 12 37.981929 13 12 37.981929 9200
    836 13 12 37.991177 13 12 37.991177 9200
    837 13 12 38.001184 13 12 38.001184 9200
    838 13 12 38.011156 13 12 38.011156 9200
    839 13 12 38.021101 13 12 38.021101 9200
    840 13 12 38.031095 13 12 38.031095 9200
    841 13 12 38.041904 13 12 38.041904 9200
    842 13 12 38.051223 13 12 38.051223 9200
    843 13 12 38.061566 13 12 38.061566 9200
    844 13 12 38.071181 13 12 38.071181 9200
    845 13 12 38.081093 13 12 38.081093 9200
    846 13 12 38.091158 13 12 38.091158 9200
    847 13 12 38.101160 13 12 38.101160 9200
    848 13 12 38.111162 13 12 38.111162 9200
    849 13 12 38.121161 13 12 38.121161 9200
    850 13 12 38.131095 13 12 38.131095 9200
    851 13 12 38.141398 13 12 38.141398 9200
    852 13 12 38.151105 13 12 38.151105 9200
    853 13 12 38.161098 13 12 38.161098 9200
    854 13 12 38.171179 13 12 38.171179 9200
    855 13 12 38.181156 13 12 38.181156 9200
    856 13 12 38.191158 13 12 38.191158 9200
    857 13 12 38.201163 13 12 38.201163 9200
    858 13 12 38.211123 13 12 38.211123 9200
    859 13 12 38.221094 13 12 38.221094 9200
    860 13 12 38.231093 13 12 38.231093 9200
    861 13 12 38.241998 13 12 38.241998 9200
    862 13 12 38.251122 13 12 38.251122 9200
    863 13 12 38.261099 13 12 38.261099 9200
    864 13 12 38.271169 13 12 38.271169 9200
    865 13 12 38.281160 13 12 38.281160 9200
    866 13 12 38.291162 13 12 38.291162 9200
    867 13 12 38.301094 13 12 38.301094 9200
    868 13 12 38.311101 13 12 38.311101 9200
    869 13 12 38.321184 13 12 38.321184 9200
    870 13 12 38.331099 13 12 38.331099 9200
    871 13 12 38.341093 13 12 38.341093 9200
    872 13 12 38.351120 13 12 38.351120 9200
    873 13 12 38.361099 13 12 38.361099 9200
    874 13 12 38.371769 13 12 38.371769 9200
    875 13 12 38.381171 13 12 38.381171 9200
    876 13 12 38.391160 13 12 38.391160 9200
    877 13 12 38.401159 13 12 38.401159 9200
    878 13 12 38.411164 13 12 38.411164 9200
    879 13 12 38.421097 13 12 38.421097 9200
    880 13 12 38.431094 13 12 38.431094 9200
    881 13 12 38.441141 13 12 38.441141 9200
    882 13 12 38.451107 13 12 38.451107 9200
    883 13 12 38.461095 13 12 38.461095 9200
    884 13 12 38.471156 13 12 38.471156 9200
    885 13 12 38.481116 13 12 38.481116 9200
    886 13 12 38.491149 13 12 38.491149 9200
    887 13 12 38.501162 13 12 38.501162 9200
    888 13 12 38.511156 13 12 38.511156 9200
    889 13 12 38.521098 13 12 38.521098 9200
    890 13 12 38.531095 13 12 38.531095 9200
    891 13 12 38.541114 13 12 38.541114 9200
    892 13 12 38.551096 13 12 38.551096 9200
    893 13 12 38.561101 13 12 38.561101 9200
    894 13 12 38.571111 13 12 38.571111 9200
    895 13 12 38.581093 13 12 38.581093 9200
    896 13 12 38.591214 13 12 38.591214 9200
    897 13 12 38.601165 13 12 38.601165 9200
    898 13 12 38.611170 13 12 38.611170 9200
    899 13 12 38.621098 13 12 38.621098 9200
    900 13 12 38.631095 13 12 38.631095 9200
    901 13 12 38.641469 13 12 38.641469 9200
    902 13 12 38.651161 13 12 38.651161 9200
    903 13 12 38.661205 13 12 38.661205 9200
    904 13 12 38.671098 13 12 38.671098 9200
    905 13 12 38.681167 13 12 38.681167 9200
    906 13 12 38.691163 13 12 38.691163 9200
    907 13 12 38.701161 13 12 38.701161 9200
    908 13 12 38.711094 13 12 38.711094 9200
    909 13 12 38.721097 13 12 38.721097 9200
    910 13 12 38.731104 13 12 38.731104 9200
    911 13 12 38.741098 13 12 38.741098 9200
    912 13 12 38.751100 13 12 38.751100 9200
    913 13 12 38.761119 13 12 38.761119 9200
    914 13 12 38.771168 13 12 38.771168 9200
    915 13 12 38.781098 13 12 38.781098 9200
    916 13 12 38.791162 13 12 38.791162 9200
    917 13 12 38.801161 13 12 38.801161 9200
    918 13 12 38.811165 13 12 38.811165 9200
    919 13 12 38.821119 13 12 38.821119 9200
    920 13 12 38.831102 13 12 38.831102 9200
    921 13 12 38.841098 13 12 38.841098 9200
    922 13 12 38.851188 13 12 38.851188 9200
    923 13 12 38.861181 13 12 38.861181 9200
    924 13 12 38.871122 13 12 38.871122 9200
    925 13 12 38.881193 13 12 38.881193 9200
    926 13 12 38.891236 13 12 38.891236 9200
    927 13 12 38.901218 13 12 38.901218 9200
    928 13 12 38.911160 13 12 38.911160 9200
    929 13 12 38.921306 13 12 38.921306 9200
    930 13 12 38.931117 13 12 38.931117 9200
    931 13 12 38.941107 13 12 38.941107 9200
    932 13 12 38.951101 13 12 38.951101 9200
    933 13 12 38.961128 13 12 38.961128 9200
    934 13 12 38.971189 13 12 38.971189 9200
    935 13 12 38.981242 13 12 38.981242 9200
    936 13 12 38.991213 13 12 38.991213 9200
    937 13 12 39.001165 13 12 39.001165 9200
    938 13 12 39.011153 13 12 39.011153 9200
    939 13 12 39.021157 13 12 39.021157 9200
    940 13 12 39.031097 13 12 39.031097 9200
    941 13 12 39.041105 13 12 39.041105 9200
    942 13 12 39.051102 13 12 39.051102 9200
    943 13 12 39.061169 13 12 39.061169 9200
    944 13 12 39.071182 13 12 39.071182 9200
    945 13 12 39.081167 13 12 39.081167 9200
    946 13 12 39.091166 13 12 39.091166 9200
    947 13 12 39.101264 13 12 39.101264 9200
    948 13 12 39.111159 13 12 39.111159 9200
    949 13 12 39.121180 13 12 39.121180 9200
    950 13 12 39.131096 13 12 39.131096 9200
    951 13 12 39.141103 13 12 39.141103 9200
    952 13 12 39.151128 13 12 39.151128 9200
    953 13 12 39.161146 13 12 39.161146 9200
    954 13 12 39.171626 13 12 39.171626 9200
    955 13 12 39.181167 13 12 39.181167 9200
    956 13 12 39.191727 13 12 39.191727 9200
    957 13 12 39.201182 13 12 39.201182 9200
    958 13 12 39.211184 13 12 39.211184 9200
    959 13 12 39.221164 13 12 39.221164 9200
    960 13 12 39.231237 13 12 39.231237 9200
    961 13 12 39.241193 13 12 39.241193 9200
    962 13 12 39.251657 13 12 39.251657 9200
    963 13 12 39.261197 13 12 39.261197 9200
    964 13 12 39.271149 13 12 39.271149 9200
    965 13 12 39.281702 13 12 39.281702 9200
    966 13 12 39.292194 13 12 39.292194 9200
    967 13 12 39.301141 13 12 39.301141 9200
    968 13 12 39.311194 13 12 39.311194 9200
    969 13 12 39.321164 13 12 39.321164 9200
    970 13 12 39.331733 13 12 39.331733 9200
    971 13 12 39.341227 13 12 39.341227 9200
    972 13 12 39.351211 13 12 39.351211 9200
    973 13 12 39.361913 13 12 39.361913 9200
    974 13 12 39.371186 13 12 39.371186 9200
    975 13 12 39.381253 13 12 39.381253 9200
    976 13 12 39.391101 13 12 39.391101 9200
    977 13 12 39.401217 13 12 39.401217 9200
    978 13 12 39.411118 13 12 39.411118 9200
    979 13 12 39.421154 13 12 39.421154 9200
    980 13 12 39.431133 13 12 39.431133 9200
    981 13 12 39.441097 13 12 39.441097 9200
    982 13 12 39.451095 13 12 39.451095 9200
    983 13 12 39.461109 13 12 39.461109 9200
    984 13 12 39.471097 13 12 39.471097 9200
    985 13 12 39.481130 13 12 39.481130 9200
    986 13 12 39.491097 13 12 39.491097 9200
    987 13 12 39.501095 13 12 39.501095 9200
    988 13 12 39.511113 13 12 39.511113 9200
    989 13 12 39.521116 13 12 39.521116 9200
    990 13 12 39.531160 13 12 39.531160 9200
    991 13 12 39.541159 13 12 39.541159 9200
    992 13 12 39.551178 13 12 39.551178 9200
    993 13 12 39.561172 13 12 39.561172 9200
    994 13 12 39.571083 13 12 39.571083 9200
    995 13 12 39.581176 13 12 39.581176 9200
    996 13 12 39.591166 13 12 39.591166 9200
    997 13 12 39.601179 13 12 39.601179 9200
    998 13 12 39.611162 13 12 39.611162 9200
    999 13 12 39.621639 13 12 39.621639 9200
   1000 13 12 39.631087 13 12 39.631087 9200
