      1 13 4 36.026865 13 4 36.026865 9400
      2 13 4 36.037084 13 4 36.037084 9400
      3 13 4 36.047040 13 4 36.047040 9400
      4 13 4 36.056967 13 4 36.056967 9400
      5 13 4 36.067008 13 4 36.067008 9400
      6 13 4 36.077227 13 4 36.077227 9400
      7 13 4 36.087026 13 4 36.087026 9400
      8 13 4 36.097062 13 4 36.097062 9400
      9 13 4 36.107044 13 4 36.107044 9400
     10 13 4 36.117030 13 4 36.117030 9400
     11 13 4 36.127004 13 4 36.127004 9400
     12 13 4 36.136983 13 4 36.136983 9400
     13 13 4 36.147019 13 4 36.147019 9400
     14 13 4 36.156978 13 4 36.156978 9400
     15 13 4 36.166966 13 4 36.166966 9400
     16 13 4 36.177152 13 4 36.177152 9400
     17 13 4 36.186971 13 4 36.186971 9400
     18 13 4 36.197001 13 4 36.197001 9400
     19 13 4 36.206968 13 4 36.206968 9400
     20 13 4 36.216977 13 4 36.216977 9400
     21 13 4 36.226964 13 4 36.226964 9400
     22 13 4 36.236969 13 4 36.236969 9400
     23 13 4 36.247166 13 4 36.247166 9400
     24 13 4 36.257027 13 4 36.257027 9400
     25 13 4 36.267046 13 4 36.267046 9400
     26 13 4 36.277048 13 4 36.277048 9400
     27 13 4 36.287036 13 4 36.287036 9400
     28 13 4 36.297026 13 4 36.297026 9400
     29 13 4 36.307059 13 4 36.307059 9400
     30 13 4 36.317104 13 4 36.317104 9400
     31 13 4 36.327030 13 4 36.327030 9400
     32 13 4 36.337021 13 4 36.337021 9400
     33 13 4 36.347276 13 4 36.347276 9400
     34 13 4 36.356982 13 4 36.356982 9400
     35 13 4 36.366973 13 4 36.366973 9400
     36 13 4 36.376975 13 4 36.376975 9400
     37 13 4 36.386968 13 4 36.386968 9400
     38 13 4 36.396951 13 4 36.396951 9400
     39 13 4 36.406955 13 4 36.406955 9400
     40 13 4 36.416974 13 4 36.416974 9400
     41 13 4 36.426963 13 4 36.426963 9400
     42 13 4 36.436968 13 4 36.436968 9400
     43 13 4 36.446987 13 4 36.446987 9400
     44 13 4 36.457039 13 4 36.457039 9400
     45 13 4 36.467649 13 4 36.467649 9400
     46 13 4 36.477105 13 4 36.477105 9400
     47 13 4 36.487087 13 4 36.487087 9400
     48 13 4 36.496991 13 4 36.496991 9400
     49 13 4 36.507024 13 4 36.507024 9400
     50 13 4 36.516967 13 4 36.516967 9400
     51 13 4 36.527034 13 4 36.527034 9400
     52 13 4 36.537016 13 4 36.537016 9400
     53 13 4 36.547037 13 4 36.547037 9400
     54 13 4 36.557628 13 4 36.557628 9400
     55 13 4 36.567686 13 4 36.567686 9400
     56 13 4 36.577057 13 4 36.577057 9400
     57 13 4 36.586990 13 4 36.586990 9400
     58 13 4 36.596984 13 4 36.596984 9400
     59 13 4 36.606977 13 4 36.606977 9400
     60 13 4 36.616976 13 4 36.616976 9400
     61 13 4 36.626975 13 4 36.626975 9400
     62 13 4 36.636974 13 4 36.636974 9400
     63 13 4 36.646988 13 4 36.646988 9400
     64 13 4 36.656989 13 4 36.656989 9400
     65 13 4 36.666995 13 4 36.666995 9400
     66 13 4 36.677027 13 4 36.677027 9400
     67 13 4 36.686970 13 4 36.686970 9400
     68 13 4 36.696987 13 4 36.696987 9400
     69 13 4 36.707037 13 4 36.707037 9400
     70 13 4 36.716976 13 4 36.716976 9400
     71 13 4 36.727075 13 4 36.727075 9400
     72 13 4 36.737009 13 4 36.737009 9400
     73 13 4 36.747058 13 4 36.747058 9400
     74 13 4 36.757002 13 4 36.757002 9400
     75 13 4 36.766967 13 4 36.766967 9400
     76 13 4 36.776955 13 4 36.776955 9400
     77 13 4 36.786960 13 4 36.786960 9400
     78 13 4 36.796970 13 4 36.796970 9400
     79 13 4 36.806967 13 4 36.806967 9400
     80 13 4 36.816966 13 4 36.816966 9400
     81 13 4 36.826965 13 4 36.826965 9400
     82 13 4 36.836965 13 4 36.836965 9400
     83 13 4 36.846969 13 4 36.846969 9400
     84 13 4 36.856959 13 4 36.856959 9400
     85 13 4 36.867021 13 4 36.867021 9400
     86 13 4 36.877020 13 4 36.877020 9400
     87 13 4 36.887050 13 4 36.887050 9400
     88 13 4 36.897030 13 4 36.897030 9400
     89 13 4 36.907069 13 4 36.907069 9400
     90 13 4 36.917045 13 4 36.917045 9400
     91 13 4 36.927045 13 4 36.927045 9400
     92 13 4 36.937026 13 4 36.937026 9400
     93 13 4 36.947034 13 4 36.947034 9400
     94 13 4 36.957062 13 4 36.957062 9400
     95 13 4 36.966977 13 4 36.966977 9400
     96 13 4 36.976968 13 4 36.976968 9400
     97 13 4 36.986984 13 4 36.986984 9400
     98 13 4 36.996983 13 4 36.996983 9400
     99 13 4 37.007972 13 4 37.007972 9400
    100 13 4 37.016956 13 4 37.016956 9400
    101 13 4 37.027014 13 4 37.027014 9400
    102 13 4 37.036951 13 4 37.036951 9400
    103 13 4 37.046965 13 4 37.046965 9400
    104 13 4 37.056975 13 4 37.056975 9400
    105 13 4 37.068126 13 4 37.068126 9400
    106 13 4 37.076988 13 4 37.076988 9400
    107 13 4 37.087698 13 4 37.087698 9400
    108 13 4 37.097110 13 4 37.097110 9400
    109 13 4 37.107075 13 4 37.107075 9400
    110 13 4 37.117041 13 4 37.117041 9400
    111 13 4 37.127015 13 4 37.127015 9400
    112 13 4 37.137030 13 4 37.137030 9400
    113 13 4 37.147030 13 4 37.147030 9400
    114 13 4 37.157066 13 4 37.157066 9400
    115 13 4 37.167037 13 4 37.167037 9400
    116 13 4 37.176963 13 4 37.176963 9400
    117 13 4 37.186971 13 4 37.186971 9400
    118 13 4 37.196964 13 4 37.196964 9400
    119 13 4 37.206972 13 4 37.206972 9400
    120 13 4 37.217064 13 4 37.217064 9400
    121 13 4 37.226962 13 4 37.226962 9400
    122 13 4 37.236961 13 4 37.236961 9400
    123 13 4 37.246966 13 4 37.246966 9400
    124 13 4 37.256977 13 4 37.256977 9400
    125 13 4 37.267597 13 4 37.267597 9400
    126 13 4 37.277039 13 4 37.277039 9400
    127 13 4 37.287033 13 4 37.287033 9400
    128 13 4 37.297001 13 4 37.297001 9400
    129 13 4 37.307808 13 4 37.307808 9400
    130 13 4 37.317033 13 4 37.317033 9400
    131 13 4 37.327053 13 4 37.327053 9400
    132 13 4 37.337026 13 4 37.337026 9400
    133 13 4 37.347020 13 4 37.347020 9400
    134 13 4 37.357055 13 4 37.357055 9400
    135 13 4 37.367027 13 4 37.367027 9400
    136 13 4 37.376966 13 4 37.376966 9400
    137 13 4 37.386968 13 4 37.386968 9400
    138 13 4 37.396968 13 4 37.396968 9400
    139 13 4 37.406978 13 4 37.406978 9400
    140 13 4 37.416966 13 4 37.416966 9400
    141 13 4 37.427062 13 4 37.427062 9400
    142 13 4 37.437027 13 4 37.437027 9400
    143 13 4 37.447040 13 4 37.447040 9400
    144 13 4 37.456986 13 4 37.456986 9400
    145 13 4 37.466966 13 4 37.466966 9400
    146 13 4 37.477125 13 4 37.477125 9400
    147 13 4 37.487032 13 4 37.487032 9400
    148 13 4 37.497019 13 4 37.497019 9400
    149 13 4 37.507047 13 4 37.507047 9400
    150 13 4 37.517121 13 4 37.517121 9400
    151 13 4 37.527085 13 4 37.527085 9400
    152 13 4 37.537022 13 4 37.537022 9400
    153 13 4 37.547032 13 4 37.547032 9400
    154 13 4 37.557077 13 4 37.557077 9400
    155 13 4 37.567132 13 4 37.567132 9400
    156 13 4 37.577083 13 4 37.577083 9400
    157 13 4 37.586969 13 4 37.586969 9400
    158 13 4 37.596974 13 4 37.596974 9400
    159 13 4 37.606972 13 4 37.606972 9400
    160 13 4 37.616971 13 4 37.616971 9400
    161 13 4 37.626967 13 4 37.626967 9400
    162 13 4 37.636974 13 4 37.636974 9400
    163 13 4 37.646988 13 4 37.646988 9400
    164 13 4 37.656975 13 4 37.656975 9400
    165 13 4 37.667392 13 4 37.667392 9400
    166 13 4 37.677044 13 4 37.677044 9400
    167 13 4 37.687041 13 4 37.687041 9400
    168 13 4 37.696938 13 4 37.696938 9400
    169 13 4 37.706991 13 4 37.706991 9400
    170 13 4 37.717104 13 4 37.717104 9400
    171 13 4 37.727021 13 4 37.727021 9400
    172 13 4 37.737023 13 4 37.737023 9400
    173 13 4 37.746963 13 4 37.746963 9400
    174 13 4 37.757047 13 4 37.757047 9400
    175 13 4 37.767037 13 4 37.767037 9400
    176 13 4 37.777026 13 4 37.777026 9400
    177 13 4 37.786966 13 4 37.786966 9400
    178 13 4 37.796971 13 4 37.796971 9400
    179 13 4 37.806938 13 4 37.806938 9400
    180 13 4 37.816997 13 4 37.816997 9400
    181 13 4 37.826988 13 4 37.826988 9400
    182 13 4 37.836996 13 4 37.836996 9400
    183 13 4 37.846966 13 4 37.846966 9400
    184 13 4 37.856988 13 4 37.856988 9400
    185 13 4 37.866970 13 4 37.866970 9400
    186 13 4 37.877087 13 4 37.877087 9400
    187 13 4 37.887039 13 4 37.887039 9400
    188 13 4 37.896994 13 4 37.896994 9400
    189 13 4 37.907007 13 4 37.907007 9400
    190 13 4 37.917042 13 4 37.917042 9400
    191 13 4 37.927035 13 4 37.927035 9400
    192 13 4 37.937030 13 4 37.937030 9400
    193 13 4 37.947029 13 4 37.947029 9400
    194 13 4 37.957033 13 4 37.957033 9400
    195 13 4 37.967021 13 4 37.967021 9400
    196 13 4 37.977032 13 4 37.977032 9400
    197 13 4 37.987212 13 4 37.987212 9400
    198 13 4 37.997275 13 4 37.997275 9400
    199 13 4 38.006959 13 4 38.006959 9400
    200 13 4 38.016973 13 4 38.016973 9400
    201 13 4 38.026922 13 4 38.026922 9400
    202 13 4 38.037027 13 4 38.037027 9400
    203 13 4 38.046979 13 4 38.046979 9400
    204 13 4 38.056955 13 4 38.056955 9400
    205 13 4 38.067217 13 4 38.067217 9400
    206 13 4 38.077072 13 4 38.077072 9400
    207 13 4 38.087043 13 4 38.087043 9400
    208 13 4 38.096975 13 4 38.096975 9400
    209 13 4 38.107093 13 4 38.107093 9400
    210 13 4 38.117046 13 4 38.117046 9400
    211 13 4 38.127105 13 4 38.127105 9400
    212 13 4 38.136963 13 4 38.136963 9400
    213 13 4 38.147024 13 4 38.147024 9400
    214 13 4 38.157108 13 4 38.157108 9400
    215 13 4 38.167040 13 4 38.167040 9400
    216 13 4 38.177041 13 4 38.177041 9400
    217 13 4 38.186974 13 4 38.186974 9400
    218 13 4 38.196967 13 4 38.196967 9400
    219 13 4 38.206963 13 4 38.206963 9400
    220 13 4 38.216974 13 4 38.216974 9400
    221 13 4 38.226959 13 4 38.226959 9400
    222 13 4 38.236977 13 4 38.236977 9400
    223 13 4 38.246994 13 4 38.246994 9400
    224 13 4 38.256990 13 4 38.256990 9400
    225 13 4 38.267386 13 4 38.267386 9400
    226 13 4 38.277223 13 4 38.277223 9400
    227 13 4 38.287047 13 4 38.287047 9400
    228 13 4 38.297038 13 4 38.297038 9400
    229 13 4 38.307115 13 4 38.307115 9400
    230 13 4 38.317053 13 4 38.317053 9400
    231 13 4 38.327249 13 4 38.327249 9400
    232 13 4 38.337190 13 4 38.337190 9400
    233 13 4 38.346967 13 4 38.346967 9400
    234 13 4 38.357039 13 4 38.357039 9400
    235 13 4 38.367046 13 4 38.367046 9400
    236 13 4 38.377046 13 4 38.377046 9400
    237 13 4 38.387003 13 4 38.387003 9400
    238 13 4 38.397041 13 4 38.397041 9400
    239 13 4 38.406967 13 4 38.406967 9400
    240 13 4 38.416952 13 4 38.416952 9400
    241 13 4 38.426982 13 4 38.426982 9400
    242 13 4 38.437001 13 4 38.437001 9400
    243 13 4 38.446964 13 4 38.446964 9400
    244 13 4 38.456966 13 4 38.456966 9400
    245 13 4 38.467168 13 4 38.467168 9400
    246 13 4 38.477029 13 4 38.477029 9400
    247 13 4 38.487099 13 4 38.487099 9400
    248 13 4 38.497042 13 4 38.497042 9400
    249 13 4 38.507047 13 4 38.507047 9400
    250 13 4 38.517018 13 4 38.517018 9400
    251 13 4 38.526986 13 4 38.526986 9400
    252 13 4 38.537236 13 4 38.537236 9400
    253 13 4 38.547100 13 4 38.547100 9400
    254 13 4 38.557425 13 4 38.557425 9400
    255 13 4 38.567089 13 4 38.567089 9400
    256 13 4 38.577030 13 4 38.577030 9400
    257 13 4 38.586987 13 4 38.586987 9400
    258 13 4 38.597028 13 4 38.597028 9400
    259 13 4 38.607025 13 4 38.607025 9400
    260 13 4 38.616984 13 4 38.616984 9400
    261 13 4 38.626897 13 4 38.626897 9400
    262 13 4 38.636965 13 4 38.636965 9400
    263 13 4 38.646980 13 4 38.646980 9400
    264 13 4 38.656976 13 4 38.656976 9400
    265 13 4 38.667321 13 4 38.667321 9400
    266 13 4 38.676991 13 4 38.676991 9400
    267 13 4 38.687044 13 4 38.687044 9400
    268 13 4 38.696986 13 4 38.696986 9400
    269 13 4 38.706974 13 4 38.706974 9400
    270 13 4 38.716987 13 4 38.716987 9400
    271 13 4 38.727190 13 4 38.727190 9400
    272 13 4 38.737073 13 4 38.737073 9400
    273 13 4 38.747038 13 4 38.747038 9400
    274 13 4 38.757043 13 4 38.757043 9400
    275 13 4 38.767164 13 4 38.767164 9400
    276 13 4 38.777101 13 4 38.777101 9400
    277 13 4 38.787056 13 4 38.787056 9400
    278 13 4 38.797043 13 4 38.797043 9400
    279 13 4 38.806987 13 4 38.806987 9400
    280 13 4 38.816992 13 4 38.816992 9400
    281 13 4 38.826968 13 4 38.826968 9400
    282 13 4 38.836967 13 4 38.836967 9400
    283 13 4 38.846983 13 4 38.846983 9400
    284 13 4 38.857033 13 4 38.857033 9400
    285 13 4 38.867140 13 4 38.867140 9400
    286 13 4 38.877484 13 4 38.877484 9400
    287 13 4 38.887075 13 4 38.887075 9400
    288 13 4 38.897053 13 4 38.897053 9400
    289 13 4 38.907032 13 4 38.907032 9400
    290 13 4 38.916974 13 4 38.916974 9400
    291 13 4 38.927165 13 4 38.927165 9400
    292 13 4 38.937035 13 4 38.937035 9400
    293 13 4 38.947060 13 4 38.947060 9400
    294 13 4 38.957053 13 4 38.957053 9400
    295 13 4 38.967028 13 4 38.967028 9400
    296 13 4 38.977038 13 4 38.977038 9400
    297 13 4 38.987040 13 4 38.987040 9400
    298 13 4 38.997067 13 4 38.997067 9400
    299 13 4 39.007027 13 4 39.007027 9400
    300 13 4 39.017457 13 4 39.017457 9400
    301 13 4 39.026961 13 4 39.026961 9400
    302 13 4 39.036954 13 4 39.036954 9400
    303 13 4 39.046954 13 4 39.046954 9400
    304 13 4 39.056973 13 4 39.056973 9400
    305 13 4 39.067028 13 4 39.067028 9400
    306 13 4 39.076960 13 4 39.076960 9400
    307 13 4 39.087066 13 4 39.087066 9400
    308 13 4 39.097026 13 4 39.097026 9400
    309 13 4 39.107084 13 4 39.107084 9400
    310 13 4 39.116973 13 4 39.116973 9400
    311 13 4 39.127476 13 4 39.127476 9400
    312 13 4 39.137037 13 4 39.137037 9400
    313 13 4 39.147070 13 4 39.147070 9400
    314 13 4 39.157085 13 4 39.157085 9400
    315 13 4 39.167031 13 4 39.167031 9400
    316 13 4 39.176971 13 4 39.176971 9400
    317 13 4 39.187060 13 4 39.187060 9400
    318 13 4 39.197071 13 4 39.197071 9400
    319 13 4 39.207045 13 4 39.207045 9400
    320 13 4 39.216976 13 4 39.216976 9400
    321 13 4 39.226968 13 4 39.226968 9400
    322 13 4 39.236967 13 4 39.236967 9400
    323 13 4 39.246971 13 4 39.246971 9400
    324 13 4 39.257040 13 4 39.257040 9400
    325 13 4 39.267055 13 4 39.267055 9400
    326 13 4 39.277723 13 4 39.277723 9400
    327 13 4 39.287072 13 4 39.287072 9400
    328 13 4 39.296998 13 4 39.296998 9400
    329 13 4 39.307040 13 4 39.307040 9400
    330 13 4 39.317036 13 4 39.317036 9400
    331 13 4 39.327033 13 4 39.327033 9400
    332 13 4 39.337001 13 4 39.337001 9400
    333 13 4 39.346977 13 4 39.346977 9400
    334 13 4 39.357008 13 4 39.357008 9400
    335 13 4 39.367029 13 4 39.367029 9400
    336 13 4 39.377037 13 4 39.377037 9400
    337 13 4 39.387037 13 4 39.387037 9400
    338 13 4 39.397078 13 4 39.397078 9400
    339 13 4 39.407035 13 4 39.407035 9400
    340 13 4 39.417023 13 4 39.417023 9400
    341 13 4 39.426968 13 4 39.426968 9400
    342 13 4 39.436959 13 4 39.436959 9400
    343 13 4 39.446970 13 4 39.446970 9400
    344 13 4 39.456952 13 4 39.456952 9400
    345 13 4 39.466988 13 4 39.466988 9400
    346 13 4 39.477038 13 4 39.477038 9400
    347 13 4 39.486992 13 4 39.486992 9400
    348 13 4 39.497027 13 4 39.497027 9400
    349 13 4 39.506970 13 4 39.506970 9400
    350 13 4 39.516967 13 4 39.516967 9400
    351 13 4 39.527084 13 4 39.527084 9400
    352 13 4 39.536965 13 4 39.536965 9400
    353 13 4 39.547024 13 4 39.547024 9400
    354 13 4 39.557037 13 4 39.557037 9400
    355 13 4 39.567028 13 4 39.567028 9400
    356 13 4 39.577089 13 4 39.577089 9400
    357 13 4 39.587037 13 4 39.587037 9400
    358 13 4 39.597040 13 4 39.597040 9400
    359 13 4 39.606985 13 4 39.606985 9400
    360 13 4 39.616971 13 4 39.616971 9400
    361 13 4 39.626972 13 4 39.626972 9400
    362 13 4 39.636969 13 4 39.636969 9400
    363 13 4 39.647204 13 4 39.647204 9400
    364 13 4 39.657004 13 4 39.657004 9400
    365 13 4 39.666958 13 4 39.666958 9400
    366 13 4 39.676963 13 4 39.676963 9400
    367 13 4 39.687035 13 4 39.687035 9400
    368 13 4 39.697037 13 4 39.697037 9400
    369 13 4 39.706972 13 4 39.706972 9400
    370 13 4 39.717039 13 4 39.717039 9400
    371 13 4 39.727069 13 4 39.727069 9400
    372 13 4 39.737017 13 4 39.737017 9400
    373 13 4 39.747084 13 4 39.747084 9400
    374 13 4 39.757038 13 4 39.757038 9400
    375 13 4 39.767141 13 4 39.767141 9400
    376 13 4 39.777115 13 4 39.777115 9400
    377 13 4 39.787039 13 4 39.787039 9400
    378 13 4 39.797063 13 4 39.797063 9400
    379 13 4 39.807074 13 4 39.807074 9400
    380 13 4 39.817039 13 4 39.817039 9400
    381 13 4 39.826970 13 4 39.826970 9400
    382 13 4 39.837001 13 4 39.837001 9400
    383 13 4 39.846978 13 4 39.846978 9400
    384 13 4 39.856972 13 4 39.856972 9400
    385 13 4 39.867111 13 4 39.867111 9400
    386 13 4 39.876939 13 4 39.876939 9400
    387 13 4 39.886963 13 4 39.886963 9400
    388 13 4 39.897038 13 4 39.897038 9400
    389 13 4 39.907041 13 4 39.907041 9400
    390 13 4 39.916975 13 4 39.916975 9400
    391 13 4 39.926974 13 4 39.926974 9400
    392 13 4 39.937067 13 4 39.937067 9400
    393 13 4 39.946970 13 4 39.946970 9400
    394 13 4 39.956981 13 4 39.956981 9400
    395 13 4 39.966980 13 4 39.966980 9400
    396 13 4 39.977020 13 4 39.977020 9400
    397 13 4 39.987028 13 4 39.987028 9400
    398 13 4 39.997039 13 4 39.997039 9400
    399 13 4 40.006967 13 4 40.006967 9400
    400 13 4 40.016975 13 4 40.016975 9400
    401 13 4 40.026988 13 4 40.026988 9400
    402 13 4 40.036965 13 4 40.036965 9400
    403 13 4 40.046965 13 4 40.046965 9400
    404 13 4 40.057727 13 4 40.057727 9400
    405 13 4 40.066999 13 4 40.066999 9400
    406 13 4 40.077029 13 4 40.077029 9400
    407 13 4 40.086964 13 4 40.086964 9400
    408 13 4 40.097071 13 4 40.097071 9400
    409 13 4 40.107072 13 4 40.107072 9400
    410 13 4 40.116922 13 4 40.116922 9400
    411 13 4 40.126966 13 4 40.126966 9400
    412 13 4 40.137059 13 4 40.137059 9400
    413 13 4 40.147056 13 4 40.147056 9400
    414 13 4 40.157049 13 4 40.157049 9400
    415 13 4 40.167043 13 4 40.167043 9400
    416 13 4 40.177039 13 4 40.177039 9400
    417 13 4 40.187106 13 4 40.187106 9400
    418 13 4 40.197040 13 4 40.197040 9400
    419 13 4 40.207025 13 4 40.207025 9400
    420 13 4 40.217098 13 4 40.217098 9400
    421 13 4 40.227553 13 4 40.227553 9400
    422 13 4 40.236992 13 4 40.236992 9400
    423 13 4 40.247323 13 4 40.247323 9400
    424 13 4 40.256990 13 4 40.256990 9400
    425 13 4 40.267093 13 4 40.267093 9400
    426 13 4 40.277112 13 4 40.277112 9400
    427 13 4 40.287069 13 4 40.287069 9400
    428 13 4 40.297035 13 4 40.297035 9400
    429 13 4 40.307057 13 4 40.307057 9400
    430 13 4 40.317298 13 4 40.317298 9400
    431 13 4 40.326976 13 4 40.326976 9400
    432 13 4 40.337012 13 4 40.337012 9400
    433 13 4 40.347092 13 4 40.347092 9400
    434 13 4 40.357049 13 4 40.357049 9400
    435 13 4 40.367044 13 4 40.367044 9400
    436 13 4 40.377042 13 4 40.377042 9400
    437 13 4 40.387041 13 4 40.387041 9400
    438 13 4 40.397044 13 4 40.397044 9400
    439 13 4 40.406986 13 4 40.406986 9400
    440 13 4 40.416977 13 4 40.416977 9400
    441 13 4 40.426968 13 4 40.426968 9400
    442 13 4 40.436971 13 4 40.436971 9400
    443 13 4 40.447006 13 4 40.447006 9400
    444 13 4 40.457898 13 4 40.457898 9400
    445 13 4 40.467035 13 4 40.467035 9400
    446 13 4 40.477034 13 4 40.477034 9400
    447 13 4 40.486992 13 4 40.486992 9400
    448 13 4 40.497050 13 4 40.497050 9400
    449 13 4 40.507041 13 4 40.507041 9400
    450 13 4 40.517378 13 4 40.517378 9400
    451 13 4 40.526975 13 4 40.526975 9400
    452 13 4 40.536973 13 4 40.536973 9400
    453 13 4 40.546979 13 4 40.546979 9400
    454 13 4 40.557026 13 4 40.557026 9400
    455 13 4 40.567039 13 4 40.567039 9400
    456 13 4 40.577032 13 4 40.577032 9400
    457 13 4 40.587032 13 4 40.587032 9400
    458 13 4 40.596964 13 4 40.596964 9400
    459 13 4 40.607039 13 4 40.607039 9400
    460 13 4 40.616976 13 4 40.616976 9400
    461 13 4 40.626967 13 4 40.626967 9400
    462 13 4 40.636907 13 4 40.636907 9400
    463 13 4 40.646982 13 4 40.646982 9400
    464 13 4 40.656970 13 4 40.656970 9400
    465 13 4 40.667034 13 4 40.667034 9400
    466 13 4 40.677061 13 4 40.677061 9400
    467 13 4 40.687102 13 4 40.687102 9400
    468 13 4 40.697032 13 4 40.697032 9400
    469 13 4 40.706991 13 4 40.706991 9400
    470 13 4 40.717046 13 4 40.717046 9400
    471 13 4 40.726979 13 4 40.726979 9400
    472 13 4 40.737082 13 4 40.737082 9400
    473 13 4 40.747053 13 4 40.747053 9400
    474 13 4 40.757160 13 4 40.757160 9400
    475 13 4 40.767042 13 4 40.767042 9400
    476 13 4 40.777031 13 4 40.777031 9400
    477 13 4 40.786974 13 4 40.786974 9400
    478 13 4 40.796971 13 4 40.796971 9400
    479 13 4 40.807043 13 4 40.807043 9400
    480 13 4 40.816999 13 4 40.816999 9400
    481 13 4 40.826971 13 4 40.826971 9400
    482 13 4 40.836981 13 4 40.836981 9400
    483 13 4 40.847000 13 4 40.847000 9400
    484 13 4 40.857027 13 4 40.857027 9400
    485 13 4 40.867114 13 4 40.867114 9400
    486 13 4 40.877037 13 4 40.877037 9400
    487 13 4 40.887034 13 4 40.887034 9400
    488 13 4 40.897030 13 4 40.897030 9400
    489 13 4 40.907043 13 4 40.907043 9400
    490 13 4 40.916974 13 4 40.916974 9400
    491 13 4 40.927016 13 4 40.927016 9400
    492 13 4 40.937396 13 4 40.937396 9400
    493 13 4 40.947014 13 4 40.947014 9400
    494 13 4 40.957037 13 4 40.957037 9400
    495 13 4 40.967033 13 4 40.967033 9400
    496 13 4 40.977015 13 4 40.977015 9400
    497 13 4 40.987043 13 4 40.987043 9400
    498 13 4 40.997030 13 4 40.997030 9400
    499 13 4 41.006985 13 4 41.006985 9400
    500 13 4 41.016973 13 4 41.016973 9400
    501 13 4 41.027003 13 4 41.027003 9400
    502 13 4 41.036979 13 4 41.036979 9400
    503 13 4 41.046930 13 4 41.046930 9400
    504 13 4 41.056964 13 4 41.056964 9400
    505 13 4 41.066966 13 4 41.066966 9400
    506 13 4 41.077039 13 4 41.077039 9400
    507 13 4 41.087110 13 4 41.087110 9400
    508 13 4 41.097034 13 4 41.097034 9400
    509 13 4 41.107095 13 4 41.107095 9400
    510 13 4 41.117038 13 4 41.117038 9400
    511 13 4 41.127361 13 4 41.127361 9400
    512 13 4 41.137354 13 4 41.137354 9400
    513 13 4 41.147061 13 4 41.147061 9400
    514 13 4 41.157027 13 4 41.157027 9400
    515 13 4 41.167022 13 4 41.167022 9400
    516 13 4 41.177011 13 4 41.177011 9400
    517 13 4 41.187016 13 4 41.187016 9400
    518 13 4 41.197031 13 4 41.197031 9400
    519 13 4 41.206963 13 4 41.206963 9400
    520 13 4 41.216983 13 4 41.216983 9400
    521 13 4 41.227004 13 4 41.227004 9400
    522 13 4 41.236978 13 4 41.236978 9400
    523 13 4 41.246960 13 4 41.246960 9400
    524 13 4 41.256973 13 4 41.256973 9400
    525 13 4 41.266964 13 4 41.266964 9400
    526 13 4 41.277037 13 4 41.277037 9400
    527 13 4 41.286985 13 4 41.286985 9400
    528 13 4 41.297044 13 4 41.297044 9400
    529 13 4 41.307040 13 4 41.307040 9400
    530 13 4 41.317045 13 4 41.317045 9400
    531 13 4 41.326968 13 4 41.326968 9400
    532 13 4 41.337136 13 4 41.337136 9400
    533 13 4 41.346984 13 4 41.346984 9400
    534 13 4 41.357039 13 4 41.357039 9400
    535 13 4 41.367035 13 4 41.367035 9400
    536 13 4 41.376972 13 4 41.376972 9400
    537 13 4 41.387019 13 4 41.387019 9400
    538 13 4 41.397035 13 4 41.397035 9400
    539 13 4 41.407057 13 4 41.407057 9400
    540 13 4 41.416975 13 4 41.416975 9400
    541 13 4 41.426979 13 4 41.426979 9400
    542 13 4 41.436971 13 4 41.436971 9400
    543 13 4 41.446967 13 4 41.446967 9400
    544 13 4 41.456957 13 4 41.456957 9400
    545 13 4 41.466963 13 4 41.466963 9400
    546 13 4 41.477009 13 4 41.477009 9400
    547 13 4 41.487056 13 4 41.487056 9400
    548 13 4 41.497024 13 4 41.497024 9400
    549 13 4 41.507030 13 4 41.507030 9400
    550 13 4 41.516967 13 4 41.516967 9400
    551 13 4 41.526995 13 4 41.526995 9400
    552 13 4 41.537022 13 4 41.537022 9400
    553 13 4 41.547035 13 4 41.547035 9400
    554 13 4 41.556975 13 4 41.556975 9400
    555 13 4 41.567039 13 4 41.567039 9400
    556 13 4 41.577075 13 4 41.577075 9400
    557 13 4 41.587040 13 4 41.587040 9400
    558 13 4 41.597042 13 4 41.597042 9400
    559 13 4 41.607193 13 4 41.607193 9400
    560 13 4 41.616973 13 4 41.616973 9400
    561 13 4 41.626970 13 4 41.626970 9400
    562 13 4 41.636965 13 4 41.636965 9400
    563 13 4 41.646970 13 4 41.646970 9400
    564 13 4 41.656958 13 4 41.656958 9400
    565 13 4 41.666966 13 4 41.666966 9400
    566 13 4 41.676991 13 4 41.676991 9400
    567 13 4 41.686979 13 4 41.686979 9400
    568 13 4 41.697037 13 4 41.697037 9400
    569 13 4 41.706991 13 4 41.706991 9400
    570 13 4 41.717033 13 4 41.717033 9400
    571 13 4 41.726970 13 4 41.726970 9400
    572 13 4 41.737022 13 4 41.737022 9400
    573 13 4 41.747033 13 4 41.747033 9400
    574 13 4 41.757021 13 4 41.757021 9400
    575 13 4 41.767032 13 4 41.767032 9400
    576 13 4 41.777028 13 4 41.777028 9400
    577 13 4 41.786963 13 4 41.786963 9400
    578 13 4 41.796999 13 4 41.796999 9400
    579 13 4 41.807029 13 4 41.807029 9400
    580 13 4 41.816988 13 4 41.816988 9400
    581 13 4 41.826988 13 4 41.826988 9400
    582 13 4 41.837021 13 4 41.837021 9400
    583 13 4 41.846992 13 4 41.846992 9400
    584 13 4 41.857005 13 4 41.857005 9400
    585 13 4 41.867162 13 4 41.867162 9400
    586 13 4 41.877029 13 4 41.877029 9400
    587 13 4 41.886988 13 4 41.886988 9400
    588 13 4 41.897033 13 4 41.897033 9400
    589 13 4 41.906984 13 4 41.906984 9400
    590 13 4 41.916983 13 4 41.916983 9400
    591 13 4 41.926966 13 4 41.926966 9400
    592 13 4 41.937094 13 4 41.937094 9400
    593 13 4 41.947040 13 4 41.947040 9400
    594 13 4 41.956972 13 4 41.956972 9400
    595 13 4 41.967047 13 4 41.967047 9400
    596 13 4 41.977040 13 4 41.977040 9400
    597 13 4 41.987029 13 4 41.987029 9400
    598 13 4 41.997028 13 4 41.997028 9400
    599 13 4 42.006968 13 4 42.006968 9400
    600 13 4 42.016970 13 4 42.016970 9400
    601 13 4 42.026980 13 4 42.026980 9400
    602 13 4 42.036968 13 4 42.036968 9400
    603 13 4 42.046965 13 4 42.046965 9400
    604 13 4 42.056964 13 4 42.056964 9400
    605 13 4 42.066971 13 4 42.066971 9400
    606 13 4 42.077078 13 4 42.077078 9400
    607 13 4 42.087096 13 4 42.087096 9400
    608 13 4 42.097042 13 4 42.097042 9400
    609 13 4 42.107036 13 4 42.107036 9400
    610 13 4 42.117026 13 4 42.117026 9400
    611 13 4 42.126966 13 4 42.126966 9400
    612 13 4 42.136997 13 4 42.136997 9400
    613 13 4 42.147038 13 4 42.147038 9400
    614 13 4 42.156987 13 4 42.156987 9400
    615 13 4 42.167039 13 4 42.167039 9400
    616 13 4 42.177038 13 4 42.177038 9400
    617 13 4 42.187035 13 4 42.187035 9400
    618 13 4 42.197045 13 4 42.197045 9400
    619 13 4 42.207036 13 4 42.207036 9400
    620 13 4 42.216976 13 4 42.216976 9400
    621 13 4 42.226989 13 4 42.226989 9400
    622 13 4 42.236966 13 4 42.236966 9400
    623 13 4 42.246963 13 4 42.246963 9400
    624 13 4 42.256996 13 4 42.256996 9400
    625 13 4 42.266965 13 4 42.266965 9400
    626 13 4 42.277064 13 4 42.277064 9400
    627 13 4 42.287095 13 4 42.287095 9400
    628 13 4 42.297086 13 4 42.297086 9400
    629 13 4 42.307029 13 4 42.307029 9400
    630 13 4 42.317019 13 4 42.317019 9400
    631 13 4 42.326974 13 4 42.326974 9400
    632 13 4 42.337096 13 4 42.337096 9400
    633 13 4 42.347047 13 4 42.347047 9400
    634 13 4 42.357047 13 4 42.357047 9400
    635 13 4 42.367047 13 4 42.367047 9400
    636 13 4 42.377037 13 4 42.377037 9400
    637 13 4 42.387020 13 4 42.387020 9400
    638 13 4 42.397033 13 4 42.397033 9400
    639 13 4 42.407038 13 4 42.407038 9400
    640 13 4 42.417003 13 4 42.417003 9400
    641 13 4 42.426968 13 4 42.426968 9400
    642 13 4 42.436979 13 4 42.436979 9400
    643 13 4 42.446964 13 4 42.446964 9400
    644 13 4 42.456957 13 4 42.456957 9400
    645 13 4 42.466949 13 4 42.466949 9400
    646 13 4 42.476976 13 4 42.476976 9400
    647 13 4 42.486997 13 4 42.486997 9400
    648 13 4 42.497039 13 4 42.497039 9400
    649 13 4 42.507047 13 4 42.507047 9400
    650 13 4 42.517031 13 4 42.517031 9400
    651 13 4 42.526969 13 4 42.526969 9400
    652 13 4 42.537818 13 4 42.537818 9400
    653 13 4 42.547041 13 4 42.547041 9400
    654 13 4 42.557262 13 4 42.557262 9400
    655 13 4 42.567042 13 4 42.567042 9400
    656 13 4 42.577035 13 4 42.577035 9400
    657 13 4 42.587074 13 4 42.587074 9400
    658 13 4 42.597037 13 4 42.597037 9400
    659 13 4 42.607022 13 4 42.607022 9400
    660 13 4 42.616973 13 4 42.616973 9400
    661 13 4 42.626978 13 4 42.626978 9400
    662 13 4 42.636991 13 4 42.636991 9400
    663 13 4 42.646968 13 4 42.646968 9400
    664 13 4 42.656967 13 4 42.656967 9400
    665 13 4 42.666946 13 4 42.666946 9400
    666 13 4 42.677300 13 4 42.677300 9400
    667 13 4 42.687044 13 4 42.687044 9400
    668 13 4 42.697038 13 4 42.697038 9400
    669 13 4 42.707037 13 4 42.707037 9400
    670 13 4 42.717033 13 4 42.717033 9400
    671 13 4 42.727061 13 4 42.727061 9400
    672 13 4 42.737073 13 4 42.737073 9400
    673 13 4 42.747036 13 4 42.747036 9400
    674 13 4 42.757035 13 4 42.757035 9400
    675 13 4 42.767051 13 4 42.767051 9400
    676 13 4 42.776994 13 4 42.776994 9400
    677 13 4 42.787025 13 4 42.787025 9400
    678 13 4 42.797030 13 4 42.797030 9400
    679 13 4 42.806959 13 4 42.806959 9400
    680 13 4 42.817037 13 4 42.817037 9400
    681 13 4 42.826979 13 4 42.826979 9400
    682 13 4 42.836967 13 4 42.836967 9400
    683 13 4 42.847214 13 4 42.847214 9400
    684 13 4 42.856988 13 4 42.856988 9400
    685 13 4 42.866998 13 4 42.866998 9400
    686 13 4 42.877423 13 4 42.877423 9400
    687 13 4 42.886980 13 4 42.886980 9400
    688 13 4 42.897029 13 4 42.897029 9400
    689 13 4 42.907029 13 4 42.907029 9400
    690 13 4 42.916991 13 4 42.916991 9400
    691 13 4 42.926965 13 4 42.926965 9400
    692 13 4 42.937187 13 4 42.937187 9400
    693 13 4 42.947087 13 4 42.947087 9400
    694 13 4 42.957042 13 4 42.957042 9400
    695 13 4 42.967036 13 4 42.967036 9400
    696 13 4 42.977037 13 4 42.977037 9400
    697 13 4 42.986961 13 4 42.986961 9400
    698 13 4 42.997030 13 4 42.997030 9400
    699 13 4 43.006964 13 4 43.006964 9400
    700 13 4 43.016961 13 4 43.016961 9400
    701 13 4 43.026921 13 4 43.026921 9400
    702 13 4 43.036965 13 4 43.036965 9400
    703 13 4 43.046965 13 4 43.046965 9400
    704 13 4 43.057079 13 4 43.057079 9400
    705 13 4 43.066966 13 4 43.066966 9400
    706 13 4 43.077525 13 4 43.077525 9400
    707 13 4 43.086992 13 4 43.086992 9400
    708 13 4 43.097071 13 4 43.097071 9400
    709 13 4 43.107047 13 4 43.107047 9400
    710 13 4 43.117046 13 4 43.117046 9400
    711 13 4 43.126947 13 4 43.126947 9400
    712 13 4 43.137177 13 4 43.137177 9400
    713 13 4 43.147042 13 4 43.147042 9400
    714 13 4 43.157074 13 4 43.157074 9400
    715 13 4 43.167037 13 4 43.167037 9400
    716 13 4 43.177041 13 4 43.177041 9400
    717 13 4 43.187030 13 4 43.187030 9400
    718 13 4 43.197090 13 4 43.197090 9400
    719 13 4 43.207028 13 4 43.207028 9400
    720 13 4 43.216968 13 4 43.216968 9400
    721 13 4 43.226967 13 4 43.226967 9400
    722 13 4 43.237006 13 4 43.237006 9400
    723 13 4 43.246999 13 4 43.246999 9400
    724 13 4 43.256962 13 4 43.256962 9400
    725 13 4 43.266975 13 4 43.266975 9400
    726 13 4 43.277267 13 4 43.277267 9400
    727 13 4 43.287055 13 4 43.287055 9400
    728 13 4 43.297102 13 4 43.297102 9400
    729 13 4 43.307053 13 4 43.307053 9400
    730 13 4 43.317034 13 4 43.317034 9400
    731 13 4 43.327016 13 4 43.327016 9400
    732 13 4 43.337238 13 4 43.337238 9400
    733 13 4 43.346980 13 4 43.346980 9400
    734 13 4 43.358133 13 4 43.358133 9400
    735 13 4 43.367026 13 4 43.367026 9400
    736 13 4 43.377028 13 4 43.377028 9400
    737 13 4 43.387044 13 4 43.387044 9400
    738 13 4 43.397032 13 4 43.397032 9400
    739 13 4 43.407035 13 4 43.407035 9400
    740 13 4 43.416972 13 4 43.416972 9400
    741 13 4 43.426963 13 4 43.426963 9400
    742 13 4 43.436956 13 4 43.436956 9400
    743 13 4 43.446969 13 4 43.446969 9400
    744 13 4 43.456974 13 4 43.456974 9400
    745 13 4 43.466977 13 4 43.466977 9400
    746 13 4 43.477003 13 4 43.477003 9400
    747 13 4 43.487082 13 4 43.487082 9400
    748 13 4 43.497025 13 4 43.497025 9400
    749 13 4 43.507041 13 4 43.507041 9400
    750 13 4 43.517038 13 4 43.517038 9400
    751 13 4 43.526966 13 4 43.526966 9400
    752 13 4 43.537036 13 4 43.537036 9400
    753 13 4 43.546996 13 4 43.546996 9400
    754 13 4 43.557026 13 4 43.557026 9400
    755 13 4 43.567067 13 4 43.567067 9400
    756 13 4 43.577032 13 4 43.577032 9400
    757 13 4 43.586992 13 4 43.586992 9400
    758 13 4 43.597020 13 4 43.597020 9400
    759 13 4 43.606985 13 4 43.606985 9400
    760 13 4 43.616970 13 4 43.616970 9400
    761 13 4 43.627175 13 4 43.627175 9400
    762 13 4 43.636975 13 4 43.636975 9400
    763 13 4 43.646974 13 4 43.646974 9400
    764 13 4 43.657178 13 4 43.657178 9400
    765 13 4 43.666980 13 4 43.666980 9400
    766 13 4 43.676985 13 4 43.676985 9400
    767 13 4 43.687026 13 4 43.687026 9400
    768 13 4 43.697280 13 4 43.697280 9400
    769 13 4 43.707045 13 4 43.707045 9400
    770 13 4 43.717024 13 4 43.717024 9400
    771 13 4 43.727017 13 4 43.727017 9400
    772 13 4 43.737048 13 4 43.737048 9400
    773 13 4 43.747166 13 4 43.747166 9400
    774 13 4 43.757790 13 4 43.757790 9400
    775 13 4 43.767032 13 4 43.767032 9400
    776 13 4 43.777036 13 4 43.777036 9400
    777 13 4 43.787038 13 4 43.787038 9400
    778 13 4 43.797043 13 4 43.797043 9400
    779 13 4 43.807034 13 4 43.807034 9400
    780 13 4 43.817042 13 4 43.817042 9400
    781 13 4 43.826965 13 4 43.826965 9400
    782 13 4 43.836973 13 4 43.836973 9400
    783 13 4 43.847014 13 4 43.847014 9400
    784 13 4 43.856968 13 4 43.856968 9400
    785 13 4 43.867299 13 4 43.867299 9400
    786 13 4 43.876998 13 4 43.876998 9400
    787 13 4 43.887109 13 4 43.887109 9400
    788 13 4 43.897030 13 4 43.897030 9400
    789 13 4 43.907027 13 4 43.907027 9400
    790 13 4 43.916997 13 4 43.916997 9400
    791 13 4 43.926968 13 4 43.926968 9400
    792 13 4 43.937060 13 4 43.937060 9400
    793 13 4 43.947476 13 4 43.947476 9400
    794 13 4 43.956986 13 4 43.956986 9400
    795 13 4 43.967036 13 4 43.967036 9400
    796 13 4 43.977029 13 4 43.977029 9400
    797 13 4 43.987032 13 4 43.987032 9400
    798 13 4 43.997047 13 4 43.997047 9400
    799 13 4 44.007035 13 4 44.007035 9400
    800 13 4 44.016983 13 4 44.016983 9400
    801 13 4 44.026966 13 4 44.026966 9400
    802 13 4 44.036968 13 4 44.036968 9400
    803 13 4 44.046967 13 4 44.046967 9400
    804 13 4 44.056975 13 4 44.056975 9400
    805 13 4 44.066965 13 4 44.066965 9400
    806 13 4 44.077033 13 4 44.077033 9400
    807 13 4 44.087032 13 4 44.087032 9400
    808 13 4 44.097126 13 4 44.097126 9400
    809 13 4 44.107035 13 4 44.107035 9400
    810 13 4 44.116985 13 4 44.116985 9400
    811 13 4 44.126966 13 4 44.126966 9400
    812 13 4 44.136958 13 4 44.136958 9400
    813 13 4 44.147035 13 4 44.147035 9400
    814 13 4 44.157074 13 4 44.157074 9400
    815 13 4 44.167023 13 4 44.167023 9400
    816 13 4 44.177033 13 4 44.177033 9400
    817 13 4 44.187038 13 4 44.187038 9400
    818 13 4 44.197023 13 4 44.197023 9400
    819 13 4 44.207031 13 4 44.207031 9400
    820 13 4 44.217025 13 4 44.217025 9400
    821 13 4 44.226967 13 4 44.226967 9400
    822 13 4 44.236984 13 4 44.236984 9400
    823 13 4 44.247407 13 4 44.247407 9400
    824 13 4 44.256976 13 4 44.256976 9400
    825 13 4 44.266967 13 4 44.266967 9400
    826 13 4 44.277256 13 4 44.277256 9400
    827 13 4 44.287500 13 4 44.287500 9400
    828 13 4 44.297102 13 4 44.297102 9400
    829 13 4 44.307037 13 4 44.307037 9400
    830 13 4 44.317039 13 4 44.317039 9400
    831 13 4 44.326968 13 4 44.326968 9400
    832 13 4 44.337023 13 4 44.337023 9400
    833 13 4 44.347053 13 4 44.347053 9400
    834 13 4 44.357081 13 4 44.357081 9400
    835 13 4 44.367038 13 4 44.367038 9400
    836 13 4 44.377046 13 4 44.377046 9400
    837 13 4 44.386996 13 4 44.386996 9400
    838 13 4 44.396968 13 4 44.396968 9400
    839 13 4 44.407043 13 4 44.407043 9400
    840 13 4 44.417059 13 4 44.417059 9400
    841 13 4 44.426988 13 4 44.426988 9400
    842 13 4 44.436974 13 4 44.436974 9400
    843 13 4 44.446964 13 4 44.446964 9400
    844 13 4 44.456974 13 4 44.456974 9400
    845 13 4 44.466970 13 4 44.466970 9400
    846 13 4 44.477054 13 4 44.477054 9400
    847 13 4 44.487009 13 4 44.487009 9400
    848 13 4 44.497033 13 4 44.497033 9400
    849 13 4 44.507022 13 4 44.507022 9400
    850 13 4 44.516964 13 4 44.516964 9400
    851 13 4 44.527071 13 4 44.527071 9400
    852 13 4 44.537036 13 4 44.537036 9400
    853 13 4 44.546985 13 4 44.546985 9400
    854 13 4 44.557032 13 4 44.557032 9400
    855 13 4 44.567031 13 4 44.567031 9400
    856 13 4 44.577038 13 4 44.577038 9400
    857 13 4 44.587088 13 4 44.587088 9400
    858 13 4 44.597042 13 4 44.597042 9400
    859 13 4 44.607045 13 4 44.607045 9400
    860 13 4 44.616970 13 4 44.616970 9400
    861 13 4 44.626987 13 4 44.626987 9400
    862 13 4 44.636966 13 4 44.636966 9400
    863 13 4 44.646974 13 4 44.646974 9400
    864 13 4 44.656959 13 4 44.656959 9400
    865 13 4 44.666966 13 4 44.666966 9400
    866 13 4 44.676993 13 4 44.676993 9400
    867 13 4 44.687047 13 4 44.687047 9400
    868 13 4 44.696983 13 4 44.696983 9400
    869 13 4 44.707039 13 4 44.707039 9400
    870 13 4 44.717041 13 4 44.717041 9400
    871 13 4 44.726953 13 4 44.726953 9400
    872 13 4 44.737073 13 4 44.737073 9400
    873 13 4 44.746920 13 4 44.746920 9400
    874 13 4 44.757030 13 4 44.757030 9400
    875 13 4 44.767029 13 4 44.767029 9400
    876 13 4 44.777022 13 4 44.777022 9400
    877 13 4 44.787073 13 4 44.787073 9400
    878 13 4 44.797029 13 4 44.797029 9400
    879 13 4 44.807034 13 4 44.807034 9400
    880 13 4 44.817044 13 4 44.817044 9400
    881 13 4 44.827026 13 4 44.827026 9400
    882 13 4 44.836973 13 4 44.836973 9400
    883 13 4 44.846983 13 4 44.846983 9400
    884 13 4 44.856968 13 4 44.856968 9400
    885 13 4 44.866976 13 4 44.866976 9400
    886 13 4 44.877001 13 4 44.877001 9400
    887 13 4 44.887051 13 4 44.887051 9400
    888 13 4 44.897078 13 4 44.897078 9400
    889 13 4 44.907024 13 4 44.907024 9400
    890 13 4 44.917085 13 4 44.917085 9400
    891 13 4 44.927228 13 4 44.927228 9400
    892 13 4 44.937074 13 4 44.937074 9400
    893 13 4 44.946950 13 4 44.946950 9400
    894 13 4 44.957087 13 4 44.957087 9400
    895 13 4 44.967047 13 4 44.967047 9400
    896 13 4 44.977032 13 4 44.977032 9400
    897 13 4 44.987028 13 4 44.987028 9400
    898 13 4 44.997408 13 4 44.997408 9400
    899 13 4 45.007040 13 4 45.007040 9400
    900 13 4 45.017037 13 4 45.017037 9400
    901 13 4 45.027028 13 4 45.027028 9400
    902 13 4 45.037287 13 4 45.037287 9400
    903 13 4 45.046967 13 4 45.046967 9400
    904 13 4 45.056977 13 4 45.056977 9400
    905 13 4 45.067332 13 4 45.067332 9400
    906 13 4 45.076971 13 4 45.076971 9400
    907 13 4 45.087040 13 4 45.087040 9400
    908 13 4 45.097006 13 4 45.097006 9400
    909 13 4 45.106976 13 4 45.106976 9400
    910 13 4 45.117080 13 4 45.117080 9400
    911 13 4 45.127040 13 4 45.127040 9400
    912 13 4 45.136963 13 4 45.136963 9400
    913 13 4 45.147041 13 4 45.147041 9400
    914 13 4 45.157043 13 4 45.157043 9400
    915 13 4 45.166941 13 4 45.166941 9400
    916 13 4 45.177036 13 4 45.177036 9400
    917 13 4 45.187030 13 4 45.187030 9400
    918 13 4 45.197037 13 4 45.197037 9400
    919 13 4 45.207031 13 4 45.207031 9400
    920 13 4 45.217028 13 4 45.217028 9400
    921 13 4 45.226981 13 4 45.226981 9400
    922 13 4 45.236978 13 4 45.236978 9400
    923 13 4 45.246983 13 4 45.246983 9400
    924 13 4 45.256965 13 4 45.256965 9400
    925 13 4 45.266989 13 4 45.266989 9400
    926 13 4 45.277034 13 4 45.277034 9400
    927 13 4 45.287044 13 4 45.287044 9400
    928 13 4 45.297055 13 4 45.297055 9400
    929 13 4 45.307048 13 4 45.307048 9400
    930 13 4 45.317047 13 4 45.317047 9400
    931 13 4 45.326967 13 4 45.326967 9400
    932 13 4 45.336970 13 4 45.336970 9400
    933 13 4 45.347009 13 4 45.347009 9400
    934 13 4 45.357041 13 4 45.357041 9400
    935 13 4 45.367019 13 4 45.367019 9400
    936 13 4 45.377020 13 4 45.377020 9400
    937 13 4 45.387020 13 4 45.387020 9400
    938 13 4 45.397488 13 4 45.397488 9400
    939 13 4 45.407038 13 4 45.407038 9400
    940 13 4 45.416961 13 4 45.416961 9400
    941 13 4 45.426965 13 4 45.426965 9400
    942 13 4 45.436951 13 4 45.436951 9400
    943 13 4 45.446950 13 4 45.446950 9400
    944 13 4 45.456974 13 4 45.456974 9400
    945 13 4 45.466988 13 4 45.466988 9400
    946 13 4 45.477004 13 4 45.477004 9400
    947 13 4 45.487034 13 4 45.487034 9400
    948 13 4 45.497100 13 4 45.497100 9400
    949 13 4 45.507041 13 4 45.507041 9400
    950 13 4 45.516959 13 4 45.516959 9400
    951 13 4 45.527180 13 4 45.527180 9400
    952 13 4 45.536971 13 4 45.536971 9400
    953 13 4 45.547043 13 4 45.547043 9400
    954 13 4 45.557471 13 4 45.557471 9400
    955 13 4 45.567112 13 4 45.567112 9400
    956 13 4 45.577052 13 4 45.577052 9400
    957 13 4 45.587060 13 4 45.587060 9400
    958 13 4 45.597123 13 4 45.597123 9400
    959 13 4 45.607041 13 4 45.607041 9400
    960 13 4 45.617097 13 4 45.617097 9400
    961 13 4 45.627091 13 4 45.627091 9400
    962 13 4 45.636971 13 4 45.636971 9400
    963 13 4 45.646973 13 4 45.646973 9400
    964 13 4 45.656970 13 4 45.656970 9400
    965 13 4 45.666975 13 4 45.666975 9400
    966 13 4 45.677022 13 4 45.677022 9400
    967 13 4 45.687058 13 4 45.687058 9400
    968 13 4 45.697042 13 4 45.697042 9400
    969 13 4 45.707036 13 4 45.707036 9400
    970 13 4 45.717036 13 4 45.717036 9400
    971 13 4 45.727122 13 4 45.727122 9400
    972 13 4 45.736966 13 4 45.736966 9400
    973 13 4 45.747041 13 4 45.747041 9400
    974 13 4 45.757004 13 4 45.757004 9400
    975 13 4 45.766970 13 4 45.766970 9400
    976 13 4 45.777051 13 4 45.777051 9400
    977 13 4 45.787039 13 4 45.787039 9400
    978 13 4 45.796970 13 4 45.796970 9400
    979 13 4 45.807031 13 4 45.807031 9400
    980 13 4 45.817036 13 4 45.817036 9400
    981 13 4 45.827069 13 4 45.827069 9400
    982 13 4 45.836976 13 4 45.836976 9400
    983 13 4 45.846966 13 4 45.846966 9400
    984 13 4 45.856971 13 4 45.856971 9400
    985 13 4 45.866967 13 4 45.866967 9400
    986 13 4 45.877034 13 4 45.877034 9400
    987 13 4 45.887036 13 4 45.887036 9400
    988 13 4 45.897039 13 4 45.897039 9400
    989 13 4 45.907089 13 4 45.907089 9400
    990 13 4 45.916986 13 4 45.916986 9400
    991 13 4 45.927065 13 4 45.927065 9400
    992 13 4 45.936967 13 4 45.936967 9400
    993 13 4 45.947006 13 4 45.947006 9400
    994 13 4 45.957042 13 4 45.957042 9400
    995 13 4 45.967032 13 4 45.967032 9400
    996 13 4 45.977029 13 4 45.977029 9400
    997 13 4 45.987026 13 4 45.987026 9400
    998 13 4 45.997036 13 4 45.997036 9400
    999 13 4 46.007027 13 4 46.007027 9400
   1000 13 4 46.017038 13 4 46.017038 9400
