      1 13 7 50.221097 13 7 50.221097 11000
      2 13 7 50.231216 13 7 50.231216 11000
      3 13 7 50.241196 13 7 50.241196 11000
      4 13 7 50.251185 13 7 50.251185 11000
      5 13 7 50.261307 13 7 50.261307 11000
      6 13 7 50.271202 13 7 50.271202 11000
      7 13 7 50.281215 13 7 50.281215 11000
      8 13 7 50.291379 13 7 50.291379 11000
      9 13 7 50.301254 13 7 50.301254 11000
     10 13 7 50.311258 13 7 50.311258 11000
     11 13 7 50.321308 13 7 50.321308 11000
     12 13 7 50.331195 13 7 50.331195 11000
     13 13 7 50.341197 13 7 50.341197 11000
     14 13 7 50.351253 13 7 50.351253 11000
     15 13 7 50.361280 13 7 50.361280 11000
     16 13 7 50.371259 13 7 50.371259 11000
     17 13 7 50.381323 13 7 50.381323 11000
     18 13 7 50.391274 13 7 50.391274 11000
     19 13 7 50.401302 13 7 50.401302 11000
     20 13 7 50.411259 13 7 50.411259 11000
     21 13 7 50.421261 13 7 50.421261 11000
     22 13 7 50.431255 13 7 50.431255 11000
     23 13 7 50.441158 13 7 50.441158 11000
     24 13 7 50.451247 13 7 50.451247 11000
     25 13 7 50.461159 13 7 50.461159 11000
     26 13 7 50.471198 13 7 50.471198 11000
     27 13 7 50.481417 13 7 50.481417 11000
     28 13 7 50.491368 13 7 50.491368 11000
     29 13 7 50.502594 13 7 50.502594 11000
     30 13 7 50.511327 13 7 50.511327 11000
     31 13 7 50.521262 13 7 50.521262 11000
     32 13 7 50.531303 13 7 50.531303 11000
     33 13 7 50.541313 13 7 50.541313 11000
     34 13 7 50.551251 13 7 50.551251 11000
     35 13 7 50.561317 13 7 50.561317 11000
     36 13 7 50.571398 13 7 50.571398 11000
     37 13 7 50.581285 13 7 50.581285 11000
     38 13 7 50.591323 13 7 50.591323 11000
     39 13 7 50.601269 13 7 50.601269 11000
     40 13 7 50.611255 13 7 50.611255 11000
     41 13 7 50.621259 13 7 50.621259 11000
     42 13 7 50.631256 13 7 50.631256 11000
     43 13 7 50.641254 13 7 50.641254 11000
     44 13 7 50.651215 13 7 50.651215 11000
     45 13 7 50.661192 13 7 50.661192 11000
     46 13 7 50.671194 13 7 50.671194 11000
     47 13 7 50.681330 13 7 50.681330 11000
     48 13 7 50.691226 13 7 50.691226 11000
     49 13 7 50.701718 13 7 50.701718 11000
     50 13 7 50.711343 13 7 50.711343 11000
     51 13 7 50.721265 13 7 50.721265 11000
     52 13 7 50.731247 13 7 50.731247 11000
     53 13 7 50.741250 13 7 50.741250 11000
     54 13 7 50.751299 13 7 50.751299 11000
     55 13 7 50.761221 13 7 50.761221 11000
     56 13 7 50.771174 13 7 50.771174 11000
     57 13 7 50.781317 13 7 50.781317 11000
     58 13 7 50.791263 13 7 50.791263 11000
     59 13 7 50.801291 13 7 50.801291 11000
     60 13 7 50.811293 13 7 50.811293 11000
     61 13 7 50.821260 13 7 50.821260 11000
     62 13 7 50.831195 13 7 50.831195 11000
     63 13 7 50.842270 13 7 50.842270 11000
     64 13 7 50.851280 13 7 50.851280 11000
     65 13 7 50.861246 13 7 50.861246 11000
     66 13 7 50.871197 13 7 50.871197 11000
     67 13 7 50.881217 13 7 50.881217 11000
     68 13 7 50.891876 13 7 50.891876 11000
     69 13 7 50.901198 13 7 50.901198 11000
     70 13 7 50.911256 13 7 50.911256 11000
     71 13 7 50.921263 13 7 50.921263 11000
     72 13 7 50.931198 13 7 50.931198 11000
     73 13 7 50.941200 13 7 50.941200 11000
     74 13 7 50.951275 13 7 50.951275 11000
     75 13 7 50.961328 13 7 50.961328 11000
     76 13 7 50.971268 13 7 50.971268 11000
     77 13 7 50.981217 13 7 50.981217 11000
     78 13 7 50.991239 13 7 50.991239 11000
     79 13 7 51.001266 13 7 51.001266 11000
     80 13 7 51.011259 13 7 51.011259 11000
     81 13 7 51.021256 13 7 51.021256 11000
     82 13 7 51.031264 13 7 51.031264 11000
     83 13 7 51.041198 13 7 51.041198 11000
     84 13 7 51.051211 13 7 51.051211 11000
     85 13 7 51.061210 13 7 51.061210 11000
     86 13 7 51.071199 13 7 51.071199 11000
     87 13 7 51.081336 13 7 51.081336 11000
     88 13 7 51.091763 13 7 51.091763 11000
     89 13 7 51.101405 13 7 51.101405 11000
     90 13 7 51.111390 13 7 51.111390 11000
     91 13 7 51.121371 13 7 51.121371 11000
     92 13 7 51.131310 13 7 51.131310 11000
     93 13 7 51.141212 13 7 51.141212 11000
     94 13 7 51.151209 13 7 51.151209 11000
     95 13 7 51.161343 13 7 51.161343 11000
     96 13 7 51.171263 13 7 51.171263 11000
     97 13 7 51.181218 13 7 51.181218 11000
     98 13 7 51.191265 13 7 51.191265 11000
     99 13 7 51.201264 13 7 51.201264 11000
    100 13 7 51.211263 13 7 51.211263 11000
    101 13 7 51.221161 13 7 51.221161 11000
    102 13 7 51.231309 13 7 51.231309 11000
    103 13 7 51.241194 13 7 51.241194 11000
    104 13 7 51.251240 13 7 51.251240 11000
    105 13 7 51.261223 13 7 51.261223 11000
    106 13 7 51.271225 13 7 51.271225 11000
    107 13 7 51.281365 13 7 51.281365 11000
    108 13 7 51.291907 13 7 51.291907 11000
    109 13 7 51.301988 13 7 51.301988 11000
    110 13 7 51.311281 13 7 51.311281 11000
    111 13 7 51.321325 13 7 51.321325 11000
    112 13 7 51.331203 13 7 51.331203 11000
    113 13 7 51.341596 13 7 51.341596 11000
    114 13 7 51.351281 13 7 51.351281 11000
    115 13 7 51.361240 13 7 51.361240 11000
    116 13 7 51.371209 13 7 51.371209 11000
    117 13 7 51.381298 13 7 51.381298 11000
    118 13 7 51.391334 13 7 51.391334 11000
    119 13 7 51.401297 13 7 51.401297 11000
    120 13 7 51.411262 13 7 51.411262 11000
    121 13 7 51.421281 13 7 51.421281 11000
    122 13 7 51.431266 13 7 51.431266 11000
    123 13 7 51.441271 13 7 51.441271 11000
    124 13 7 51.451196 13 7 51.451196 11000
    125 13 7 51.461195 13 7 51.461195 11000
    126 13 7 51.471235 13 7 51.471235 11000
    127 13 7 51.481318 13 7 51.481318 11000
    128 13 7 51.491221 13 7 51.491221 11000
    129 13 7 51.501157 13 7 51.501157 11000
    130 13 7 51.511276 13 7 51.511276 11000
    131 13 7 51.521264 13 7 51.521264 11000
    132 13 7 51.531261 13 7 51.531261 11000
    133 13 7 51.541213 13 7 51.541213 11000
    134 13 7 51.551260 13 7 51.551260 11000
    135 13 7 51.561256 13 7 51.561256 11000
    136 13 7 51.571230 13 7 51.571230 11000
    137 13 7 51.581285 13 7 51.581285 11000
    138 13 7 51.591267 13 7 51.591267 11000
    139 13 7 51.601199 13 7 51.601199 11000
    140 13 7 51.611333 13 7 51.611333 11000
    141 13 7 51.621316 13 7 51.621316 11000
    142 13 7 51.631258 13 7 51.631258 11000
    143 13 7 51.641260 13 7 51.641260 11000
    144 13 7 51.651215 13 7 51.651215 11000
    145 13 7 51.661220 13 7 51.661220 11000
    146 13 7 51.671202 13 7 51.671202 11000
    147 13 7 51.681353 13 7 51.681353 11000
    148 13 7 51.691251 13 7 51.691251 11000
    149 13 7 51.701264 13 7 51.701264 11000
    150 13 7 51.711309 13 7 51.711309 11000
    151 13 7 51.721257 13 7 51.721257 11000
    152 13 7 51.731214 13 7 51.731214 11000
    153 13 7 51.741250 13 7 51.741250 11000
    154 13 7 51.751269 13 7 51.751269 11000
    155 13 7 51.761223 13 7 51.761223 11000
    156 13 7 51.771213 13 7 51.771213 11000
    157 13 7 51.781267 13 7 51.781267 11000
    158 13 7 51.791283 13 7 51.791283 11000
    159 13 7 51.801293 13 7 51.801293 11000
    160 13 7 51.811262 13 7 51.811262 11000
    161 13 7 51.821283 13 7 51.821283 11000
    162 13 7 51.831206 13 7 51.831206 11000
    163 13 7 51.841206 13 7 51.841206 11000
    164 13 7 51.851199 13 7 51.851199 11000
    165 13 7 51.861199 13 7 51.861199 11000
    166 13 7 51.871228 13 7 51.871228 11000
    167 13 7 51.881197 13 7 51.881197 11000
    168 13 7 51.891548 13 7 51.891548 11000
    169 13 7 51.901274 13 7 51.901274 11000
    170 13 7 51.911257 13 7 51.911257 11000
    171 13 7 51.921261 13 7 51.921261 11000
    172 13 7 51.931201 13 7 51.931201 11000
    173 13 7 51.941200 13 7 51.941200 11000
    174 13 7 51.951487 13 7 51.951487 11000
    175 13 7 51.961266 13 7 51.961266 11000
    176 13 7 51.971300 13 7 51.971300 11000
    177 13 7 51.981271 13 7 51.981271 11000
    178 13 7 51.991349 13 7 51.991349 11000
    179 13 7 52.001249 13 7 52.001249 11000
    180 13 7 52.011262 13 7 52.011262 11000
    181 13 7 52.021377 13 7 52.021377 11000
    182 13 7 52.031376 13 7 52.031376 11000
    183 13 7 52.041257 13 7 52.041257 11000
    184 13 7 52.051346 13 7 52.051346 11000
    185 13 7 52.061852 13 7 52.061852 11000
    186 13 7 52.071199 13 7 52.071199 11000
    187 13 7 52.081201 13 7 52.081201 11000
    188 13 7 52.091310 13 7 52.091310 11000
    189 13 7 52.101233 13 7 52.101233 11000
    190 13 7 52.111252 13 7 52.111252 11000
    191 13 7 52.121197 13 7 52.121197 11000
    192 13 7 52.131255 13 7 52.131255 11000
    193 13 7 52.141629 13 7 52.141629 11000
    194 13 7 52.151201 13 7 52.151201 11000
    195 13 7 52.161361 13 7 52.161361 11000
    196 13 7 52.171298 13 7 52.171298 11000
    197 13 7 52.181265 13 7 52.181265 11000
    198 13 7 52.191253 13 7 52.191253 11000
    199 13 7 52.201255 13 7 52.201255 11000
    200 13 7 52.211198 13 7 52.211198 11000
    201 13 7 52.221237 13 7 52.221237 11000
    202 13 7 52.231200 13 7 52.231200 11000
    203 13 7 52.241216 13 7 52.241216 11000
    204 13 7 52.251148 13 7 52.251148 11000
    205 13 7 52.261200 13 7 52.261200 11000
    206 13 7 52.271199 13 7 52.271199 11000
    207 13 7 52.281199 13 7 52.281199 11000
    208 13 7 52.291254 13 7 52.291254 11000
    209 13 7 52.301264 13 7 52.301264 11000
    210 13 7 52.311266 13 7 52.311266 11000
    211 13 7 52.321274 13 7 52.321274 11000
    212 13 7 52.331299 13 7 52.331299 11000
    213 13 7 52.341197 13 7 52.341197 11000
    214 13 7 52.351199 13 7 52.351199 11000
    215 13 7 52.361190 13 7 52.361190 11000
    216 13 7 52.371299 13 7 52.371299 11000
    217 13 7 52.381262 13 7 52.381262 11000
    218 13 7 52.391306 13 7 52.391306 11000
    219 13 7 52.401333 13 7 52.401333 11000
    220 13 7 52.411271 13 7 52.411271 11000
    221 13 7 52.421280 13 7 52.421280 11000
    222 13 7 52.431320 13 7 52.431320 11000
    223 13 7 52.441288 13 7 52.441288 11000
    224 13 7 52.451196 13 7 52.451196 11000
    225 13 7 52.461289 13 7 52.461289 11000
    226 13 7 52.471209 13 7 52.471209 11000
    227 13 7 52.481184 13 7 52.481184 11000
    228 13 7 52.491213 13 7 52.491213 11000
    229 13 7 52.501215 13 7 52.501215 11000
    230 13 7 52.511260 13 7 52.511260 11000
    231 13 7 52.521340 13 7 52.521340 11000
    232 13 7 52.531263 13 7 52.531263 11000
    233 13 7 52.541213 13 7 52.541213 11000
    234 13 7 52.551236 13 7 52.551236 11000
    235 13 7 52.561616 13 7 52.561616 11000
    236 13 7 52.571184 13 7 52.571184 11000
    237 13 7 52.581201 13 7 52.581201 11000
    238 13 7 52.591261 13 7 52.591261 11000
    239 13 7 52.601255 13 7 52.601255 11000
    240 13 7 52.611215 13 7 52.611215 11000
    241 13 7 52.621259 13 7 52.621259 11000
    242 13 7 52.631261 13 7 52.631261 11000
    243 13 7 52.641254 13 7 52.641254 11000
    244 13 7 52.651947 13 7 52.651947 11000
    245 13 7 52.661239 13 7 52.661239 11000
    246 13 7 52.671196 13 7 52.671196 11000
    247 13 7 52.681195 13 7 52.681195 11000
    248 13 7 52.691265 13 7 52.691265 11000
    249 13 7 52.701258 13 7 52.701258 11000
    250 13 7 52.711219 13 7 52.711219 11000
    251 13 7 52.721265 13 7 52.721265 11000
    252 13 7 52.731254 13 7 52.731254 11000
    253 13 7 52.741197 13 7 52.741197 11000
    254 13 7 52.751202 13 7 52.751202 11000
    255 13 7 52.761212 13 7 52.761212 11000
    256 13 7 52.771247 13 7 52.771247 11000
    257 13 7 52.781188 13 7 52.781188 11000
    258 13 7 52.791265 13 7 52.791265 11000
    259 13 7 52.801250 13 7 52.801250 11000
    260 13 7 52.811247 13 7 52.811247 11000
    261 13 7 52.821184 13 7 52.821184 11000
    262 13 7 52.831225 13 7 52.831225 11000
    263 13 7 52.841195 13 7 52.841195 11000
    264 13 7 52.851196 13 7 52.851196 11000
    265 13 7 52.861207 13 7 52.861207 11000
    266 13 7 52.871197 13 7 52.871197 11000
    267 13 7 52.881185 13 7 52.881185 11000
    268 13 7 52.891238 13 7 52.891238 11000
    269 13 7 52.901173 13 7 52.901173 11000
    270 13 7 52.911282 13 7 52.911282 11000
    271 13 7 52.921442 13 7 52.921442 11000
    272 13 7 52.931288 13 7 52.931288 11000
    273 13 7 52.941183 13 7 52.941183 11000
    274 13 7 52.951126 13 7 52.951126 11000
    275 13 7 52.961270 13 7 52.961270 11000
    276 13 7 52.971294 13 7 52.971294 11000
    277 13 7 52.981264 13 7 52.981264 11000
    278 13 7 52.991199 13 7 52.991199 11000
    279 13 7 53.001258 13 7 53.001258 11000
    280 13 7 53.011263 13 7 53.011263 11000
    281 13 7 53.021284 13 7 53.021284 11000
    282 13 7 53.031337 13 7 53.031337 11000
    283 13 7 53.041201 13 7 53.041201 11000
    284 13 7 53.051202 13 7 53.051202 11000
    285 13 7 53.061196 13 7 53.061196 11000
    286 13 7 53.071196 13 7 53.071196 11000
    287 13 7 53.081195 13 7 53.081195 11000
    288 13 7 53.091309 13 7 53.091309 11000
    289 13 7 53.101277 13 7 53.101277 11000
    290 13 7 53.111263 13 7 53.111263 11000
    291 13 7 53.121265 13 7 53.121265 11000
    292 13 7 53.131197 13 7 53.131197 11000
    293 13 7 53.141241 13 7 53.141241 11000
    294 13 7 53.151200 13 7 53.151200 11000
    295 13 7 53.161225 13 7 53.161225 11000
    296 13 7 53.171984 13 7 53.171984 11000
    297 13 7 53.181271 13 7 53.181271 11000
    298 13 7 53.191263 13 7 53.191263 11000
    299 13 7 53.201258 13 7 53.201258 11000
    300 13 7 53.211277 13 7 53.211277 11000
    301 13 7 53.221291 13 7 53.221291 11000
    302 13 7 53.231261 13 7 53.231261 11000
    303 13 7 53.241188 13 7 53.241188 11000
    304 13 7 53.251207 13 7 53.251207 11000
    305 13 7 53.261164 13 7 53.261164 11000
    306 13 7 53.271200 13 7 53.271200 11000
    307 13 7 53.281198 13 7 53.281198 11000
    308 13 7 53.291311 13 7 53.291311 11000
    309 13 7 53.301265 13 7 53.301265 11000
    310 13 7 53.311354 13 7 53.311354 11000
    311 13 7 53.321263 13 7 53.321263 11000
    312 13 7 53.331198 13 7 53.331198 11000
    313 13 7 53.341197 13 7 53.341197 11000
    314 13 7 53.351211 13 7 53.351211 11000
    315 13 7 53.361269 13 7 53.361269 11000
    316 13 7 53.371260 13 7 53.371260 11000
    317 13 7 53.381276 13 7 53.381276 11000
    318 13 7 53.391266 13 7 53.391266 11000
    319 13 7 53.401203 13 7 53.401203 11000
    320 13 7 53.411253 13 7 53.411253 11000
    321 13 7 53.421267 13 7 53.421267 11000
    322 13 7 53.431260 13 7 53.431260 11000
    323 13 7 53.441194 13 7 53.441194 11000
    324 13 7 53.451197 13 7 53.451197 11000
    325 13 7 53.461196 13 7 53.461196 11000
    326 13 7 53.471195 13 7 53.471195 11000
    327 13 7 53.481195 13 7 53.481195 11000
    328 13 7 53.492099 13 7 53.492099 11000
    329 13 7 53.501255 13 7 53.501255 11000
    330 13 7 53.511265 13 7 53.511265 11000
    331 13 7 53.521264 13 7 53.521264 11000
    332 13 7 53.531198 13 7 53.531198 11000
    333 13 7 53.541223 13 7 53.541223 11000
    334 13 7 53.551256 13 7 53.551256 11000
    335 13 7 53.561219 13 7 53.561219 11000
    336 13 7 53.571260 13 7 53.571260 11000
    337 13 7 53.581327 13 7 53.581327 11000
    338 13 7 53.591200 13 7 53.591200 11000
    339 13 7 53.601260 13 7 53.601260 11000
    340 13 7 53.611458 13 7 53.611458 11000
    341 13 7 53.621273 13 7 53.621273 11000
    342 13 7 53.631217 13 7 53.631217 11000
    343 13 7 53.641399 13 7 53.641399 11000
    344 13 7 53.651215 13 7 53.651215 11000
    345 13 7 53.661195 13 7 53.661195 11000
    346 13 7 53.671196 13 7 53.671196 11000
    347 13 7 53.681609 13 7 53.681609 11000
    348 13 7 53.691265 13 7 53.691265 11000
    349 13 7 53.702021 13 7 53.702021 11000
    350 13 7 53.711253 13 7 53.711253 11000
    351 13 7 53.721268 13 7 53.721268 11000
    352 13 7 53.731270 13 7 53.731270 11000
    353 13 7 53.741241 13 7 53.741241 11000
    354 13 7 53.751223 13 7 53.751223 11000
    355 13 7 53.761229 13 7 53.761229 11000
    356 13 7 53.771208 13 7 53.771208 11000
    357 13 7 53.781266 13 7 53.781266 11000
    358 13 7 53.791263 13 7 53.791263 11000
    359 13 7 53.801256 13 7 53.801256 11000
    360 13 7 53.811256 13 7 53.811256 11000
    361 13 7 53.821255 13 7 53.821255 11000
    362 13 7 53.831217 13 7 53.831217 11000
    363 13 7 53.841197 13 7 53.841197 11000
    364 13 7 53.851194 13 7 53.851194 11000
    365 13 7 53.861196 13 7 53.861196 11000
    366 13 7 53.871198 13 7 53.871198 11000
    367 13 7 53.881194 13 7 53.881194 11000
    368 13 7 53.891128 13 7 53.891128 11000
    369 13 7 53.901260 13 7 53.901260 11000
    370 13 7 53.911282 13 7 53.911282 11000
    371 13 7 53.921199 13 7 53.921199 11000
    372 13 7 53.931255 13 7 53.931255 11000
    373 13 7 53.941198 13 7 53.941198 11000
    374 13 7 53.951199 13 7 53.951199 11000
    375 13 7 53.961213 13 7 53.961213 11000
    376 13 7 53.971345 13 7 53.971345 11000
    377 13 7 53.981198 13 7 53.981198 11000
    378 13 7 53.991213 13 7 53.991213 11000
    379 13 7 54.001263 13 7 54.001263 11000
    380 13 7 54.011313 13 7 54.011313 11000
    381 13 7 54.021289 13 7 54.021289 11000
    382 13 7 54.031201 13 7 54.031201 11000
    383 13 7 54.041271 13 7 54.041271 11000
    384 13 7 54.051264 13 7 54.051264 11000
    385 13 7 54.061196 13 7 54.061196 11000
    386 13 7 54.071195 13 7 54.071195 11000
    387 13 7 54.081448 13 7 54.081448 11000
    388 13 7 54.091166 13 7 54.091166 11000
    389 13 7 54.101337 13 7 54.101337 11000
    390 13 7 54.111265 13 7 54.111265 11000
    391 13 7 54.121260 13 7 54.121260 11000
    392 13 7 54.131307 13 7 54.131307 11000
    393 13 7 54.141272 13 7 54.141272 11000
    394 13 7 54.151206 13 7 54.151206 11000
    395 13 7 54.161261 13 7 54.161261 11000
    396 13 7 54.171253 13 7 54.171253 11000
    397 13 7 54.181263 13 7 54.181263 11000
    398 13 7 54.191271 13 7 54.191271 11000
    399 13 7 54.201317 13 7 54.201317 11000
    400 13 7 54.211286 13 7 54.211286 11000
    401 13 7 54.221226 13 7 54.221226 11000
    402 13 7 54.231282 13 7 54.231282 11000
    403 13 7 54.241258 13 7 54.241258 11000
    404 13 7 54.251223 13 7 54.251223 11000
    405 13 7 54.261257 13 7 54.261257 11000
    406 13 7 54.271199 13 7 54.271199 11000
    407 13 7 54.281204 13 7 54.281204 11000
    408 13 7 54.291128 13 7 54.291128 11000
    409 13 7 54.301211 13 7 54.301211 11000
    410 13 7 54.311266 13 7 54.311266 11000
    411 13 7 54.321255 13 7 54.321255 11000
    412 13 7 54.331524 13 7 54.331524 11000
    413 13 7 54.341383 13 7 54.341383 11000
    414 13 7 54.351537 13 7 54.351537 11000
    415 13 7 54.361238 13 7 54.361238 11000
    416 13 7 54.371211 13 7 54.371211 11000
    417 13 7 54.381287 13 7 54.381287 11000
    418 13 7 54.391827 13 7 54.391827 11000
    419 13 7 54.401226 13 7 54.401226 11000
    420 13 7 54.411197 13 7 54.411197 11000
    421 13 7 54.421256 13 7 54.421256 11000
    422 13 7 54.431268 13 7 54.431268 11000
    423 13 7 54.441296 13 7 54.441296 11000
    424 13 7 54.451247 13 7 54.451247 11000
    425 13 7 54.461204 13 7 54.461204 11000
    426 13 7 54.471195 13 7 54.471195 11000
    427 13 7 54.481194 13 7 54.481194 11000
    428 13 7 54.491472 13 7 54.491472 11000
    429 13 7 54.501283 13 7 54.501283 11000
    430 13 7 54.511271 13 7 54.511271 11000
    431 13 7 54.521267 13 7 54.521267 11000
    432 13 7 54.531198 13 7 54.531198 11000
    433 13 7 54.541195 13 7 54.541195 11000
    434 13 7 54.551209 13 7 54.551209 11000
    435 13 7 54.561244 13 7 54.561244 11000
    436 13 7 54.571257 13 7 54.571257 11000
    437 13 7 54.581262 13 7 54.581262 11000
    438 13 7 54.591259 13 7 54.591259 11000
    439 13 7 54.601287 13 7 54.601287 11000
    440 13 7 54.611274 13 7 54.611274 11000
    441 13 7 54.621195 13 7 54.621195 11000
    442 13 7 54.631269 13 7 54.631269 11000
    443 13 7 54.641198 13 7 54.641198 11000
    444 13 7 54.651198 13 7 54.651198 11000
    445 13 7 54.661180 13 7 54.661180 11000
    446 13 7 54.671196 13 7 54.671196 11000
    447 13 7 54.681195 13 7 54.681195 11000
    448 13 7 54.691564 13 7 54.691564 11000
    449 13 7 54.701220 13 7 54.701220 11000
    450 13 7 54.711264 13 7 54.711264 11000
    451 13 7 54.721218 13 7 54.721218 11000
    452 13 7 54.731265 13 7 54.731265 11000
    453 13 7 54.741199 13 7 54.741199 11000
    454 13 7 54.751233 13 7 54.751233 11000
    455 13 7 54.761263 13 7 54.761263 11000
    456 13 7 54.771264 13 7 54.771264 11000
    457 13 7 54.781225 13 7 54.781225 11000
    458 13 7 54.791975 13 7 54.791975 11000
    459 13 7 54.801301 13 7 54.801301 11000
    460 13 7 54.811278 13 7 54.811278 11000
    461 13 7 54.821272 13 7 54.821272 11000
    462 13 7 54.831259 13 7 54.831259 11000
    463 13 7 54.841258 13 7 54.841258 11000
    464 13 7 54.851193 13 7 54.851193 11000
    465 13 7 54.861195 13 7 54.861195 11000
    466 13 7 54.871358 13 7 54.871358 11000
    467 13 7 54.881197 13 7 54.881197 11000
    468 13 7 54.891384 13 7 54.891384 11000
    469 13 7 54.901240 13 7 54.901240 11000
    470 13 7 54.911251 13 7 54.911251 11000
    471 13 7 54.921270 13 7 54.921270 11000
    472 13 7 54.931195 13 7 54.931195 11000
    473 13 7 54.941228 13 7 54.941228 11000
    474 13 7 54.951197 13 7 54.951197 11000
    475 13 7 54.961193 13 7 54.961193 11000
    476 13 7 54.971274 13 7 54.971274 11000
    477 13 7 54.981264 13 7 54.981264 11000
    478 13 7 54.991197 13 7 54.991197 11000
    479 13 7 55.001277 13 7 55.001277 11000
    480 13 7 55.011262 13 7 55.011262 11000
    481 13 7 55.021245 13 7 55.021245 11000
    482 13 7 55.031315 13 7 55.031315 11000
    483 13 7 55.041254 13 7 55.041254 11000
    484 13 7 55.051200 13 7 55.051200 11000
    485 13 7 55.061196 13 7 55.061196 11000
    486 13 7 55.071195 13 7 55.071195 11000
    487 13 7 55.081194 13 7 55.081194 11000
    488 13 7 55.091306 13 7 55.091306 11000
    489 13 7 55.101292 13 7 55.101292 11000
    490 13 7 55.111257 13 7 55.111257 11000
    491 13 7 55.121257 13 7 55.121257 11000
    492 13 7 55.131197 13 7 55.131197 11000
    493 13 7 55.141553 13 7 55.141553 11000
    494 13 7 55.151201 13 7 55.151201 11000
    495 13 7 55.161199 13 7 55.161199 11000
    496 13 7 55.171205 13 7 55.171205 11000
    497 13 7 55.181257 13 7 55.181257 11000
    498 13 7 55.191257 13 7 55.191257 11000
    499 13 7 55.201264 13 7 55.201264 11000
    500 13 7 55.211261 13 7 55.211261 11000
    501 13 7 55.221209 13 7 55.221209 11000
    502 13 7 55.231259 13 7 55.231259 11000
    503 13 7 55.241233 13 7 55.241233 11000
    504 13 7 55.252313 13 7 55.252313 11000
    505 13 7 55.261229 13 7 55.261229 11000
    506 13 7 55.271202 13 7 55.271202 11000
    507 13 7 55.281210 13 7 55.281210 11000
    508 13 7 55.291305 13 7 55.291305 11000
    509 13 7 55.301274 13 7 55.301274 11000
    510 13 7 55.311196 13 7 55.311196 11000
    511 13 7 55.321258 13 7 55.321258 11000
    512 13 7 55.331189 13 7 55.331189 11000
    513 13 7 55.341186 13 7 55.341186 11000
    514 13 7 55.351211 13 7 55.351211 11000
    515 13 7 55.361207 13 7 55.361207 11000
    516 13 7 55.371259 13 7 55.371259 11000
    517 13 7 55.381286 13 7 55.381286 11000
    518 13 7 55.391254 13 7 55.391254 11000
    519 13 7 55.401327 13 7 55.401327 11000
    520 13 7 55.411261 13 7 55.411261 11000
    521 13 7 55.421295 13 7 55.421295 11000
    522 13 7 55.431216 13 7 55.431216 11000
    523 13 7 55.441555 13 7 55.441555 11000
    524 13 7 55.451200 13 7 55.451200 11000
    525 13 7 55.461195 13 7 55.461195 11000
    526 13 7 55.471181 13 7 55.471181 11000
    527 13 7 55.481180 13 7 55.481180 11000
    528 13 7 55.492181 13 7 55.492181 11000
    529 13 7 55.501288 13 7 55.501288 11000
    530 13 7 55.511257 13 7 55.511257 11000
    531 13 7 55.521270 13 7 55.521270 11000
    532 13 7 55.531196 13 7 55.531196 11000
    533 13 7 55.541286 13 7 55.541286 11000
    534 13 7 55.551200 13 7 55.551200 11000
    535 13 7 55.561211 13 7 55.561211 11000
    536 13 7 55.571258 13 7 55.571258 11000
    537 13 7 55.581263 13 7 55.581263 11000
    538 13 7 55.591569 13 7 55.591569 11000
    539 13 7 55.601264 13 7 55.601264 11000
    540 13 7 55.611254 13 7 55.611254 11000
    541 13 7 55.621256 13 7 55.621256 11000
    542 13 7 55.631256 13 7 55.631256 11000
    543 13 7 55.641196 13 7 55.641196 11000
    544 13 7 55.651195 13 7 55.651195 11000
    545 13 7 55.661195 13 7 55.661195 11000
    546 13 7 55.671221 13 7 55.671221 11000
    547 13 7 55.681199 13 7 55.681199 11000
    548 13 7 55.691544 13 7 55.691544 11000
    549 13 7 55.701179 13 7 55.701179 11000
    550 13 7 55.711255 13 7 55.711255 11000
    551 13 7 55.721263 13 7 55.721263 11000
    552 13 7 55.731262 13 7 55.731262 11000
    553 13 7 55.741230 13 7 55.741230 11000
    554 13 7 55.751260 13 7 55.751260 11000
    555 13 7 55.761262 13 7 55.761262 11000
    556 13 7 55.771290 13 7 55.771290 11000
    557 13 7 55.781331 13 7 55.781331 11000
    558 13 7 55.791268 13 7 55.791268 11000
    559 13 7 55.801265 13 7 55.801265 11000
    560 13 7 55.811216 13 7 55.811216 11000
    561 13 7 55.821258 13 7 55.821258 11000
    562 13 7 55.831217 13 7 55.831217 11000
    563 13 7 55.841203 13 7 55.841203 11000
    564 13 7 55.851196 13 7 55.851196 11000
    565 13 7 55.861195 13 7 55.861195 11000
    566 13 7 55.871211 13 7 55.871211 11000
    567 13 7 55.881197 13 7 55.881197 11000
    568 13 7 55.891266 13 7 55.891266 11000
    569 13 7 55.901290 13 7 55.901290 11000
    570 13 7 55.911256 13 7 55.911256 11000
    571 13 7 55.921261 13 7 55.921261 11000
    572 13 7 55.931261 13 7 55.931261 11000
    573 13 7 55.941163 13 7 55.941163 11000
    574 13 7 55.951211 13 7 55.951211 11000
    575 13 7 55.961195 13 7 55.961195 11000
    576 13 7 55.971271 13 7 55.971271 11000
    577 13 7 55.981257 13 7 55.981257 11000
    578 13 7 55.991273 13 7 55.991273 11000
    579 13 7 56.001261 13 7 56.001261 11000
    580 13 7 56.011276 13 7 56.011276 11000
    581 13 7 56.021194 13 7 56.021194 11000
    582 13 7 56.031241 13 7 56.031241 11000
    583 13 7 56.041196 13 7 56.041196 11000
    584 13 7 56.051197 13 7 56.051197 11000
    585 13 7 56.061203 13 7 56.061203 11000
    586 13 7 56.071196 13 7 56.071196 11000
    587 13 7 56.081195 13 7 56.081195 11000
    588 13 7 56.091228 13 7 56.091228 11000
    589 13 7 56.101205 13 7 56.101205 11000
    590 13 7 56.111246 13 7 56.111246 11000
    591 13 7 56.121254 13 7 56.121254 11000
    592 13 7 56.131202 13 7 56.131202 11000
    593 13 7 56.141196 13 7 56.141196 11000
    594 13 7 56.151201 13 7 56.151201 11000
    595 13 7 56.161194 13 7 56.161194 11000
    596 13 7 56.171269 13 7 56.171269 11000
    597 13 7 56.181294 13 7 56.181294 11000
    598 13 7 56.191262 13 7 56.191262 11000
    599 13 7 56.201261 13 7 56.201261 11000
    600 13 7 56.211261 13 7 56.211261 11000
    601 13 7 56.221251 13 7 56.221251 11000
    602 13 7 56.231200 13 7 56.231200 11000
    603 13 7 56.241200 13 7 56.241200 11000
    604 13 7 56.251201 13 7 56.251201 11000
    605 13 7 56.261195 13 7 56.261195 11000
    606 13 7 56.271197 13 7 56.271197 11000
    607 13 7 56.281199 13 7 56.281199 11000
    608 13 7 56.291485 13 7 56.291485 11000
    609 13 7 56.301256 13 7 56.301256 11000
    610 13 7 56.311253 13 7 56.311253 11000
    611 13 7 56.321260 13 7 56.321260 11000
    612 13 7 56.331243 13 7 56.331243 11000
    613 13 7 56.341182 13 7 56.341182 11000
    614 13 7 56.351204 13 7 56.351204 11000
    615 13 7 56.361218 13 7 56.361218 11000
    616 13 7 56.371240 13 7 56.371240 11000
    617 13 7 56.381267 13 7 56.381267 11000
    618 13 7 56.391257 13 7 56.391257 11000
    619 13 7 56.401223 13 7 56.401223 11000
    620 13 7 56.411160 13 7 56.411160 11000
    621 13 7 56.421258 13 7 56.421258 11000
    622 13 7 56.431263 13 7 56.431263 11000
    623 13 7 56.441256 13 7 56.441256 11000
    624 13 7 56.451196 13 7 56.451196 11000
    625 13 7 56.461195 13 7 56.461195 11000
    626 13 7 56.471200 13 7 56.471200 11000
    627 13 7 56.481236 13 7 56.481236 11000
    628 13 7 56.491255 13 7 56.491255 11000
    629 13 7 56.501195 13 7 56.501195 11000
    630 13 7 56.511252 13 7 56.511252 11000
    631 13 7 56.521262 13 7 56.521262 11000
    632 13 7 56.531263 13 7 56.531263 11000
    633 13 7 56.541196 13 7 56.541196 11000
    634 13 7 56.551211 13 7 56.551211 11000
    635 13 7 56.561199 13 7 56.561199 11000
    636 13 7 56.571365 13 7 56.571365 11000
    637 13 7 56.581166 13 7 56.581166 11000
    638 13 7 56.591265 13 7 56.591265 11000
    639 13 7 56.601267 13 7 56.601267 11000
    640 13 7 56.611261 13 7 56.611261 11000
    641 13 7 56.621273 13 7 56.621273 11000
    642 13 7 56.631273 13 7 56.631273 11000
    643 13 7 56.641196 13 7 56.641196 11000
    644 13 7 56.651262 13 7 56.651262 11000
    645 13 7 56.661270 13 7 56.661270 11000
    646 13 7 56.671183 13 7 56.671183 11000
    647 13 7 56.681195 13 7 56.681195 11000
    648 13 7 56.691302 13 7 56.691302 11000
    649 13 7 56.701273 13 7 56.701273 11000
    650 13 7 56.711297 13 7 56.711297 11000
    651 13 7 56.721260 13 7 56.721260 11000
    652 13 7 56.731265 13 7 56.731265 11000
    653 13 7 56.741210 13 7 56.741210 11000
    654 13 7 56.751221 13 7 56.751221 11000
    655 13 7 56.761198 13 7 56.761198 11000
    656 13 7 56.771214 13 7 56.771214 11000
    657 13 7 56.781297 13 7 56.781297 11000
    658 13 7 56.791265 13 7 56.791265 11000
    659 13 7 56.801285 13 7 56.801285 11000
    660 13 7 56.811196 13 7 56.811196 11000
    661 13 7 56.821258 13 7 56.821258 11000
    662 13 7 56.831305 13 7 56.831305 11000
    663 13 7 56.841259 13 7 56.841259 11000
    664 13 7 56.851215 13 7 56.851215 11000
    665 13 7 56.861181 13 7 56.861181 11000
    666 13 7 56.871195 13 7 56.871195 11000
    667 13 7 56.881194 13 7 56.881194 11000
    668 13 7 56.891261 13 7 56.891261 11000
    669 13 7 56.901299 13 7 56.901299 11000
    670 13 7 56.911275 13 7 56.911275 11000
    671 13 7 56.921259 13 7 56.921259 11000
    672 13 7 56.931268 13 7 56.931268 11000
    673 13 7 56.941189 13 7 56.941189 11000
    674 13 7 56.951200 13 7 56.951200 11000
    675 13 7 56.961196 13 7 56.961196 11000
    676 13 7 56.971238 13 7 56.971238 11000
    677 13 7 56.981278 13 7 56.981278 11000
    678 13 7 56.991259 13 7 56.991259 11000
    679 13 7 57.001252 13 7 57.001252 11000
    680 13 7 57.011203 13 7 57.011203 11000
    681 13 7 57.021276 13 7 57.021276 11000
    682 13 7 57.031253 13 7 57.031253 11000
    683 13 7 57.041271 13 7 57.041271 11000
    684 13 7 57.051197 13 7 57.051197 11000
    685 13 7 57.061199 13 7 57.061199 11000
    686 13 7 57.071204 13 7 57.071204 11000
    687 13 7 57.081198 13 7 57.081198 11000
    688 13 7 57.091220 13 7 57.091220 11000
    689 13 7 57.101241 13 7 57.101241 11000
    690 13 7 57.111285 13 7 57.111285 11000
    691 13 7 57.121324 13 7 57.121324 11000
    692 13 7 57.131315 13 7 57.131315 11000
    693 13 7 57.141286 13 7 57.141286 11000
    694 13 7 57.151395 13 7 57.151395 11000
    695 13 7 57.161212 13 7 57.161212 11000
    696 13 7 57.171497 13 7 57.171497 11000
    697 13 7 57.181345 13 7 57.181345 11000
    698 13 7 57.191678 13 7 57.191678 11000
    699 13 7 57.201250 13 7 57.201250 11000
    700 13 7 57.211277 13 7 57.211277 11000
    701 13 7 57.221260 13 7 57.221260 11000
    702 13 7 57.231265 13 7 57.231265 11000
    703 13 7 57.241329 13 7 57.241329 11000
    704 13 7 57.251187 13 7 57.251187 11000
    705 13 7 57.261181 13 7 57.261181 11000
    706 13 7 57.271217 13 7 57.271217 11000
    707 13 7 57.281241 13 7 57.281241 11000
    708 13 7 57.291254 13 7 57.291254 11000
    709 13 7 57.301650 13 7 57.301650 11000
    710 13 7 57.311219 13 7 57.311219 11000
    711 13 7 57.321255 13 7 57.321255 11000
    712 13 7 57.331268 13 7 57.331268 11000
    713 13 7 57.341195 13 7 57.341195 11000
    714 13 7 57.351525 13 7 57.351525 11000
    715 13 7 57.361203 13 7 57.361203 11000
    716 13 7 57.371417 13 7 57.371417 11000
    717 13 7 57.381264 13 7 57.381264 11000
    718 13 7 57.391238 13 7 57.391238 11000
    719 13 7 57.401263 13 7 57.401263 11000
    720 13 7 57.411288 13 7 57.411288 11000
    721 13 7 57.421281 13 7 57.421281 11000
    722 13 7 57.431275 13 7 57.431275 11000
    723 13 7 57.441203 13 7 57.441203 11000
    724 13 7 57.451213 13 7 57.451213 11000
    725 13 7 57.461196 13 7 57.461196 11000
    726 13 7 57.471200 13 7 57.471200 11000
    727 13 7 57.481194 13 7 57.481194 11000
    728 13 7 57.491275 13 7 57.491275 11000
    729 13 7 57.501831 13 7 57.501831 11000
    730 13 7 57.511226 13 7 57.511226 11000
    731 13 7 57.521206 13 7 57.521206 11000
    732 13 7 57.531258 13 7 57.531258 11000
    733 13 7 57.541290 13 7 57.541290 11000
    734 13 7 57.551257 13 7 57.551257 11000
    735 13 7 57.561205 13 7 57.561205 11000
    736 13 7 57.571249 13 7 57.571249 11000
    737 13 7 57.581422 13 7 57.581422 11000
    738 13 7 57.591287 13 7 57.591287 11000
    739 13 7 57.601263 13 7 57.601263 11000
    740 13 7 57.611252 13 7 57.611252 11000
    741 13 7 57.621256 13 7 57.621256 11000
    742 13 7 57.631252 13 7 57.631252 11000
    743 13 7 57.641277 13 7 57.641277 11000
    744 13 7 57.651198 13 7 57.651198 11000
    745 13 7 57.661197 13 7 57.661197 11000
    746 13 7 57.671197 13 7 57.671197 11000
    747 13 7 57.681195 13 7 57.681195 11000
    748 13 7 57.691191 13 7 57.691191 11000
    749 13 7 57.701357 13 7 57.701357 11000
    750 13 7 57.711266 13 7 57.711266 11000
    751 13 7 57.721255 13 7 57.721255 11000
    752 13 7 57.731268 13 7 57.731268 11000
    753 13 7 57.741314 13 7 57.741314 11000
    754 13 7 57.751196 13 7 57.751196 11000
    755 13 7 57.761200 13 7 57.761200 11000
    756 13 7 57.771337 13 7 57.771337 11000
    757 13 7 57.781216 13 7 57.781216 11000
    758 13 7 57.791198 13 7 57.791198 11000
    759 13 7 57.801318 13 7 57.801318 11000
    760 13 7 57.811298 13 7 57.811298 11000
    761 13 7 57.821291 13 7 57.821291 11000
    762 13 7 57.831265 13 7 57.831265 11000
    763 13 7 57.841304 13 7 57.841304 11000
    764 13 7 57.851196 13 7 57.851196 11000
    765 13 7 57.861195 13 7 57.861195 11000
    766 13 7 57.871236 13 7 57.871236 11000
    767 13 7 57.881194 13 7 57.881194 11000
    768 13 7 57.891173 13 7 57.891173 11000
    769 13 7 57.901465 13 7 57.901465 11000
    770 13 7 57.911257 13 7 57.911257 11000
    771 13 7 57.921244 13 7 57.921244 11000
    772 13 7 57.931274 13 7 57.931274 11000
    773 13 7 57.941195 13 7 57.941195 11000
    774 13 7 57.951197 13 7 57.951197 11000
    775 13 7 57.961198 13 7 57.961198 11000
    776 13 7 57.971528 13 7 57.971528 11000
    777 13 7 57.981397 13 7 57.981397 11000
    778 13 7 57.991703 13 7 57.991703 11000
    779 13 7 58.001288 13 7 58.001288 11000
    780 13 7 58.011310 13 7 58.011310 11000
    781 13 7 58.021264 13 7 58.021264 11000
    782 13 7 58.031395 13 7 58.031395 11000
    783 13 7 58.041305 13 7 58.041305 11000
    784 13 7 58.051268 13 7 58.051268 11000
    785 13 7 58.061196 13 7 58.061196 11000
    786 13 7 58.071196 13 7 58.071196 11000
    787 13 7 58.081195 13 7 58.081195 11000
    788 13 7 58.091189 13 7 58.091189 11000
    789 13 7 58.101365 13 7 58.101365 11000
    790 13 7 58.111412 13 7 58.111412 11000
    791 13 7 58.121239 13 7 58.121239 11000
    792 13 7 58.131255 13 7 58.131255 11000
    793 13 7 58.141263 13 7 58.141263 11000
    794 13 7 58.151200 13 7 58.151200 11000
    795 13 7 58.161202 13 7 58.161202 11000
    796 13 7 58.171222 13 7 58.171222 11000
    797 13 7 58.181206 13 7 58.181206 11000
    798 13 7 58.191263 13 7 58.191263 11000
    799 13 7 58.201258 13 7 58.201258 11000
    800 13 7 58.211278 13 7 58.211278 11000
    801 13 7 58.221265 13 7 58.221265 11000
    802 13 7 58.231262 13 7 58.231262 11000
    803 13 7 58.241300 13 7 58.241300 11000
    804 13 7 58.251209 13 7 58.251209 11000
    805 13 7 58.261158 13 7 58.261158 11000
    806 13 7 58.271197 13 7 58.271197 11000
    807 13 7 58.281199 13 7 58.281199 11000
    808 13 7 58.291196 13 7 58.291196 11000
    809 13 7 58.301299 13 7 58.301299 11000
    810 13 7 58.311272 13 7 58.311272 11000
    811 13 7 58.321300 13 7 58.321300 11000
    812 13 7 58.331297 13 7 58.331297 11000
    813 13 7 58.341197 13 7 58.341197 11000
    814 13 7 58.351197 13 7 58.351197 11000
    815 13 7 58.361207 13 7 58.361207 11000
    816 13 7 58.371375 13 7 58.371375 11000
    817 13 7 58.381259 13 7 58.381259 11000
    818 13 7 58.391269 13 7 58.391269 11000
    819 13 7 58.401299 13 7 58.401299 11000
    820 13 7 58.411321 13 7 58.411321 11000
    821 13 7 58.421287 13 7 58.421287 11000
    822 13 7 58.431294 13 7 58.431294 11000
    823 13 7 58.441220 13 7 58.441220 11000
    824 13 7 58.451188 13 7 58.451188 11000
    825 13 7 58.461193 13 7 58.461193 11000
    826 13 7 58.471193 13 7 58.471193 11000
    827 13 7 58.481166 13 7 58.481166 11000
    828 13 7 58.491196 13 7 58.491196 11000
    829 13 7 58.501277 13 7 58.501277 11000
    830 13 7 58.511198 13 7 58.511198 11000
    831 13 7 58.521259 13 7 58.521259 11000
    832 13 7 58.531258 13 7 58.531258 11000
    833 13 7 58.541299 13 7 58.541299 11000
    834 13 7 58.551215 13 7 58.551215 11000
    835 13 7 58.561219 13 7 58.561219 11000
    836 13 7 58.572546 13 7 58.572546 11000
    837 13 7 58.581319 13 7 58.581319 11000
    838 13 7 58.591273 13 7 58.591273 11000
    839 13 7 58.601216 13 7 58.601216 11000
    840 13 7 58.611269 13 7 58.611269 11000
    841 13 7 58.621263 13 7 58.621263 11000
    842 13 7 58.631261 13 7 58.631261 11000
    843 13 7 58.641264 13 7 58.641264 11000
    844 13 7 58.651269 13 7 58.651269 11000
    845 13 7 58.661222 13 7 58.661222 11000
    846 13 7 58.671196 13 7 58.671196 11000
    847 13 7 58.681198 13 7 58.681198 11000
    848 13 7 58.691197 13 7 58.691197 11000
    849 13 7 58.701256 13 7 58.701256 11000
    850 13 7 58.711257 13 7 58.711257 11000
    851 13 7 58.721262 13 7 58.721262 11000
    852 13 7 58.731265 13 7 58.731265 11000
    853 13 7 58.741208 13 7 58.741208 11000
    854 13 7 58.751164 13 7 58.751164 11000
    855 13 7 58.761218 13 7 58.761218 11000
    856 13 7 58.771780 13 7 58.771780 11000
    857 13 7 58.781264 13 7 58.781264 11000
    858 13 7 58.791271 13 7 58.791271 11000
    859 13 7 58.801259 13 7 58.801259 11000
    860 13 7 58.811275 13 7 58.811275 11000
    861 13 7 58.821266 13 7 58.821266 11000
    862 13 7 58.831252 13 7 58.831252 11000
    863 13 7 58.841287 13 7 58.841287 11000
    864 13 7 58.851196 13 7 58.851196 11000
    865 13 7 58.861195 13 7 58.861195 11000
    866 13 7 58.871181 13 7 58.871181 11000
    867 13 7 58.881194 13 7 58.881194 11000
    868 13 7 58.891193 13 7 58.891193 11000
    869 13 7 58.901431 13 7 58.901431 11000
    870 13 7 58.911211 13 7 58.911211 11000
    871 13 7 58.922049 13 7 58.922049 11000
    872 13 7 58.931277 13 7 58.931277 11000
    873 13 7 58.941271 13 7 58.941271 11000
    874 13 7 58.951290 13 7 58.951290 11000
    875 13 7 58.961198 13 7 58.961198 11000
    876 13 7 58.971179 13 7 58.971179 11000
    877 13 7 58.981278 13 7 58.981278 11000
    878 13 7 58.991629 13 7 58.991629 11000
    879 13 7 59.001274 13 7 59.001274 11000
    880 13 7 59.011268 13 7 59.011268 11000
    881 13 7 59.022064 13 7 59.022064 11000
    882 13 7 59.031280 13 7 59.031280 11000
    883 13 7 59.041263 13 7 59.041263 11000
    884 13 7 59.051198 13 7 59.051198 11000
    885 13 7 59.061200 13 7 59.061200 11000
    886 13 7 59.071196 13 7 59.071196 11000
    887 13 7 59.081195 13 7 59.081195 11000
    888 13 7 59.091194 13 7 59.091194 11000
    889 13 7 59.101581 13 7 59.101581 11000
    890 13 7 59.111353 13 7 59.111353 11000
    891 13 7 59.121301 13 7 59.121301 11000
    892 13 7 59.131256 13 7 59.131256 11000
    893 13 7 59.141353 13 7 59.141353 11000
    894 13 7 59.151201 13 7 59.151201 11000
    895 13 7 59.161197 13 7 59.161197 11000
    896 13 7 59.171322 13 7 59.171322 11000
    897 13 7 59.181207 13 7 59.181207 11000
    898 13 7 59.191206 13 7 59.191206 11000
    899 13 7 59.201255 13 7 59.201255 11000
    900 13 7 59.211266 13 7 59.211266 11000
    901 13 7 59.221200 13 7 59.221200 11000
    902 13 7 59.231284 13 7 59.231284 11000
    903 13 7 59.241273 13 7 59.241273 11000
    904 13 7 59.251280 13 7 59.251280 11000
    905 13 7 59.261257 13 7 59.261257 11000
    906 13 7 59.271200 13 7 59.271200 11000
    907 13 7 59.281199 13 7 59.281199 11000
    908 13 7 59.291201 13 7 59.291201 11000
    909 13 7 59.301264 13 7 59.301264 11000
    910 13 7 59.311217 13 7 59.311217 11000
    911 13 7 59.321260 13 7 59.321260 11000
    912 13 7 59.331263 13 7 59.331263 11000
    913 13 7 59.341273 13 7 59.341273 11000
    914 13 7 59.351196 13 7 59.351196 11000
    915 13 7 59.361198 13 7 59.361198 11000
    916 13 7 59.371195 13 7 59.371195 11000
    917 13 7 59.381270 13 7 59.381270 11000
    918 13 7 59.391254 13 7 59.391254 11000
    919 13 7 59.401490 13 7 59.401490 11000
    920 13 7 59.411284 13 7 59.411284 11000
    921 13 7 59.421273 13 7 59.421273 11000
    922 13 7 59.431277 13 7 59.431277 11000
    923 13 7 59.441192 13 7 59.441192 11000
    924 13 7 59.451264 13 7 59.451264 11000
    925 13 7 59.461184 13 7 59.461184 11000
    926 13 7 59.471193 13 7 59.471193 11000
    927 13 7 59.481194 13 7 59.481194 11000
    928 13 7 59.491183 13 7 59.491183 11000
    929 13 7 59.501264 13 7 59.501264 11000
    930 13 7 59.512075 13 7 59.512075 11000
    931 13 7 59.521264 13 7 59.521264 11000
    932 13 7 59.531255 13 7 59.531255 11000
    933 13 7 59.541260 13 7 59.541260 11000
    934 13 7 59.551226 13 7 59.551226 11000
    935 13 7 59.561219 13 7 59.561219 11000
    936 13 7 59.571268 13 7 59.571268 11000
    937 13 7 59.581228 13 7 59.581228 11000
    938 13 7 59.591199 13 7 59.591199 11000
    939 13 7 59.601264 13 7 59.601264 11000
    940 13 7 59.611263 13 7 59.611263 11000
    941 13 7 59.621256 13 7 59.621256 11000
    942 13 7 59.631261 13 7 59.631261 11000
    943 13 7 59.641277 13 7 59.641277 11000
    944 13 7 59.651294 13 7 59.651294 11000
    945 13 7 59.661185 13 7 59.661185 11000
    946 13 7 59.671179 13 7 59.671179 11000
    947 13 7 59.681187 13 7 59.681187 11000
    948 13 7 59.691195 13 7 59.691195 11000
    949 13 7 59.701230 13 7 59.701230 11000
    950 13 7 59.711205 13 7 59.711205 11000
    951 13 7 59.721266 13 7 59.721266 11000
    952 13 7 59.731257 13 7 59.731257 11000
    953 13 7 59.741222 13 7 59.741222 11000
    954 13 7 59.751263 13 7 59.751263 11000
    955 13 7 59.761195 13 7 59.761195 11000
    956 13 7 59.771259 13 7 59.771259 11000
    957 13 7 59.781314 13 7 59.781314 11000
    958 13 7 59.792583 13 7 59.792583 11000
    959 13 7 59.801259 13 7 59.801259 11000
    960 13 7 59.811342 13 7 59.811342 11000
    961 13 7 59.821266 13 7 59.821266 11000
    962 13 7 59.831206 13 7 59.831206 11000
    963 13 7 59.841264 13 7 59.841264 11000
    964 13 7 59.851250 13 7 59.851250 11000
    965 13 7 59.861195 13 7 59.861195 11000
    966 13 7 59.871194 13 7 59.871194 11000
    967 13 7 59.881194 13 7 59.881194 11000
    968 13 7 59.891181 13 7 59.891181 11000
    969 13 7 59.901276 13 7 59.901276 11000
    970 13 7 59.911200 13 7 59.911200 11000
    971 13 7 59.921259 13 7 59.921259 11000
    972 13 7 59.931310 13 7 59.931310 11000
    973 13 7 59.941200 13 7 59.941200 11000
    974 13 7 59.951200 13 7 59.951200 11000
    975 13 7 59.961198 13 7 59.961198 11000
    976 13 7 59.971268 13 7 59.971268 11000
    977 13 7 59.981233 13 7 59.981233 11000
    978 13 7 59.991435 13 7 59.991435 11000
    979 13 8 0.001254 13 8 0.001254 11000
    980 13 8 0.011265 13 8 0.011265 11000
    981 13 8 0.021219 13 8 0.021219 11000
    982 13 8 0.031280 13 8 0.031280 11000
    983 13 8 0.041264 13 8 0.041264 11000
    984 13 8 0.051223 13 8 0.051223 11000
    985 13 8 0.061197 13 8 0.061197 11000
    986 13 8 0.071195 13 8 0.071195 11000
    987 13 8 0.081194 13 8 0.081194 11000
    988 13 8 0.091195 13 8 0.091195 11000
    989 13 8 0.101233 13 8 0.101233 11000
    990 13 8 0.111371 13 8 0.111371 11000
    991 13 8 0.121209 13 8 0.121209 11000
    992 13 8 0.131259 13 8 0.131259 11000
    993 13 8 0.141199 13 8 0.141199 11000
    994 13 8 0.151186 13 8 0.151186 11000
    995 13 8 0.161198 13 8 0.161198 11000
    996 13 8 0.171215 13 8 0.171215 11000
    997 13 8 0.181254 13 8 0.181254 11000
    998 13 8 0.191279 13 8 0.191279 11000
    999 13 8 0.201313 13 8 0.201313 11000
   1000 13 8 0.211257 13 8 0.211257 11000
