      1 13 16 32.723954 13 16 32.723954 11200
      2 13 16 32.734059 13 16 32.734059 11200
      3 13 16 32.744047 13 16 32.744047 11200
      4 13 16 32.754061 13 16 32.754061 11200
      5 13 16 32.764059 13 16 32.764059 11200
      6 13 16 32.774065 13 16 32.774065 11200
      7 13 16 32.784058 13 16 32.784058 11200
      8 13 16 32.794046 13 16 32.794046 11200
      9 13 16 32.804059 13 16 32.804059 11200
     10 13 16 32.814059 13 16 32.814059 11200
     11 13 16 32.824053 13 16 32.824053 11200
     12 13 16 32.834054 13 16 32.834054 11200
     13 13 16 32.844121 13 16 32.844121 11200
     14 13 16 32.854078 13 16 32.854078 11200
     15 13 16 32.864058 13 16 32.864058 11200
     16 13 16 32.874053 13 16 32.874053 11200
     17 13 16 32.884076 13 16 32.884076 11200
     18 13 16 32.894055 13 16 32.894055 11200
     19 13 16 32.904054 13 16 32.904054 11200
     20 13 16 32.914054 13 16 32.914054 11200
     21 13 16 32.924055 13 16 32.924055 11200
     22 13 16 32.934055 13 16 32.934055 11200
     23 13 16 32.944054 13 16 32.944054 11200
     24 13 16 32.954056 13 16 32.954056 11200
     25 13 16 32.964053 13 16 32.964053 11200
     26 13 16 32.974060 13 16 32.974060 11200
     27 13 16 32.984057 13 16 32.984057 11200
     28 13 16 32.994041 13 16 32.994041 11200
     29 13 16 33.004053 13 16 33.004053 11200
     30 13 16 33.014060 13 16 33.014060 11200
     31 13 16 33.024053 13 16 33.024053 11200
     32 13 16 33.034053 13 16 33.034053 11200
     33 13 16 33.044334 13 16 33.044334 11200
     34 13 16 33.054071 13 16 33.054071 11200
     35 13 16 33.064037 13 16 33.064037 11200
     36 13 16 33.074060 13 16 33.074060 11200
     37 13 16 33.084049 13 16 33.084049 11200
     38 13 16 33.094053 13 16 33.094053 11200
     39 13 16 33.104053 13 16 33.104053 11200
     40 13 16 33.114054 13 16 33.114054 11200
     41 13 16 33.124051 13 16 33.124051 11200
     42 13 16 33.134053 13 16 33.134053 11200
     43 13 16 33.144055 13 16 33.144055 11200
     44 13 16 33.154034 13 16 33.154034 11200
     45 13 16 33.164051 13 16 33.164051 11200
     46 13 16 33.174055 13 16 33.174055 11200
     47 13 16 33.188220 13 16 33.188220 11200
     48 13 16 33.194153 13 16 33.194153 11200
     49 13 16 33.204053 13 16 33.204053 11200
     50 13 16 33.214050 13 16 33.214050 11200
     51 13 16 33.224057 13 16 33.224057 11200
     52 13 16 33.234026 13 16 33.234026 11200
     53 13 16 33.244067 13 16 33.244067 11200
     54 13 16 33.254063 13 16 33.254063 11200
     55 13 16 33.264049 13 16 33.264049 11200
     56 13 16 33.274039 13 16 33.274039 11200
     57 13 16 33.284064 13 16 33.284064 11200
     58 13 16 33.294046 13 16 33.294046 11200
     59 13 16 33.304056 13 16 33.304056 11200
     60 13 16 33.314059 13 16 33.314059 11200
     61 13 16 33.324078 13 16 33.324078 11200
     62 13 16 33.334088 13 16 33.334088 11200
     63 13 16 33.344084 13 16 33.344084 11200
     64 13 16 33.354067 13 16 33.354067 11200
     65 13 16 33.364052 13 16 33.364052 11200
     66 13 16 33.374068 13 16 33.374068 11200
     67 13 16 33.384065 13 16 33.384065 11200
     68 13 16 33.394064 13 16 33.394064 11200
     69 13 16 33.404040 13 16 33.404040 11200
     70 13 16 33.414081 13 16 33.414081 11200
     71 13 16 33.424135 13 16 33.424135 11200
     72 13 16 33.434103 13 16 33.434103 11200
     73 13 16 33.444076 13 16 33.444076 11200
     74 13 16 33.454078 13 16 33.454078 11200
     75 13 16 33.464056 13 16 33.464056 11200
     76 13 16 33.474057 13 16 33.474057 11200
     77 13 16 33.484065 13 16 33.484065 11200
     78 13 16 33.494081 13 16 33.494081 11200
     79 13 16 33.504052 13 16 33.504052 11200
     80 13 16 33.514054 13 16 33.514054 11200
     81 13 16 33.524051 13 16 33.524051 11200
     82 13 16 33.534108 13 16 33.534108 11200
     83 13 16 33.544052 13 16 33.544052 11200
     84 13 16 33.554119 13 16 33.554119 11200
     85 13 16 33.564050 13 16 33.564050 11200
     86 13 16 33.574053 13 16 33.574053 11200
     87 13 16 33.584051 13 16 33.584051 11200
     88 13 16 33.594056 13 16 33.594056 11200
     89 13 16 33.604052 13 16 33.604052 11200
     90 13 16 33.614137 13 16 33.614137 11200
     91 13 16 33.624063 13 16 33.624063 11200
     92 13 16 33.634053 13 16 33.634053 11200
     93 13 16 33.644050 13 16 33.644050 11200
     94 13 16 33.654054 13 16 33.654054 11200
     95 13 16 33.664051 13 16 33.664051 11200
     96 13 16 33.674053 13 16 33.674053 11200
     97 13 16 33.684066 13 16 33.684066 11200
     98 13 16 33.694051 13 16 33.694051 11200
     99 13 16 33.704050 13 16 33.704050 11200
    100 13 16 33.714039 13 16 33.714039 11200
    101 13 16 33.724043 13 16 33.724043 11200
    102 13 16 33.734074 13 16 33.734074 11200
    103 13 16 33.744025 13 16 33.744025 11200
    104 13 16 33.754055 13 16 33.754055 11200
    105 13 16 33.764055 13 16 33.764055 11200
    106 13 16 33.773999 13 16 33.773999 11200
    107 13 16 33.784078 13 16 33.784078 11200
    108 13 16 33.794173 13 16 33.794173 11200
    109 13 16 33.804077 13 16 33.804077 11200
    110 13 16 33.814078 13 16 33.814078 11200
    111 13 16 33.824058 13 16 33.824058 11200
    112 13 16 33.834054 13 16 33.834054 11200
    113 13 16 33.844051 13 16 33.844051 11200
    114 13 16 33.854157 13 16 33.854157 11200
    115 13 16 33.864086 13 16 33.864086 11200
    116 13 16 33.874054 13 16 33.874054 11200
    117 13 16 33.884081 13 16 33.884081 11200
    118 13 16 33.894086 13 16 33.894086 11200
    119 13 16 33.904083 13 16 33.904083 11200
    120 13 16 33.914054 13 16 33.914054 11200
    121 13 16 33.924053 13 16 33.924053 11200
    122 13 16 33.934052 13 16 33.934052 11200
    123 13 16 33.944051 13 16 33.944051 11200
    124 13 16 33.954053 13 16 33.954053 11200
    125 13 16 33.964050 13 16 33.964050 11200
    126 13 16 33.974055 13 16 33.974055 11200
    127 13 16 33.984053 13 16 33.984053 11200
    128 13 16 33.994053 13 16 33.994053 11200
    129 13 16 34.004052 13 16 34.004052 11200
    130 13 16 34.014091 13 16 34.014091 11200
    131 13 16 34.024053 13 16 34.024053 11200
    132 13 16 34.034053 13 16 34.034053 11200
    133 13 16 34.044052 13 16 34.044052 11200
    134 13 16 34.054054 13 16 34.054054 11200
    135 13 16 34.064051 13 16 34.064051 11200
    136 13 16 34.074053 13 16 34.074053 11200
    137 13 16 34.084054 13 16 34.084054 11200
    138 13 16 34.094054 13 16 34.094054 11200
    139 13 16 34.104055 13 16 34.104055 11200
    140 13 16 34.114054 13 16 34.114054 11200
    141 13 16 34.124057 13 16 34.124057 11200
    142 13 16 34.134053 13 16 34.134053 11200
    143 13 16 34.144055 13 16 34.144055 11200
    144 13 16 34.154054 13 16 34.154054 11200
    145 13 16 34.164051 13 16 34.164051 11200
    146 13 16 34.174056 13 16 34.174056 11200
    147 13 16 34.184054 13 16 34.184054 11200
    148 13 16 34.194054 13 16 34.194054 11200
    149 13 16 34.204059 13 16 34.204059 11200
    150 13 16 34.214053 13 16 34.214053 11200
    151 13 16 34.224054 13 16 34.224054 11200
    152 13 16 34.234020 13 16 34.234020 11200
    153 13 16 34.244079 13 16 34.244079 11200
    154 13 16 34.254018 13 16 34.254018 11200
    155 13 16 34.264018 13 16 34.264018 11200
    156 13 16 34.274065 13 16 34.274065 11200
    157 13 16 34.284055 13 16 34.284055 11200
    158 13 16 34.294058 13 16 34.294058 11200
    159 13 16 34.304070 13 16 34.304070 11200
    160 13 16 34.314030 13 16 34.314030 11200
    161 13 16 34.324053 13 16 34.324053 11200
    162 13 16 34.334057 13 16 34.334057 11200
    163 13 16 34.344056 13 16 34.344056 11200
    164 13 16 34.354053 13 16 34.354053 11200
    165 13 16 34.364051 13 16 34.364051 11200
    166 13 16 34.374054 13 16 34.374054 11200
    167 13 16 34.384062 13 16 34.384062 11200
    168 13 16 34.394046 13 16 34.394046 11200
    169 13 16 34.404052 13 16 34.404052 11200
    170 13 16 34.414065 13 16 34.414065 11200
    171 13 16 34.424052 13 16 34.424052 11200
    172 13 16 34.434055 13 16 34.434055 11200
    173 13 16 34.444076 13 16 34.444076 11200
    174 13 16 34.454079 13 16 34.454079 11200
    175 13 16 34.464067 13 16 34.464067 11200
    176 13 16 34.474057 13 16 34.474057 11200
    177 13 16 34.484073 13 16 34.484073 11200
    178 13 16 34.494075 13 16 34.494075 11200
    179 13 16 34.504119 13 16 34.504119 11200
    180 13 16 34.514054 13 16 34.514054 11200
    181 13 16 34.524163 13 16 34.524163 11200
    182 13 16 34.534069 13 16 34.534069 11200
    183 13 16 34.544123 13 16 34.544123 11200
    184 13 16 34.554054 13 16 34.554054 11200
    185 13 16 34.564053 13 16 34.564053 11200
    186 13 16 34.574053 13 16 34.574053 11200
    187 13 16 34.584054 13 16 34.584054 11200
    188 13 16 34.594071 13 16 34.594071 11200
    189 13 16 34.604056 13 16 34.604056 11200
    190 13 16 34.614054 13 16 34.614054 11200
    191 13 16 34.624039 13 16 34.624039 11200
    192 13 16 34.634061 13 16 34.634061 11200
    193 13 16 34.644039 13 16 34.644039 11200
    194 13 16 34.654054 13 16 34.654054 11200
    195 13 16 34.664051 13 16 34.664051 11200
    196 13 16 34.674039 13 16 34.674039 11200
    197 13 16 34.684080 13 16 34.684080 11200
    198 13 16 34.694052 13 16 34.694052 11200
    199 13 16 34.704056 13 16 34.704056 11200
    200 13 16 34.714055 13 16 34.714055 11200
    201 13 16 34.724055 13 16 34.724055 11200
    202 13 16 34.734068 13 16 34.734068 11200
    203 13 16 34.744061 13 16 34.744061 11200
    204 13 16 34.754057 13 16 34.754057 11200
    205 13 16 34.764057 13 16 34.764057 11200
    206 13 16 34.774022 13 16 34.774022 11200
    207 13 16 34.784055 13 16 34.784055 11200
    208 13 16 34.794066 13 16 34.794066 11200
    209 13 16 34.804012 13 16 34.804012 11200
    210 13 16 34.814058 13 16 34.814058 11200
    211 13 16 34.824055 13 16 34.824055 11200
    212 13 16 34.834057 13 16 34.834057 11200
    213 13 16 34.843997 13 16 34.843997 11200
    214 13 16 34.854059 13 16 34.854059 11200
    215 13 16 34.864055 13 16 34.864055 11200
    216 13 16 34.874054 13 16 34.874054 11200
    217 13 16 34.884053 13 16 34.884053 11200
    218 13 16 34.894055 13 16 34.894055 11200
    219 13 16 34.904052 13 16 34.904052 11200
    220 13 16 34.914054 13 16 34.914054 11200
    221 13 16 34.924052 13 16 34.924052 11200
    222 13 16 34.934055 13 16 34.934055 11200
    223 13 16 34.944052 13 16 34.944052 11200
    224 13 16 34.954054 13 16 34.954054 11200
    225 13 16 34.964064 13 16 34.964064 11200
    226 13 16 34.974085 13 16 34.974085 11200
    227 13 16 34.984054 13 16 34.984054 11200
    228 13 16 34.994109 13 16 34.994109 11200
    229 13 16 35.004057 13 16 35.004057 11200
    230 13 16 35.014062 13 16 35.014062 11200
    231 13 16 35.024059 13 16 35.024059 11200
    232 13 16 35.034045 13 16 35.034045 11200
    233 13 16 35.044057 13 16 35.044057 11200
    234 13 16 35.054155 13 16 35.054155 11200
    235 13 16 35.064039 13 16 35.064039 11200
    236 13 16 35.074077 13 16 35.074077 11200
    237 13 16 35.084049 13 16 35.084049 11200
    238 13 16 35.094056 13 16 35.094056 11200
    239 13 16 35.104056 13 16 35.104056 11200
    240 13 16 35.114137 13 16 35.114137 11200
    241 13 16 35.124054 13 16 35.124054 11200
    242 13 16 35.135559 13 16 35.135559 11200
    243 13 16 35.145800 13 16 35.145800 11200
    244 13 16 35.154096 13 16 35.154096 11200
    245 13 16 35.163994 13 16 35.163994 11200
    246 13 16 35.174042 13 16 35.174042 11200
    247 13 16 35.184047 13 16 35.184047 11200
    248 13 16 35.194046 13 16 35.194046 11200
    249 13 16 35.204047 13 16 35.204047 11200
    250 13 16 35.214049 13 16 35.214049 11200
    251 13 16 35.224035 13 16 35.224035 11200
    252 13 16 35.234039 13 16 35.234039 11200
    253 13 16 35.244070 13 16 35.244070 11200
    254 13 16 35.254047 13 16 35.254047 11200
    255 13 16 35.264015 13 16 35.264015 11200
    256 13 16 35.274070 13 16 35.274070 11200
    257 13 16 35.284059 13 16 35.284059 11200
    258 13 16 35.294065 13 16 35.294065 11200
    259 13 16 35.304132 13 16 35.304132 11200
    260 13 16 35.314058 13 16 35.314058 11200
    261 13 16 35.324061 13 16 35.324061 11200
    262 13 16 35.334077 13 16 35.334077 11200
    263 13 16 35.344056 13 16 35.344056 11200
    264 13 16 35.354059 13 16 35.354059 11200
    265 13 16 35.364069 13 16 35.364069 11200
    266 13 16 35.374059 13 16 35.374059 11200
    267 13 16 35.384056 13 16 35.384056 11200
    268 13 16 35.394070 13 16 35.394070 11200
    269 13 16 35.404062 13 16 35.404062 11200
    270 13 16 35.414056 13 16 35.414056 11200
    271 13 16 35.424070 13 16 35.424070 11200
    272 13 16 35.434075 13 16 35.434075 11200
    273 13 16 35.444076 13 16 35.444076 11200
    274 13 16 35.454065 13 16 35.454065 11200
    275 13 16 35.464126 13 16 35.464126 11200
    276 13 16 35.474063 13 16 35.474063 11200
    277 13 16 35.484098 13 16 35.484098 11200
    278 13 16 35.494075 13 16 35.494075 11200
    279 13 16 35.504021 13 16 35.504021 11200
    280 13 16 35.514096 13 16 35.514096 11200
    281 13 16 35.524054 13 16 35.524054 11200
    282 13 16 35.534056 13 16 35.534056 11200
    283 13 16 35.544041 13 16 35.544041 11200
    284 13 16 35.554141 13 16 35.554141 11200
    285 13 16 35.564069 13 16 35.564069 11200
    286 13 16 35.574117 13 16 35.574117 11200
    287 13 16 35.584072 13 16 35.584072 11200
    288 13 16 35.594048 13 16 35.594048 11200
    289 13 16 35.604050 13 16 35.604050 11200
    290 13 16 35.614252 13 16 35.614252 11200
    291 13 16 35.624068 13 16 35.624068 11200
    292 13 16 35.634062 13 16 35.634062 11200
    293 13 16 35.644039 13 16 35.644039 11200
    294 13 16 35.654057 13 16 35.654057 11200
    295 13 16 35.664040 13 16 35.664040 11200
    296 13 16 35.674039 13 16 35.674039 11200
    297 13 16 35.684038 13 16 35.684038 11200
    298 13 16 35.694056 13 16 35.694056 11200
    299 13 16 35.704095 13 16 35.704095 11200
    300 13 16 35.714055 13 16 35.714055 11200
    301 13 16 35.724054 13 16 35.724054 11200
    302 13 16 35.734084 13 16 35.734084 11200
    303 13 16 35.744038 13 16 35.744038 11200
    304 13 16 35.754057 13 16 35.754057 11200
    305 13 16 35.764057 13 16 35.764057 11200
    306 13 16 35.774025 13 16 35.774025 11200
    307 13 16 35.784112 13 16 35.784112 11200
    308 13 16 35.794080 13 16 35.794080 11200
    309 13 16 35.804063 13 16 35.804063 11200
    310 13 16 35.814086 13 16 35.814086 11200
    311 13 16 35.824055 13 16 35.824055 11200
    312 13 16 35.834057 13 16 35.834057 11200
    313 13 16 35.844053 13 16 35.844053 11200
    314 13 16 35.854055 13 16 35.854055 11200
    315 13 16 35.864074 13 16 35.864074 11200
    316 13 16 35.874063 13 16 35.874063 11200
    317 13 16 35.884053 13 16 35.884053 11200
    318 13 16 35.894053 13 16 35.894053 11200
    319 13 16 35.904052 13 16 35.904052 11200
    320 13 16 35.914053 13 16 35.914053 11200
    321 13 16 35.924053 13 16 35.924053 11200
    322 13 16 35.934054 13 16 35.934054 11200
    323 13 16 35.944051 13 16 35.944051 11200
    324 13 16 35.954054 13 16 35.954054 11200
    325 13 16 35.964052 13 16 35.964052 11200
    326 13 16 35.974060 13 16 35.974060 11200
    327 13 16 35.984062 13 16 35.984062 11200
    328 13 16 35.994053 13 16 35.994053 11200
    329 13 16 36.004061 13 16 36.004061 11200
    330 13 16 36.014057 13 16 36.014057 11200
    331 13 16 36.024057 13 16 36.024057 11200
    332 13 16 36.034059 13 16 36.034059 11200
    333 13 16 36.044004 13 16 36.044004 11200
    334 13 16 36.054059 13 16 36.054059 11200
    335 13 16 36.064053 13 16 36.064053 11200
    336 13 16 36.074052 13 16 36.074052 11200
    337 13 16 36.084051 13 16 36.084051 11200
    338 13 16 36.094053 13 16 36.094053 11200
    339 13 16 36.104064 13 16 36.104064 11200
    340 13 16 36.114055 13 16 36.114055 11200
    341 13 16 36.124053 13 16 36.124053 11200
    342 13 16 36.134064 13 16 36.134064 11200
    343 13 16 36.144053 13 16 36.144053 11200
    344 13 16 36.154060 13 16 36.154060 11200
    345 13 16 36.164053 13 16 36.164053 11200
    346 13 16 36.174053 13 16 36.174053 11200
    347 13 16 36.184063 13 16 36.184063 11200
    348 13 16 36.194057 13 16 36.194057 11200
    349 13 16 36.204061 13 16 36.204061 11200
    350 13 16 36.214061 13 16 36.214061 11200
    351 13 16 36.224055 13 16 36.224055 11200
    352 13 16 36.234091 13 16 36.234091 11200
    353 13 16 36.244061 13 16 36.244061 11200
    354 13 16 36.254058 13 16 36.254058 11200
    355 13 16 36.264035 13 16 36.264035 11200
    356 13 16 36.274045 13 16 36.274045 11200
    357 13 16 36.284055 13 16 36.284055 11200
    358 13 16 36.294096 13 16 36.294096 11200
    359 13 16 36.304099 13 16 36.304099 11200
    360 13 16 36.314067 13 16 36.314067 11200
    361 13 16 36.324061 13 16 36.324061 11200
    362 13 16 36.334069 13 16 36.334069 11200
    363 13 16 36.344054 13 16 36.344054 11200
    364 13 16 36.354064 13 16 36.354064 11200
    365 13 16 36.364066 13 16 36.364066 11200
    366 13 16 36.374053 13 16 36.374053 11200
    367 13 16 36.384056 13 16 36.384056 11200
    368 13 16 36.394058 13 16 36.394058 11200
    369 13 16 36.404076 13 16 36.404076 11200
    370 13 16 36.414076 13 16 36.414076 11200
    371 13 16 36.424098 13 16 36.424098 11200
    372 13 16 36.434055 13 16 36.434055 11200
    373 13 16 36.444147 13 16 36.444147 11200
    374 13 16 36.454061 13 16 36.454061 11200
    375 13 16 36.464078 13 16 36.464078 11200
    376 13 16 36.474136 13 16 36.474136 11200
    377 13 16 36.484057 13 16 36.484057 11200
    378 13 16 36.494055 13 16 36.494055 11200
    379 13 16 36.504131 13 16 36.504131 11200
    380 13 16 36.514079 13 16 36.514079 11200
    381 13 16 36.524079 13 16 36.524079 11200
    382 13 16 36.534135 13 16 36.534135 11200
    383 13 16 36.544041 13 16 36.544041 11200
    384 13 16 36.554035 13 16 36.554035 11200
    385 13 16 36.564135 13 16 36.564135 11200
    386 13 16 36.574047 13 16 36.574047 11200
    387 13 16 36.584068 13 16 36.584068 11200
    388 13 16 36.594056 13 16 36.594056 11200
    389 13 16 36.604053 13 16 36.604053 11200
    390 13 16 36.614054 13 16 36.614054 11200
    391 13 16 36.624091 13 16 36.624091 11200
    392 13 16 36.634047 13 16 36.634047 11200
    393 13 16 36.644820 13 16 36.644820 11200
    394 13 16 36.654055 13 16 36.654055 11200
    395 13 16 36.664056 13 16 36.664056 11200
    396 13 16 36.674056 13 16 36.674056 11200
    397 13 16 36.684136 13 16 36.684136 11200
    398 13 16 36.694043 13 16 36.694043 11200
    399 13 16 36.704040 13 16 36.704040 11200
    400 13 16 36.714041 13 16 36.714041 11200
    401 13 16 36.724057 13 16 36.724057 11200
    402 13 16 36.734014 13 16 36.734014 11200
    403 13 16 36.744056 13 16 36.744056 11200
    404 13 16 36.754066 13 16 36.754066 11200
    405 13 16 36.764054 13 16 36.764054 11200
    406 13 16 36.774059 13 16 36.774059 11200
    407 13 16 36.784070 13 16 36.784070 11200
    408 13 16 36.794063 13 16 36.794063 11200
    409 13 16 36.804057 13 16 36.804057 11200
    410 13 16 36.814258 13 16 36.814258 11200
    411 13 16 36.824066 13 16 36.824066 11200
    412 13 16 36.834055 13 16 36.834055 11200
    413 13 16 36.844056 13 16 36.844056 11200
    414 13 16 36.854033 13 16 36.854033 11200
    415 13 16 36.864082 13 16 36.864082 11200
    416 13 16 36.874040 13 16 36.874040 11200
    417 13 16 36.884036 13 16 36.884036 11200
    418 13 16 36.894055 13 16 36.894055 11200
    419 13 16 36.904057 13 16 36.904057 11200
    420 13 16 36.914056 13 16 36.914056 11200
    421 13 16 36.924056 13 16 36.924056 11200
    422 13 16 36.934055 13 16 36.934055 11200
    423 13 16 36.944057 13 16 36.944057 11200
    424 13 16 36.954056 13 16 36.954056 11200
    425 13 16 36.964050 13 16 36.964050 11200
    426 13 16 36.974083 13 16 36.974083 11200
    427 13 16 36.984059 13 16 36.984059 11200
    428 13 16 36.994056 13 16 36.994056 11200
    429 13 16 37.004060 13 16 37.004060 11200
    430 13 16 37.014055 13 16 37.014055 11200
    431 13 16 37.024053 13 16 37.024053 11200
    432 13 16 37.034053 13 16 37.034053 11200
    433 13 16 37.044054 13 16 37.044054 11200
    434 13 16 37.054054 13 16 37.054054 11200
    435 13 16 37.064050 13 16 37.064050 11200
    436 13 16 37.074052 13 16 37.074052 11200
    437 13 16 37.084054 13 16 37.084054 11200
    438 13 16 37.094113 13 16 37.094113 11200
    439 13 16 37.104055 13 16 37.104055 11200
    440 13 16 37.114055 13 16 37.114055 11200
    441 13 16 37.124053 13 16 37.124053 11200
    442 13 16 37.134056 13 16 37.134056 11200
    443 13 16 37.144067 13 16 37.144067 11200
    444 13 16 37.154052 13 16 37.154052 11200
    445 13 16 37.164054 13 16 37.164054 11200
    446 13 16 37.174075 13 16 37.174075 11200
    447 13 16 37.184069 13 16 37.184069 11200
    448 13 16 37.194071 13 16 37.194071 11200
    449 13 16 37.204064 13 16 37.204064 11200
    450 13 16 37.214072 13 16 37.214072 11200
    451 13 16 37.224057 13 16 37.224057 11200
    452 13 16 37.234040 13 16 37.234040 11200
    453 13 16 37.244112 13 16 37.244112 11200
    454 13 16 37.253995 13 16 37.253995 11200
    455 13 16 37.264060 13 16 37.264060 11200
    456 13 16 37.274062 13 16 37.274062 11200
    457 13 16 37.284073 13 16 37.284073 11200
    458 13 16 37.294058 13 16 37.294058 11200
    459 13 16 37.304063 13 16 37.304063 11200
    460 13 16 37.314062 13 16 37.314062 11200
    461 13 16 37.324052 13 16 37.324052 11200
    462 13 16 37.334066 13 16 37.334066 11200
    463 13 16 37.344065 13 16 37.344065 11200
    464 13 16 37.354053 13 16 37.354053 11200
    465 13 16 37.364052 13 16 37.364052 11200
    466 13 16 37.374040 13 16 37.374040 11200
    467 13 16 37.384081 13 16 37.384081 11200
    468 13 16 37.394080 13 16 37.394080 11200
    469 13 16 37.404041 13 16 37.404041 11200
    470 13 16 37.414130 13 16 37.414130 11200
    471 13 16 37.424072 13 16 37.424072 11200
    472 13 16 37.434054 13 16 37.434054 11200
    473 13 16 37.444079 13 16 37.444079 11200
    474 13 16 37.454053 13 16 37.454053 11200
    475 13 16 37.464055 13 16 37.464055 11200
    476 13 16 37.474055 13 16 37.474055 11200
    477 13 16 37.484056 13 16 37.484056 11200
    478 13 16 37.494053 13 16 37.494053 11200
    479 13 16 37.504116 13 16 37.504116 11200
    480 13 16 37.514054 13 16 37.514054 11200
    481 13 16 37.524053 13 16 37.524053 11200
    482 13 16 37.534056 13 16 37.534056 11200
    483 13 16 37.544065 13 16 37.544065 11200
    484 13 16 37.554107 13 16 37.554107 11200
    485 13 16 37.564051 13 16 37.564051 11200
    486 13 16 37.574055 13 16 37.574055 11200
    487 13 16 37.584066 13 16 37.584066 11200
    488 13 16 37.594047 13 16 37.594047 11200
    489 13 16 37.603988 13 16 37.603988 11200
    490 13 16 37.614029 13 16 37.614029 11200
    491 13 16 37.624056 13 16 37.624056 11200
    492 13 16 37.634042 13 16 37.634042 11200
    493 13 16 37.644044 13 16 37.644044 11200
    494 13 16 37.654038 13 16 37.654038 11200
    495 13 16 37.664043 13 16 37.664043 11200
    496 13 16 37.674064 13 16 37.674064 11200
    497 13 16 37.684058 13 16 37.684058 11200
    498 13 16 37.694040 13 16 37.694040 11200
    499 13 16 37.704048 13 16 37.704048 11200
    500 13 16 37.714047 13 16 37.714047 11200
    501 13 16 37.724046 13 16 37.724046 11200
    502 13 16 37.734031 13 16 37.734031 11200
    503 13 16 37.745902 13 16 37.745902 11200
    504 13 16 37.754077 13 16 37.754077 11200
    505 13 16 37.764046 13 16 37.764046 11200
    506 13 16 37.774028 13 16 37.774028 11200
    507 13 16 37.784067 13 16 37.784067 11200
    508 13 16 37.794078 13 16 37.794078 11200
    509 13 16 37.804031 13 16 37.804031 11200
    510 13 16 37.814028 13 16 37.814028 11200
    511 13 16 37.824114 13 16 37.824114 11200
    512 13 16 37.834080 13 16 37.834080 11200
    513 13 16 37.844070 13 16 37.844070 11200
    514 13 16 37.854118 13 16 37.854118 11200
    515 13 16 37.864077 13 16 37.864077 11200
    516 13 16 37.873994 13 16 37.873994 11200
    517 13 16 37.884053 13 16 37.884053 11200
    518 13 16 37.894053 13 16 37.894053 11200
    519 13 16 37.904057 13 16 37.904057 11200
    520 13 16 37.914053 13 16 37.914053 11200
    521 13 16 37.924055 13 16 37.924055 11200
    522 13 16 37.934054 13 16 37.934054 11200
    523 13 16 37.944054 13 16 37.944054 11200
    524 13 16 37.954059 13 16 37.954059 11200
    525 13 16 37.964075 13 16 37.964075 11200
    526 13 16 37.974080 13 16 37.974080 11200
    527 13 16 37.984040 13 16 37.984040 11200
    528 13 16 37.994058 13 16 37.994058 11200
    529 13 16 38.004053 13 16 38.004053 11200
    530 13 16 38.014063 13 16 38.014063 11200
    531 13 16 38.024056 13 16 38.024056 11200
    532 13 16 38.034053 13 16 38.034053 11200
    533 13 16 38.044052 13 16 38.044052 11200
    534 13 16 38.054054 13 16 38.054054 11200
    535 13 16 38.064051 13 16 38.064051 11200
    536 13 16 38.074052 13 16 38.074052 11200
    537 13 16 38.084051 13 16 38.084051 11200
    538 13 16 38.094053 13 16 38.094053 11200
    539 13 16 38.104052 13 16 38.104052 11200
    540 13 16 38.114052 13 16 38.114052 11200
    541 13 16 38.124051 13 16 38.124051 11200
    542 13 16 38.134053 13 16 38.134053 11200
    543 13 16 38.144052 13 16 38.144052 11200
    544 13 16 38.154054 13 16 38.154054 11200
    545 13 16 38.164051 13 16 38.164051 11200
    546 13 16 38.174081 13 16 38.174081 11200
    547 13 16 38.184080 13 16 38.184080 11200
    548 13 16 38.194074 13 16 38.194074 11200
    549 13 16 38.204064 13 16 38.204064 11200
    550 13 16 38.214084 13 16 38.214084 11200
    551 13 16 38.224080 13 16 38.224080 11200
    552 13 16 38.234062 13 16 38.234062 11200
    553 13 16 38.244056 13 16 38.244056 11200
    554 13 16 38.254019 13 16 38.254019 11200
    555 13 16 38.264007 13 16 38.264007 11200
    556 13 16 38.274059 13 16 38.274059 11200
    557 13 16 38.284033 13 16 38.284033 11200
    558 13 16 38.294066 13 16 38.294066 11200
    559 13 16 38.304009 13 16 38.304009 11200
    560 13 16 38.314059 13 16 38.314059 11200
    561 13 16 38.324063 13 16 38.324063 11200
    562 13 16 38.334074 13 16 38.334074 11200
    563 13 16 38.344053 13 16 38.344053 11200
    564 13 16 38.354101 13 16 38.354101 11200
    565 13 16 38.364051 13 16 38.364051 11200
    566 13 16 38.374054 13 16 38.374054 11200
    567 13 16 38.384053 13 16 38.384053 11200
    568 13 16 38.394041 13 16 38.394041 11200
    569 13 16 38.404038 13 16 38.404038 11200
    570 13 16 38.414074 13 16 38.414074 11200
    571 13 16 38.424064 13 16 38.424064 11200
    572 13 16 38.434054 13 16 38.434054 11200
    573 13 16 38.444054 13 16 38.444054 11200
    574 13 16 38.454054 13 16 38.454054 11200
    575 13 16 38.464052 13 16 38.464052 11200
    576 13 16 38.474054 13 16 38.474054 11200
    577 13 16 38.484068 13 16 38.484068 11200
    578 13 16 38.494067 13 16 38.494067 11200
    579 13 16 38.504053 13 16 38.504053 11200
    580 13 16 38.514059 13 16 38.514059 11200
    581 13 16 38.524053 13 16 38.524053 11200
    582 13 16 38.534053 13 16 38.534053 11200
    583 13 16 38.544052 13 16 38.544052 11200
    584 13 16 38.554053 13 16 38.554053 11200
    585 13 16 38.564050 13 16 38.564050 11200
    586 13 16 38.574039 13 16 38.574039 11200
    587 13 16 38.584062 13 16 38.584062 11200
    588 13 16 38.594053 13 16 38.594053 11200
    589 13 16 38.604055 13 16 38.604055 11200
    590 13 16 38.614055 13 16 38.614055 11200
    591 13 16 38.624053 13 16 38.624053 11200
    592 13 16 38.634056 13 16 38.634056 11200
    593 13 16 38.644052 13 16 38.644052 11200
    594 13 16 38.654040 13 16 38.654040 11200
    595 13 16 38.664040 13 16 38.664040 11200
    596 13 16 38.674055 13 16 38.674055 11200
    597 13 16 38.684052 13 16 38.684052 11200
    598 13 16 38.694040 13 16 38.694040 11200
    599 13 16 38.704042 13 16 38.704042 11200
    600 13 16 38.714032 13 16 38.714032 11200
    601 13 16 38.724040 13 16 38.724040 11200
    602 13 16 38.734087 13 16 38.734087 11200
    603 13 16 38.744059 13 16 38.744059 11200
    604 13 16 38.754021 13 16 38.754021 11200
    605 13 16 38.764057 13 16 38.764057 11200
    606 13 16 38.774127 13 16 38.774127 11200
    607 13 16 38.784061 13 16 38.784061 11200
    608 13 16 38.794060 13 16 38.794060 11200
    609 13 16 38.803998 13 16 38.803998 11200
    610 13 16 38.814003 13 16 38.814003 11200
    611 13 16 38.824055 13 16 38.824055 11200
    612 13 16 38.834130 13 16 38.834130 11200
    613 13 16 38.844057 13 16 38.844057 11200
    614 13 16 38.854025 13 16 38.854025 11200
    615 13 16 38.864080 13 16 38.864080 11200
    616 13 16 38.874054 13 16 38.874054 11200
    617 13 16 38.884051 13 16 38.884051 11200
    618 13 16 38.894055 13 16 38.894055 11200
    619 13 16 38.904054 13 16 38.904054 11200
    620 13 16 38.914057 13 16 38.914057 11200
    621 13 16 38.924183 13 16 38.924183 11200
    622 13 16 38.934066 13 16 38.934066 11200
    623 13 16 38.944001 13 16 38.944001 11200
    624 13 16 38.954022 13 16 38.954022 11200
    625 13 16 38.964052 13 16 38.964052 11200
    626 13 16 38.974054 13 16 38.974054 11200
    627 13 16 38.984057 13 16 38.984057 11200
    628 13 16 38.994056 13 16 38.994056 11200
    629 13 16 39.004055 13 16 39.004055 11200
    630 13 16 39.014059 13 16 39.014059 11200
    631 13 16 39.024056 13 16 39.024056 11200
    632 13 16 39.034053 13 16 39.034053 11200
    633 13 16 39.044052 13 16 39.044052 11200
    634 13 16 39.054053 13 16 39.054053 11200
    635 13 16 39.064051 13 16 39.064051 11200
    636 13 16 39.074052 13 16 39.074052 11200
    637 13 16 39.084052 13 16 39.084052 11200
    638 13 16 39.094053 13 16 39.094053 11200
    639 13 16 39.104053 13 16 39.104053 11200
    640 13 16 39.114055 13 16 39.114055 11200
    641 13 16 39.124051 13 16 39.124051 11200
    642 13 16 39.134054 13 16 39.134054 11200
    643 13 16 39.144053 13 16 39.144053 11200
    644 13 16 39.154054 13 16 39.154054 11200
    645 13 16 39.164051 13 16 39.164051 11200
    646 13 16 39.174053 13 16 39.174053 11200
    647 13 16 39.184055 13 16 39.184055 11200
    648 13 16 39.194060 13 16 39.194060 11200
    649 13 16 39.204067 13 16 39.204067 11200
    650 13 16 39.214069 13 16 39.214069 11200
    651 13 16 39.224057 13 16 39.224057 11200
    652 13 16 39.233995 13 16 39.233995 11200
    653 13 16 39.244081 13 16 39.244081 11200
    654 13 16 39.254061 13 16 39.254061 11200
    655 13 16 39.264102 13 16 39.264102 11200
    656 13 16 39.274026 13 16 39.274026 11200
    657 13 16 39.284063 13 16 39.284063 11200
    658 13 16 39.294057 13 16 39.294057 11200
    659 13 16 39.304067 13 16 39.304067 11200
    660 13 16 39.314176 13 16 39.314176 11200
    661 13 16 39.327649 13 16 39.327649 11200
    662 13 16 39.334066 13 16 39.334066 11200
    663 13 16 39.344057 13 16 39.344057 11200
    664 13 16 39.354007 13 16 39.354007 11200
    665 13 16 39.364061 13 16 39.364061 11200
    666 13 16 39.374074 13 16 39.374074 11200
    667 13 16 39.384061 13 16 39.384061 11200
    668 13 16 39.394153 13 16 39.394153 11200
    669 13 16 39.404054 13 16 39.404054 11200
    670 13 16 39.414020 13 16 39.414020 11200
    671 13 16 39.424084 13 16 39.424084 11200
    672 13 16 39.434055 13 16 39.434055 11200
    673 13 16 39.444054 13 16 39.444054 11200
    674 13 16 39.454157 13 16 39.454157 11200
    675 13 16 39.464052 13 16 39.464052 11200
    676 13 16 39.474024 13 16 39.474024 11200
    677 13 16 39.484088 13 16 39.484088 11200
    678 13 16 39.494112 13 16 39.494112 11200
    679 13 16 39.504052 13 16 39.504052 11200
    680 13 16 39.514054 13 16 39.514054 11200
    681 13 16 39.524053 13 16 39.524053 11200
    682 13 16 39.534053 13 16 39.534053 11200
    683 13 16 39.544060 13 16 39.544060 11200
    684 13 16 39.554054 13 16 39.554054 11200
    685 13 16 39.564051 13 16 39.564051 11200
    686 13 16 39.574052 13 16 39.574052 11200
    687 13 16 39.584054 13 16 39.584054 11200
    688 13 16 39.594147 13 16 39.594147 11200
    689 13 16 39.604053 13 16 39.604053 11200
    690 13 16 39.614054 13 16 39.614054 11200
    691 13 16 39.624054 13 16 39.624054 11200
    692 13 16 39.634059 13 16 39.634059 11200
    693 13 16 39.644053 13 16 39.644053 11200
    694 13 16 39.654046 13 16 39.654046 11200
    695 13 16 39.664039 13 16 39.664039 11200
    696 13 16 39.674027 13 16 39.674027 11200
    697 13 16 39.684054 13 16 39.684054 11200
    698 13 16 39.694060 13 16 39.694060 11200
    699 13 16 39.704053 13 16 39.704053 11200
    700 13 16 39.714053 13 16 39.714053 11200
    701 13 16 39.724040 13 16 39.724040 11200
    702 13 16 39.734096 13 16 39.734096 11200
    703 13 16 39.744055 13 16 39.744055 11200
    704 13 16 39.754041 13 16 39.754041 11200
    705 13 16 39.764054 13 16 39.764054 11200
    706 13 16 39.773997 13 16 39.773997 11200
    707 13 16 39.784055 13 16 39.784055 11200
    708 13 16 39.794069 13 16 39.794069 11200
    709 13 16 39.804060 13 16 39.804060 11200
    710 13 16 39.814013 13 16 39.814013 11200
    711 13 16 39.824055 13 16 39.824055 11200
    712 13 16 39.834079 13 16 39.834079 11200
    713 13 16 39.844056 13 16 39.844056 11200
    714 13 16 39.854053 13 16 39.854053 11200
    715 13 16 39.864052 13 16 39.864052 11200
    716 13 16 39.874054 13 16 39.874054 11200
    717 13 16 39.884067 13 16 39.884067 11200
    718 13 16 39.894055 13 16 39.894055 11200
    719 13 16 39.904055 13 16 39.904055 11200
    720 13 16 39.914056 13 16 39.914056 11200
    721 13 16 39.924056 13 16 39.924056 11200
    722 13 16 39.934054 13 16 39.934054 11200
    723 13 16 39.944052 13 16 39.944052 11200
    724 13 16 39.954104 13 16 39.954104 11200
    725 13 16 39.964050 13 16 39.964050 11200
    726 13 16 39.974085 13 16 39.974085 11200
    727 13 16 39.984085 13 16 39.984085 11200
    728 13 16 39.994090 13 16 39.994090 11200
    729 13 16 40.004053 13 16 40.004053 11200
    730 13 16 40.014057 13 16 40.014057 11200
    731 13 16 40.024054 13 16 40.024054 11200
    732 13 16 40.034053 13 16 40.034053 11200
    733 13 16 40.044054 13 16 40.044054 11200
    734 13 16 40.054056 13 16 40.054056 11200
    735 13 16 40.064064 13 16 40.064064 11200
    736 13 16 40.074063 13 16 40.074063 11200
    737 13 16 40.084057 13 16 40.084057 11200
    738 13 16 40.094053 13 16 40.094053 11200
    739 13 16 40.104052 13 16 40.104052 11200
    740 13 16 40.114052 13 16 40.114052 11200
    741 13 16 40.124057 13 16 40.124057 11200
    742 13 16 40.134053 13 16 40.134053 11200
    743 13 16 40.144069 13 16 40.144069 11200
    744 13 16 40.154065 13 16 40.154065 11200
    745 13 16 40.164050 13 16 40.164050 11200
    746 13 16 40.174053 13 16 40.174053 11200
    747 13 16 40.184094 13 16 40.184094 11200
    748 13 16 40.194054 13 16 40.194054 11200
    749 13 16 40.204084 13 16 40.204084 11200
    750 13 16 40.214086 13 16 40.214086 11200
    751 13 16 40.224074 13 16 40.224074 11200
    752 13 16 40.234129 13 16 40.234129 11200
    753 13 16 40.244055 13 16 40.244055 11200
    754 13 16 40.254021 13 16 40.254021 11200
    755 13 16 40.264032 13 16 40.264032 11200
    756 13 16 40.274070 13 16 40.274070 11200
    757 13 16 40.284058 13 16 40.284058 11200
    758 13 16 40.294049 13 16 40.294049 11200
    759 13 16 40.304045 13 16 40.304045 11200
    760 13 16 40.314003 13 16 40.314003 11200
    761 13 16 40.324043 13 16 40.324043 11200
    762 13 16 40.334041 13 16 40.334041 11200
    763 13 16 40.344042 13 16 40.344042 11200
    764 13 16 40.354055 13 16 40.354055 11200
    765 13 16 40.364052 13 16 40.364052 11200
    766 13 16 40.374088 13 16 40.374088 11200
    767 13 16 40.384056 13 16 40.384056 11200
    768 13 16 40.394064 13 16 40.394064 11200
    769 13 16 40.404054 13 16 40.404054 11200
    770 13 16 40.414054 13 16 40.414054 11200
    771 13 16 40.424052 13 16 40.424052 11200
    772 13 16 40.434052 13 16 40.434052 11200
    773 13 16 40.444056 13 16 40.444056 11200
    774 13 16 40.454056 13 16 40.454056 11200
    775 13 16 40.464072 13 16 40.464072 11200
    776 13 16 40.474057 13 16 40.474057 11200
    777 13 16 40.484060 13 16 40.484060 11200
    778 13 16 40.494056 13 16 40.494056 11200
    779 13 16 40.504049 13 16 40.504049 11200
    780 13 16 40.514079 13 16 40.514079 11200
    781 13 16 40.524056 13 16 40.524056 11200
    782 13 16 40.534047 13 16 40.534047 11200
    783 13 16 40.544052 13 16 40.544052 11200
    784 13 16 40.554068 13 16 40.554068 11200
    785 13 16 40.564055 13 16 40.564055 11200
    786 13 16 40.574053 13 16 40.574053 11200
    787 13 16 40.584054 13 16 40.584054 11200
    788 13 16 40.594053 13 16 40.594053 11200
    789 13 16 40.604061 13 16 40.604061 11200
    790 13 16 40.614063 13 16 40.614063 11200
    791 13 16 40.624057 13 16 40.624057 11200
    792 13 16 40.634053 13 16 40.634053 11200
    793 13 16 40.644055 13 16 40.644055 11200
    794 13 16 40.654041 13 16 40.654041 11200
    795 13 16 40.664046 13 16 40.664046 11200
    796 13 16 40.674064 13 16 40.674064 11200
    797 13 16 40.684105 13 16 40.684105 11200
    798 13 16 40.694054 13 16 40.694054 11200
    799 13 16 40.704051 13 16 40.704051 11200
    800 13 16 40.714056 13 16 40.714056 11200
    801 13 16 40.724041 13 16 40.724041 11200
    802 13 16 40.734073 13 16 40.734073 11200
    803 13 16 40.744044 13 16 40.744044 11200
    804 13 16 40.754041 13 16 40.754041 11200
    805 13 16 40.764059 13 16 40.764059 11200
    806 13 16 40.774025 13 16 40.774025 11200
    807 13 16 40.784056 13 16 40.784056 11200
    808 13 16 40.794041 13 16 40.794041 11200
    809 13 16 40.804076 13 16 40.804076 11200
    810 13 16 40.814079 13 16 40.814079 11200
    811 13 16 40.824060 13 16 40.824060 11200
    812 13 16 40.834032 13 16 40.834032 11200
    813 13 16 40.844023 13 16 40.844023 11200
    814 13 16 40.854058 13 16 40.854058 11200
    815 13 16 40.864058 13 16 40.864058 11200
    816 13 16 40.874056 13 16 40.874056 11200
    817 13 16 40.884059 13 16 40.884059 11200
    818 13 16 40.894056 13 16 40.894056 11200
    819 13 16 40.904049 13 16 40.904049 11200
    820 13 16 40.914056 13 16 40.914056 11200
    821 13 16 40.924058 13 16 40.924058 11200
    822 13 16 40.934075 13 16 40.934075 11200
    823 13 16 40.944054 13 16 40.944054 11200
    824 13 16 40.954067 13 16 40.954067 11200
    825 13 16 40.964047 13 16 40.964047 11200
    826 13 16 40.974077 13 16 40.974077 11200
    827 13 16 40.984059 13 16 40.984059 11200
    828 13 16 40.994056 13 16 40.994056 11200
    829 13 16 41.003985 13 16 41.003985 11200
    830 13 16 41.014063 13 16 41.014063 11200
    831 13 16 41.024053 13 16 41.024053 11200
    832 13 16 41.034055 13 16 41.034055 11200
    833 13 16 41.044054 13 16 41.044054 11200
    834 13 16 41.054054 13 16 41.054054 11200
    835 13 16 41.064053 13 16 41.064053 11200
    836 13 16 41.074053 13 16 41.074053 11200
    837 13 16 41.084051 13 16 41.084051 11200
    838 13 16 41.094056 13 16 41.094056 11200
    839 13 16 41.104066 13 16 41.104066 11200
    840 13 16 41.114114 13 16 41.114114 11200
    841 13 16 41.124071 13 16 41.124071 11200
    842 13 16 41.134073 13 16 41.134073 11200
    843 13 16 41.144044 13 16 41.144044 11200
    844 13 16 41.154052 13 16 41.154052 11200
    845 13 16 41.164039 13 16 41.164039 11200
    846 13 16 41.174064 13 16 41.174064 11200
    847 13 16 41.184077 13 16 41.184077 11200
    848 13 16 41.194073 13 16 41.194073 11200
    849 13 16 41.204068 13 16 41.204068 11200
    850 13 16 41.214061 13 16 41.214061 11200
    851 13 16 41.224060 13 16 41.224060 11200
    852 13 16 41.234000 13 16 41.234000 11200
    853 13 16 41.244069 13 16 41.244069 11200
    854 13 16 41.254058 13 16 41.254058 11200
    855 13 16 41.264060 13 16 41.264060 11200
    856 13 16 41.274034 13 16 41.274034 11200
    857 13 16 41.284055 13 16 41.284055 11200
    858 13 16 41.294131 13 16 41.294131 11200
    859 13 16 41.304057 13 16 41.304057 11200
    860 13 16 41.314008 13 16 41.314008 11200
    861 13 16 41.324075 13 16 41.324075 11200
    862 13 16 41.334057 13 16 41.334057 11200
    863 13 16 41.344056 13 16 41.344056 11200
    864 13 16 41.354081 13 16 41.354081 11200
    865 13 16 41.364075 13 16 41.364075 11200
    866 13 16 41.374076 13 16 41.374076 11200
    867 13 16 41.384112 13 16 41.384112 11200
    868 13 16 41.394055 13 16 41.394055 11200
    869 13 16 41.404066 13 16 41.404066 11200
    870 13 16 41.414054 13 16 41.414054 11200
    871 13 16 41.424061 13 16 41.424061 11200
    872 13 16 41.434055 13 16 41.434055 11200
    873 13 16 41.444065 13 16 41.444065 11200
    874 13 16 41.454054 13 16 41.454054 11200
    875 13 16 41.464038 13 16 41.464038 11200
    876 13 16 41.474054 13 16 41.474054 11200
    877 13 16 41.484054 13 16 41.484054 11200
    878 13 16 41.494042 13 16 41.494042 11200
    879 13 16 41.504072 13 16 41.504072 11200
    880 13 16 41.514054 13 16 41.514054 11200
    881 13 16 41.524053 13 16 41.524053 11200
    882 13 16 41.534053 13 16 41.534053 11200
    883 13 16 41.544052 13 16 41.544052 11200
    884 13 16 41.554054 13 16 41.554054 11200
    885 13 16 41.564050 13 16 41.564050 11200
    886 13 16 41.574055 13 16 41.574055 11200
    887 13 16 41.584054 13 16 41.584054 11200
    888 13 16 41.594054 13 16 41.594054 11200
    889 13 16 41.604056 13 16 41.604056 11200
    890 13 16 41.614055 13 16 41.614055 11200
    891 13 16 41.624054 13 16 41.624054 11200
    892 13 16 41.634053 13 16 41.634053 11200
    893 13 16 41.644052 13 16 41.644052 11200
    894 13 16 41.654054 13 16 41.654054 11200
    895 13 16 41.664053 13 16 41.664053 11200
    896 13 16 41.674053 13 16 41.674053 11200
    897 13 16 41.684052 13 16 41.684052 11200
    898 13 16 41.694319 13 16 41.694319 11200
    899 13 16 41.704056 13 16 41.704056 11200
    900 13 16 41.714052 13 16 41.714052 11200
    901 13 16 41.724054 13 16 41.724054 11200
    902 13 16 41.734065 13 16 41.734065 11200
    903 13 16 41.744056 13 16 41.744056 11200
    904 13 16 41.754057 13 16 41.754057 11200
    905 13 16 41.764054 13 16 41.764054 11200
    906 13 16 41.774020 13 16 41.774020 11200
    907 13 16 41.784055 13 16 41.784055 11200
    908 13 16 41.794105 13 16 41.794105 11200
    909 13 16 41.804093 13 16 41.804093 11200
    910 13 16 41.814069 13 16 41.814069 11200
    911 13 16 41.824063 13 16 41.824063 11200
    912 13 16 41.834071 13 16 41.834071 11200
    913 13 16 41.844064 13 16 41.844064 11200
    914 13 16 41.854067 13 16 41.854067 11200
    915 13 16 41.864078 13 16 41.864078 11200
    916 13 16 41.874060 13 16 41.874060 11200
    917 13 16 41.884055 13 16 41.884055 11200
    918 13 16 41.894078 13 16 41.894078 11200
    919 13 16 41.904060 13 16 41.904060 11200
    920 13 16 41.914057 13 16 41.914057 11200
    921 13 16 41.924056 13 16 41.924056 11200
    922 13 16 41.934068 13 16 41.934068 11200
    923 13 16 41.944054 13 16 41.944054 11200
    924 13 16 41.954073 13 16 41.954073 11200
    925 13 16 41.964075 13 16 41.964075 11200
    926 13 16 41.974080 13 16 41.974080 11200
    927 13 16 41.984059 13 16 41.984059 11200
    928 13 16 41.994079 13 16 41.994079 11200
    929 13 16 42.004246 13 16 42.004246 11200
    930 13 16 42.014102 13 16 42.014102 11200
    931 13 16 42.024085 13 16 42.024085 11200
    932 13 16 42.034064 13 16 42.034064 11200
    933 13 16 42.044069 13 16 42.044069 11200
    934 13 16 42.054054 13 16 42.054054 11200
    935 13 16 42.064053 13 16 42.064053 11200
    936 13 16 42.074053 13 16 42.074053 11200
    937 13 16 42.084052 13 16 42.084052 11200
    938 13 16 42.094053 13 16 42.094053 11200
    939 13 16 42.104053 13 16 42.104053 11200
    940 13 16 42.114052 13 16 42.114052 11200
    941 13 16 42.124051 13 16 42.124051 11200
    942 13 16 42.134061 13 16 42.134061 11200
    943 13 16 42.144145 13 16 42.144145 11200
    944 13 16 42.154105 13 16 42.154105 11200
    945 13 16 42.164054 13 16 42.164054 11200
    946 13 16 42.174123 13 16 42.174123 11200
    947 13 16 42.184055 13 16 42.184055 11200
    948 13 16 42.194074 13 16 42.194074 11200
    949 13 16 42.204090 13 16 42.204090 11200
    950 13 16 42.214055 13 16 42.214055 11200
    951 13 16 42.224055 13 16 42.224055 11200
    952 13 16 42.234112 13 16 42.234112 11200
    953 13 16 42.244081 13 16 42.244081 11200
    954 13 16 42.254083 13 16 42.254083 11200
    955 13 16 42.264059 13 16 42.264059 11200
    956 13 16 42.274025 13 16 42.274025 11200
    957 13 16 42.284055 13 16 42.284055 11200
    958 13 16 42.294043 13 16 42.294043 11200
    959 13 16 42.304017 13 16 42.304017 11200
    960 13 16 42.314058 13 16 42.314058 11200
    961 13 16 42.324053 13 16 42.324053 11200
    962 13 16 42.334055 13 16 42.334055 11200
    963 13 16 42.344053 13 16 42.344053 11200
    964 13 16 42.354062 13 16 42.354062 11200
    965 13 16 42.364052 13 16 42.364052 11200
    966 13 16 42.374056 13 16 42.374056 11200
    967 13 16 42.384054 13 16 42.384054 11200
    968 13 16 42.394055 13 16 42.394055 11200
    969 13 16 42.404054 13 16 42.404054 11200
    970 13 16 42.414040 13 16 42.414040 11200
    971 13 16 42.424033 13 16 42.424033 11200
    972 13 16 42.434054 13 16 42.434054 11200
    973 13 16 42.444054 13 16 42.444054 11200
    974 13 16 42.454053 13 16 42.454053 11200
    975 13 16 42.464075 13 16 42.464075 11200
    976 13 16 42.474077 13 16 42.474077 11200
    977 13 16 42.484054 13 16 42.484054 11200
    978 13 16 42.494064 13 16 42.494064 11200
    979 13 16 42.504057 13 16 42.504057 11200
    980 13 16 42.514063 13 16 42.514063 11200
    981 13 16 42.524054 13 16 42.524054 11200
    982 13 16 42.534053 13 16 42.534053 11200
    983 13 16 42.544052 13 16 42.544052 11200
    984 13 16 42.554053 13 16 42.554053 11200
    985 13 16 42.564050 13 16 42.564050 11200
    986 13 16 42.574053 13 16 42.574053 11200
    987 13 16 42.584054 13 16 42.584054 11200
    988 13 16 42.594054 13 16 42.594054 11200
    989 13 16 42.604053 13 16 42.604053 11200
    990 13 16 42.614054 13 16 42.614054 11200
    991 13 16 42.624051 13 16 42.624051 11200
    992 13 16 42.634053 13 16 42.634053 11200
    993 13 16 42.644052 13 16 42.644052 11200
    994 13 16 42.654054 13 16 42.654054 11200
    995 13 16 42.664051 13 16 42.664051 11200
    996 13 16 42.674053 13 16 42.674053 11200
    997 13 16 42.684097 13 16 42.684097 11200
    998 13 16 42.694054 13 16 42.694054 11200
    999 13 16 42.704053 13 16 42.704053 11200
   1000 13 16 42.714053 13 16 42.714053 11200
