      1 13 12 17.485723 13 12 17.497102 9100
      2 13 12 17.495933 13 12 17.506084 9100
      3 13 12 17.506002 13 12 17.515415 9100
      4 13 12 17.515816 13 12 17.525040 9100
      5 13 12 17.525825 13 12 17.535523 9100
      6 13 12 17.536218 13 12 17.545694 9100
      7 13 12 17.545861 13 12 17.555354 9100
      8 13 12 17.555894 13 12 17.565329 9100
      9 13 12 17.565888 13 12 17.575358 9100
     10 13 12 17.575897 13 12 17.585270 9100
     11 13 12 17.585833 13 12 17.595182 9100
     12 13 12 17.595839 13 12 17.605191 9100
     13 13 12 17.605830 13 12 17.615235 9100
     14 13 12 17.615829 13 12 17.625215 9100
     15 13 12 17.626989 13 12 17.636914 9100
     16 13 12 17.635888 13 12 17.645295 9100
     17 13 12 17.645904 13 12 17.655311 9100
     18 13 12 17.655889 13 12 17.665229 9100
     19 13 12 17.665828 13 12 17.675302 9100
     20 13 12 17.675844 13 12 17.685209 9100
     21 13 12 17.685825 13 12 17.695280 9100
     22 13 12 17.695888 13 12 17.705221 9100
     23 13 12 17.705819 13 12 17.715146 9100
     24 13 12 17.715823 13 12 17.725007 9100
     25 13 12 17.725820 13 12 17.736335 9100
     26 13 12 17.736136 13 12 17.746628 9100
     27 13 12 17.745886 13 12 17.755399 9100
     28 13 12 17.755893 13 12 17.765269 9100
     29 13 12 17.765888 13 12 17.775189 9100
     30 13 12 17.775887 13 12 17.785218 9100
     31 13 12 17.785830 13 12 17.795020 9100
     32 13 12 17.795819 13 12 17.805026 9100
     33 13 12 17.805821 13 12 17.815058 9100
     34 13 12 17.815840 13 12 17.825155 9100
     35 13 12 17.826025 13 12 17.836641 9100
     36 13 12 17.835924 13 12 17.845801 9100
     37 13 12 17.845853 13 12 17.855263 9100
     38 13 12 17.855817 13 12 17.865127 9100
     39 13 12 17.865891 13 12 17.875243 9100
     40 13 12 17.875889 13 12 17.885394 9100
     41 13 12 17.885892 13 12 17.895157 9100
     42 13 12 17.895886 13 12 17.905276 9100
     43 13 12 17.905895 13 12 17.915413 9100
     44 13 12 17.915825 13 12 17.925021 9100
     45 13 12 17.925820 13 12 17.936350 9100
     46 13 12 17.936278 13 12 17.945790 9100
     47 13 12 17.945931 13 12 17.956441 9100
     48 13 12 17.956089 13 12 17.965613 9100
     49 13 12 17.965830 13 12 17.975267 9100
     50 13 12 17.975895 13 12 17.991112 9100
     51 13 12 17.985831 13 12 17.998830 9100
     52 13 12 17.996023 13 12 18.006450 9100
     53 13 12 18.005829 13 12 18.015035 9100
     54 13 12 18.015826 13 12 18.025196 9100
     55 13 12 18.025891 13 12 18.037203 9100
     56 13 12 18.035834 13 12 18.045470 9100
     57 13 12 18.045884 13 12 18.055824 9100
     58 13 12 18.055854 13 12 18.065297 9100
     59 13 12 18.065843 13 12 18.076128 9100
     60 13 12 18.075918 13 12 18.085423 9100
     61 13 12 18.085898 13 12 18.095320 9100
     62 13 12 18.095846 13 12 18.105188 9100
     63 13 12 18.105879 13 12 18.115248 9100
     64 13 12 18.115847 13 12 18.125471 9100
     65 13 12 18.125834 13 12 18.136268 9100
     66 13 12 18.136112 13 12 18.145920 9100
     67 13 12 18.145790 13 12 18.155198 9100
     68 13 12 18.155850 13 12 18.165357 9100
     69 13 12 18.165901 13 12 18.175361 9100
     70 13 12 18.175847 13 12 18.185424 9100
     71 13 12 18.186896 13 12 18.196359 9100
     72 13 12 18.195875 13 12 18.205035 9100
     73 13 12 18.205843 13 12 18.215050 9100
     74 13 12 18.215858 13 12 18.225314 9100
     75 13 12 18.225891 13 12 18.236775 9100
     76 13 12 18.235822 13 12 18.245951 9100
     77 13 12 18.245899 13 12 18.256461 9100
     78 13 12 18.256150 13 12 18.265988 9100
     79 13 12 18.265910 13 12 18.275514 9100
     80 13 12 18.275880 13 12 18.285257 9100
     81 13 12 18.285827 13 12 18.295335 9100
     82 13 12 18.295897 13 12 18.305585 9100
     83 13 12 18.305911 13 12 18.315581 9100
     84 13 12 18.315902 13 12 18.325257 9100
     85 13 12 18.325912 13 12 18.336006 9100
     86 13 12 18.335945 13 12 18.347221 9100
     87 13 12 18.346088 13 12 18.356009 9100
     88 13 12 18.355937 13 12 18.365510 9100
     89 13 12 18.365891 13 12 18.375348 9100
     90 13 12 18.375886 13 12 18.386075 9100
     91 13 12 18.385856 13 12 18.395253 9100
     92 13 12 18.395827 13 12 18.405082 9100
     93 13 12 18.405834 13 12 18.415116 9100
     94 13 12 18.415852 13 12 18.425025 9100
     95 13 12 18.425831 13 12 18.435016 9100
     96 13 12 18.435833 13 12 18.446148 9100
     97 13 12 18.446003 13 12 18.456835 9100
     98 13 12 18.455849 13 12 18.465381 9100
     99 13 12 18.465832 13 12 18.475563 9100
    100 13 12 18.475856 13 12 18.491265 9100
    101 13 12 18.485911 13 12 18.498960 9100
    102 13 12 18.495996 13 12 18.506598 9100
    103 13 12 18.505918 13 12 18.515419 9100
    104 13 12 18.515896 13 12 18.525372 9100
    105 13 12 18.525970 13 12 18.535454 9100
    106 13 12 18.535924 13 12 18.546381 9100
    107 13 12 18.546327 13 12 18.555969 9100
    108 13 12 18.555899 13 12 18.565412 9100
    109 13 12 18.565909 13 12 18.575800 9100
    110 13 12 18.576814 13 12 18.586300 9100
    111 13 12 18.586012 13 12 18.595679 9100
    112 13 12 18.595856 13 12 18.605301 9100
    113 13 12 18.605906 13 12 18.615241 9100
    114 13 12 18.615846 13 12 18.625112 9100
    115 13 12 18.625838 13 12 18.635058 9100
    116 13 12 18.635840 13 12 18.645067 9100
    117 13 12 18.645831 13 12 18.655028 9100
    118 13 12 18.655825 13 12 18.665041 9100
    119 13 12 18.665887 13 12 18.675947 9100
    120 13 12 18.675881 13 12 18.685545 9100
    121 13 12 18.685839 13 12 18.695935 9100
    122 13 12 18.695872 13 12 18.705225 9100
    123 13 12 18.705911 13 12 18.715316 9100
    124 13 12 18.715876 13 12 18.725276 9100
    125 13 12 18.725892 13 12 18.735284 9100
    126 13 12 18.735884 13 12 18.746234 9100
    127 13 12 18.745833 13 12 18.756081 9100
    128 13 12 18.755970 13 12 18.765471 9100
    129 13 12 18.765889 13 12 18.775206 9100
    130 13 12 18.775821 13 12 18.785828 9100
    131 13 12 18.785857 13 12 18.795328 9100
    132 13 12 18.795888 13 12 18.805185 9100
    133 13 12 18.805835 13 12 18.815044 9100
    134 13 12 18.815822 13 12 18.825058 9100
    135 13 12 18.825884 13 12 18.835149 9100
    136 13 12 18.835831 13 12 18.845022 9100
    137 13 12 18.845825 13 12 18.854997 9100
    138 13 12 18.855885 13 12 18.865296 9100
    139 13 12 18.865838 13 12 18.875955 9100
    140 13 12 18.875900 13 12 18.885410 9100
    141 13 12 18.885933 13 12 18.895277 9100
    142 13 12 18.895911 13 12 18.905432 9100
    143 13 12 18.905927 13 12 18.916367 9100
    144 13 12 18.915870 13 12 18.925385 9100
    145 13 12 18.925926 13 12 18.936371 9100
    146 13 12 18.935935 13 12 18.946448 9100
    147 13 12 18.945869 13 12 18.955438 9100
    148 13 12 18.955911 13 12 18.966111 9100
    149 13 12 18.965869 13 12 18.976067 9100
    150 13 12 18.975968 13 12 18.991296 9100
    151 13 12 18.986733 13 12 18.998936 9100
    152 13 12 18.995888 13 12 19.007448 9100
    153 13 12 19.006443 13 12 19.015885 9100
    154 13 12 19.015823 13 12 19.025058 9100
    155 13 12 19.025880 13 12 19.035135 9100
    156 13 12 19.035831 13 12 19.045117 9100
    157 13 12 19.045829 13 12 19.055018 9100
    158 13 12 19.055832 13 12 19.065091 9100
    159 13 12 19.065836 13 12 19.075040 9100
    160 13 12 19.075821 13 12 19.085121 9100
    161 13 12 19.085861 13 12 19.096655 9100
    162 13 12 19.096118 13 12 19.106859 9100
    163 13 12 19.105906 13 12 19.115970 9100
    164 13 12 19.115906 13 12 19.125358 9100
    165 13 12 19.125826 13 12 19.135304 9100
    166 13 12 19.135912 13 12 19.145944 9100
    167 13 12 19.145876 13 12 19.155522 9100
    168 13 12 19.155892 13 12 19.165333 9100
    169 13 12 19.165896 13 12 19.175453 9100
    170 13 12 19.175920 13 12 19.185648 9100
    171 13 12 19.185922 13 12 19.195522 9100
    172 13 12 19.195893 13 12 19.206047 9100
    173 13 12 19.205829 13 12 19.215236 9100
    174 13 12 19.215817 13 12 19.225153 9100
    175 13 12 19.225857 13 12 19.235157 9100
    176 13 12 19.235896 13 12 19.245076 9100
    177 13 12 19.245812 13 12 19.254998 9100
    178 13 12 19.255805 13 12 19.265087 9100
    179 13 12 19.265809 13 12 19.275079 9100
    180 13 12 19.275812 13 12 19.285097 9100
    181 13 12 19.285886 13 12 19.295090 9100
    182 13 12 19.295821 13 12 19.305067 9100
    183 13 12 19.305821 13 12 19.315083 9100
    184 13 12 19.315822 13 12 19.326917 9100
    185 13 12 19.326530 13 12 19.336594 9100
    186 13 12 19.335851 13 12 19.345925 9100
    187 13 12 19.345874 13 12 19.355257 9100
    188 13 12 19.355889 13 12 19.365998 9100
    189 13 12 19.365926 13 12 19.375465 9100
    190 13 12 19.376000 13 12 19.385733 9100
    191 13 12 19.385860 13 12 19.396201 9100
    192 13 12 19.396121 13 12 19.405587 9100
    193 13 12 19.405909 13 12 19.415440 9100
    194 13 12 19.415896 13 12 19.425304 9100
    195 13 12 19.425896 13 12 19.435417 9100
    196 13 12 19.435914 13 12 19.445325 9100
    197 13 12 19.445833 13 12 19.455061 9100
    198 13 12 19.455823 13 12 19.465026 9100
    199 13 12 19.465821 13 12 19.475077 9100
    200 13 12 19.475822 13 12 19.490970 9100
    201 13 12 19.485824 13 12 19.498643 9100
    202 13 12 19.495812 13 12 19.506333 9100
    203 13 12 19.505790 13 12 19.514966 9100
    204 13 12 19.515833 13 12 19.525152 9100
    205 13 12 19.525832 13 12 19.535139 9100
    206 13 12 19.535844 13 12 19.547025 9100
    207 13 12 19.545912 13 12 19.555966 9100
    208 13 12 19.555897 13 12 19.565681 9100
    209 13 12 19.565825 13 12 19.575192 9100
    210 13 12 19.575844 13 12 19.585129 9100
    211 13 12 19.585878 13 12 19.595300 9100
    212 13 12 19.595901 13 12 19.605430 9100
    213 13 12 19.605935 13 12 19.616091 9100
    214 13 12 19.615845 13 12 19.625320 9100
    215 13 12 19.625894 13 12 19.635211 9100
    216 13 12 19.635939 13 12 19.645324 9100
    217 13 12 19.645838 13 12 19.655217 9100
    218 13 12 19.655847 13 12 19.665133 9100
    219 13 12 19.665821 13 12 19.675107 9100
    220 13 12 19.675822 13 12 19.685006 9100
    221 13 12 19.685821 13 12 19.695140 9100
    222 13 12 19.695824 13 12 19.705021 9100
    223 13 12 19.705822 13 12 19.715092 9100
    224 13 12 19.715823 13 12 19.725045 9100
    225 13 12 19.725835 13 12 19.735157 9100
    226 13 12 19.735908 13 12 19.746234 9100
    227 13 12 19.746006 13 12 19.755531 9100
    228 13 12 19.755848 13 12 19.765487 9100
    229 13 12 19.766536 13 12 19.776081 9100
    230 13 12 19.775907 13 12 19.785813 9100
    231 13 12 19.785862 13 12 19.796845 9100
    232 13 12 19.795853 13 12 19.805282 9100
    233 13 12 19.805892 13 12 19.815269 9100
    234 13 12 19.815879 13 12 19.826378 9100
    235 13 12 19.826038 13 12 19.835605 9100
    236 13 12 19.835899 13 12 19.846031 9100
    237 13 12 19.845755 13 12 19.855284 9100
    238 13 12 19.855837 13 12 19.865990 9100
    239 13 12 19.865919 13 12 19.875302 9100
    240 13 12 19.875831 13 12 19.885045 9100
    241 13 12 19.885822 13 12 19.895023 9100
    242 13 12 19.895821 13 12 19.905059 9100
    243 13 12 19.905819 13 12 19.915002 9100
    244 13 12 19.915820 13 12 19.925050 9100
    245 13 12 19.925820 13 12 19.935078 9100
    246 13 12 19.935916 13 12 19.946176 9100
    247 13 12 19.945835 13 12 19.955211 9100
    248 13 12 19.955881 13 12 19.965279 9100
    249 13 12 19.965893 13 12 19.975994 9100
    250 13 12 19.975902 13 12 19.991386 9100
    251 13 12 19.985906 13 12 19.999041 9100
    252 13 12 19.995825 13 12 20.006620 9100
    253 13 12 20.005887 13 12 20.015259 9100
    254 13 12 20.015874 13 12 20.025366 9100
    255 13 12 20.025877 13 12 20.035237 9100
    256 13 12 20.035865 13 12 20.045225 9100
    257 13 12 20.045881 13 12 20.055509 9100
    258 13 12 20.055872 13 12 20.065159 9100
    259 13 12 20.065809 13 12 20.075058 9100
    260 13 12 20.075848 13 12 20.085159 9100
    261 13 12 20.085855 13 12 20.095120 9100
    262 13 12 20.095841 13 12 20.105091 9100
    263 13 12 20.105834 13 12 20.115096 9100
    264 13 12 20.115845 13 12 20.125101 9100
    265 13 12 20.125833 13 12 20.135242 9100
    266 13 12 20.135858 13 12 20.146589 9100
    267 13 12 20.146293 13 12 20.156235 9100
    268 13 12 20.155837 13 12 20.165506 9100
    269 13 12 20.165917 13 12 20.177282 9100
    270 13 12 20.176731 13 12 20.187068 9100
    271 13 12 20.185901 13 12 20.195267 9100
    272 13 12 20.195893 13 12 20.205818 9100
    273 13 12 20.205857 13 12 20.215164 9100
    274 13 12 20.215875 13 12 20.225329 9100
    275 13 12 20.225901 13 12 20.235343 9100
    276 13 12 20.235890 13 12 20.245295 9100
    277 13 12 20.245840 13 12 20.255181 9100
    278 13 12 20.255886 13 12 20.265695 9100
    279 13 12 20.265822 13 12 20.275048 9100
    280 13 12 20.275824 13 12 20.285008 9100
    281 13 12 20.285821 13 12 20.295014 9100
    282 13 12 20.295821 13 12 20.305012 9100
    283 13 12 20.305821 13 12 20.315055 9100
    284 13 12 20.315811 13 12 20.324992 9100
    285 13 12 20.325841 13 12 20.335056 9100
    286 13 12 20.335823 13 12 20.345718 9100
    287 13 12 20.345946 13 12 20.355474 9100
    288 13 12 20.355895 13 12 20.365290 9100
    289 13 12 20.366687 13 12 20.377697 9100
    290 13 12 20.375934 13 12 20.385995 9100
    291 13 12 20.385926 13 12 20.396895 9100
    292 13 12 20.395928 13 12 20.406379 9100
    293 13 12 20.405812 13 12 20.415324 9100
    294 13 12 20.415967 13 12 20.425391 9100
    295 13 12 20.425885 13 12 20.435338 9100
    296 13 12 20.435877 13 12 20.445181 9100
    297 13 12 20.445886 13 12 20.455833 9100
    298 13 12 20.455861 13 12 20.465360 9100
    299 13 12 20.465896 13 12 20.475235 9100
    300 13 12 20.475823 13 12 20.491794 9100
    301 13 12 20.485824 13 12 20.498663 9100
    302 13 12 20.495781 13 12 20.506319 9100
    303 13 12 20.505838 13 12 20.515032 9100
    304 13 12 20.515823 13 12 20.525006 9100
    305 13 12 20.525821 13 12 20.535108 9100
    306 13 12 20.535817 13 12 20.545376 9100
    307 13 12 20.545958 13 12 20.556111 9100
    308 13 12 20.555894 13 12 20.565353 9100
    309 13 12 20.565888 13 12 20.576214 9100
    310 13 12 20.576139 13 12 20.586404 9100
    311 13 12 20.585805 13 12 20.595708 9100
    312 13 12 20.595897 13 12 20.605921 9100
    313 13 12 20.605859 13 12 20.616171 9100
    314 13 12 20.615957 13 12 20.625523 9100
    315 13 12 20.625821 13 12 20.636188 9100
    316 13 12 20.636082 13 12 20.645566 9100
    317 13 12 20.645835 13 12 20.655581 9100
    318 13 12 20.655884 13 12 20.665440 9100
    319 13 12 20.666123 13 12 20.675695 9100
    320 13 12 20.675919 13 12 20.685368 9100
    321 13 12 20.685898 13 12 20.695237 9100
    322 13 12 20.695845 13 12 20.705100 9100
    323 13 12 20.705822 13 12 20.715014 9100
    324 13 12 20.715821 13 12 20.726072 9100
    325 13 12 20.725833 13 12 20.735403 9100
    326 13 12 20.735893 13 12 20.746061 9100
    327 13 12 20.745989 13 12 20.755485 9100
    328 13 12 20.755897 13 12 20.765420 9100
    329 13 12 20.765889 13 12 20.775279 9100
    330 13 12 20.775885 13 12 20.785278 9100
    331 13 12 20.785941 13 12 20.796952 9100
    332 13 12 20.796576 13 12 20.807055 9100
    333 13 12 20.806692 13 12 20.816289 9100
    334 13 12 20.815940 13 12 20.826390 9100
    335 13 12 20.825914 13 12 20.835522 9100
    336 13 12 20.835882 13 12 20.845345 9100
    337 13 12 20.845829 13 12 20.855340 9100
    338 13 12 20.855878 13 12 20.865472 9100
    339 13 12 20.865936 13 12 20.875319 9100
    340 13 12 20.875896 13 12 20.885356 9100
    341 13 12 20.885898 13 12 20.895481 9100
    342 13 12 20.895824 13 12 20.905014 9100
    343 13 12 20.905816 13 12 20.915009 9100
    344 13 12 20.915820 13 12 20.925060 9100
    345 13 12 20.925822 13 12 20.935017 9100
    346 13 12 20.935880 13 12 20.945481 9100
    347 13 12 20.945889 13 12 20.955407 9100
    348 13 12 20.955922 13 12 20.965395 9100
    349 13 12 20.965821 13 12 20.975194 9100
    350 13 12 20.975881 13 12 20.991241 9100
    351 13 12 20.985914 13 12 20.999563 9100
    352 13 12 20.995851 13 12 21.006743 9100
    353 13 12 21.006018 13 12 21.015662 9100
    354 13 12 21.015883 13 12 21.025202 9100
    355 13 12 21.025891 13 12 21.035291 9100
    356 13 12 21.035917 13 12 21.045462 9100
    357 13 12 21.045842 13 12 21.055316 9100
    358 13 12 21.055886 13 12 21.065318 9100
    359 13 12 21.065830 13 12 21.075165 9100
    360 13 12 21.075890 13 12 21.085180 9100
    361 13 12 21.085830 13 12 21.095017 9100
    362 13 12 21.095821 13 12 21.105066 9100
    363 13 12 21.105820 13 12 21.115010 9100
    364 13 12 21.115825 13 12 21.125121 9100
    365 13 12 21.125826 13 12 21.135016 9100
    366 13 12 21.135956 13 12 21.146193 9100
    367 13 12 21.146086 13 12 21.155819 9100
    368 13 12 21.155933 13 12 21.165403 9100
    369 13 12 21.165848 13 12 21.175415 9100
    370 13 12 21.175981 13 12 21.186374 9100
    371 13 12 21.186309 13 12 21.196949 9100
    372 13 12 21.195907 13 12 21.206058 9100
    373 13 12 21.205988 13 12 21.216941 9100
    374 13 12 21.216526 13 12 21.226092 9100
    375 13 12 21.226030 13 12 21.235435 9100
    376 13 12 21.235849 13 12 21.245975 9100
    377 13 12 21.245908 13 12 21.255362 9100
    378 13 12 21.255887 13 12 21.266227 9100
    379 13 12 21.265909 13 12 21.275328 9100
    380 13 12 21.275874 13 12 21.285311 9100
    381 13 12 21.285914 13 12 21.296016 9100
    382 13 12 21.295830 13 12 21.305043 9100
    383 13 12 21.305817 13 12 21.314987 9100
    384 13 12 21.315864 13 12 21.325084 9100
    385 13 12 21.325821 13 12 21.335013 9100
    386 13 12 21.336079 13 12 21.345693 9100
    387 13 12 21.345929 13 12 21.355872 9100
    388 13 12 21.355806 13 12 21.365573 9100
    389 13 12 21.365901 13 12 21.375329 9100
    390 13 12 21.375889 13 12 21.385301 9100
    391 13 12 21.385822 13 12 21.396278 9100
    392 13 12 21.395962 13 12 21.406276 9100
    393 13 12 21.406061 13 12 21.415926 9100
    394 13 12 21.415866 13 12 21.425267 9100
    395 13 12 21.425892 13 12 21.435269 9100
    396 13 12 21.435877 13 12 21.445368 9100
    397 13 12 21.445889 13 12 21.455434 9100
    398 13 12 21.455895 13 12 21.465229 9100
    399 13 12 21.465900 13 12 21.475297 9100
    400 13 12 21.475918 13 12 21.491246 9100
    401 13 12 21.485897 13 12 21.498803 9100
    402 13 12 21.495823 13 12 21.506454 9100
    403 13 12 21.505821 13 12 21.515017 9100
    404 13 12 21.515820 13 12 21.525007 9100
    405 13 12 21.525821 13 12 21.535039 9100
    406 13 12 21.535820 13 12 21.545417 9100
    407 13 12 21.545798 13 12 21.555866 9100
    408 13 12 21.555897 13 12 21.565290 9100
    409 13 12 21.565834 13 12 21.575240 9100
    410 13 12 21.575870 13 12 21.585277 9100
    411 13 12 21.585892 13 12 21.595328 9100
    412 13 12 21.595826 13 12 21.605288 9100
    413 13 12 21.605906 13 12 21.615359 9100
    414 13 12 21.615822 13 12 21.625136 9100
    415 13 12 21.625887 13 12 21.635224 9100
    416 13 12 21.635896 13 12 21.645347 9100
    417 13 12 21.645931 13 12 21.655272 9100
    418 13 12 21.655974 13 12 21.665475 9100
    419 13 12 21.665896 13 12 21.675401 9100
    420 13 12 21.675844 13 12 21.685285 9100
    421 13 12 21.685838 13 12 21.695028 9100
    422 13 12 21.695820 13 12 21.705013 9100
    423 13 12 21.705821 13 12 21.716038 9100
    424 13 12 21.715849 13 12 21.725863 9100
    425 13 12 21.725802 13 12 21.734998 9100
    426 13 12 21.735818 13 12 21.745324 9100
    427 13 12 21.745827 13 12 21.755185 9100
    428 13 12 21.755849 13 12 21.765294 9100
    429 13 12 21.765893 13 12 21.775169 9100
    430 13 12 21.775880 13 12 21.785221 9100
    431 13 12 21.785830 13 12 21.795024 9100
    432 13 12 21.795829 13 12 21.805696 9100
    433 13 12 21.805823 13 12 21.815746 9100
    434 13 12 21.815889 13 12 21.825307 9100
    435 13 12 21.825896 13 12 21.835235 9100
    436 13 12 21.835875 13 12 21.845283 9100
    437 13 12 21.845832 13 12 21.855215 9100
    438 13 12 21.855899 13 12 21.865936 9100
    439 13 12 21.865885 13 12 21.875298 9100
    440 13 12 21.875827 13 12 21.885255 9100
    441 13 12 21.885815 13 12 21.894988 9100
    442 13 12 21.895838 13 12 21.905013 9100
    443 13 12 21.905819 13 12 21.915003 9100
    444 13 12 21.915821 13 12 21.925005 9100
    445 13 12 21.925826 13 12 21.935071 9100
    446 13 12 21.935822 13 12 21.945647 9100
    447 13 12 21.945826 13 12 21.955314 9100
    448 13 12 21.955826 13 12 21.965320 9100
    449 13 12 21.965941 13 12 21.975425 9100
    450 13 12 21.975881 13 12 21.991219 9100
    451 13 12 21.985852 13 12 21.998912 9100
    452 13 12 21.995826 13 12 22.006586 9100
    453 13 12 22.005904 13 12 22.015343 9100
    454 13 12 22.015906 13 12 22.025266 9100
    455 13 12 22.025898 13 12 22.035350 9100
    456 13 12 22.035879 13 12 22.045266 9100
    457 13 12 22.045951 13 12 22.055392 9100
    458 13 12 22.055893 13 12 22.065321 9100
    459 13 12 22.065839 13 12 22.075291 9100
    460 13 12 22.075845 13 12 22.085481 9100
    461 13 12 22.085965 13 12 22.095403 9100
    462 13 12 22.095883 13 12 22.105171 9100
    463 13 12 22.105927 13 12 22.115200 9100
    464 13 12 22.115845 13 12 22.126315 9100
    465 13 12 22.125837 13 12 22.135034 9100
    466 13 12 22.135832 13 12 22.145257 9100
    467 13 12 22.145897 13 12 22.155384 9100
    468 13 12 22.155962 13 12 22.165493 9100
    469 13 12 22.165903 13 12 22.175171 9100
    470 13 12 22.175883 13 12 22.185584 9100
    471 13 12 22.185853 13 12 22.196049 9100
    472 13 12 22.195841 13 12 22.205417 9100
    473 13 12 22.205836 13 12 22.215288 9100
    474 13 12 22.215878 13 12 22.225366 9100
    475 13 12 22.225843 13 12 22.235289 9100
    476 13 12 22.235893 13 12 22.245321 9100
    477 13 12 22.245889 13 12 22.255292 9100
    478 13 12 22.255890 13 12 22.265388 9100
    479 13 12 22.265865 13 12 22.275970 9100
    480 13 12 22.275842 13 12 22.285091 9100
    481 13 12 22.285837 13 12 22.295028 9100
    482 13 12 22.295825 13 12 22.306048 9100
    483 13 12 22.305827 13 12 22.315024 9100
    484 13 12 22.315820 13 12 22.325047 9100
    485 13 12 22.325824 13 12 22.335086 9100
    486 13 12 22.335820 13 12 22.345321 9100
    487 13 12 22.345893 13 12 22.355249 9100
    488 13 12 22.355882 13 12 22.365162 9100
    489 13 12 22.365899 13 12 22.375260 9100
    490 13 12 22.375820 13 12 22.385356 9100
    491 13 12 22.385836 13 12 22.395042 9100
    492 13 12 22.395821 13 12 22.406158 9100
    493 13 12 22.405927 13 12 22.415240 9100
    494 13 12 22.415821 13 12 22.425312 9100
    495 13 12 22.425982 13 12 22.435393 9100
    496 13 12 22.435818 13 12 22.445260 9100
    497 13 12 22.445885 13 12 22.455207 9100
    498 13 12 22.455819 13 12 22.465199 9100
    499 13 12 22.465893 13 12 22.475263 9100
    500 13 12 22.475823 13 12 22.490982 9100
    501 13 12 22.485824 13 12 22.498626 9100
    502 13 12 22.495824 13 12 22.506304 9100
    503 13 12 22.505842 13 12 22.515035 9100
    504 13 12 22.515874 13 12 22.525071 9100
    505 13 12 22.525829 13 12 22.535080 9100
    506 13 12 22.535872 13 12 22.546050 9100
    507 13 12 22.545977 13 12 22.555528 9100
    508 13 12 22.555893 13 12 22.565304 9100
    509 13 12 22.565878 13 12 22.575289 9100
    510 13 12 22.575874 13 12 22.586120 9100
    511 13 12 22.585819 13 12 22.595041 9100
    512 13 12 22.595810 13 12 22.606045 9100
    513 13 12 22.605892 13 12 22.615372 9100
    514 13 12 22.615849 13 12 22.625384 9100
    515 13 12 22.625823 13 12 22.635273 9100
    516 13 12 22.635898 13 12 22.645347 9100
    517 13 12 22.645891 13 12 22.655257 9100
    518 13 12 22.655888 13 12 22.666274 9100
    519 13 12 22.666173 13 12 22.675706 9100
    520 13 12 22.675895 13 12 22.685990 9100
    521 13 12 22.685818 13 12 22.695136 9100
    522 13 12 22.695838 13 12 22.705057 9100
    523 13 12 22.705822 13 12 22.715119 9100
    524 13 12 22.715842 13 12 22.725125 9100
    525 13 12 22.725830 13 12 22.735046 9100
    526 13 12 22.735827 13 12 22.745476 9100
    527 13 12 22.746549 13 12 22.756826 9100
    528 13 12 22.755890 13 12 22.765412 9100
    529 13 12 22.765872 13 12 22.775289 9100
    530 13 12 22.775895 13 12 22.785275 9100
    531 13 12 22.785893 13 12 22.795615 9100
    532 13 12 22.795926 13 12 22.805440 9100
    533 13 12 22.806008 13 12 22.815481 9100
    534 13 12 22.815885 13 12 22.825372 9100
    535 13 12 22.825922 13 12 22.835262 9100
    536 13 12 22.835884 13 12 22.845307 9100
    537 13 12 22.845852 13 12 22.855122 9100
    538 13 12 22.855817 13 12 22.865531 9100
    539 13 12 22.865895 13 12 22.875341 9100
    540 13 12 22.875941 13 12 22.885359 9100
    541 13 12 22.885901 13 12 22.895226 9100
    542 13 12 22.895824 13 12 22.905014 9100
    543 13 12 22.905806 13 12 22.915002 9100
    544 13 12 22.915820 13 12 22.925018 9100
    545 13 12 22.925808 13 12 22.935003 9100
    546 13 12 22.935829 13 12 22.945734 9100
    547 13 12 22.945861 13 12 22.956012 9100
    548 13 12 22.955946 13 12 22.965220 9100
    549 13 12 22.965900 13 12 22.975291 9100
    550 13 12 22.975916 13 12 22.991281 9100
    551 13 12 22.985921 13 12 22.998885 9100
    552 13 12 22.995834 13 12 23.006779 9100
    553 13 12 23.006464 13 12 23.015996 9100
    554 13 12 23.015882 13 12 23.025316 9100
    555 13 12 23.025818 13 12 23.035343 9100
    556 13 12 23.035886 13 12 23.045380 9100
    557 13 12 23.045891 13 12 23.055316 9100
    558 13 12 23.055886 13 12 23.065294 9100
    559 13 12 23.065895 13 12 23.075333 9100
    560 13 12 23.075887 13 12 23.085276 9100
    561 13 12 23.085843 13 12 23.095372 9100
    562 13 12 23.095835 13 12 23.105122 9100
    563 13 12 23.105836 13 12 23.115090 9100
    564 13 12 23.115845 13 12 23.125112 9100
    565 13 12 23.125824 13 12 23.135048 9100
    566 13 12 23.135846 13 12 23.147030 9100
    567 13 12 23.146588 13 12 23.156262 9100
    568 13 12 23.155906 13 12 23.166312 9100
    569 13 12 23.165849 13 12 23.175328 9100
    570 13 12 23.175899 13 12 23.185490 9100
    571 13 12 23.185836 13 12 23.195036 9100
    572 13 12 23.195821 13 12 23.206210 9100
    573 13 12 23.205854 13 12 23.215279 9100
    574 13 12 23.215879 13 12 23.225345 9100
    575 13 12 23.225822 13 12 23.235255 9100
    576 13 12 23.235887 13 12 23.245336 9100
    577 13 12 23.245895 13 12 23.255244 9100
    578 13 12 23.255897 13 12 23.265395 9100
    579 13 12 23.265896 13 12 23.275316 9100
    580 13 12 23.275887 13 12 23.285337 9100
    581 13 12 23.285892 13 12 23.295203 9100
    582 13 12 23.295808 13 12 23.304995 9100
    583 13 12 23.305838 13 12 23.315090 9100
    584 13 12 23.315822 13 12 23.324998 9100
    585 13 12 23.325814 13 12 23.335159 9100
    586 13 12 23.335823 13 12 23.346347 9100
    587 13 12 23.345871 13 12 23.355388 9100
    588 13 12 23.355890 13 12 23.365276 9100
    589 13 12 23.365991 13 12 23.375519 9100
    590 13 12 23.375909 13 12 23.385386 9100
    591 13 12 23.385895 13 12 23.395409 9100
    592 13 12 23.396768 13 12 23.407727 9100
    593 13 12 23.406559 13 12 23.416140 9100
    594 13 12 23.415890 13 12 23.426047 9100
    595 13 12 23.425986 13 12 23.435558 9100
    596 13 12 23.435891 13 12 23.445244 9100
    597 13 12 23.445972 13 12 23.455376 9100
    598 13 12 23.455895 13 12 23.465267 9100
    599 13 12 23.465831 13 12 23.475256 9100
    600 13 12 23.475926 13 12 23.491592 9100
    601 13 12 23.485835 13 12 23.499462 9100
    602 13 12 23.495968 13 12 23.506419 9100
    603 13 12 23.505839 13 12 23.515070 9100
    604 13 12 23.515822 13 12 23.525007 9100
    605 13 12 23.525821 13 12 23.535132 9100
    606 13 12 23.535820 13 12 23.545901 9100
    607 13 12 23.545757 13 12 23.555088 9100
    608 13 12 23.555842 13 12 23.565229 9100
    609 13 12 23.565892 13 12 23.575348 9100
    610 13 12 23.575887 13 12 23.585312 9100
    611 13 12 23.585871 13 12 23.595202 9100
    612 13 12 23.595832 13 12 23.605087 9100
    613 13 12 23.605834 13 12 23.616645 9100
    614 13 12 23.615946 13 12 23.626000 9100
    615 13 12 23.625934 13 12 23.635314 9100
    616 13 12 23.635844 13 12 23.645268 9100
    617 13 12 23.645887 13 12 23.655339 9100
    618 13 12 23.655886 13 12 23.665161 9100
    619 13 12 23.665886 13 12 23.675330 9100
    620 13 12 23.675883 13 12 23.685249 9100
    621 13 12 23.685886 13 12 23.695358 9100
    622 13 12 23.695827 13 12 23.705035 9100
    623 13 12 23.705819 13 12 23.715001 9100
    624 13 12 23.715823 13 12 23.726008 9100
    625 13 12 23.725842 13 12 23.735050 9100
    626 13 12 23.735820 13 12 23.745702 9100
    627 13 12 23.746020 13 12 23.755897 9100
    628 13 12 23.755946 13 12 23.766196 9100
    629 13 12 23.765892 13 12 23.775392 9100
    630 13 12 23.775880 13 12 23.785325 9100
    631 13 12 23.785833 13 12 23.795055 9100
    632 13 12 23.795822 13 12 23.805136 9100
    633 13 12 23.805886 13 12 23.816683 9100
    634 13 12 23.816123 13 12 23.826670 9100
    635 13 12 23.826596 13 12 23.836211 9100
    636 13 12 23.835971 13 12 23.846288 9100
    637 13 12 23.846059 13 12 23.855370 9100
    638 13 12 23.855889 13 12 23.865255 9100
    639 13 12 23.865905 13 12 23.875659 9100
    640 13 12 23.875900 13 12 23.885197 9100
    641 13 12 23.885819 13 12 23.895143 9100
    642 13 12 23.895803 13 12 23.905214 9100
    643 13 12 23.905830 13 12 23.915016 9100
    644 13 12 23.915820 13 12 23.925032 9100
    645 13 12 23.925806 13 12 23.934951 9100
    646 13 12 23.935833 13 12 23.947093 9100
    647 13 12 23.946131 13 12 23.956096 9100
    648 13 12 23.956030 13 12 23.965524 9100
    649 13 12 23.965907 13 12 23.975328 9100
    650 13 12 23.975881 13 12 23.991298 9100
    651 13 12 23.985890 13 12 23.998711 9100
    652 13 12 23.995826 13 12 24.006501 9100
    653 13 12 24.005893 13 12 24.016452 9100
    654 13 12 24.015820 13 12 24.025862 9100
    655 13 12 24.025880 13 12 24.036070 9100
    656 13 12 24.035941 13 12 24.045287 9100
    657 13 12 24.045895 13 12 24.055333 9100
    658 13 12 24.055907 13 12 24.065270 9100
    659 13 12 24.065846 13 12 24.075261 9100
    660 13 12 24.075894 13 12 24.085383 9100
    661 13 12 24.085836 13 12 24.095327 9100
    662 13 12 24.095864 13 12 24.105060 9100
    663 13 12 24.105827 13 12 24.115013 9100
    664 13 12 24.115819 13 12 24.125016 9100
    665 13 12 24.125821 13 12 24.135017 9100
    666 13 12 24.135819 13 12 24.146162 9100
    667 13 12 24.145939 13 12 24.156206 9100
    668 13 12 24.155906 13 12 24.165461 9100
    669 13 12 24.165942 13 12 24.175333 9100
    670 13 12 24.175936 13 12 24.185411 9100
    671 13 12 24.185832 13 12 24.195471 9100
    672 13 12 24.196715 13 12 24.206184 9100
    673 13 12 24.205874 13 12 24.216277 9100
    674 13 12 24.215869 13 12 24.225211 9100
    675 13 12 24.225819 13 12 24.235392 9100
    676 13 12 24.235846 13 12 24.245201 9100
    677 13 12 24.245898 13 12 24.255375 9100
    678 13 12 24.255897 13 12 24.265368 9100
    679 13 12 24.265833 13 12 24.275410 9100
    680 13 12 24.275887 13 12 24.285244 9100
    681 13 12 24.285896 13 12 24.295211 9100
    682 13 12 24.295891 13 12 24.305171 9100
    683 13 12 24.305823 13 12 24.315014 9100
    684 13 12 24.315806 13 12 24.325012 9100
    685 13 12 24.325807 13 12 24.335001 9100
    686 13 12 24.335820 13 12 24.345047 9100
    687 13 12 24.345817 13 12 24.356246 9100
    688 13 12 24.355889 13 12 24.365386 9100
    689 13 12 24.365881 13 12 24.375199 9100
    690 13 12 24.375838 13 12 24.385318 9100
    691 13 12 24.386043 13 12 24.395458 9100
    692 13 12 24.395949 13 12 24.405473 9100
    693 13 12 24.405865 13 12 24.415578 9100
    694 13 12 24.415886 13 12 24.425354 9100
    695 13 12 24.425895 13 12 24.435517 9100
    696 13 12 24.435864 13 12 24.445342 9100
    697 13 12 24.445906 13 12 24.455335 9100
    698 13 12 24.455887 13 12 24.465237 9100
    699 13 12 24.465890 13 12 24.475282 9100
    700 13 12 24.475887 13 12 24.491105 9100
    701 13 12 24.485824 13 12 24.498909 9100
    702 13 12 24.495891 13 12 24.506423 9100
    703 13 12 24.505831 13 12 24.515025 9100
    704 13 12 24.515820 13 12 24.525030 9100
    705 13 12 24.525822 13 12 24.535029 9100
    706 13 12 24.535819 13 12 24.545055 9100
    707 13 12 24.545985 13 12 24.557045 9100
    708 13 12 24.555851 13 12 24.565335 9100
    709 13 12 24.565840 13 12 24.576119 9100
    710 13 12 24.576011 13 12 24.585481 9100
    711 13 12 24.585847 13 12 24.595273 9100
    712 13 12 24.595898 13 12 24.605350 9100
    713 13 12 24.605930 13 12 24.616475 9100
    714 13 12 24.616405 13 12 24.625976 9100
    715 13 12 24.625817 13 12 24.635984 9100
    716 13 12 24.635916 13 12 24.645400 9100
    717 13 12 24.645831 13 12 24.655325 9100
    718 13 12 24.655881 13 12 24.665252 9100
    719 13 12 24.665890 13 12 24.675353 9100
    720 13 12 24.675903 13 12 24.685359 9100
    721 13 12 24.685933 13 12 24.695114 9100
    722 13 12 24.695827 13 12 24.705030 9100
    723 13 12 24.705822 13 12 24.715009 9100
    724 13 12 24.715820 13 12 24.725021 9100
    725 13 12 24.725819 13 12 24.735072 9100
    726 13 12 24.735845 13 12 24.746365 9100
    727 13 12 24.746300 13 12 24.757063 9100
    728 13 12 24.756613 13 12 24.766120 9100
    729 13 12 24.765909 13 12 24.775265 9100
    730 13 12 24.775880 13 12 24.785316 9100
    731 13 12 24.785904 13 12 24.795345 9100
    732 13 12 24.795826 13 12 24.805122 9100
    733 13 12 24.805842 13 12 24.817190 9100
    734 13 12 24.815842 13 12 24.827107 9100
    735 13 12 24.826066 13 12 24.835566 9100
    736 13 12 24.835888 13 12 24.845711 9100
    737 13 12 24.845780 13 12 24.855216 9100
    738 13 12 24.855882 13 12 24.865368 9100
    739 13 12 24.865887 13 12 24.875263 9100
    740 13 12 24.875885 13 12 24.885283 9100
    741 13 12 24.885892 13 12 24.895436 9100
    742 13 12 24.895884 13 12 24.905193 9100
    743 13 12 24.905830 13 12 24.915030 9100
    744 13 12 24.915820 13 12 24.925055 9100
    745 13 12 24.925820 13 12 24.934992 9100
    746 13 12 24.935853 13 12 24.945211 9100
    747 13 12 24.946041 13 12 24.956503 9100
    748 13 12 24.955901 13 12 24.965327 9100
    749 13 12 24.965904 13 12 24.975262 9100
    750 13 12 24.975822 13 12 24.991046 9100
    751 13 12 24.985851 13 12 24.998653 9100
    752 13 12 24.995826 13 12 25.006443 9100
    753 13 12 25.005880 13 12 25.016512 9100
    754 13 12 25.015905 13 12 25.025961 9100
    755 13 12 25.025901 13 12 25.035474 9100
    756 13 12 25.035904 13 12 25.045397 9100
    757 13 12 25.045892 13 12 25.055358 9100
    758 13 12 25.055882 13 12 25.065308 9100
    759 13 12 25.065885 13 12 25.075307 9100
    760 13 12 25.075905 13 12 25.085333 9100
    761 13 12 25.085893 13 12 25.095231 9100
    762 13 12 25.095822 13 12 25.105015 9100
    763 13 12 25.105820 13 12 25.115031 9100
    764 13 12 25.115821 13 12 25.125001 9100
    765 13 12 25.125820 13 12 25.135014 9100
    766 13 12 25.135808 13 12 25.146011 9100
    767 13 12 25.145939 13 12 25.156304 9100
    768 13 12 25.155909 13 12 25.165289 9100
    769 13 12 25.165901 13 12 25.175329 9100
    770 13 12 25.175868 13 12 25.185342 9100
    771 13 12 25.185887 13 12 25.195249 9100
    772 13 12 25.195823 13 12 25.205107 9100
    773 13 12 25.205915 13 12 25.215999 9100
    774 13 12 25.215821 13 12 25.225495 9100
    775 13 12 25.225898 13 12 25.235451 9100
    776 13 12 25.235887 13 12 25.245314 9100
    777 13 12 25.245886 13 12 25.255348 9100
    778 13 12 25.255890 13 12 25.265177 9100
    779 13 12 25.265831 13 12 25.275241 9100
    780 13 12 25.275818 13 12 25.285278 9100
    781 13 12 25.285893 13 12 25.295536 9100
    782 13 12 25.295822 13 12 25.304998 9100
    783 13 12 25.305817 13 12 25.314999 9100
    784 13 12 25.315826 13 12 25.325160 9100
    785 13 12 25.325817 13 12 25.334976 9100
    786 13 12 25.335853 13 12 25.345244 9100
    787 13 12 25.345855 13 12 25.356013 9100
    788 13 12 25.355935 13 12 25.366116 9100
    789 13 12 25.365777 13 12 25.375419 9100
    790 13 12 25.375921 13 12 25.385403 9100
    791 13 12 25.385878 13 12 25.395506 9100
    792 13 12 25.396059 13 12 25.406033 9100
    793 13 12 25.405937 13 12 25.416475 9100
    794 13 12 25.415908 13 12 25.426231 9100
    795 13 12 25.425889 13 12 25.435318 9100
    796 13 12 25.435904 13 12 25.445423 9100
    797 13 12 25.445986 13 12 25.455362 9100
    798 13 12 25.455888 13 12 25.465496 9100
    799 13 12 25.465952 13 12 25.475435 9100
    800 13 12 25.475826 13 12 25.491232 9100
    801 13 12 25.485901 13 12 25.498751 9100
    802 13 12 25.495892 13 12 25.506371 9100
    803 13 12 25.505821 13 12 25.515014 9100
    804 13 12 25.515820 13 12 25.525050 9100
    805 13 12 25.525826 13 12 25.535035 9100
    806 13 12 25.535827 13 12 25.546322 9100
    807 13 12 25.545860 13 12 25.556642 9100
    808 13 12 25.555900 13 12 25.565214 9100
    809 13 12 25.565892 13 12 25.575192 9100
    810 13 12 25.575884 13 12 25.585370 9100
    811 13 12 25.585895 13 12 25.595266 9100
    812 13 12 25.595887 13 12 25.605375 9100
    813 13 12 25.605909 13 12 25.615368 9100
    814 13 12 25.615914 13 12 25.625638 9100
    815 13 12 25.625935 13 12 25.635522 9100
    816 13 12 25.635909 13 12 25.645254 9100
    817 13 12 25.645824 13 12 25.655318 9100
    818 13 12 25.655895 13 12 25.665278 9100
    819 13 12 25.665908 13 12 25.675243 9100
    820 13 12 25.675886 13 12 25.685448 9100
    821 13 12 25.685895 13 12 25.695340 9100
    822 13 12 25.695885 13 12 25.705277 9100
    823 13 12 25.705832 13 12 25.715021 9100
    824 13 12 25.715820 13 12 25.725014 9100
    825 13 12 25.725819 13 12 25.735030 9100
    826 13 12 25.735818 13 12 25.745263 9100
    827 13 12 25.745879 13 12 25.756660 9100
    828 13 12 25.756537 13 12 25.766038 9100
    829 13 12 25.765851 13 12 25.775179 9100
    830 13 12 25.775877 13 12 25.785381 9100
    831 13 12 25.785893 13 12 25.795452 9100
    832 13 12 25.795825 13 12 25.805019 9100
    833 13 12 25.805907 13 12 25.816455 9100
    834 13 12 25.815923 13 12 25.826214 9100
    835 13 12 25.825856 13 12 25.836100 9100
    836 13 12 25.835895 13 12 25.845369 9100
    837 13 12 25.845900 13 12 25.855302 9100
    838 13 12 25.855890 13 12 25.865276 9100
    839 13 12 25.865888 13 12 25.875311 9100
    840 13 12 25.875889 13 12 25.885943 9100
    841 13 12 25.885899 13 12 25.895178 9100
    842 13 12 25.895821 13 12 25.905014 9100
    843 13 12 25.905843 13 12 25.915022 9100
    844 13 12 25.915808 13 12 25.924962 9100
    845 13 12 25.925841 13 12 25.935029 9100
    846 13 12 25.935822 13 12 25.945166 9100
    847 13 12 25.945847 13 12 25.955928 9100
    848 13 12 25.955853 13 12 25.966007 9100
    849 13 12 25.965837 13 12 25.975262 9100
    850 13 12 25.975885 13 12 25.991220 9100
    851 13 12 25.985980 13 12 25.999447 9100
    852 13 12 25.995871 13 12 26.006481 9100
    853 13 12 26.005832 13 12 26.015449 9100
    854 13 12 26.015855 13 12 26.026012 9100
    855 13 12 26.025961 13 12 26.035471 9100
    856 13 12 26.035899 13 12 26.045345 9100
    857 13 12 26.045902 13 12 26.055389 9100
    858 13 12 26.055890 13 12 26.065276 9100
    859 13 12 26.065894 13 12 26.075279 9100
    860 13 12 26.075886 13 12 26.085363 9100
    861 13 12 26.085864 13 12 26.095221 9100
    862 13 12 26.095821 13 12 26.105018 9100
    863 13 12 26.105833 13 12 26.115034 9100
    864 13 12 26.115819 13 12 26.125005 9100
    865 13 12 26.125883 13 12 26.135086 9100
    866 13 12 26.135892 13 12 26.145168 9100
    867 13 12 26.145886 13 12 26.158594 9100
    868 13 12 26.155851 13 12 26.165904 9100
    869 13 12 26.165838 13 12 26.175304 9100
    870 13 12 26.175885 13 12 26.185258 9100
    871 13 12 26.185894 13 12 26.195222 9100
    872 13 12 26.195886 13 12 26.205535 9100
    873 13 12 26.205833 13 12 26.215236 9100
    874 13 12 26.215878 13 12 26.226044 9100
    875 13 12 26.225940 13 12 26.235461 9100
    876 13 12 26.235918 13 12 26.245328 9100
    877 13 12 26.245906 13 12 26.255375 9100
    878 13 12 26.255838 13 12 26.265208 9100
    879 13 12 26.265892 13 12 26.275271 9100
    880 13 12 26.275894 13 12 26.285235 9100
    881 13 12 26.285816 13 12 26.295003 9100
    882 13 12 26.295822 13 12 26.305002 9100
    883 13 12 26.305820 13 12 26.315017 9100
    884 13 12 26.315819 13 12 26.325037 9100
    885 13 12 26.325821 13 12 26.334983 9100
    886 13 12 26.335816 13 12 26.345112 9100
    887 13 12 26.345828 13 12 26.355499 9100
    888 13 12 26.355910 13 12 26.365307 9100
    889 13 12 26.365988 13 12 26.375326 9100
    890 13 12 26.375861 13 12 26.386279 9100
    891 13 12 26.386215 13 12 26.396467 9100
    892 13 12 26.396049 13 12 26.406493 9100
    893 13 12 26.405834 13 12 26.417179 9100
    894 13 12 26.416026 13 12 26.425578 9100
    895 13 12 26.425905 13 12 26.435548 9100
    896 13 12 26.435936 13 12 26.445529 9100
    897 13 12 26.445917 13 12 26.455297 9100
    898 13 12 26.455880 13 12 26.465236 9100
    899 13 12 26.465900 13 12 26.475400 9100
    900 13 12 26.475895 13 12 26.491441 9100
    901 13 12 26.485966 13 12 26.499030 9100
    902 13 12 26.496051 13 12 26.506691 9100
    903 13 12 26.505839 13 12 26.515160 9100
    904 13 12 26.515850 13 12 26.525126 9100
    905 13 12 26.525818 13 12 26.535153 9100
    906 13 12 26.535820 13 12 26.546129 9100
    907 13 12 26.545913 13 12 26.556094 9100
    908 13 12 26.555890 13 12 26.566020 9100
    909 13 12 26.565954 13 12 26.575400 9100
    910 13 12 26.575889 13 12 26.585309 9100
    911 13 12 26.585906 13 12 26.595333 9100
    912 13 12 26.595821 13 12 26.605153 9100
    913 13 12 26.605829 13 12 26.615145 9100
    914 13 12 26.616032 13 12 26.626774 9100
    915 13 12 26.625865 13 12 26.635366 9100
    916 13 12 26.635846 13 12 26.645237 9100
    917 13 12 26.645890 13 12 26.656076 9100
    918 13 12 26.655965 13 12 26.665399 9100
    919 13 12 26.665904 13 12 26.675481 9100
    920 13 12 26.675972 13 12 26.685628 9100
    921 13 12 26.686008 13 12 26.695768 9100
    922 13 12 26.695835 13 12 26.705366 9100
    923 13 12 26.705884 13 12 26.715475 9100
    924 13 12 26.715848 13 12 26.725068 9100
    925 13 12 26.725812 13 12 26.735056 9100
    926 13 12 26.735824 13 12 26.745079 9100
    927 13 12 26.746079 13 12 26.756230 9100
    928 13 12 26.755946 13 12 26.765762 9100
    929 13 12 26.765913 13 12 26.775565 9100
    930 13 12 26.775893 13 12 26.785299 9100
    931 13 12 26.785904 13 12 26.795342 9100
    932 13 12 26.795887 13 12 26.805196 9100
    933 13 12 26.805831 13 12 26.816144 9100
    934 13 12 26.816024 13 12 26.826529 9100
    935 13 12 26.825905 13 12 26.835998 9100
    936 13 12 26.835871 13 12 26.845257 9100
    937 13 12 26.845884 13 12 26.855696 9100
    938 13 12 26.855864 13 12 26.865317 9100
    939 13 12 26.865891 13 12 26.876256 9100
    940 13 12 26.875900 13 12 26.885394 9100
    941 13 12 26.885996 13 12 26.895361 9100
    942 13 12 26.895886 13 12 26.905148 9100
    943 13 12 26.905812 13 12 26.914994 9100
    944 13 12 26.915834 13 12 26.925225 9100
    945 13 12 26.925813 13 12 26.935016 9100
    946 13 12 26.935822 13 12 26.945098 9100
    947 13 12 26.945827 13 12 26.955445 9100
    948 13 12 26.955894 13 12 26.966452 9100
    949 13 12 26.965890 13 12 26.975303 9100
    950 13 12 26.975895 13 12 26.991251 9100
    951 13 12 26.985894 13 12 26.998923 9100
    952 13 12 26.996034 13 12 27.006412 9100
    953 13 12 27.005814 13 12 27.015070 9100
    954 13 12 27.015927 13 12 27.025628 9100
    955 13 12 27.025862 13 12 27.036135 9100
    956 13 12 27.036041 13 12 27.045642 9100
    957 13 12 27.045953 13 12 27.055482 9100
    958 13 12 27.055932 13 12 27.065373 9100
    959 13 12 27.065825 13 12 27.075230 9100
    960 13 12 27.075934 13 12 27.085315 9100
    961 13 12 27.085930 13 12 27.095590 9100
    962 13 12 27.095846 13 12 27.105335 9100
    963 13 12 27.105913 13 12 27.115369 9100
    964 13 12 27.115894 13 12 27.127120 9100
    965 13 12 27.126802 13 12 27.136109 9100
    966 13 12 27.135964 13 12 27.146070 9100
    967 13 12 27.145852 13 12 27.156089 9100
    968 13 12 27.155889 13 12 27.165420 9100
    969 13 12 27.166433 13 12 27.176017 9100
    970 13 12 27.175972 13 12 27.185517 9100
    971 13 12 27.185900 13 12 27.196173 9100
    972 13 12 27.195986 13 12 27.205497 9100
    973 13 12 27.205897 13 12 27.215499 9100
    974 13 12 27.215832 13 12 27.226312 9100
    975 13 12 27.225854 13 12 27.235443 9100
    976 13 12 27.235903 13 12 27.245356 9100
    977 13 12 27.245884 13 12 27.255319 9100
    978 13 12 27.255893 13 12 27.265366 9100
    979 13 12 27.265938 13 12 27.275435 9100
    980 13 12 27.275895 13 12 27.285337 9100
    981 13 12 27.285834 13 12 27.295187 9100
    982 13 12 27.295911 13 12 27.305289 9100
    983 13 12 27.305893 13 12 27.315359 9100
    984 13 12 27.315871 13 12 27.325219 9100
    985 13 12 27.325831 13 12 27.335039 9100
    986 13 12 27.335820 13 12 27.345337 9100
    987 13 12 27.345870 13 12 27.356169 9100
    988 13 12 27.355883 13 12 27.365967 9100
    989 13 12 27.365905 13 12 27.375429 9100
    990 13 12 27.375896 13 12 27.385283 9100
    991 13 12 27.385905 13 12 27.396065 9100
    992 13 12 27.395831 13 12 27.405066 9100
    993 13 12 27.405822 13 12 27.415032 9100
    994 13 12 27.415821 13 12 27.426255 9100
    995 13 12 27.426190 13 12 27.436654 9100
    996 13 12 27.436357 13 12 27.446021 9100
    997 13 12 27.445797 13 12 27.455172 9100
    998 13 12 27.455888 13 12 27.465370 9100
    999 13 12 27.465901 13 12 27.475274 9100
   1000 13 12 27.475885 13 12 27.491217 9100
