      1 13 5 12.415888 13 5 12.415888 9700
      2 13 5 12.426055 13 5 12.426055 9700
      3 13 5 12.435995 13 5 12.435995 9700
      4 13 5 12.446087 13 5 12.446087 9700
      5 13 5 12.456047 13 5 12.456047 9700
      6 13 5 12.466070 13 5 12.466070 9700
      7 13 5 12.476055 13 5 12.476055 9700
      8 13 5 12.486055 13 5 12.486055 9700
      9 13 5 12.496119 13 5 12.496119 9700
     10 13 5 12.506178 13 5 12.506178 9700
     11 13 5 12.516024 13 5 12.516024 9700
     12 13 5 12.526001 13 5 12.526001 9700
     13 13 5 12.536087 13 5 12.536087 9700
     14 13 5 12.546060 13 5 12.546060 9700
     15 13 5 12.556048 13 5 12.556048 9700
     16 13 5 12.565996 13 5 12.565996 9700
     17 13 5 12.576050 13 5 12.576050 9700
     18 13 5 12.585990 13 5 12.585990 9700
     19 13 5 12.596000 13 5 12.596000 9700
     20 13 5 12.606923 13 5 12.606923 9700
     21 13 5 12.616322 13 5 12.616322 9700
     22 13 5 12.626049 13 5 12.626049 9700
     23 13 5 12.636112 13 5 12.636112 9700
     24 13 5 12.645984 13 5 12.645984 9700
     25 13 5 12.656102 13 5 12.656102 9700
     26 13 5 12.665993 13 5 12.665993 9700
     27 13 5 12.676071 13 5 12.676071 9700
     28 13 5 12.686026 13 5 12.686026 9700
     29 13 5 12.696087 13 5 12.696087 9700
     30 13 5 12.706077 13 5 12.706077 9700
     31 13 5 12.716011 13 5 12.716011 9700
     32 13 5 12.726110 13 5 12.726110 9700
     33 13 5 12.736031 13 5 12.736031 9700
     34 13 5 12.746052 13 5 12.746052 9700
     35 13 5 12.756171 13 5 12.756171 9700
     36 13 5 12.766078 13 5 12.766078 9700
     37 13 5 12.776061 13 5 12.776061 9700
     38 13 5 12.785989 13 5 12.785989 9700
     39 13 5 12.795987 13 5 12.795987 9700
     40 13 5 12.805989 13 5 12.805989 9700
     41 13 5 12.816133 13 5 12.816133 9700
     42 13 5 12.826197 13 5 12.826197 9700
     43 13 5 12.836057 13 5 12.836057 9700
     44 13 5 12.846066 13 5 12.846066 9700
     45 13 5 12.856056 13 5 12.856056 9700
     46 13 5 12.866073 13 5 12.866073 9700
     47 13 5 12.875987 13 5 12.875987 9700
     48 13 5 12.886065 13 5 12.886065 9700
     49 13 5 12.896060 13 5 12.896060 9700
     50 13 5 12.906008 13 5 12.906008 9700
     51 13 5 12.916069 13 5 12.916069 9700
     52 13 5 12.925993 13 5 12.925993 9700
     53 13 5 12.936075 13 5 12.936075 9700
     54 13 5 12.946082 13 5 12.946082 9700
     55 13 5 12.956068 13 5 12.956068 9700
     56 13 5 12.966086 13 5 12.966086 9700
     57 13 5 12.975993 13 5 12.975993 9700
     58 13 5 12.985965 13 5 12.985965 9700
     59 13 5 12.995988 13 5 12.995988 9700
     60 13 5 13.005988 13 5 13.005988 9700
     61 13 5 13.016040 13 5 13.016040 9700
     62 13 5 13.026061 13 5 13.026061 9700
     63 13 5 13.036006 13 5 13.036006 9700
     64 13 5 13.046013 13 5 13.046013 9700
     65 13 5 13.056044 13 5 13.056044 9700
     66 13 5 13.065993 13 5 13.065993 9700
     67 13 5 13.076057 13 5 13.076057 9700
     68 13 5 13.086054 13 5 13.086054 9700
     69 13 5 13.095988 13 5 13.095988 9700
     70 13 5 13.105994 13 5 13.105994 9700
     71 13 5 13.115990 13 5 13.115990 9700
     72 13 5 13.125989 13 5 13.125989 9700
     73 13 5 13.136093 13 5 13.136093 9700
     74 13 5 13.146084 13 5 13.146084 9700
     75 13 5 13.156059 13 5 13.156059 9700
     76 13 5 13.166050 13 5 13.166050 9700
     77 13 5 13.176007 13 5 13.176007 9700
     78 13 5 13.185962 13 5 13.185962 9700
     79 13 5 13.196001 13 5 13.196001 9700
     80 13 5 13.206018 13 5 13.206018 9700
     81 13 5 13.216068 13 5 13.216068 9700
     82 13 5 13.226136 13 5 13.226136 9700
     83 13 5 13.236001 13 5 13.236001 9700
     84 13 5 13.246002 13 5 13.246002 9700
     85 13 5 13.256085 13 5 13.256085 9700
     86 13 5 13.266089 13 5 13.266089 9700
     87 13 5 13.276049 13 5 13.276049 9700
     88 13 5 13.286058 13 5 13.286058 9700
     89 13 5 13.296011 13 5 13.296011 9700
     90 13 5 13.306255 13 5 13.306255 9700
     91 13 5 13.315996 13 5 13.315996 9700
     92 13 5 13.326195 13 5 13.326195 9700
     93 13 5 13.336064 13 5 13.336064 9700
     94 13 5 13.346033 13 5 13.346033 9700
     95 13 5 13.356066 13 5 13.356066 9700
     96 13 5 13.366110 13 5 13.366110 9700
     97 13 5 13.376122 13 5 13.376122 9700
     98 13 5 13.385991 13 5 13.385991 9700
     99 13 5 13.395989 13 5 13.395989 9700
    100 13 5 13.405996 13 5 13.405996 9700
    101 13 5 13.415988 13 5 13.415988 9700
    102 13 5 13.426054 13 5 13.426054 9700
    103 13 5 13.436114 13 5 13.436114 9700
    104 13 5 13.446049 13 5 13.446049 9700
    105 13 5 13.456123 13 5 13.456123 9700
    106 13 5 13.466091 13 5 13.466091 9700
    107 13 5 13.476060 13 5 13.476060 9700
    108 13 5 13.486019 13 5 13.486019 9700
    109 13 5 13.496066 13 5 13.496066 9700
    110 13 5 13.506078 13 5 13.506078 9700
    111 13 5 13.515973 13 5 13.515973 9700
    112 13 5 13.525992 13 5 13.525992 9700
    113 13 5 13.536054 13 5 13.536054 9700
    114 13 5 13.546079 13 5 13.546079 9700
    115 13 5 13.556067 13 5 13.556067 9700
    116 13 5 13.566062 13 5 13.566062 9700
    117 13 5 13.576043 13 5 13.576043 9700
    118 13 5 13.586000 13 5 13.586000 9700
    119 13 5 13.595983 13 5 13.595983 9700
    120 13 5 13.606538 13 5 13.606538 9700
    121 13 5 13.616028 13 5 13.616028 9700
    122 13 5 13.626037 13 5 13.626037 9700
    123 13 5 13.636120 13 5 13.636120 9700
    124 13 5 13.646065 13 5 13.646065 9700
    125 13 5 13.656098 13 5 13.656098 9700
    126 13 5 13.666088 13 5 13.666088 9700
    127 13 5 13.676078 13 5 13.676078 9700
    128 13 5 13.686014 13 5 13.686014 9700
    129 13 5 13.696113 13 5 13.696113 9700
    130 13 5 13.706051 13 5 13.706051 9700
    131 13 5 13.715998 13 5 13.715998 9700
    132 13 5 13.725993 13 5 13.725993 9700
    133 13 5 13.736052 13 5 13.736052 9700
    134 13 5 13.746021 13 5 13.746021 9700
    135 13 5 13.756059 13 5 13.756059 9700
    136 13 5 13.766049 13 5 13.766049 9700
    137 13 5 13.776327 13 5 13.776327 9700
    138 13 5 13.785987 13 5 13.785987 9700
    139 13 5 13.795996 13 5 13.795996 9700
    140 13 5 13.805996 13 5 13.805996 9700
    141 13 5 13.815975 13 5 13.815975 9700
    142 13 5 13.826086 13 5 13.826086 9700
    143 13 5 13.836059 13 5 13.836059 9700
    144 13 5 13.846069 13 5 13.846069 9700
    145 13 5 13.856063 13 5 13.856063 9700
    146 13 5 13.866063 13 5 13.866063 9700
    147 13 5 13.876061 13 5 13.876061 9700
    148 13 5 13.886067 13 5 13.886067 9700
    149 13 5 13.896020 13 5 13.896020 9700
    150 13 5 13.906121 13 5 13.906121 9700
    151 13 5 13.916012 13 5 13.916012 9700
    152 13 5 13.926000 13 5 13.926000 9700
    153 13 5 13.936102 13 5 13.936102 9700
    154 13 5 13.946066 13 5 13.946066 9700
    155 13 5 13.956094 13 5 13.956094 9700
    156 13 5 13.966079 13 5 13.966079 9700
    157 13 5 13.976008 13 5 13.976008 9700
    158 13 5 13.985941 13 5 13.985941 9700
    159 13 5 13.996002 13 5 13.996002 9700
    160 13 5 14.006014 13 5 14.006014 9700
    161 13 5 14.016966 13 5 14.016966 9700
    162 13 5 14.026828 13 5 14.026828 9700
    163 13 5 14.036061 13 5 14.036061 9700
    164 13 5 14.046058 13 5 14.046058 9700
    165 13 5 14.056041 13 5 14.056041 9700
    166 13 5 14.066058 13 5 14.066058 9700
    167 13 5 14.076047 13 5 14.076047 9700
    168 13 5 14.086064 13 5 14.086064 9700
    169 13 5 14.096011 13 5 14.096011 9700
    170 13 5 14.106066 13 5 14.106066 9700
    171 13 5 14.115994 13 5 14.115994 9700
    172 13 5 14.126075 13 5 14.126075 9700
    173 13 5 14.136010 13 5 14.136010 9700
    174 13 5 14.146005 13 5 14.146005 9700
    175 13 5 14.156095 13 5 14.156095 9700
    176 13 5 14.166069 13 5 14.166069 9700
    177 13 5 14.176052 13 5 14.176052 9700
    178 13 5 14.185995 13 5 14.185995 9700
    179 13 5 14.195989 13 5 14.195989 9700
    180 13 5 14.205985 13 5 14.205985 9700
    181 13 5 14.215991 13 5 14.215991 9700
    182 13 5 14.226407 13 5 14.226407 9700
    183 13 5 14.236057 13 5 14.236057 9700
    184 13 5 14.246064 13 5 14.246064 9700
    185 13 5 14.256049 13 5 14.256049 9700
    186 13 5 14.266050 13 5 14.266050 9700
    187 13 5 14.276051 13 5 14.276051 9700
    188 13 5 14.286044 13 5 14.286044 9700
    189 13 5 14.296061 13 5 14.296061 9700
    190 13 5 14.306013 13 5 14.306013 9700
    191 13 5 14.315988 13 5 14.315988 9700
    192 13 5 14.325993 13 5 14.325993 9700
    193 13 5 14.335995 13 5 14.335995 9700
    194 13 5 14.346045 13 5 14.346045 9700
    195 13 5 14.356082 13 5 14.356082 9700
    196 13 5 14.366075 13 5 14.366075 9700
    197 13 5 14.376037 13 5 14.376037 9700
    198 13 5 14.386018 13 5 14.386018 9700
    199 13 5 14.396000 13 5 14.396000 9700
    200 13 5 14.405989 13 5 14.405989 9700
    201 13 5 14.416066 13 5 14.416066 9700
    202 13 5 14.426031 13 5 14.426031 9700
    203 13 5 14.436056 13 5 14.436056 9700
    204 13 5 14.446087 13 5 14.446087 9700
    205 13 5 14.456053 13 5 14.456053 9700
    206 13 5 14.466003 13 5 14.466003 9700
    207 13 5 14.476069 13 5 14.476069 9700
    208 13 5 14.486000 13 5 14.486000 9700
    209 13 5 14.496098 13 5 14.496098 9700
    210 13 5 14.506002 13 5 14.506002 9700
    211 13 5 14.515988 13 5 14.515988 9700
    212 13 5 14.525987 13 5 14.525987 9700
    213 13 5 14.536514 13 5 14.536514 9700
    214 13 5 14.546093 13 5 14.546093 9700
    215 13 5 14.556065 13 5 14.556065 9700
    216 13 5 14.566020 13 5 14.566020 9700
    217 13 5 14.576055 13 5 14.576055 9700
    218 13 5 14.586002 13 5 14.586002 9700
    219 13 5 14.595987 13 5 14.595987 9700
    220 13 5 14.605987 13 5 14.605987 9700
    221 13 5 14.615994 13 5 14.615994 9700
    222 13 5 14.626794 13 5 14.626794 9700
    223 13 5 14.636060 13 5 14.636060 9700
    224 13 5 14.645998 13 5 14.645998 9700
    225 13 5 14.656065 13 5 14.656065 9700
    226 13 5 14.666064 13 5 14.666064 9700
    227 13 5 14.676059 13 5 14.676059 9700
    228 13 5 14.686012 13 5 14.686012 9700
    229 13 5 14.696075 13 5 14.696075 9700
    230 13 5 14.705999 13 5 14.705999 9700
    231 13 5 14.715998 13 5 14.715998 9700
    232 13 5 14.725982 13 5 14.725982 9700
    233 13 5 14.735991 13 5 14.735991 9700
    234 13 5 14.746375 13 5 14.746375 9700
    235 13 5 14.756014 13 5 14.756014 9700
    236 13 5 14.766102 13 5 14.766102 9700
    237 13 5 14.776047 13 5 14.776047 9700
    238 13 5 14.786011 13 5 14.786011 9700
    239 13 5 14.796027 13 5 14.796027 9700
    240 13 5 14.805986 13 5 14.805986 9700
    241 13 5 14.815977 13 5 14.815977 9700
    242 13 5 14.826008 13 5 14.826008 9700
    243 13 5 14.836059 13 5 14.836059 9700
    244 13 5 14.845992 13 5 14.845992 9700
    245 13 5 14.856082 13 5 14.856082 9700
    246 13 5 14.866058 13 5 14.866058 9700
    247 13 5 14.876061 13 5 14.876061 9700
    248 13 5 14.886056 13 5 14.886056 9700
    249 13 5 14.895984 13 5 14.895984 9700
    250 13 5 14.906012 13 5 14.906012 9700
    251 13 5 14.915993 13 5 14.915993 9700
    252 13 5 14.925990 13 5 14.925990 9700
    253 13 5 14.936090 13 5 14.936090 9700
    254 13 5 14.946161 13 5 14.946161 9700
    255 13 5 14.956072 13 5 14.956072 9700
    256 13 5 14.966001 13 5 14.966001 9700
    257 13 5 14.976103 13 5 14.976103 9700
    258 13 5 14.985979 13 5 14.985979 9700
    259 13 5 14.996010 13 5 14.996010 9700
    260 13 5 15.006306 13 5 15.006306 9700
    261 13 5 15.016002 13 5 15.016002 9700
    262 13 5 15.026196 13 5 15.026196 9700
    263 13 5 15.036028 13 5 15.036028 9700
    264 13 5 15.045994 13 5 15.045994 9700
    265 13 5 15.056053 13 5 15.056053 9700
    266 13 5 15.066045 13 5 15.066045 9700
    267 13 5 15.076022 13 5 15.076022 9700
    268 13 5 15.086380 13 5 15.086380 9700
    269 13 5 15.096075 13 5 15.096075 9700
    270 13 5 15.105992 13 5 15.105992 9700
    271 13 5 15.115996 13 5 15.115996 9700
    272 13 5 15.126008 13 5 15.126008 9700
    273 13 5 15.136670 13 5 15.136670 9700
    274 13 5 15.146112 13 5 15.146112 9700
    275 13 5 15.156084 13 5 15.156084 9700
    276 13 5 15.166059 13 5 15.166059 9700
    277 13 5 15.175995 13 5 15.175995 9700
    278 13 5 15.185990 13 5 15.185990 9700
    279 13 5 15.195987 13 5 15.195987 9700
    280 13 5 15.205994 13 5 15.205994 9700
    281 13 5 15.216006 13 5 15.216006 9700
    282 13 5 15.226174 13 5 15.226174 9700
    283 13 5 15.236053 13 5 15.236053 9700
    284 13 5 15.246064 13 5 15.246064 9700
    285 13 5 15.256062 13 5 15.256062 9700
    286 13 5 15.265992 13 5 15.265992 9700
    287 13 5 15.276059 13 5 15.276059 9700
    288 13 5 15.286087 13 5 15.286087 9700
    289 13 5 15.296032 13 5 15.296032 9700
    290 13 5 15.305994 13 5 15.305994 9700
    291 13 5 15.316015 13 5 15.316015 9700
    292 13 5 15.325990 13 5 15.325990 9700
    293 13 5 15.335990 13 5 15.335990 9700
    294 13 5 15.346057 13 5 15.346057 9700
    295 13 5 15.355988 13 5 15.355988 9700
    296 13 5 15.366146 13 5 15.366146 9700
    297 13 5 15.376015 13 5 15.376015 9700
    298 13 5 15.385991 13 5 15.385991 9700
    299 13 5 15.395987 13 5 15.395987 9700
    300 13 5 15.405988 13 5 15.405988 9700
    301 13 5 15.416028 13 5 15.416028 9700
    302 13 5 15.426617 13 5 15.426617 9700
    303 13 5 15.436094 13 5 15.436094 9700
    304 13 5 15.446056 13 5 15.446056 9700
    305 13 5 15.456058 13 5 15.456058 9700
    306 13 5 15.466056 13 5 15.466056 9700
    307 13 5 15.476079 13 5 15.476079 9700
    308 13 5 15.486017 13 5 15.486017 9700
    309 13 5 15.496060 13 5 15.496060 9700
    310 13 5 15.506054 13 5 15.506054 9700
    311 13 5 15.516216 13 5 15.516216 9700
    312 13 5 15.525990 13 5 15.525990 9700
    313 13 5 15.536013 13 5 15.536013 9700
    314 13 5 15.546013 13 5 15.546013 9700
    315 13 5 15.556082 13 5 15.556082 9700
    316 13 5 15.566093 13 5 15.566093 9700
    317 13 5 15.576060 13 5 15.576060 9700
    318 13 5 15.586887 13 5 15.586887 9700
    319 13 5 15.596014 13 5 15.596014 9700
    320 13 5 15.605995 13 5 15.605995 9700
    321 13 5 15.615971 13 5 15.615971 9700
    322 13 5 15.626034 13 5 15.626034 9700
    323 13 5 15.636079 13 5 15.636079 9700
    324 13 5 15.646010 13 5 15.646010 9700
    325 13 5 15.656055 13 5 15.656055 9700
    326 13 5 15.666048 13 5 15.666048 9700
    327 13 5 15.676057 13 5 15.676057 9700
    328 13 5 15.686049 13 5 15.686049 9700
    329 13 5 15.696046 13 5 15.696046 9700
    330 13 5 15.705991 13 5 15.705991 9700
    331 13 5 15.716006 13 5 15.716006 9700
    332 13 5 15.725989 13 5 15.725989 9700
    333 13 5 15.736337 13 5 15.736337 9700
    334 13 5 15.746041 13 5 15.746041 9700
    335 13 5 15.756055 13 5 15.756055 9700
    336 13 5 15.766071 13 5 15.766071 9700
    337 13 5 15.776384 13 5 15.776384 9700
    338 13 5 15.785999 13 5 15.785999 9700
    339 13 5 15.795966 13 5 15.795966 9700
    340 13 5 15.806048 13 5 15.806048 9700
    341 13 5 15.815967 13 5 15.815967 9700
    342 13 5 15.826371 13 5 15.826371 9700
    343 13 5 15.836059 13 5 15.836059 9700
    344 13 5 15.846064 13 5 15.846064 9700
    345 13 5 15.856054 13 5 15.856054 9700
    346 13 5 15.866096 13 5 15.866096 9700
    347 13 5 15.876068 13 5 15.876068 9700
    348 13 5 15.886082 13 5 15.886082 9700
    349 13 5 15.896060 13 5 15.896060 9700
    350 13 5 15.906065 13 5 15.906065 9700
    351 13 5 15.915988 13 5 15.915988 9700
    352 13 5 15.925957 13 5 15.925957 9700
    353 13 5 15.936070 13 5 15.936070 9700
    354 13 5 15.946104 13 5 15.946104 9700
    355 13 5 15.956053 13 5 15.956053 9700
    356 13 5 15.966101 13 5 15.966101 9700
    357 13 5 15.976060 13 5 15.976060 9700
    358 13 5 15.985993 13 5 15.985993 9700
    359 13 5 15.996003 13 5 15.996003 9700
    360 13 5 16.005991 13 5 16.005991 9700
    361 13 5 16.015989 13 5 16.015989 9700
    362 13 5 16.026043 13 5 16.026043 9700
    363 13 5 16.036059 13 5 16.036059 9700
    364 13 5 16.046054 13 5 16.046054 9700
    365 13 5 16.056101 13 5 16.056101 9700
    366 13 5 16.066047 13 5 16.066047 9700
    367 13 5 16.076041 13 5 16.076041 9700
    368 13 5 16.086670 13 5 16.086670 9700
    369 13 5 16.096078 13 5 16.096078 9700
    370 13 5 16.106127 13 5 16.106127 9700
    371 13 5 16.116060 13 5 16.116060 9700
    372 13 5 16.125993 13 5 16.125993 9700
    373 13 5 16.136368 13 5 16.136368 9700
    374 13 5 16.146032 13 5 16.146032 9700
    375 13 5 16.156062 13 5 16.156062 9700
    376 13 5 16.166067 13 5 16.166067 9700
    377 13 5 16.176079 13 5 16.176079 9700
    378 13 5 16.186061 13 5 16.186061 9700
    379 13 5 16.195982 13 5 16.195982 9700
    380 13 5 16.205998 13 5 16.205998 9700
    381 13 5 16.215972 13 5 16.215972 9700
    382 13 5 16.226157 13 5 16.226157 9700
    383 13 5 16.236142 13 5 16.236142 9700
    384 13 5 16.246023 13 5 16.246023 9700
    385 13 5 16.256062 13 5 16.256062 9700
    386 13 5 16.266010 13 5 16.266010 9700
    387 13 5 16.276050 13 5 16.276050 9700
    388 13 5 16.286062 13 5 16.286062 9700
    389 13 5 16.296057 13 5 16.296057 9700
    390 13 5 16.305990 13 5 16.305990 9700
    391 13 5 16.315995 13 5 16.315995 9700
    392 13 5 16.326003 13 5 16.326003 9700
    393 13 5 16.336027 13 5 16.336027 9700
    394 13 5 16.346060 13 5 16.346060 9700
    395 13 5 16.356059 13 5 16.356059 9700
    396 13 5 16.366050 13 5 16.366050 9700
    397 13 5 16.375993 13 5 16.375993 9700
    398 13 5 16.386006 13 5 16.386006 9700
    399 13 5 16.396004 13 5 16.396004 9700
    400 13 5 16.406002 13 5 16.406002 9700
    401 13 5 16.415990 13 5 16.415990 9700
    402 13 5 16.426034 13 5 16.426034 9700
    403 13 5 16.436092 13 5 16.436092 9700
    404 13 5 16.445987 13 5 16.445987 9700
    405 13 5 16.456011 13 5 16.456011 9700
    406 13 5 16.466094 13 5 16.466094 9700
    407 13 5 16.476005 13 5 16.476005 9700
    408 13 5 16.486057 13 5 16.486057 9700
    409 13 5 16.495998 13 5 16.495998 9700
    410 13 5 16.506066 13 5 16.506066 9700
    411 13 5 16.516071 13 5 16.516071 9700
    412 13 5 16.525995 13 5 16.525995 9700
    413 13 5 16.536039 13 5 16.536039 9700
    414 13 5 16.546071 13 5 16.546071 9700
    415 13 5 16.556063 13 5 16.556063 9700
    416 13 5 16.566054 13 5 16.566054 9700
    417 13 5 16.576035 13 5 16.576035 9700
    418 13 5 16.585982 13 5 16.585982 9700
    419 13 5 16.595990 13 5 16.595990 9700
    420 13 5 16.605996 13 5 16.605996 9700
    421 13 5 16.615994 13 5 16.615994 9700
    422 13 5 16.625983 13 5 16.625983 9700
    423 13 5 16.636071 13 5 16.636071 9700
    424 13 5 16.646059 13 5 16.646059 9700
    425 13 5 16.656112 13 5 16.656112 9700
    426 13 5 16.666057 13 5 16.666057 9700
    427 13 5 16.676051 13 5 16.676051 9700
    428 13 5 16.686022 13 5 16.686022 9700
    429 13 5 16.696065 13 5 16.696065 9700
    430 13 5 16.706015 13 5 16.706015 9700
    431 13 5 16.716060 13 5 16.716060 9700
    432 13 5 16.725991 13 5 16.725991 9700
    433 13 5 16.736005 13 5 16.736005 9700
    434 13 5 16.746012 13 5 16.746012 9700
    435 13 5 16.756056 13 5 16.756056 9700
    436 13 5 16.766117 13 5 16.766117 9700
    437 13 5 16.776054 13 5 16.776054 9700
    438 13 5 16.785990 13 5 16.785990 9700
    439 13 5 16.795999 13 5 16.795999 9700
    440 13 5 16.806027 13 5 16.806027 9700
    441 13 5 16.816002 13 5 16.816002 9700
    442 13 5 16.826066 13 5 16.826066 9700
    443 13 5 16.836034 13 5 16.836034 9700
    444 13 5 16.846067 13 5 16.846067 9700
    445 13 5 16.856073 13 5 16.856073 9700
    446 13 5 16.866053 13 5 16.866053 9700
    447 13 5 16.876055 13 5 16.876055 9700
    448 13 5 16.886051 13 5 16.886051 9700
    449 13 5 16.896070 13 5 16.896070 9700
    450 13 5 16.906085 13 5 16.906085 9700
    451 13 5 16.916012 13 5 16.916012 9700
    452 13 5 16.926234 13 5 16.926234 9700
    453 13 5 16.936357 13 5 16.936357 9700
    454 13 5 16.946054 13 5 16.946054 9700
    455 13 5 16.956054 13 5 16.956054 9700
    456 13 5 16.966087 13 5 16.966087 9700
    457 13 5 16.976057 13 5 16.976057 9700
    458 13 5 16.985990 13 5 16.985990 9700
    459 13 5 16.995999 13 5 16.995999 9700
    460 13 5 17.005997 13 5 17.005997 9700
    461 13 5 17.015996 13 5 17.015996 9700
    462 13 5 17.026054 13 5 17.026054 9700
    463 13 5 17.036000 13 5 17.036000 9700
    464 13 5 17.046020 13 5 17.046020 9700
    465 13 5 17.056046 13 5 17.056046 9700
    466 13 5 17.066057 13 5 17.066057 9700
    467 13 5 17.076069 13 5 17.076069 9700
    468 13 5 17.085988 13 5 17.085988 9700
    469 13 5 17.096047 13 5 17.096047 9700
    470 13 5 17.106033 13 5 17.106033 9700
    471 13 5 17.116149 13 5 17.116149 9700
    472 13 5 17.126001 13 5 17.126001 9700
    473 13 5 17.135926 13 5 17.135926 9700
    474 13 5 17.145983 13 5 17.145983 9700
    475 13 5 17.156801 13 5 17.156801 9700
    476 13 5 17.166194 13 5 17.166194 9700
    477 13 5 17.176072 13 5 17.176072 9700
    478 13 5 17.186046 13 5 17.186046 9700
    479 13 5 17.196003 13 5 17.196003 9700
    480 13 5 17.205995 13 5 17.205995 9700
    481 13 5 17.216166 13 5 17.216166 9700
    482 13 5 17.226169 13 5 17.226169 9700
    483 13 5 17.235990 13 5 17.235990 9700
    484 13 5 17.246010 13 5 17.246010 9700
    485 13 5 17.256067 13 5 17.256067 9700
    486 13 5 17.266013 13 5 17.266013 9700
    487 13 5 17.276057 13 5 17.276057 9700
    488 13 5 17.286058 13 5 17.286058 9700
    489 13 5 17.296061 13 5 17.296061 9700
    490 13 5 17.306062 13 5 17.306062 9700
    491 13 5 17.315999 13 5 17.315999 9700
    492 13 5 17.325990 13 5 17.325990 9700
    493 13 5 17.336656 13 5 17.336656 9700
    494 13 5 17.346007 13 5 17.346007 9700
    495 13 5 17.356094 13 5 17.356094 9700
    496 13 5 17.365999 13 5 17.365999 9700
    497 13 5 17.376110 13 5 17.376110 9700
    498 13 5 17.385992 13 5 17.385992 9700
    499 13 5 17.395993 13 5 17.395993 9700
    500 13 5 17.405995 13 5 17.405995 9700
    501 13 5 17.415974 13 5 17.415974 9700
    502 13 5 17.426771 13 5 17.426771 9700
    503 13 5 17.436102 13 5 17.436102 9700
    504 13 5 17.446004 13 5 17.446004 9700
    505 13 5 17.456005 13 5 17.456005 9700
    506 13 5 17.465993 13 5 17.465993 9700
    507 13 5 17.476055 13 5 17.476055 9700
    508 13 5 17.486066 13 5 17.486066 9700
    509 13 5 17.496019 13 5 17.496019 9700
    510 13 5 17.506022 13 5 17.506022 9700
    511 13 5 17.515992 13 5 17.515992 9700
    512 13 5 17.525978 13 5 17.525978 9700
    513 13 5 17.536101 13 5 17.536101 9700
    514 13 5 17.545989 13 5 17.545989 9700
    515 13 5 17.555997 13 5 17.555997 9700
    516 13 5 17.566096 13 5 17.566096 9700
    517 13 5 17.576039 13 5 17.576039 9700
    518 13 5 17.586038 13 5 17.586038 9700
    519 13 5 17.595995 13 5 17.595995 9700
    520 13 5 17.605988 13 5 17.605988 9700
    521 13 5 17.615988 13 5 17.615988 9700
    522 13 5 17.625980 13 5 17.625980 9700
    523 13 5 17.636006 13 5 17.636006 9700
    524 13 5 17.646096 13 5 17.646096 9700
    525 13 5 17.656092 13 5 17.656092 9700
    526 13 5 17.666067 13 5 17.666067 9700
    527 13 5 17.676106 13 5 17.676106 9700
    528 13 5 17.686015 13 5 17.686015 9700
    529 13 5 17.695986 13 5 17.695986 9700
    530 13 5 17.706012 13 5 17.706012 9700
    531 13 5 17.716236 13 5 17.716236 9700
    532 13 5 17.726033 13 5 17.726033 9700
    533 13 5 17.736048 13 5 17.736048 9700
    534 13 5 17.746112 13 5 17.746112 9700
    535 13 5 17.756071 13 5 17.756071 9700
    536 13 5 17.766040 13 5 17.766040 9700
    537 13 5 17.776068 13 5 17.776068 9700
    538 13 5 17.786021 13 5 17.786021 9700
    539 13 5 17.796248 13 5 17.796248 9700
    540 13 5 17.806011 13 5 17.806011 9700
    541 13 5 17.815984 13 5 17.815984 9700
    542 13 5 17.826053 13 5 17.826053 9700
    543 13 5 17.836055 13 5 17.836055 9700
    544 13 5 17.846011 13 5 17.846011 9700
    545 13 5 17.856058 13 5 17.856058 9700
    546 13 5 17.866077 13 5 17.866077 9700
    547 13 5 17.876097 13 5 17.876097 9700
    548 13 5 17.885988 13 5 17.885988 9700
    549 13 5 17.896014 13 5 17.896014 9700
    550 13 5 17.906040 13 5 17.906040 9700
    551 13 5 17.916010 13 5 17.916010 9700
    552 13 5 17.925958 13 5 17.925958 9700
    553 13 5 17.936199 13 5 17.936199 9700
    554 13 5 17.946093 13 5 17.946093 9700
    555 13 5 17.956058 13 5 17.956058 9700
    556 13 5 17.966131 13 5 17.966131 9700
    557 13 5 17.976062 13 5 17.976062 9700
    558 13 5 17.986062 13 5 17.986062 9700
    559 13 5 17.995999 13 5 17.995999 9700
    560 13 5 18.006004 13 5 18.006004 9700
    561 13 5 18.015992 13 5 18.015992 9700
    562 13 5 18.026133 13 5 18.026133 9700
    563 13 5 18.036062 13 5 18.036062 9700
    564 13 5 18.046078 13 5 18.046078 9700
    565 13 5 18.056063 13 5 18.056063 9700
    566 13 5 18.066013 13 5 18.066013 9700
    567 13 5 18.076104 13 5 18.076104 9700
    568 13 5 18.086016 13 5 18.086016 9700
    569 13 5 18.096015 13 5 18.096015 9700
    570 13 5 18.106000 13 5 18.106000 9700
    571 13 5 18.115988 13 5 18.115988 9700
    572 13 5 18.125992 13 5 18.125992 9700
    573 13 5 18.136054 13 5 18.136054 9700
    574 13 5 18.145990 13 5 18.145990 9700
    575 13 5 18.156048 13 5 18.156048 9700
    576 13 5 18.166060 13 5 18.166060 9700
    577 13 5 18.176037 13 5 18.176037 9700
    578 13 5 18.185994 13 5 18.185994 9700
    579 13 5 18.195997 13 5 18.195997 9700
    580 13 5 18.206199 13 5 18.206199 9700
    581 13 5 18.215991 13 5 18.215991 9700
    582 13 5 18.226068 13 5 18.226068 9700
    583 13 5 18.236063 13 5 18.236063 9700
    584 13 5 18.245992 13 5 18.245992 9700
    585 13 5 18.256067 13 5 18.256067 9700
    586 13 5 18.266016 13 5 18.266016 9700
    587 13 5 18.276059 13 5 18.276059 9700
    588 13 5 18.286093 13 5 18.286093 9700
    589 13 5 18.296101 13 5 18.296101 9700
    590 13 5 18.306049 13 5 18.306049 9700
    591 13 5 18.316037 13 5 18.316037 9700
    592 13 5 18.326353 13 5 18.326353 9700
    593 13 5 18.336131 13 5 18.336131 9700
    594 13 5 18.346046 13 5 18.346046 9700
    595 13 5 18.356085 13 5 18.356085 9700
    596 13 5 18.366064 13 5 18.366064 9700
    597 13 5 18.376080 13 5 18.376080 9700
    598 13 5 18.386057 13 5 18.386057 9700
    599 13 5 18.395997 13 5 18.395997 9700
    600 13 5 18.405974 13 5 18.405974 9700
    601 13 5 18.415939 13 5 18.415939 9700
    602 13 5 18.426082 13 5 18.426082 9700
    603 13 5 18.436036 13 5 18.436036 9700
    604 13 5 18.446135 13 5 18.446135 9700
    605 13 5 18.456153 13 5 18.456153 9700
    606 13 5 18.466060 13 5 18.466060 9700
    607 13 5 18.476071 13 5 18.476071 9700
    608 13 5 18.486057 13 5 18.486057 9700
    609 13 5 18.496054 13 5 18.496054 9700
    610 13 5 18.506053 13 5 18.506053 9700
    611 13 5 18.515989 13 5 18.515989 9700
    612 13 5 18.525988 13 5 18.525988 9700
    613 13 5 18.536010 13 5 18.536010 9700
    614 13 5 18.546123 13 5 18.546123 9700
    615 13 5 18.556077 13 5 18.556077 9700
    616 13 5 18.565996 13 5 18.565996 9700
    617 13 5 18.576017 13 5 18.576017 9700
    618 13 5 18.585990 13 5 18.585990 9700
    619 13 5 18.596199 13 5 18.596199 9700
    620 13 5 18.606006 13 5 18.606006 9700
    621 13 5 18.616002 13 5 18.616002 9700
    622 13 5 18.626156 13 5 18.626156 9700
    623 13 5 18.636020 13 5 18.636020 9700
    624 13 5 18.646066 13 5 18.646066 9700
    625 13 5 18.656022 13 5 18.656022 9700
    626 13 5 18.666131 13 5 18.666131 9700
    627 13 5 18.676085 13 5 18.676085 9700
    628 13 5 18.686080 13 5 18.686080 9700
    629 13 5 18.696054 13 5 18.696054 9700
    630 13 5 18.706025 13 5 18.706025 9700
    631 13 5 18.715997 13 5 18.715997 9700
    632 13 5 18.725988 13 5 18.725988 9700
    633 13 5 18.735994 13 5 18.735994 9700
    634 13 5 18.746017 13 5 18.746017 9700
    635 13 5 18.756070 13 5 18.756070 9700
    636 13 5 18.766051 13 5 18.766051 9700
    637 13 5 18.776063 13 5 18.776063 9700
    638 13 5 18.785989 13 5 18.785989 9700
    639 13 5 18.795994 13 5 18.795994 9700
    640 13 5 18.806003 13 5 18.806003 9700
    641 13 5 18.815993 13 5 18.815993 9700
    642 13 5 18.826046 13 5 18.826046 9700
    643 13 5 18.835992 13 5 18.835992 9700
    644 13 5 18.846084 13 5 18.846084 9700
    645 13 5 18.856085 13 5 18.856085 9700
    646 13 5 18.866043 13 5 18.866043 9700
    647 13 5 18.876049 13 5 18.876049 9700
    648 13 5 18.886058 13 5 18.886058 9700
    649 13 5 18.896063 13 5 18.896063 9700
    650 13 5 18.906058 13 5 18.906058 9700
    651 13 5 18.916101 13 5 18.916101 9700
    652 13 5 18.926003 13 5 18.926003 9700
    653 13 5 18.935994 13 5 18.935994 9700
    654 13 5 18.946159 13 5 18.946159 9700
    655 13 5 18.956098 13 5 18.956098 9700
    656 13 5 18.966059 13 5 18.966059 9700
    657 13 5 18.976054 13 5 18.976054 9700
    658 13 5 18.986039 13 5 18.986039 9700
    659 13 5 18.996002 13 5 18.996002 9700
    660 13 5 19.005994 13 5 19.005994 9700
    661 13 5 19.015988 13 5 19.015988 9700
    662 13 5 19.026059 13 5 19.026059 9700
    663 13 5 19.036118 13 5 19.036118 9700
    664 13 5 19.046144 13 5 19.046144 9700
    665 13 5 19.055993 13 5 19.055993 9700
    666 13 5 19.066015 13 5 19.066015 9700
    667 13 5 19.076057 13 5 19.076057 9700
    668 13 5 19.086061 13 5 19.086061 9700
    669 13 5 19.096091 13 5 19.096091 9700
    670 13 5 19.106065 13 5 19.106065 9700
    671 13 5 19.115977 13 5 19.115977 9700
    672 13 5 19.125986 13 5 19.125986 9700
    673 13 5 19.136008 13 5 19.136008 9700
    674 13 5 19.146060 13 5 19.146060 9700
    675 13 5 19.156041 13 5 19.156041 9700
    676 13 5 19.166064 13 5 19.166064 9700
    677 13 5 19.176064 13 5 19.176064 9700
    678 13 5 19.185992 13 5 19.185992 9700
    679 13 5 19.196263 13 5 19.196263 9700
    680 13 5 19.206015 13 5 19.206015 9700
    681 13 5 19.215991 13 5 19.215991 9700
    682 13 5 19.225989 13 5 19.225989 9700
    683 13 5 19.236087 13 5 19.236087 9700
    684 13 5 19.246093 13 5 19.246093 9700
    685 13 5 19.256036 13 5 19.256036 9700
    686 13 5 19.266054 13 5 19.266054 9700
    687 13 5 19.276050 13 5 19.276050 9700
    688 13 5 19.286073 13 5 19.286073 9700
    689 13 5 19.296054 13 5 19.296054 9700
    690 13 5 19.306127 13 5 19.306127 9700
    691 13 5 19.316030 13 5 19.316030 9700
    692 13 5 19.325990 13 5 19.325990 9700
    693 13 5 19.335982 13 5 19.335982 9700
    694 13 5 19.346104 13 5 19.346104 9700
    695 13 5 19.356059 13 5 19.356059 9700
    696 13 5 19.366053 13 5 19.366053 9700
    697 13 5 19.376055 13 5 19.376055 9700
    698 13 5 19.386012 13 5 19.386012 9700
    699 13 5 19.396121 13 5 19.396121 9700
    700 13 5 19.405989 13 5 19.405989 9700
    701 13 5 19.415990 13 5 19.415990 9700
    702 13 5 19.425993 13 5 19.425993 9700
    703 13 5 19.435963 13 5 19.435963 9700
    704 13 5 19.446055 13 5 19.446055 9700
    705 13 5 19.456057 13 5 19.456057 9700
    706 13 5 19.466042 13 5 19.466042 9700
    707 13 5 19.476060 13 5 19.476060 9700
    708 13 5 19.486025 13 5 19.486025 9700
    709 13 5 19.496062 13 5 19.496062 9700
    710 13 5 19.506126 13 5 19.506126 9700
    711 13 5 19.515996 13 5 19.515996 9700
    712 13 5 19.525990 13 5 19.525990 9700
    713 13 5 19.536034 13 5 19.536034 9700
    714 13 5 19.546061 13 5 19.546061 9700
    715 13 5 19.555990 13 5 19.555990 9700
    716 13 5 19.566054 13 5 19.566054 9700
    717 13 5 19.576083 13 5 19.576083 9700
    718 13 5 19.586030 13 5 19.586030 9700
    719 13 5 19.595995 13 5 19.595995 9700
    720 13 5 19.605982 13 5 19.605982 9700
    721 13 5 19.615998 13 5 19.615998 9700
    722 13 5 19.625987 13 5 19.625987 9700
    723 13 5 19.635961 13 5 19.635961 9700
    724 13 5 19.646076 13 5 19.646076 9700
    725 13 5 19.656061 13 5 19.656061 9700
    726 13 5 19.665981 13 5 19.665981 9700
    727 13 5 19.676061 13 5 19.676061 9700
    728 13 5 19.686063 13 5 19.686063 9700
    729 13 5 19.696068 13 5 19.696068 9700
    730 13 5 19.706060 13 5 19.706060 9700
    731 13 5 19.716431 13 5 19.716431 9700
    732 13 5 19.725994 13 5 19.725994 9700
    733 13 5 19.736039 13 5 19.736039 9700
    734 13 5 19.746587 13 5 19.746587 9700
    735 13 5 19.756011 13 5 19.756011 9700
    736 13 5 19.766061 13 5 19.766061 9700
    737 13 5 19.776066 13 5 19.776066 9700
    738 13 5 19.785989 13 5 19.785989 9700
    739 13 5 19.795994 13 5 19.795994 9700
    740 13 5 19.805996 13 5 19.805996 9700
    741 13 5 19.816033 13 5 19.816033 9700
    742 13 5 19.825991 13 5 19.825991 9700
    743 13 5 19.836462 13 5 19.836462 9700
    744 13 5 19.846112 13 5 19.846112 9700
    745 13 5 19.856038 13 5 19.856038 9700
    746 13 5 19.866089 13 5 19.866089 9700
    747 13 5 19.876059 13 5 19.876059 9700
    748 13 5 19.886067 13 5 19.886067 9700
    749 13 5 19.896062 13 5 19.896062 9700
    750 13 5 19.906020 13 5 19.906020 9700
    751 13 5 19.915988 13 5 19.915988 9700
    752 13 5 19.925997 13 5 19.925997 9700
    753 13 5 19.936033 13 5 19.936033 9700
    754 13 5 19.946042 13 5 19.946042 9700
    755 13 5 19.956053 13 5 19.956053 9700
    756 13 5 19.966055 13 5 19.966055 9700
    757 13 5 19.976085 13 5 19.976085 9700
    758 13 5 19.985990 13 5 19.985990 9700
    759 13 5 19.999342 13 5 19.999342 9700
    760 13 5 20.006015 13 5 20.006015 9700
    761 13 5 20.016013 13 5 20.016013 9700
    762 13 5 20.026022 13 5 20.026022 9700
    763 13 5 20.036010 13 5 20.036010 9700
    764 13 5 20.046005 13 5 20.046005 9700
    765 13 5 20.056851 13 5 20.056851 9700
    766 13 5 20.066051 13 5 20.066051 9700
    767 13 5 20.076059 13 5 20.076059 9700
    768 13 5 20.086016 13 5 20.086016 9700
    769 13 5 20.096052 13 5 20.096052 9700
    770 13 5 20.106059 13 5 20.106059 9700
    771 13 5 20.116015 13 5 20.116015 9700
    772 13 5 20.126024 13 5 20.126024 9700
    773 13 5 20.136994 13 5 20.136994 9700
    774 13 5 20.146014 13 5 20.146014 9700
    775 13 5 20.156155 13 5 20.156155 9700
    776 13 5 20.166017 13 5 20.166017 9700
    777 13 5 20.176051 13 5 20.176051 9700
    778 13 5 20.186049 13 5 20.186049 9700
    779 13 5 20.195954 13 5 20.195954 9700
    780 13 5 20.206016 13 5 20.206016 9700
    781 13 5 20.216868 13 5 20.216868 9700
    782 13 5 20.226017 13 5 20.226017 9700
    783 13 5 20.236367 13 5 20.236367 9700
    784 13 5 20.246010 13 5 20.246010 9700
    785 13 5 20.256053 13 5 20.256053 9700
    786 13 5 20.266059 13 5 20.266059 9700
    787 13 5 20.276051 13 5 20.276051 9700
    788 13 5 20.286061 13 5 20.286061 9700
    789 13 5 20.296060 13 5 20.296060 9700
    790 13 5 20.306006 13 5 20.306006 9700
    791 13 5 20.316057 13 5 20.316057 9700
    792 13 5 20.326070 13 5 20.326070 9700
    793 13 5 20.336012 13 5 20.336012 9700
    794 13 5 20.346515 13 5 20.346515 9700
    795 13 5 20.356182 13 5 20.356182 9700
    796 13 5 20.366106 13 5 20.366106 9700
    797 13 5 20.376041 13 5 20.376041 9700
    798 13 5 20.386099 13 5 20.386099 9700
    799 13 5 20.395946 13 5 20.395946 9700
    800 13 5 20.405988 13 5 20.405988 9700
    801 13 5 20.415988 13 5 20.415988 9700
    802 13 5 20.425992 13 5 20.425992 9700
    803 13 5 20.436128 13 5 20.436128 9700
    804 13 5 20.446055 13 5 20.446055 9700
    805 13 5 20.456050 13 5 20.456050 9700
    806 13 5 20.466055 13 5 20.466055 9700
    807 13 5 20.475996 13 5 20.475996 9700
    808 13 5 20.486081 13 5 20.486081 9700
    809 13 5 20.496106 13 5 20.496106 9700
    810 13 5 20.506111 13 5 20.506111 9700
    811 13 5 20.516069 13 5 20.516069 9700
    812 13 5 20.526362 13 5 20.526362 9700
    813 13 5 20.535996 13 5 20.535996 9700
    814 13 5 20.546126 13 5 20.546126 9700
    815 13 5 20.556066 13 5 20.556066 9700
    816 13 5 20.566053 13 5 20.566053 9700
    817 13 5 20.576018 13 5 20.576018 9700
    818 13 5 20.585992 13 5 20.585992 9700
    819 13 5 20.596001 13 5 20.596001 9700
    820 13 5 20.606861 13 5 20.606861 9700
    821 13 5 20.616011 13 5 20.616011 9700
    822 13 5 20.626045 13 5 20.626045 9700
    823 13 5 20.636548 13 5 20.636548 9700
    824 13 5 20.646110 13 5 20.646110 9700
    825 13 5 20.656064 13 5 20.656064 9700
    826 13 5 20.666080 13 5 20.666080 9700
    827 13 5 20.676068 13 5 20.676068 9700
    828 13 5 20.686045 13 5 20.686045 9700
    829 13 5 20.695990 13 5 20.695990 9700
    830 13 5 20.706060 13 5 20.706060 9700
    831 13 5 20.716001 13 5 20.716001 9700
    832 13 5 20.725988 13 5 20.725988 9700
    833 13 5 20.735984 13 5 20.735984 9700
    834 13 5 20.746060 13 5 20.746060 9700
    835 13 5 20.756069 13 5 20.756069 9700
    836 13 5 20.766100 13 5 20.766100 9700
    837 13 5 20.776067 13 5 20.776067 9700
    838 13 5 20.785990 13 5 20.785990 9700
    839 13 5 20.795992 13 5 20.795992 9700
    840 13 5 20.806000 13 5 20.806000 9700
    841 13 5 20.815995 13 5 20.815995 9700
    842 13 5 20.825987 13 5 20.825987 9700
    843 13 5 20.836158 13 5 20.836158 9700
    844 13 5 20.846049 13 5 20.846049 9700
    845 13 5 20.856061 13 5 20.856061 9700
    846 13 5 20.866050 13 5 20.866050 9700
    847 13 5 20.876069 13 5 20.876069 9700
    848 13 5 20.886002 13 5 20.886002 9700
    849 13 5 20.896050 13 5 20.896050 9700
    850 13 5 20.906051 13 5 20.906051 9700
    851 13 5 20.916011 13 5 20.916011 9700
    852 13 5 20.925992 13 5 20.925992 9700
    853 13 5 20.935964 13 5 20.935964 9700
    854 13 5 20.946479 13 5 20.946479 9700
    855 13 5 20.956102 13 5 20.956102 9700
    856 13 5 20.965990 13 5 20.965990 9700
    857 13 5 20.976037 13 5 20.976037 9700
    858 13 5 20.986063 13 5 20.986063 9700
    859 13 5 20.996027 13 5 20.996027 9700
    860 13 5 21.005991 13 5 21.005991 9700
    861 13 5 21.015989 13 5 21.015989 9700
    862 13 5 21.025990 13 5 21.025990 9700
    863 13 5 21.036184 13 5 21.036184 9700
    864 13 5 21.046054 13 5 21.046054 9700
    865 13 5 21.055986 13 5 21.055986 9700
    866 13 5 21.066050 13 5 21.066050 9700
    867 13 5 21.076043 13 5 21.076043 9700
    868 13 5 21.086017 13 5 21.086017 9700
    869 13 5 21.096108 13 5 21.096108 9700
    870 13 5 21.106061 13 5 21.106061 9700
    871 13 5 21.116091 13 5 21.116091 9700
    872 13 5 21.125993 13 5 21.125993 9700
    873 13 5 21.136023 13 5 21.136023 9700
    874 13 5 21.146588 13 5 21.146588 9700
    875 13 5 21.155975 13 5 21.155975 9700
    876 13 5 21.166067 13 5 21.166067 9700
    877 13 5 21.176058 13 5 21.176058 9700
    878 13 5 21.186064 13 5 21.186064 9700
    879 13 5 21.195994 13 5 21.195994 9700
    880 13 5 21.205998 13 5 21.205998 9700
    881 13 5 21.215980 13 5 21.215980 9700
    882 13 5 21.225988 13 5 21.225988 9700
    883 13 5 21.235953 13 5 21.235953 9700
    884 13 5 21.246067 13 5 21.246067 9700
    885 13 5 21.256015 13 5 21.256015 9700
    886 13 5 21.266332 13 5 21.266332 9700
    887 13 5 21.276113 13 5 21.276113 9700
    888 13 5 21.286058 13 5 21.286058 9700
    889 13 5 21.296060 13 5 21.296060 9700
    890 13 5 21.306029 13 5 21.306029 9700
    891 13 5 21.316009 13 5 21.316009 9700
    892 13 5 21.326001 13 5 21.326001 9700
    893 13 5 21.336323 13 5 21.336323 9700
    894 13 5 21.346289 13 5 21.346289 9700
    895 13 5 21.356190 13 5 21.356190 9700
    896 13 5 21.366022 13 5 21.366022 9700
    897 13 5 21.376017 13 5 21.376017 9700
    898 13 5 21.386075 13 5 21.386075 9700
    899 13 5 21.396681 13 5 21.396681 9700
    900 13 5 21.405968 13 5 21.405968 9700
    901 13 5 21.415994 13 5 21.415994 9700
    902 13 5 21.425968 13 5 21.425968 9700
    903 13 5 21.436080 13 5 21.436080 9700
    904 13 5 21.446062 13 5 21.446062 9700
    905 13 5 21.456072 13 5 21.456072 9700
    906 13 5 21.466091 13 5 21.466091 9700
    907 13 5 21.476081 13 5 21.476081 9700
    908 13 5 21.486063 13 5 21.486063 9700
    909 13 5 21.496109 13 5 21.496109 9700
    910 13 5 21.506039 13 5 21.506039 9700
    911 13 5 21.516023 13 5 21.516023 9700
    912 13 5 21.527639 13 5 21.527639 9700
    913 13 5 21.538325 13 5 21.538325 9700
    914 13 5 21.547112 13 5 21.547112 9700
    915 13 5 21.556121 13 5 21.556121 9700
    916 13 5 21.566088 13 5 21.566088 9700
    917 13 5 21.576053 13 5 21.576053 9700
    918 13 5 21.586061 13 5 21.586061 9700
    919 13 5 21.596060 13 5 21.596060 9700
    920 13 5 21.606065 13 5 21.606065 9700
    921 13 5 21.615991 13 5 21.615991 9700
    922 13 5 21.626013 13 5 21.626013 9700
    923 13 5 21.636030 13 5 21.636030 9700
    924 13 5 21.646070 13 5 21.646070 9700
    925 13 5 21.656145 13 5 21.656145 9700
    926 13 5 21.666156 13 5 21.666156 9700
    927 13 5 21.676186 13 5 21.676186 9700
    928 13 5 21.686084 13 5 21.686084 9700
    929 13 5 21.696061 13 5 21.696061 9700
    930 13 5 21.706057 13 5 21.706057 9700
    931 13 5 21.716093 13 5 21.716093 9700
    932 13 5 21.726036 13 5 21.726036 9700
    933 13 5 21.735994 13 5 21.735994 9700
    934 13 5 21.748884 13 5 21.748884 9700
    935 13 5 21.755979 13 5 21.755979 9700
    936 13 5 21.766040 13 5 21.766040 9700
    937 13 5 21.776016 13 5 21.776016 9700
    938 13 5 21.786051 13 5 21.786051 9700
    939 13 5 21.796003 13 5 21.796003 9700
    940 13 5 21.806248 13 5 21.806248 9700
    941 13 5 21.816036 13 5 21.816036 9700
    942 13 5 21.826792 13 5 21.826792 9700
    943 13 5 21.836314 13 5 21.836314 9700
    944 13 5 21.846060 13 5 21.846060 9700
    945 13 5 21.856058 13 5 21.856058 9700
    946 13 5 21.866071 13 5 21.866071 9700
    947 13 5 21.876066 13 5 21.876066 9700
    948 13 5 21.886061 13 5 21.886061 9700
    949 13 5 21.896066 13 5 21.896066 9700
    950 13 5 21.906053 13 5 21.906053 9700
    951 13 5 21.915991 13 5 21.915991 9700
    952 13 5 21.925983 13 5 21.925983 9700
    953 13 5 21.936029 13 5 21.936029 9700
    954 13 5 21.946017 13 5 21.946017 9700
    955 13 5 21.956080 13 5 21.956080 9700
    956 13 5 21.966001 13 5 21.966001 9700
    957 13 5 21.980233 13 5 21.980233 9700
    958 13 5 21.986059 13 5 21.986059 9700
    959 13 5 21.996175 13 5 21.996175 9700
    960 13 5 22.005970 13 5 22.005970 9700
    961 13 5 22.015996 13 5 22.015996 9700
    962 13 5 22.025994 13 5 22.025994 9700
    963 13 5 22.036059 13 5 22.036059 9700
    964 13 5 22.046172 13 5 22.046172 9700
    965 13 5 22.056059 13 5 22.056059 9700
    966 13 5 22.066084 13 5 22.066084 9700
    967 13 5 22.076079 13 5 22.076079 9700
    968 13 5 22.092089 13 5 22.092089 9700
    969 13 5 22.096538 13 5 22.096538 9700
    970 13 5 22.106221 13 5 22.106221 9700
    971 13 5 22.115991 13 5 22.115991 9700
    972 13 5 22.126338 13 5 22.126338 9700
    973 13 5 22.136068 13 5 22.136068 9700
    974 13 5 22.146540 13 5 22.146540 9700
    975 13 5 22.156024 13 5 22.156024 9700
    976 13 5 22.166087 13 5 22.166087 9700
    977 13 5 22.176073 13 5 22.176073 9700
    978 13 5 22.186009 13 5 22.186009 9700
    979 13 5 22.196300 13 5 22.196300 9700
    980 13 5 22.205992 13 5 22.205992 9700
    981 13 5 22.215996 13 5 22.215996 9700
    982 13 5 22.225988 13 5 22.225988 9700
    983 13 5 22.236007 13 5 22.236007 9700
    984 13 5 22.246120 13 5 22.246120 9700
    985 13 5 22.256063 13 5 22.256063 9700
    986 13 5 22.266100 13 5 22.266100 9700
    987 13 5 22.276070 13 5 22.276070 9700
    988 13 5 22.286073 13 5 22.286073 9700
    989 13 5 22.296056 13 5 22.296056 9700
    990 13 5 22.306072 13 5 22.306072 9700
    991 13 5 22.316033 13 5 22.316033 9700
    992 13 5 22.326012 13 5 22.326012 9700
    993 13 5 22.335989 13 5 22.335989 9700
    994 13 5 22.345997 13 5 22.345997 9700
    995 13 5 22.356059 13 5 22.356059 9700
    996 13 5 22.366081 13 5 22.366081 9700
    997 13 5 22.376059 13 5 22.376059 9700
    998 13 5 22.386048 13 5 22.386048 9700
    999 13 5 22.396020 13 5 22.396020 9700
   1000 13 5 22.406009 13 5 22.406009 9700
