      1 13 4 48.145293 13 4 48.145293 9500
      2 13 4 48.155500 13 4 48.155500 9500
      3 13 4 48.165494 13 4 48.165494 9500
      4 13 4 48.175449 13 4 48.175449 9500
      5 13 4 48.185454 13 4 48.185454 9500
      6 13 4 48.195413 13 4 48.195413 9500
      7 13 4 48.205463 13 4 48.205463 9500
      8 13 4 48.215457 13 4 48.215457 9500
      9 13 4 48.225397 13 4 48.225397 9500
     10 13 4 48.235396 13 4 48.235396 9500
     11 13 4 48.245417 13 4 48.245417 9500
     12 13 4 48.255400 13 4 48.255400 9500
     13 13 4 48.265427 13 4 48.265427 9500
     14 13 4 48.275409 13 4 48.275409 9500
     15 13 4 48.285781 13 4 48.285781 9500
     16 13 4 48.295462 13 4 48.295462 9500
     17 13 4 48.305526 13 4 48.305526 9500
     18 13 4 48.315474 13 4 48.315474 9500
     19 13 4 48.325463 13 4 48.325463 9500
     20 13 4 48.335596 13 4 48.335596 9500
     21 13 4 48.345469 13 4 48.345469 9500
     22 13 4 48.355463 13 4 48.355463 9500
     23 13 4 48.365481 13 4 48.365481 9500
     24 13 4 48.375467 13 4 48.375467 9500
     25 13 4 48.385458 13 4 48.385458 9500
     26 13 4 48.395454 13 4 48.395454 9500
     27 13 4 48.405388 13 4 48.405388 9500
     28 13 4 48.415455 13 4 48.415455 9500
     29 13 4 48.425460 13 4 48.425460 9500
     30 13 4 48.435398 13 4 48.435398 9500
     31 13 4 48.445411 13 4 48.445411 9500
     32 13 4 48.455393 13 4 48.455393 9500
     33 13 4 48.465403 13 4 48.465403 9500
     34 13 4 48.475394 13 4 48.475394 9500
     35 13 4 48.485354 13 4 48.485354 9500
     36 13 4 48.495401 13 4 48.495401 9500
     37 13 4 48.505391 13 4 48.505391 9500
     38 13 4 48.515452 13 4 48.515452 9500
     39 13 4 48.525463 13 4 48.525463 9500
     40 13 4 48.535446 13 4 48.535446 9500
     41 13 4 48.545470 13 4 48.545470 9500
     42 13 4 48.555456 13 4 48.555456 9500
     43 13 4 48.565421 13 4 48.565421 9500
     44 13 4 48.575450 13 4 48.575450 9500
     45 13 4 48.585467 13 4 48.585467 9500
     46 13 4 48.595467 13 4 48.595467 9500
     47 13 4 48.605493 13 4 48.605493 9500
     48 13 4 48.615507 13 4 48.615507 9500
     49 13 4 48.625455 13 4 48.625455 9500
     50 13 4 48.635396 13 4 48.635396 9500
     51 13 4 48.645395 13 4 48.645395 9500
     52 13 4 48.655394 13 4 48.655394 9500
     53 13 4 48.665402 13 4 48.665402 9500
     54 13 4 48.675404 13 4 48.675404 9500
     55 13 4 48.686301 13 4 48.686301 9500
     56 13 4 48.695472 13 4 48.695472 9500
     57 13 4 48.705398 13 4 48.705398 9500
     58 13 4 48.715389 13 4 48.715389 9500
     59 13 4 48.725465 13 4 48.725465 9500
     60 13 4 48.735393 13 4 48.735393 9500
     61 13 4 48.745471 13 4 48.745471 9500
     62 13 4 48.755502 13 4 48.755502 9500
     63 13 4 48.765453 13 4 48.765453 9500
     64 13 4 48.775499 13 4 48.775499 9500
     65 13 4 48.785491 13 4 48.785491 9500
     66 13 4 48.795456 13 4 48.795456 9500
     67 13 4 48.805467 13 4 48.805467 9500
     68 13 4 48.815465 13 4 48.815465 9500
     69 13 4 48.825415 13 4 48.825415 9500
     70 13 4 48.835469 13 4 48.835469 9500
     71 13 4 48.845407 13 4 48.845407 9500
     72 13 4 48.855445 13 4 48.855445 9500
     73 13 4 48.865402 13 4 48.865402 9500
     74 13 4 48.875408 13 4 48.875408 9500
     75 13 4 48.885452 13 4 48.885452 9500
     76 13 4 48.895449 13 4 48.895449 9500
     77 13 4 48.905526 13 4 48.905526 9500
     78 13 4 48.915470 13 4 48.915470 9500
     79 13 4 48.925497 13 4 48.925497 9500
     80 13 4 48.935392 13 4 48.935392 9500
     81 13 4 48.945526 13 4 48.945526 9500
     82 13 4 48.955508 13 4 48.955508 9500
     83 13 4 48.965530 13 4 48.965530 9500
     84 13 4 48.975473 13 4 48.975473 9500
     85 13 4 48.985480 13 4 48.985480 9500
     86 13 4 48.995454 13 4 48.995454 9500
     87 13 4 49.005454 13 4 49.005454 9500
     88 13 4 49.015456 13 4 49.015456 9500
     89 13 4 49.025460 13 4 49.025460 9500
     90 13 4 49.035397 13 4 49.035397 9500
     91 13 4 49.045392 13 4 49.045392 9500
     92 13 4 49.055393 13 4 49.055393 9500
     93 13 4 49.065404 13 4 49.065404 9500
     94 13 4 49.075391 13 4 49.075391 9500
     95 13 4 49.085827 13 4 49.085827 9500
     96 13 4 49.095412 13 4 49.095412 9500
     97 13 4 49.105401 13 4 49.105401 9500
     98 13 4 49.115453 13 4 49.115453 9500
     99 13 4 49.125464 13 4 49.125464 9500
    100 13 4 49.135882 13 4 49.135882 9500
    101 13 4 49.145344 13 4 49.145344 9500
    102 13 4 49.155490 13 4 49.155490 9500
    103 13 4 49.165441 13 4 49.165441 9500
    104 13 4 49.175460 13 4 49.175460 9500
    105 13 4 49.185457 13 4 49.185457 9500
    106 13 4 49.195411 13 4 49.195411 9500
    107 13 4 49.205464 13 4 49.205464 9500
    108 13 4 49.215465 13 4 49.215465 9500
    109 13 4 49.225403 13 4 49.225403 9500
    110 13 4 49.235401 13 4 49.235401 9500
    111 13 4 49.245559 13 4 49.245559 9500
    112 13 4 49.255432 13 4 49.255432 9500
    113 13 4 49.265403 13 4 49.265403 9500
    114 13 4 49.275458 13 4 49.275458 9500
    115 13 4 49.285457 13 4 49.285457 9500
    116 13 4 49.295465 13 4 49.295465 9500
    117 13 4 49.305422 13 4 49.305422 9500
    118 13 4 49.315469 13 4 49.315469 9500
    119 13 4 49.325454 13 4 49.325454 9500
    120 13 4 49.335393 13 4 49.335393 9500
    121 13 4 49.345393 13 4 49.345393 9500
    122 13 4 49.355471 13 4 49.355471 9500
    123 13 4 49.365392 13 4 49.365392 9500
    124 13 4 49.375414 13 4 49.375414 9500
    125 13 4 49.385461 13 4 49.385461 9500
    126 13 4 49.395477 13 4 49.395477 9500
    127 13 4 49.405472 13 4 49.405472 9500
    128 13 4 49.415470 13 4 49.415470 9500
    129 13 4 49.425395 13 4 49.425395 9500
    130 13 4 49.435408 13 4 49.435408 9500
    131 13 4 49.445385 13 4 49.445385 9500
    132 13 4 49.455398 13 4 49.455398 9500
    133 13 4 49.465386 13 4 49.465386 9500
    134 13 4 49.475394 13 4 49.475394 9500
    135 13 4 49.485470 13 4 49.485470 9500
    136 13 4 49.495499 13 4 49.495499 9500
    137 13 4 49.505487 13 4 49.505487 9500
    138 13 4 49.515425 13 4 49.515425 9500
    139 13 4 49.525461 13 4 49.525461 9500
    140 13 4 49.535457 13 4 49.535457 9500
    141 13 4 49.545915 13 4 49.545915 9500
    142 13 4 49.555456 13 4 49.555456 9500
    143 13 4 49.565479 13 4 49.565479 9500
    144 13 4 49.575395 13 4 49.575395 9500
    145 13 4 49.585465 13 4 49.585465 9500
    146 13 4 49.595461 13 4 49.595461 9500
    147 13 4 49.605465 13 4 49.605465 9500
    148 13 4 49.615459 13 4 49.615459 9500
    149 13 4 49.625492 13 4 49.625492 9500
    150 13 4 49.635398 13 4 49.635398 9500
    151 13 4 49.645397 13 4 49.645397 9500
    152 13 4 49.655394 13 4 49.655394 9500
    153 13 4 49.665416 13 4 49.665416 9500
    154 13 4 49.675392 13 4 49.675392 9500
    155 13 4 49.685712 13 4 49.685712 9500
    156 13 4 49.695397 13 4 49.695397 9500
    157 13 4 49.705463 13 4 49.705463 9500
    158 13 4 49.715403 13 4 49.715403 9500
    159 13 4 49.725464 13 4 49.725464 9500
    160 13 4 49.735390 13 4 49.735390 9500
    161 13 4 49.745386 13 4 49.745386 9500
    162 13 4 49.755465 13 4 49.755465 9500
    163 13 4 49.765442 13 4 49.765442 9500
    164 13 4 49.775590 13 4 49.775590 9500
    165 13 4 49.785460 13 4 49.785460 9500
    166 13 4 49.795459 13 4 49.795459 9500
    167 13 4 49.805464 13 4 49.805464 9500
    168 13 4 49.815468 13 4 49.815468 9500
    169 13 4 49.825463 13 4 49.825463 9500
    170 13 4 49.835399 13 4 49.835399 9500
    171 13 4 49.845393 13 4 49.845393 9500
    172 13 4 49.855426 13 4 49.855426 9500
    173 13 4 49.865392 13 4 49.865392 9500
    174 13 4 49.875422 13 4 49.875422 9500
    175 13 4 49.885464 13 4 49.885464 9500
    176 13 4 49.895443 13 4 49.895443 9500
    177 13 4 49.905468 13 4 49.905468 9500
    178 13 4 49.915472 13 4 49.915472 9500
    179 13 4 49.925451 13 4 49.925451 9500
    180 13 4 49.935392 13 4 49.935392 9500
    181 13 4 49.945391 13 4 49.945391 9500
    182 13 4 49.955472 13 4 49.955472 9500
    183 13 4 49.965407 13 4 49.965407 9500
    184 13 4 49.975453 13 4 49.975453 9500
    185 13 4 49.985486 13 4 49.985486 9500
    186 13 4 49.995530 13 4 49.995530 9500
    187 13 4 50.005467 13 4 50.005467 9500
    188 13 4 50.015464 13 4 50.015464 9500
    189 13 4 50.025475 13 4 50.025475 9500
    190 13 4 50.035398 13 4 50.035398 9500
    191 13 4 50.045400 13 4 50.045400 9500
    192 13 4 50.055441 13 4 50.055441 9500
    193 13 4 50.065399 13 4 50.065399 9500
    194 13 4 50.075398 13 4 50.075398 9500
    195 13 4 50.085388 13 4 50.085388 9500
    196 13 4 50.095424 13 4 50.095424 9500
    197 13 4 50.105479 13 4 50.105479 9500
    198 13 4 50.115468 13 4 50.115468 9500
    199 13 4 50.125447 13 4 50.125447 9500
    200 13 4 50.135390 13 4 50.135390 9500
    201 13 4 50.145389 13 4 50.145389 9500
    202 13 4 50.155512 13 4 50.155512 9500
    203 13 4 50.165464 13 4 50.165464 9500
    204 13 4 50.175468 13 4 50.175468 9500
    205 13 4 50.185454 13 4 50.185454 9500
    206 13 4 50.195464 13 4 50.195464 9500
    207 13 4 50.205444 13 4 50.205444 9500
    208 13 4 50.215471 13 4 50.215471 9500
    209 13 4 50.225394 13 4 50.225394 9500
    210 13 4 50.235573 13 4 50.235573 9500
    211 13 4 50.245426 13 4 50.245426 9500
    212 13 4 50.255392 13 4 50.255392 9500
    213 13 4 50.265417 13 4 50.265417 9500
    214 13 4 50.275464 13 4 50.275464 9500
    215 13 4 50.285502 13 4 50.285502 9500
    216 13 4 50.295470 13 4 50.295470 9500
    217 13 4 50.305498 13 4 50.305498 9500
    218 13 4 50.315511 13 4 50.315511 9500
    219 13 4 50.325463 13 4 50.325463 9500
    220 13 4 50.335459 13 4 50.335459 9500
    221 13 4 50.345520 13 4 50.345520 9500
    222 13 4 50.355400 13 4 50.355400 9500
    223 13 4 50.365467 13 4 50.365467 9500
    224 13 4 50.375463 13 4 50.375463 9500
    225 13 4 50.385463 13 4 50.385463 9500
    226 13 4 50.395404 13 4 50.395404 9500
    227 13 4 50.405464 13 4 50.405464 9500
    228 13 4 50.415497 13 4 50.415497 9500
    229 13 4 50.425460 13 4 50.425460 9500
    230 13 4 50.435464 13 4 50.435464 9500
    231 13 4 50.445419 13 4 50.445419 9500
    232 13 4 50.455402 13 4 50.455402 9500
    233 13 4 50.466163 13 4 50.466163 9500
    234 13 4 50.476306 13 4 50.476306 9500
    235 13 4 50.485467 13 4 50.485467 9500
    236 13 4 50.495468 13 4 50.495468 9500
    237 13 4 50.505422 13 4 50.505422 9500
    238 13 4 50.515467 13 4 50.515467 9500
    239 13 4 50.525469 13 4 50.525469 9500
    240 13 4 50.535547 13 4 50.535547 9500
    241 13 4 50.545400 13 4 50.545400 9500
    242 13 4 50.555633 13 4 50.555633 9500
    243 13 4 50.565461 13 4 50.565461 9500
    244 13 4 50.575510 13 4 50.575510 9500
    245 13 4 50.585467 13 4 50.585467 9500
    246 13 4 50.595461 13 4 50.595461 9500
    247 13 4 50.605463 13 4 50.605463 9500
    248 13 4 50.615473 13 4 50.615473 9500
    249 13 4 50.625427 13 4 50.625427 9500
    250 13 4 50.635404 13 4 50.635404 9500
    251 13 4 50.645456 13 4 50.645456 9500
    252 13 4 50.655394 13 4 50.655394 9500
    253 13 4 50.665402 13 4 50.665402 9500
    254 13 4 50.675400 13 4 50.675400 9500
    255 13 4 50.685408 13 4 50.685408 9500
    256 13 4 50.695605 13 4 50.695605 9500
    257 13 4 50.705461 13 4 50.705461 9500
    258 13 4 50.715463 13 4 50.715463 9500
    259 13 4 50.725451 13 4 50.725451 9500
    260 13 4 50.735396 13 4 50.735396 9500
    261 13 4 50.745435 13 4 50.745435 9500
    262 13 4 50.755510 13 4 50.755510 9500
    263 13 4 50.765461 13 4 50.765461 9500
    264 13 4 50.775480 13 4 50.775480 9500
    265 13 4 50.785479 13 4 50.785479 9500
    266 13 4 50.795394 13 4 50.795394 9500
    267 13 4 50.805464 13 4 50.805464 9500
    268 13 4 50.815457 13 4 50.815457 9500
    269 13 4 50.825467 13 4 50.825467 9500
    270 13 4 50.835396 13 4 50.835396 9500
    271 13 4 50.845401 13 4 50.845401 9500
    272 13 4 50.855395 13 4 50.855395 9500
    273 13 4 50.865400 13 4 50.865400 9500
    274 13 4 50.875393 13 4 50.875393 9500
    275 13 4 50.885469 13 4 50.885469 9500
    276 13 4 50.895448 13 4 50.895448 9500
    277 13 4 50.905475 13 4 50.905475 9500
    278 13 4 50.915401 13 4 50.915401 9500
    279 13 4 50.925459 13 4 50.925459 9500
    280 13 4 50.935938 13 4 50.935938 9500
    281 13 4 50.945396 13 4 50.945396 9500
    282 13 4 50.955604 13 4 50.955604 9500
    283 13 4 50.965459 13 4 50.965459 9500
    284 13 4 50.975425 13 4 50.975425 9500
    285 13 4 50.985456 13 4 50.985456 9500
    286 13 4 50.995449 13 4 50.995449 9500
    287 13 4 51.005397 13 4 51.005397 9500
    288 13 4 51.015400 13 4 51.015400 9500
    289 13 4 51.025404 13 4 51.025404 9500
    290 13 4 51.036281 13 4 51.036281 9500
    291 13 4 51.046410 13 4 51.046410 9500
    292 13 4 51.055402 13 4 51.055402 9500
    293 13 4 51.065401 13 4 51.065401 9500
    294 13 4 51.075400 13 4 51.075400 9500
    295 13 4 51.085554 13 4 51.085554 9500
    296 13 4 51.095512 13 4 51.095512 9500
    297 13 4 51.105406 13 4 51.105406 9500
    298 13 4 51.115473 13 4 51.115473 9500
    299 13 4 51.125461 13 4 51.125461 9500
    300 13 4 51.135674 13 4 51.135674 9500
    301 13 4 51.145414 13 4 51.145414 9500
    302 13 4 51.155400 13 4 51.155400 9500
    303 13 4 51.165351 13 4 51.165351 9500
    304 13 4 51.175474 13 4 51.175474 9500
    305 13 4 51.185394 13 4 51.185394 9500
    306 13 4 51.195399 13 4 51.195399 9500
    307 13 4 51.205399 13 4 51.205399 9500
    308 13 4 51.215465 13 4 51.215465 9500
    309 13 4 51.225467 13 4 51.225467 9500
    310 13 4 51.235405 13 4 51.235405 9500
    311 13 4 51.245514 13 4 51.245514 9500
    312 13 4 51.255406 13 4 51.255406 9500
    313 13 4 51.265472 13 4 51.265472 9500
    314 13 4 51.275405 13 4 51.275405 9500
    315 13 4 51.285411 13 4 51.285411 9500
    316 13 4 51.295471 13 4 51.295471 9500
    317 13 4 51.305456 13 4 51.305456 9500
    318 13 4 51.315466 13 4 51.315466 9500
    319 13 4 51.325457 13 4 51.325457 9500
    320 13 4 51.335397 13 4 51.335397 9500
    321 13 4 51.345412 13 4 51.345412 9500
    322 13 4 51.355930 13 4 51.355930 9500
    323 13 4 51.365406 13 4 51.365406 9500
    324 13 4 51.375453 13 4 51.375453 9500
    325 13 4 51.385399 13 4 51.385399 9500
    326 13 4 51.395448 13 4 51.395448 9500
    327 13 4 51.405416 13 4 51.405416 9500
    328 13 4 51.415461 13 4 51.415461 9500
    329 13 4 51.425471 13 4 51.425471 9500
    330 13 4 51.435394 13 4 51.435394 9500
    331 13 4 51.445399 13 4 51.445399 9500
    332 13 4 51.455379 13 4 51.455379 9500
    333 13 4 51.465415 13 4 51.465415 9500
    334 13 4 51.475476 13 4 51.475476 9500
    335 13 4 51.485542 13 4 51.485542 9500
    336 13 4 51.495454 13 4 51.495454 9500
    337 13 4 51.505465 13 4 51.505465 9500
    338 13 4 51.515402 13 4 51.515402 9500
    339 13 4 51.525444 13 4 51.525444 9500
    340 13 4 51.535459 13 4 51.535459 9500
    341 13 4 51.545405 13 4 51.545405 9500
    342 13 4 51.555536 13 4 51.555536 9500
    343 13 4 51.565404 13 4 51.565404 9500
    344 13 4 51.575465 13 4 51.575465 9500
    345 13 4 51.585500 13 4 51.585500 9500
    346 13 4 51.595405 13 4 51.595405 9500
    347 13 4 51.605549 13 4 51.605549 9500
    348 13 4 51.615459 13 4 51.615459 9500
    349 13 4 51.625430 13 4 51.625430 9500
    350 13 4 51.635404 13 4 51.635404 9500
    351 13 4 51.645420 13 4 51.645420 9500
    352 13 4 51.655397 13 4 51.655397 9500
    353 13 4 51.665398 13 4 51.665398 9500
    354 13 4 51.675400 13 4 51.675400 9500
    355 13 4 51.685395 13 4 51.685395 9500
    356 13 4 51.695419 13 4 51.695419 9500
    357 13 4 51.705455 13 4 51.705455 9500
    358 13 4 51.715474 13 4 51.715474 9500
    359 13 4 51.725462 13 4 51.725462 9500
    360 13 4 51.735782 13 4 51.735782 9500
    361 13 4 51.745784 13 4 51.745784 9500
    362 13 4 51.755431 13 4 51.755431 9500
    363 13 4 51.765467 13 4 51.765467 9500
    364 13 4 51.775399 13 4 51.775399 9500
    365 13 4 51.785457 13 4 51.785457 9500
    366 13 4 51.795399 13 4 51.795399 9500
    367 13 4 51.805461 13 4 51.805461 9500
    368 13 4 51.815465 13 4 51.815465 9500
    369 13 4 51.825465 13 4 51.825465 9500
    370 13 4 51.835400 13 4 51.835400 9500
    371 13 4 51.845402 13 4 51.845402 9500
    372 13 4 51.855401 13 4 51.855401 9500
    373 13 4 51.865411 13 4 51.865411 9500
    374 13 4 51.875430 13 4 51.875430 9500
    375 13 4 51.885395 13 4 51.885395 9500
    376 13 4 51.895409 13 4 51.895409 9500
    377 13 4 51.905468 13 4 51.905468 9500
    378 13 4 51.915461 13 4 51.915461 9500
    379 13 4 51.925474 13 4 51.925474 9500
    380 13 4 51.935630 13 4 51.935630 9500
    381 13 4 51.945438 13 4 51.945438 9500
    382 13 4 51.955410 13 4 51.955410 9500
    383 13 4 51.966056 13 4 51.966056 9500
    384 13 4 51.975516 13 4 51.975516 9500
    385 13 4 51.985469 13 4 51.985469 9500
    386 13 4 51.995413 13 4 51.995413 9500
    387 13 4 52.005457 13 4 52.005457 9500
    388 13 4 52.015456 13 4 52.015456 9500
    389 13 4 52.025393 13 4 52.025393 9500
    390 13 4 52.035397 13 4 52.035397 9500
    391 13 4 52.045400 13 4 52.045400 9500
    392 13 4 52.055399 13 4 52.055399 9500
    393 13 4 52.065393 13 4 52.065393 9500
    394 13 4 52.075394 13 4 52.075394 9500
    395 13 4 52.085402 13 4 52.085402 9500
    396 13 4 52.095452 13 4 52.095452 9500
    397 13 4 52.105474 13 4 52.105474 9500
    398 13 4 52.115389 13 4 52.115389 9500
    399 13 4 52.125461 13 4 52.125461 9500
    400 13 4 52.135396 13 4 52.135396 9500
    401 13 4 52.145395 13 4 52.145395 9500
    402 13 4 52.155422 13 4 52.155422 9500
    403 13 4 52.165497 13 4 52.165497 9500
    404 13 4 52.175497 13 4 52.175497 9500
    405 13 4 52.185456 13 4 52.185456 9500
    406 13 4 52.195464 13 4 52.195464 9500
    407 13 4 52.205455 13 4 52.205455 9500
    408 13 4 52.215463 13 4 52.215463 9500
    409 13 4 52.225403 13 4 52.225403 9500
    410 13 4 52.236133 13 4 52.236133 9500
    411 13 4 52.245404 13 4 52.245404 9500
    412 13 4 52.255391 13 4 52.255391 9500
    413 13 4 52.265411 13 4 52.265411 9500
    414 13 4 52.275387 13 4 52.275387 9500
    415 13 4 52.285401 13 4 52.285401 9500
    416 13 4 52.295459 13 4 52.295459 9500
    417 13 4 52.305464 13 4 52.305464 9500
    418 13 4 52.315457 13 4 52.315457 9500
    419 13 4 52.325460 13 4 52.325460 9500
    420 13 4 52.335394 13 4 52.335394 9500
    421 13 4 52.345404 13 4 52.345404 9500
    422 13 4 52.355683 13 4 52.355683 9500
    423 13 4 52.365464 13 4 52.365464 9500
    424 13 4 52.375422 13 4 52.375422 9500
    425 13 4 52.385457 13 4 52.385457 9500
    426 13 4 52.395465 13 4 52.395465 9500
    427 13 4 52.405700 13 4 52.405700 9500
    428 13 4 52.415461 13 4 52.415461 9500
    429 13 4 52.425542 13 4 52.425542 9500
    430 13 4 52.435560 13 4 52.435560 9500
    431 13 4 52.445441 13 4 52.445441 9500
    432 13 4 52.455423 13 4 52.455423 9500
    433 13 4 52.465401 13 4 52.465401 9500
    434 13 4 52.475388 13 4 52.475388 9500
    435 13 4 52.485385 13 4 52.485385 9500
    436 13 4 52.495496 13 4 52.495496 9500
    437 13 4 52.505468 13 4 52.505468 9500
    438 13 4 52.515462 13 4 52.515462 9500
    439 13 4 52.525393 13 4 52.525393 9500
    440 13 4 52.535390 13 4 52.535390 9500
    441 13 4 52.545405 13 4 52.545405 9500
    442 13 4 52.555658 13 4 52.555658 9500
    443 13 4 52.565449 13 4 52.565449 9500
    444 13 4 52.575476 13 4 52.575476 9500
    445 13 4 52.585461 13 4 52.585461 9500
    446 13 4 52.595404 13 4 52.595404 9500
    447 13 4 52.605457 13 4 52.605457 9500
    448 13 4 52.615524 13 4 52.615524 9500
    449 13 4 52.625475 13 4 52.625475 9500
    450 13 4 52.635855 13 4 52.635855 9500
    451 13 4 52.645398 13 4 52.645398 9500
    452 13 4 52.655386 13 4 52.655386 9500
    453 13 4 52.665469 13 4 52.665469 9500
    454 13 4 52.675395 13 4 52.675395 9500
    455 13 4 52.685400 13 4 52.685400 9500
    456 13 4 52.695424 13 4 52.695424 9500
    457 13 4 52.705409 13 4 52.705409 9500
    458 13 4 52.715462 13 4 52.715462 9500
    459 13 4 52.725467 13 4 52.725467 9500
    460 13 4 52.735399 13 4 52.735399 9500
    461 13 4 52.745393 13 4 52.745393 9500
    462 13 4 52.756309 13 4 52.756309 9500
    463 13 4 52.765483 13 4 52.765483 9500
    464 13 4 52.775398 13 4 52.775398 9500
    465 13 4 52.785463 13 4 52.785463 9500
    466 13 4 52.795383 13 4 52.795383 9500
    467 13 4 52.805469 13 4 52.805469 9500
    468 13 4 52.815465 13 4 52.815465 9500
    469 13 4 52.825518 13 4 52.825518 9500
    470 13 4 52.835470 13 4 52.835470 9500
    471 13 4 52.845345 13 4 52.845345 9500
    472 13 4 52.855398 13 4 52.855398 9500
    473 13 4 52.865706 13 4 52.865706 9500
    474 13 4 52.875394 13 4 52.875394 9500
    475 13 4 52.885418 13 4 52.885418 9500
    476 13 4 52.896031 13 4 52.896031 9500
    477 13 4 52.905464 13 4 52.905464 9500
    478 13 4 52.915402 13 4 52.915402 9500
    479 13 4 52.925423 13 4 52.925423 9500
    480 13 4 52.935457 13 4 52.935457 9500
    481 13 4 52.945405 13 4 52.945405 9500
    482 13 4 52.955629 13 4 52.955629 9500
    483 13 4 52.965476 13 4 52.965476 9500
    484 13 4 52.975397 13 4 52.975397 9500
    485 13 4 52.985464 13 4 52.985464 9500
    486 13 4 52.995462 13 4 52.995462 9500
    487 13 4 53.005456 13 4 53.005456 9500
    488 13 4 53.015456 13 4 53.015456 9500
    489 13 4 53.025463 13 4 53.025463 9500
    490 13 4 53.035480 13 4 53.035480 9500
    491 13 4 53.045414 13 4 53.045414 9500
    492 13 4 53.055394 13 4 53.055394 9500
    493 13 4 53.065390 13 4 53.065390 9500
    494 13 4 53.075401 13 4 53.075401 9500
    495 13 4 53.085385 13 4 53.085385 9500
    496 13 4 53.095385 13 4 53.095385 9500
    497 13 4 53.105401 13 4 53.105401 9500
    498 13 4 53.115398 13 4 53.115398 9500
    499 13 4 53.125480 13 4 53.125480 9500
    500 13 4 53.135528 13 4 53.135528 9500
    501 13 4 53.145929 13 4 53.145929 9500
    502 13 4 53.155431 13 4 53.155431 9500
    503 13 4 53.165458 13 4 53.165458 9500
    504 13 4 53.175471 13 4 53.175471 9500
    505 13 4 53.185411 13 4 53.185411 9500
    506 13 4 53.195511 13 4 53.195511 9500
    507 13 4 53.205460 13 4 53.205460 9500
    508 13 4 53.215521 13 4 53.215521 9500
    509 13 4 53.225467 13 4 53.225467 9500
    510 13 4 53.235460 13 4 53.235460 9500
    511 13 4 53.245403 13 4 53.245403 9500
    512 13 4 53.255392 13 4 53.255392 9500
    513 13 4 53.265391 13 4 53.265391 9500
    514 13 4 53.275382 13 4 53.275382 9500
    515 13 4 53.285389 13 4 53.285389 9500
    516 13 4 53.295777 13 4 53.295777 9500
    517 13 4 53.305520 13 4 53.305520 9500
    518 13 4 53.315500 13 4 53.315500 9500
    519 13 4 53.326323 13 4 53.326323 9500
    520 13 4 53.335495 13 4 53.335495 9500
    521 13 4 53.345516 13 4 53.345516 9500
    522 13 4 53.355466 13 4 53.355466 9500
    523 13 4 53.365434 13 4 53.365434 9500
    524 13 4 53.375492 13 4 53.375492 9500
    525 13 4 53.385513 13 4 53.385513 9500
    526 13 4 53.395508 13 4 53.395508 9500
    527 13 4 53.405464 13 4 53.405464 9500
    528 13 4 53.415464 13 4 53.415464 9500
    529 13 4 53.425465 13 4 53.425465 9500
    530 13 4 53.435460 13 4 53.435460 9500
    531 13 4 53.445400 13 4 53.445400 9500
    532 13 4 53.455756 13 4 53.455756 9500
    533 13 4 53.465380 13 4 53.465380 9500
    534 13 4 53.475400 13 4 53.475400 9500
    535 13 4 53.485407 13 4 53.485407 9500
    536 13 4 53.496082 13 4 53.496082 9500
    537 13 4 53.505471 13 4 53.505471 9500
    538 13 4 53.515456 13 4 53.515456 9500
    539 13 4 53.525472 13 4 53.525472 9500
    540 13 4 53.535459 13 4 53.535459 9500
    541 13 4 53.545400 13 4 53.545400 9500
    542 13 4 53.555385 13 4 53.555385 9500
    543 13 4 53.565455 13 4 53.565455 9500
    544 13 4 53.575400 13 4 53.575400 9500
    545 13 4 53.585467 13 4 53.585467 9500
    546 13 4 53.595467 13 4 53.595467 9500
    547 13 4 53.605463 13 4 53.605463 9500
    548 13 4 53.615470 13 4 53.615470 9500
    549 13 4 53.625455 13 4 53.625455 9500
    550 13 4 53.635423 13 4 53.635423 9500
    551 13 4 53.645417 13 4 53.645417 9500
    552 13 4 53.655417 13 4 53.655417 9500
    553 13 4 53.665421 13 4 53.665421 9500
    554 13 4 53.675432 13 4 53.675432 9500
    555 13 4 53.685645 13 4 53.685645 9500
    556 13 4 53.695520 13 4 53.695520 9500
    557 13 4 53.705458 13 4 53.705458 9500
    558 13 4 53.715448 13 4 53.715448 9500
    559 13 4 53.725498 13 4 53.725498 9500
    560 13 4 53.735410 13 4 53.735410 9500
    561 13 4 53.745458 13 4 53.745458 9500
    562 13 4 53.755454 13 4 53.755454 9500
    563 13 4 53.765475 13 4 53.765475 9500
    564 13 4 53.775419 13 4 53.775419 9500
    565 13 4 53.785452 13 4 53.785452 9500
    566 13 4 53.795464 13 4 53.795464 9500
    567 13 4 53.805467 13 4 53.805467 9500
    568 13 4 53.815457 13 4 53.815457 9500
    569 13 4 53.825513 13 4 53.825513 9500
    570 13 4 53.835514 13 4 53.835514 9500
    571 13 4 53.845398 13 4 53.845398 9500
    572 13 4 53.855400 13 4 53.855400 9500
    573 13 4 53.865406 13 4 53.865406 9500
    574 13 4 53.875402 13 4 53.875402 9500
    575 13 4 53.885488 13 4 53.885488 9500
    576 13 4 53.896059 13 4 53.896059 9500
    577 13 4 53.905427 13 4 53.905427 9500
    578 13 4 53.915514 13 4 53.915514 9500
    579 13 4 53.925460 13 4 53.925460 9500
    580 13 4 53.935456 13 4 53.935456 9500
    581 13 4 53.945774 13 4 53.945774 9500
    582 13 4 53.955466 13 4 53.955466 9500
    583 13 4 53.965470 13 4 53.965470 9500
    584 13 4 53.975400 13 4 53.975400 9500
    585 13 4 53.985452 13 4 53.985452 9500
    586 13 4 53.995457 13 4 53.995457 9500
    587 13 4 54.005456 13 4 54.005456 9500
    588 13 4 54.015497 13 4 54.015497 9500
    589 13 4 54.025396 13 4 54.025396 9500
    590 13 4 54.035392 13 4 54.035392 9500
    591 13 4 54.046253 13 4 54.046253 9500
    592 13 4 54.055402 13 4 54.055402 9500
    593 13 4 54.065404 13 4 54.065404 9500
    594 13 4 54.076391 13 4 54.076391 9500
    595 13 4 54.085430 13 4 54.085430 9500
    596 13 4 54.095339 13 4 54.095339 9500
    597 13 4 54.105474 13 4 54.105474 9500
    598 13 4 54.115479 13 4 54.115479 9500
    599 13 4 54.125400 13 4 54.125400 9500
    600 13 4 54.135418 13 4 54.135418 9500
    601 13 4 54.145395 13 4 54.145395 9500
    602 13 4 54.155394 13 4 54.155394 9500
    603 13 4 54.165455 13 4 54.165455 9500
    604 13 4 54.175474 13 4 54.175474 9500
    605 13 4 54.185456 13 4 54.185456 9500
    606 13 4 54.195464 13 4 54.195464 9500
    607 13 4 54.205463 13 4 54.205463 9500
    608 13 4 54.215463 13 4 54.215463 9500
    609 13 4 54.225468 13 4 54.225468 9500
    610 13 4 54.235402 13 4 54.235402 9500
    611 13 4 54.245403 13 4 54.245403 9500
    612 13 4 54.255397 13 4 54.255397 9500
    613 13 4 54.265405 13 4 54.265405 9500
    614 13 4 54.275418 13 4 54.275418 9500
    615 13 4 54.285395 13 4 54.285395 9500
    616 13 4 54.295901 13 4 54.295901 9500
    617 13 4 54.305483 13 4 54.305483 9500
    618 13 4 54.315483 13 4 54.315483 9500
    619 13 4 54.325467 13 4 54.325467 9500
    620 13 4 54.335475 13 4 54.335475 9500
    621 13 4 54.346245 13 4 54.346245 9500
    622 13 4 54.355457 13 4 54.355457 9500
    623 13 4 54.365636 13 4 54.365636 9500
    624 13 4 54.375489 13 4 54.375489 9500
    625 13 4 54.385463 13 4 54.385463 9500
    626 13 4 54.395462 13 4 54.395462 9500
    627 13 4 54.405464 13 4 54.405464 9500
    628 13 4 54.415481 13 4 54.415481 9500
    629 13 4 54.425412 13 4 54.425412 9500
    630 13 4 54.435400 13 4 54.435400 9500
    631 13 4 54.445399 13 4 54.445399 9500
    632 13 4 54.455388 13 4 54.455388 9500
    633 13 4 54.465404 13 4 54.465404 9500
    634 13 4 54.475374 13 4 54.475374 9500
    635 13 4 54.485391 13 4 54.485391 9500
    636 13 4 54.495421 13 4 54.495421 9500
    637 13 4 54.505443 13 4 54.505443 9500
    638 13 4 54.515459 13 4 54.515459 9500
    639 13 4 54.525463 13 4 54.525463 9500
    640 13 4 54.535390 13 4 54.535390 9500
    641 13 4 54.545467 13 4 54.545467 9500
    642 13 4 54.555551 13 4 54.555551 9500
    643 13 4 54.565424 13 4 54.565424 9500
    644 13 4 54.575412 13 4 54.575412 9500
    645 13 4 54.585467 13 4 54.585467 9500
    646 13 4 54.595460 13 4 54.595460 9500
    647 13 4 54.605516 13 4 54.605516 9500
    648 13 4 54.615395 13 4 54.615395 9500
    649 13 4 54.625464 13 4 54.625464 9500
    650 13 4 54.635449 13 4 54.635449 9500
    651 13 4 54.645397 13 4 54.645397 9500
    652 13 4 54.655408 13 4 54.655408 9500
    653 13 4 54.665396 13 4 54.665396 9500
    654 13 4 54.675400 13 4 54.675400 9500
    655 13 4 54.685400 13 4 54.685400 9500
    656 13 4 54.695430 13 4 54.695430 9500
    657 13 4 54.705464 13 4 54.705464 9500
    658 13 4 54.715457 13 4 54.715457 9500
    659 13 4 54.725456 13 4 54.725456 9500
    660 13 4 54.735456 13 4 54.735456 9500
    661 13 4 54.745578 13 4 54.745578 9500
    662 13 4 54.755451 13 4 54.755451 9500
    663 13 4 54.765459 13 4 54.765459 9500
    664 13 4 54.775464 13 4 54.775464 9500
    665 13 4 54.785463 13 4 54.785463 9500
    666 13 4 54.795453 13 4 54.795453 9500
    667 13 4 54.805467 13 4 54.805467 9500
    668 13 4 54.815466 13 4 54.815466 9500
    669 13 4 54.825465 13 4 54.825465 9500
    670 13 4 54.835396 13 4 54.835396 9500
    671 13 4 54.845393 13 4 54.845393 9500
    672 13 4 54.855401 13 4 54.855401 9500
    673 13 4 54.865400 13 4 54.865400 9500
    674 13 4 54.875456 13 4 54.875456 9500
    675 13 4 54.885455 13 4 54.885455 9500
    676 13 4 54.895465 13 4 54.895465 9500
    677 13 4 54.905403 13 4 54.905403 9500
    678 13 4 54.915489 13 4 54.915489 9500
    679 13 4 54.925457 13 4 54.925457 9500
    680 13 4 54.935468 13 4 54.935468 9500
    681 13 4 54.945405 13 4 54.945405 9500
    682 13 4 54.955390 13 4 54.955390 9500
    683 13 4 54.965471 13 4 54.965471 9500
    684 13 4 54.975456 13 4 54.975456 9500
    685 13 4 54.985466 13 4 54.985466 9500
    686 13 4 54.995460 13 4 54.995460 9500
    687 13 4 55.005456 13 4 55.005456 9500
    688 13 4 55.015456 13 4 55.015456 9500
    689 13 4 55.025463 13 4 55.025463 9500
    690 13 4 55.035393 13 4 55.035393 9500
    691 13 4 55.045385 13 4 55.045385 9500
    692 13 4 55.055574 13 4 55.055574 9500
    693 13 4 55.065401 13 4 55.065401 9500
    694 13 4 55.075428 13 4 55.075428 9500
    695 13 4 55.085408 13 4 55.085408 9500
    696 13 4 55.095458 13 4 55.095458 9500
    697 13 4 55.105409 13 4 55.105409 9500
    698 13 4 55.115473 13 4 55.115473 9500
    699 13 4 55.125473 13 4 55.125473 9500
    700 13 4 55.135452 13 4 55.135452 9500
    701 13 4 55.145417 13 4 55.145417 9500
    702 13 4 55.155405 13 4 55.155405 9500
    703 13 4 55.165393 13 4 55.165393 9500
    704 13 4 55.175480 13 4 55.175480 9500
    705 13 4 55.185501 13 4 55.185501 9500
    706 13 4 55.195422 13 4 55.195422 9500
    707 13 4 55.205468 13 4 55.205468 9500
    708 13 4 55.215462 13 4 55.215462 9500
    709 13 4 55.225453 13 4 55.225453 9500
    710 13 4 55.235401 13 4 55.235401 9500
    711 13 4 55.245489 13 4 55.245489 9500
    712 13 4 55.255355 13 4 55.255355 9500
    713 13 4 55.265461 13 4 55.265461 9500
    714 13 4 55.275416 13 4 55.275416 9500
    715 13 4 55.285393 13 4 55.285393 9500
    716 13 4 55.295422 13 4 55.295422 9500
    717 13 4 55.305487 13 4 55.305487 9500
    718 13 4 55.315479 13 4 55.315479 9500
    719 13 4 55.325482 13 4 55.325482 9500
    720 13 4 55.335456 13 4 55.335456 9500
    721 13 4 55.345489 13 4 55.345489 9500
    722 13 4 55.355395 13 4 55.355395 9500
    723 13 4 55.365462 13 4 55.365462 9500
    724 13 4 55.375464 13 4 55.375464 9500
    725 13 4 55.385463 13 4 55.385463 9500
    726 13 4 55.396144 13 4 55.396144 9500
    727 13 4 55.405473 13 4 55.405473 9500
    728 13 4 55.415455 13 4 55.415455 9500
    729 13 4 55.425468 13 4 55.425468 9500
    730 13 4 55.435394 13 4 55.435394 9500
    731 13 4 55.445427 13 4 55.445427 9500
    732 13 4 55.455536 13 4 55.455536 9500
    733 13 4 55.465401 13 4 55.465401 9500
    734 13 4 55.475445 13 4 55.475445 9500
    735 13 4 55.485385 13 4 55.485385 9500
    736 13 4 55.495505 13 4 55.495505 9500
    737 13 4 55.505422 13 4 55.505422 9500
    738 13 4 55.515458 13 4 55.515458 9500
    739 13 4 55.525469 13 4 55.525469 9500
    740 13 4 55.535454 13 4 55.535454 9500
    741 13 4 55.545394 13 4 55.545394 9500
    742 13 4 55.555399 13 4 55.555399 9500
    743 13 4 55.565536 13 4 55.565536 9500
    744 13 4 55.575510 13 4 55.575510 9500
    745 13 4 55.585469 13 4 55.585469 9500
    746 13 4 55.595466 13 4 55.595466 9500
    747 13 4 55.605468 13 4 55.605468 9500
    748 13 4 55.615464 13 4 55.615464 9500
    749 13 4 55.625422 13 4 55.625422 9500
    750 13 4 55.635466 13 4 55.635466 9500
    751 13 4 55.645403 13 4 55.645403 9500
    752 13 4 55.655816 13 4 55.655816 9500
    753 13 4 55.665396 13 4 55.665396 9500
    754 13 4 55.675404 13 4 55.675404 9500
    755 13 4 55.685402 13 4 55.685402 9500
    756 13 4 55.695464 13 4 55.695464 9500
    757 13 4 55.705433 13 4 55.705433 9500
    758 13 4 55.715471 13 4 55.715471 9500
    759 13 4 55.725478 13 4 55.725478 9500
    760 13 4 55.735436 13 4 55.735436 9500
    761 13 4 55.745401 13 4 55.745401 9500
    762 13 4 55.755358 13 4 55.755358 9500
    763 13 4 55.765458 13 4 55.765458 9500
    764 13 4 55.775463 13 4 55.775463 9500
    765 13 4 55.785460 13 4 55.785460 9500
    766 13 4 55.795392 13 4 55.795392 9500
    767 13 4 55.805463 13 4 55.805463 9500
    768 13 4 55.815440 13 4 55.815440 9500
    769 13 4 55.825454 13 4 55.825454 9500
    770 13 4 55.835447 13 4 55.835447 9500
    771 13 4 55.845396 13 4 55.845396 9500
    772 13 4 55.855381 13 4 55.855381 9500
    773 13 4 55.865392 13 4 55.865392 9500
    774 13 4 55.875419 13 4 55.875419 9500
    775 13 4 55.885393 13 4 55.885393 9500
    776 13 4 55.895482 13 4 55.895482 9500
    777 13 4 55.905996 13 4 55.905996 9500
    778 13 4 55.915343 13 4 55.915343 9500
    779 13 4 55.925483 13 4 55.925483 9500
    780 13 4 55.935447 13 4 55.935447 9500
    781 13 4 55.945450 13 4 55.945450 9500
    782 13 4 55.955421 13 4 55.955421 9500
    783 13 4 55.965471 13 4 55.965471 9500
    784 13 4 55.975456 13 4 55.975456 9500
    785 13 4 55.985416 13 4 55.985416 9500
    786 13 4 55.995474 13 4 55.995474 9500
    787 13 4 56.005470 13 4 56.005470 9500
    788 13 4 56.015469 13 4 56.015469 9500
    789 13 4 56.025474 13 4 56.025474 9500
    790 13 4 56.035401 13 4 56.035401 9500
    791 13 4 56.045374 13 4 56.045374 9500
    792 13 4 56.055359 13 4 56.055359 9500
    793 13 4 56.065379 13 4 56.065379 9500
    794 13 4 56.075392 13 4 56.075392 9500
    795 13 4 56.085393 13 4 56.085393 9500
    796 13 4 56.095325 13 4 56.095325 9500
    797 13 4 56.105452 13 4 56.105452 9500
    798 13 4 56.115484 13 4 56.115484 9500
    799 13 4 56.125421 13 4 56.125421 9500
    800 13 4 56.135457 13 4 56.135457 9500
    801 13 4 56.145814 13 4 56.145814 9500
    802 13 4 56.155406 13 4 56.155406 9500
    803 13 4 56.165421 13 4 56.165421 9500
    804 13 4 56.175449 13 4 56.175449 9500
    805 13 4 56.185465 13 4 56.185465 9500
    806 13 4 56.195416 13 4 56.195416 9500
    807 13 4 56.205457 13 4 56.205457 9500
    808 13 4 56.215516 13 4 56.215516 9500
    809 13 4 56.225462 13 4 56.225462 9500
    810 13 4 56.235509 13 4 56.235509 9500
    811 13 4 56.245345 13 4 56.245345 9500
    812 13 4 56.255571 13 4 56.255571 9500
    813 13 4 56.265417 13 4 56.265417 9500
    814 13 4 56.275387 13 4 56.275387 9500
    815 13 4 56.285409 13 4 56.285409 9500
    816 13 4 56.295481 13 4 56.295481 9500
    817 13 4 56.305447 13 4 56.305447 9500
    818 13 4 56.315514 13 4 56.315514 9500
    819 13 4 56.325525 13 4 56.325525 9500
    820 13 4 56.335422 13 4 56.335422 9500
    821 13 4 56.345463 13 4 56.345463 9500
    822 13 4 56.355397 13 4 56.355397 9500
    823 13 4 56.365546 13 4 56.365546 9500
    824 13 4 56.375478 13 4 56.375478 9500
    825 13 4 56.385496 13 4 56.385496 9500
    826 13 4 56.395485 13 4 56.395485 9500
    827 13 4 56.405468 13 4 56.405468 9500
    828 13 4 56.415480 13 4 56.415480 9500
    829 13 4 56.425412 13 4 56.425412 9500
    830 13 4 56.435491 13 4 56.435491 9500
    831 13 4 56.445677 13 4 56.445677 9500
    832 13 4 56.455392 13 4 56.455392 9500
    833 13 4 56.465439 13 4 56.465439 9500
    834 13 4 56.475389 13 4 56.475389 9500
    835 13 4 56.485487 13 4 56.485487 9500
    836 13 4 56.495409 13 4 56.495409 9500
    837 13 4 56.505471 13 4 56.505471 9500
    838 13 4 56.515706 13 4 56.515706 9500
    839 13 4 56.525474 13 4 56.525474 9500
    840 13 4 56.535459 13 4 56.535459 9500
    841 13 4 56.545467 13 4 56.545467 9500
    842 13 4 56.555397 13 4 56.555397 9500
    843 13 4 56.565461 13 4 56.565461 9500
    844 13 4 56.575377 13 4 56.575377 9500
    845 13 4 56.585420 13 4 56.585420 9500
    846 13 4 56.595416 13 4 56.595416 9500
    847 13 4 56.605392 13 4 56.605392 9500
    848 13 4 56.615450 13 4 56.615450 9500
    849 13 4 56.625405 13 4 56.625405 9500
    850 13 4 56.635451 13 4 56.635451 9500
    851 13 4 56.645397 13 4 56.645397 9500
    852 13 4 56.655397 13 4 56.655397 9500
    853 13 4 56.665404 13 4 56.665404 9500
    854 13 4 56.675392 13 4 56.675392 9500
    855 13 4 56.685403 13 4 56.685403 9500
    856 13 4 56.695394 13 4 56.695394 9500
    857 13 4 56.705480 13 4 56.705480 9500
    858 13 4 56.715485 13 4 56.715485 9500
    859 13 4 56.725537 13 4 56.725537 9500
    860 13 4 56.735458 13 4 56.735458 9500
    861 13 4 56.745463 13 4 56.745463 9500
    862 13 4 56.755395 13 4 56.755395 9500
    863 13 4 56.765466 13 4 56.765466 9500
    864 13 4 56.775409 13 4 56.775409 9500
    865 13 4 56.785421 13 4 56.785421 9500
    866 13 4 56.795461 13 4 56.795461 9500
    867 13 4 56.805466 13 4 56.805466 9500
    868 13 4 56.815465 13 4 56.815465 9500
    869 13 4 56.825394 13 4 56.825394 9500
    870 13 4 56.835456 13 4 56.835456 9500
    871 13 4 56.845418 13 4 56.845418 9500
    872 13 4 56.855395 13 4 56.855395 9500
    873 13 4 56.865403 13 4 56.865403 9500
    874 13 4 56.875393 13 4 56.875393 9500
    875 13 4 56.885396 13 4 56.885396 9500
    876 13 4 56.895375 13 4 56.895375 9500
    877 13 4 56.905468 13 4 56.905468 9500
    878 13 4 56.915467 13 4 56.915467 9500
    879 13 4 56.925468 13 4 56.925468 9500
    880 13 4 56.935507 13 4 56.935507 9500
    881 13 4 56.945484 13 4 56.945484 9500
    882 13 4 56.955413 13 4 56.955413 9500
    883 13 4 56.965733 13 4 56.965733 9500
    884 13 4 56.975461 13 4 56.975461 9500
    885 13 4 56.985411 13 4 56.985411 9500
    886 13 4 56.995466 13 4 56.995466 9500
    887 13 4 57.005412 13 4 57.005412 9500
    888 13 4 57.015473 13 4 57.015473 9500
    889 13 4 57.025395 13 4 57.025395 9500
    890 13 4 57.035527 13 4 57.035527 9500
    891 13 4 57.045457 13 4 57.045457 9500
    892 13 4 57.055402 13 4 57.055402 9500
    893 13 4 57.065412 13 4 57.065412 9500
    894 13 4 57.075403 13 4 57.075403 9500
    895 13 4 57.085382 13 4 57.085382 9500
    896 13 4 57.095393 13 4 57.095393 9500
    897 13 4 57.105457 13 4 57.105457 9500
    898 13 4 57.115467 13 4 57.115467 9500
    899 13 4 57.125466 13 4 57.125466 9500
    900 13 4 57.135412 13 4 57.135412 9500
    901 13 4 57.145417 13 4 57.145417 9500
    902 13 4 57.155366 13 4 57.155366 9500
    903 13 4 57.165441 13 4 57.165441 9500
    904 13 4 57.175480 13 4 57.175480 9500
    905 13 4 57.185457 13 4 57.185457 9500
    906 13 4 57.195461 13 4 57.195461 9500
    907 13 4 57.205477 13 4 57.205477 9500
    908 13 4 57.215449 13 4 57.215449 9500
    909 13 4 57.225468 13 4 57.225468 9500
    910 13 4 57.235396 13 4 57.235396 9500
    911 13 4 57.245404 13 4 57.245404 9500
    912 13 4 57.255397 13 4 57.255397 9500
    913 13 4 57.265402 13 4 57.265402 9500
    914 13 4 57.275395 13 4 57.275395 9500
    915 13 4 57.285403 13 4 57.285403 9500
    916 13 4 57.295394 13 4 57.295394 9500
    917 13 4 57.305491 13 4 57.305491 9500
    918 13 4 57.315451 13 4 57.315451 9500
    919 13 4 57.325459 13 4 57.325459 9500
    920 13 4 57.335563 13 4 57.335563 9500
    921 13 4 57.345404 13 4 57.345404 9500
    922 13 4 57.355455 13 4 57.355455 9500
    923 13 4 57.365398 13 4 57.365398 9500
    924 13 4 57.375557 13 4 57.375557 9500
    925 13 4 57.385472 13 4 57.385472 9500
    926 13 4 57.395477 13 4 57.395477 9500
    927 13 4 57.405470 13 4 57.405470 9500
    928 13 4 57.415686 13 4 57.415686 9500
    929 13 4 57.425446 13 4 57.425446 9500
    930 13 4 57.435470 13 4 57.435470 9500
    931 13 4 57.445467 13 4 57.445467 9500
    932 13 4 57.455396 13 4 57.455396 9500
    933 13 4 57.465401 13 4 57.465401 9500
    934 13 4 57.475461 13 4 57.475461 9500
    935 13 4 57.485832 13 4 57.485832 9500
    936 13 4 57.495406 13 4 57.495406 9500
    937 13 4 57.505631 13 4 57.505631 9500
    938 13 4 57.515452 13 4 57.515452 9500
    939 13 4 57.525393 13 4 57.525393 9500
    940 13 4 57.535530 13 4 57.535530 9500
    941 13 4 57.545515 13 4 57.545515 9500
    942 13 4 57.555396 13 4 57.555396 9500
    943 13 4 57.565441 13 4 57.565441 9500
    944 13 4 57.575400 13 4 57.575400 9500
    945 13 4 57.585402 13 4 57.585402 9500
    946 13 4 57.595463 13 4 57.595463 9500
    947 13 4 57.605500 13 4 57.605500 9500
    948 13 4 57.615414 13 4 57.615414 9500
    949 13 4 57.625511 13 4 57.625511 9500
    950 13 4 57.635464 13 4 57.635464 9500
    951 13 4 57.645398 13 4 57.645398 9500
    952 13 4 57.655394 13 4 57.655394 9500
    953 13 4 57.665407 13 4 57.665407 9500
    954 13 4 57.675395 13 4 57.675395 9500
    955 13 4 57.685392 13 4 57.685392 9500
    956 13 4 57.695408 13 4 57.695408 9500
    957 13 4 57.705450 13 4 57.705450 9500
    958 13 4 57.715476 13 4 57.715476 9500
    959 13 4 57.725475 13 4 57.725475 9500
    960 13 4 57.735430 13 4 57.735430 9500
    961 13 4 57.745482 13 4 57.745482 9500
    962 13 4 57.755364 13 4 57.755364 9500
    963 13 4 57.765402 13 4 57.765402 9500
    964 13 4 57.775438 13 4 57.775438 9500
    965 13 4 57.785398 13 4 57.785398 9500
    966 13 4 57.795462 13 4 57.795462 9500
    967 13 4 57.805506 13 4 57.805506 9500
    968 13 4 57.815477 13 4 57.815477 9500
    969 13 4 57.825474 13 4 57.825474 9500
    970 13 4 57.835481 13 4 57.835481 9500
    971 13 4 57.846248 13 4 57.846248 9500
    972 13 4 57.855414 13 4 57.855414 9500
    973 13 4 57.865394 13 4 57.865394 9500
    974 13 4 57.875841 13 4 57.875841 9500
    975 13 4 57.885402 13 4 57.885402 9500
    976 13 4 57.895355 13 4 57.895355 9500
    977 13 4 57.905445 13 4 57.905445 9500
    978 13 4 57.915464 13 4 57.915464 9500
    979 13 4 57.925463 13 4 57.925463 9500
    980 13 4 57.935456 13 4 57.935456 9500
    981 13 4 57.945475 13 4 57.945475 9500
    982 13 4 57.955407 13 4 57.955407 9500
    983 13 4 57.965763 13 4 57.965763 9500
    984 13 4 57.975450 13 4 57.975450 9500
    985 13 4 57.985861 13 4 57.985861 9500
    986 13 4 57.995494 13 4 57.995494 9500
    987 13 4 58.005460 13 4 58.005460 9500
    988 13 4 58.015476 13 4 58.015476 9500
    989 13 4 58.025399 13 4 58.025399 9500
    990 13 4 58.035465 13 4 58.035465 9500
    991 13 4 58.045467 13 4 58.045467 9500
    992 13 4 58.055391 13 4 58.055391 9500
    993 13 4 58.065403 13 4 58.065403 9500
    994 13 4 58.075400 13 4 58.075400 9500
    995 13 4 58.085385 13 4 58.085385 9500
    996 13 4 58.095416 13 4 58.095416 9500
    997 13 4 58.105328 13 4 58.105328 9500
    998 13 4 58.115470 13 4 58.115470 9500
    999 13 4 58.125438 13 4 58.125438 9500
   1000 13 4 58.135457 13 4 58.135457 9500
