      1 13 11 40.978766 13 11 40.991055 8800
      2 13 11 40.988866 13 11 40.999271 8800
      3 13 11 40.999130 13 11 41.008763 8800
      4 13 11 41.008884 13 11 41.019204 8800
      5 13 11 41.018918 13 11 41.029142 8800
      6 13 11 41.028950 13 11 41.039186 8800
      7 13 11 41.039217 13 11 41.049169 8800
      8 13 11 41.048873 13 11 41.058191 8800
      9 13 11 41.058872 13 11 41.068071 8800
     10 13 11 41.068885 13 11 41.078198 8800
     11 13 11 41.079078 13 11 41.088517 8800
     12 13 11 41.088898 13 11 41.098160 8800
     13 13 11 41.098942 13 11 41.108127 8800
     14 13 11 41.108862 13 11 41.119185 8800
     15 13 11 41.119120 13 11 41.129404 8800
     16 13 11 41.129187 13 11 41.139341 8800
     17 13 11 41.138981 13 11 41.148390 8800
     18 13 11 41.148932 13 11 41.158644 8800
     19 13 11 41.158892 13 11 41.168382 8800
     20 13 11 41.168930 13 11 41.179468 8800
     21 13 11 41.179420 13 11 41.189138 8800
     22 13 11 41.189095 13 11 41.199330 8800
     23 13 11 41.198929 13 11 41.210016 8800
     24 13 11 41.209552 13 11 41.219996 8800
     25 13 11 41.218901 13 11 41.228735 8800
     26 13 11 41.228955 13 11 41.239283 8800
     27 13 11 41.238866 13 11 41.248238 8800
     28 13 11 41.248941 13 11 41.258372 8800
     29 13 11 41.258887 13 11 41.268172 8800
     30 13 11 41.268937 13 11 41.278236 8800
     31 13 11 41.278868 13 11 41.288054 8800
     32 13 11 41.288863 13 11 41.298108 8800
     33 13 11 41.298862 13 11 41.309182 8800
     34 13 11 41.308942 13 11 41.318226 8800
     35 13 11 41.318877 13 11 41.328200 8800
     36 13 11 41.328878 13 11 41.338166 8800
     37 13 11 41.338863 13 11 41.348224 8800
     38 13 11 41.348950 13 11 41.358345 8800
     39 13 11 41.358930 13 11 41.369126 8800
     40 13 11 41.369059 13 11 41.378647 8800
     41 13 11 41.378901 13 11 41.389237 8800
     42 13 11 41.388913 13 11 41.398429 8800
     43 13 11 41.398904 13 11 41.408796 8800
     44 13 11 41.408875 13 11 41.418233 8800
     45 13 11 41.418945 13 11 41.428404 8800
     46 13 11 41.428956 13 11 41.439163 8800
     47 13 11 41.438823 13 11 41.448408 8800
     48 13 11 41.448945 13 11 41.459181 8800
     49 13 11 41.458975 13 11 41.468572 8800
     50 13 11 41.468871 13 11 41.484042 8800
     51 13 11 41.478867 13 11 41.491450 8800
     52 13 11 41.488912 13 11 41.498927 8800
     53 13 11 41.498883 13 11 41.508073 8800
     54 13 11 41.508862 13 11 41.518045 8800
     55 13 11 41.518877 13 11 41.528072 8800
     56 13 11 41.528868 13 11 41.538119 8800
     57 13 11 41.538921 13 11 41.548160 8800
     58 13 11 41.548867 13 11 41.558073 8800
     59 13 11 41.558888 13 11 41.569147 8800
     60 13 11 41.568883 13 11 41.578386 8800
     61 13 11 41.579014 13 11 41.590302 8800
     62 13 11 41.588946 13 11 41.598439 8800
     63 13 11 41.598956 13 11 41.608915 8800
     64 13 11 41.608946 13 11 41.618231 8800
     65 13 11 41.618915 13 11 41.628379 8800
     66 13 11 41.628819 13 11 41.638339 8800
     67 13 11 41.638914 13 11 41.649330 8800
     68 13 11 41.649039 13 11 41.659506 8800
     69 13 11 41.659405 13 11 41.669068 8800
     70 13 11 41.668872 13 11 41.678189 8800
     71 13 11 41.678924 13 11 41.688377 8800
     72 13 11 41.688960 13 11 41.698155 8800
     73 13 11 41.698864 13 11 41.708047 8800
     74 13 11 41.708863 13 11 41.718159 8800
     75 13 11 41.718936 13 11 41.728251 8800
     76 13 11 41.728865 13 11 41.738208 8800
     77 13 11 41.738866 13 11 41.748060 8800
     78 13 11 41.748863 13 11 41.758046 8800
     79 13 11 41.758867 13 11 41.768157 8800
     80 13 11 41.768886 13 11 41.778297 8800
     81 13 11 41.779001 13 11 41.788685 8800
     82 13 11 41.788986 13 11 41.799908 8800
     83 13 11 41.799456 13 11 41.810808 8800
     84 13 11 41.808973 13 11 41.819125 8800
     85 13 11 41.819060 13 11 41.828586 8800
     86 13 11 41.828969 13 11 41.838301 8800
     87 13 11 41.838864 13 11 41.849103 8800
     88 13 11 41.848940 13 11 41.858403 8800
     89 13 11 41.858891 13 11 41.868223 8800
     90 13 11 41.868934 13 11 41.879125 8800
     91 13 11 41.879067 13 11 41.888545 8800
     92 13 11 41.888935 13 11 41.898341 8800
     93 13 11 41.898938 13 11 41.908217 8800
     94 13 11 41.908869 13 11 41.918070 8800
     95 13 11 41.918827 13 11 41.928013 8800
     96 13 11 41.928882 13 11 41.938228 8800
     97 13 11 41.938865 13 11 41.948123 8800
     98 13 11 41.948923 13 11 41.958226 8800
     99 13 11 41.958880 13 11 41.968280 8800
    100 13 11 41.968873 13 11 41.986283 8800
    101 13 11 41.978940 13 11 41.993268 8800
    102 13 11 41.988987 13 11 41.999864 8800
    103 13 11 41.998969 13 11 42.008361 8800
    104 13 11 42.008885 13 11 42.019213 8800
    105 13 11 42.018875 13 11 42.028816 8800
    106 13 11 42.028877 13 11 42.038707 8800
    107 13 11 42.038952 13 11 42.048450 8800
    108 13 11 42.048890 13 11 42.058394 8800
    109 13 11 42.058928 13 11 42.068350 8800
    110 13 11 42.068942 13 11 42.078311 8800
    111 13 11 42.078933 13 11 42.088326 8800
    112 13 11 42.088889 13 11 42.098300 8800
    113 13 11 42.098871 13 11 42.108063 8800
    114 13 11 42.108862 13 11 42.118071 8800
    115 13 11 42.118864 13 11 42.128050 8800
    116 13 11 42.128875 13 11 42.138168 8800
    117 13 11 42.138862 13 11 42.148049 8800
    118 13 11 42.148862 13 11 42.158053 8800
    119 13 11 42.158872 13 11 42.168076 8800
    120 13 11 42.168875 13 11 42.178203 8800
    121 13 11 42.178860 13 11 42.188713 8800
    122 13 11 42.188946 13 11 42.198362 8800
    123 13 11 42.198889 13 11 42.208233 8800
    124 13 11 42.209051 13 11 42.219397 8800
    125 13 11 42.218929 13 11 42.229939 8800
    126 13 11 42.229050 13 11 42.238430 8800
    127 13 11 42.239758 13 11 42.249344 8800
    128 13 11 42.248936 13 11 42.258406 8800
    129 13 11 42.259605 13 11 42.269058 8800
    130 13 11 42.269004 13 11 42.278382 8800
    131 13 11 42.278942 13 11 42.288311 8800
    132 13 11 42.288946 13 11 42.299035 8800
    133 13 11 42.298968 13 11 42.308301 8800
    134 13 11 42.308875 13 11 42.318089 8800
    135 13 11 42.318865 13 11 42.328046 8800
    136 13 11 42.328865 13 11 42.338186 8800
    137 13 11 42.338869 13 11 42.348052 8800
    138 13 11 42.348874 13 11 42.358123 8800
    139 13 11 42.358893 13 11 42.368170 8800
    140 13 11 42.368881 13 11 42.378213 8800
    141 13 11 42.378968 13 11 42.389229 8800
    142 13 11 42.388950 13 11 42.398480 8800
    143 13 11 42.399146 13 11 42.408504 8800
    144 13 11 42.408977 13 11 42.419614 8800
    145 13 11 42.418934 13 11 42.429028 8800
    146 13 11 42.428955 13 11 42.439033 8800
    147 13 11 42.438884 13 11 42.449205 8800
    148 13 11 42.448959 13 11 42.458561 8800
    149 13 11 42.458930 13 11 42.468336 8800
    150 13 11 42.468921 13 11 42.484279 8800
    151 13 11 42.478937 13 11 42.491635 8800
    152 13 11 42.488982 13 11 42.499142 8800
    153 13 11 42.498955 13 11 42.508440 8800
    154 13 11 42.508932 13 11 42.518335 8800
    155 13 11 42.518866 13 11 42.528059 8800
    156 13 11 42.528869 13 11 42.538159 8800
    157 13 11 42.538868 13 11 42.548065 8800
    158 13 11 42.548841 13 11 42.558027 8800
    159 13 11 42.558881 13 11 42.568147 8800
    160 13 11 42.568868 13 11 42.578097 8800
    161 13 11 42.578961 13 11 42.588962 8800
    162 13 11 42.588996 13 11 42.599065 8800
    163 13 11 42.598962 13 11 42.608407 8800
    164 13 11 42.608865 13 11 42.619413 8800
    165 13 11 42.618935 13 11 42.628998 8800
    166 13 11 42.628934 13 11 42.638496 8800
    167 13 11 42.638941 13 11 42.648499 8800
    168 13 11 42.648940 13 11 42.658898 8800
    169 13 11 42.658835 13 11 42.668199 8800
    170 13 11 42.668930 13 11 42.678435 8800
    171 13 11 42.678933 13 11 42.688397 8800
    172 13 11 42.688927 13 11 42.698358 8800
    173 13 11 42.698959 13 11 42.708374 8800
    174 13 11 42.708868 13 11 42.718063 8800
    175 13 11 42.718863 13 11 42.728070 8800
    176 13 11 42.728867 13 11 42.738173 8800
    177 13 11 42.738866 13 11 42.748049 8800
    178 13 11 42.748863 13 11 42.758113 8800
    179 13 11 42.758875 13 11 42.768132 8800
    180 13 11 42.768889 13 11 42.778128 8800
    181 13 11 42.778984 13 11 42.789254 8800
    182 13 11 42.788887 13 11 42.798327 8800
    183 13 11 42.798896 13 11 42.808262 8800
    184 13 11 42.808940 13 11 42.819344 8800
    185 13 11 42.818953 13 11 42.828927 8800
    186 13 11 42.828949 13 11 42.838521 8800
    187 13 11 42.839588 13 11 42.849046 8800
    188 13 11 42.848987 13 11 42.858665 8800
    189 13 11 42.859011 13 11 42.868555 8800
    190 13 11 42.868932 13 11 42.878449 8800
    191 13 11 42.878990 13 11 42.888334 8800
    192 13 11 42.888899 13 11 42.898256 8800
    193 13 11 42.898929 13 11 42.908329 8800
    194 13 11 42.908977 13 11 42.918334 8800
    195 13 11 42.918864 13 11 42.928172 8800
    196 13 11 42.928868 13 11 42.938152 8800
    197 13 11 42.938848 13 11 42.948076 8800
    198 13 11 42.948864 13 11 42.958053 8800
    199 13 11 42.958869 13 11 42.969315 8800
    200 13 11 42.968887 13 11 42.984138 8800
    201 13 11 42.978867 13 11 42.993299 8800
    202 13 11 42.988885 13 11 43.000922 8800
    203 13 11 42.998984 13 11 43.008619 8800
    204 13 11 43.008878 13 11 43.018489 8800
    205 13 11 43.018929 13 11 43.028959 8800
    206 13 11 43.028894 13 11 43.038770 8800
    207 13 11 43.038873 13 11 43.048732 8800
    208 13 11 43.048926 13 11 43.058557 8800
    209 13 11 43.058939 13 11 43.068260 8800
    210 13 11 43.068928 13 11 43.079354 8800
    211 13 11 43.079309 13 11 43.088728 8800
    212 13 11 43.088968 13 11 43.098418 8800
    213 13 11 43.098866 13 11 43.108308 8800
    214 13 11 43.108865 13 11 43.118284 8800
    215 13 11 43.118865 13 11 43.128064 8800
    216 13 11 43.128869 13 11 43.138142 8800
    217 13 11 43.138866 13 11 43.148046 8800
    218 13 11 43.148868 13 11 43.158057 8800
    219 13 11 43.158870 13 11 43.168112 8800
    220 13 11 43.168864 13 11 43.178077 8800
    221 13 11 43.178865 13 11 43.188729 8800
    222 13 11 43.188929 13 11 43.198965 8800
    223 13 11 43.198906 13 11 43.208539 8800
    224 13 11 43.208959 13 11 43.218274 8800
    225 13 11 43.218941 13 11 43.228532 8800
    226 13 11 43.228886 13 11 43.238791 8800
    227 13 11 43.238888 13 11 43.248313 8800
    228 13 11 43.248947 13 11 43.258921 8800
    229 13 11 43.258861 13 11 43.268155 8800
    230 13 11 43.268923 13 11 43.278412 8800
    231 13 11 43.278885 13 11 43.288336 8800
    232 13 11 43.288929 13 11 43.298341 8800
    233 13 11 43.298884 13 11 43.308343 8800
    234 13 11 43.308923 13 11 43.318337 8800
    235 13 11 43.318868 13 11 43.328138 8800
    236 13 11 43.328865 13 11 43.338169 8800
    237 13 11 43.338864 13 11 43.348067 8800
    238 13 11 43.348863 13 11 43.358164 8800
    239 13 11 43.358893 13 11 43.368167 8800
    240 13 11 43.368867 13 11 43.378067 8800
    241 13 11 43.378866 13 11 43.388440 8800
    242 13 11 43.388930 13 11 43.398516 8800
    243 13 11 43.398924 13 11 43.408365 8800
    244 13 11 43.408912 13 11 43.419350 8800
    245 13 11 43.418976 13 11 43.429000 8800
    246 13 11 43.428936 13 11 43.438875 8800
    247 13 11 43.438887 13 11 43.448286 8800
    248 13 11 43.448942 13 11 43.458483 8800
    249 13 11 43.458874 13 11 43.468398 8800
    250 13 11 43.468926 13 11 43.484315 8800
    251 13 11 43.478943 13 11 43.491719 8800
    252 13 11 43.488964 13 11 43.499097 8800
    253 13 11 43.498939 13 11 43.508403 8800
    254 13 11 43.508930 13 11 43.518411 8800
    255 13 11 43.518925 13 11 43.528320 8800
    256 13 11 43.528843 13 11 43.538190 8800
    257 13 11 43.538854 13 11 43.548133 8800
    258 13 11 43.548786 13 11 43.558096 8800
    259 13 11 43.558853 13 11 43.568092 8800
    260 13 11 43.568874 13 11 43.578206 8800
    261 13 11 43.578867 13 11 43.589781 8800
    262 13 11 43.588869 13 11 43.598973 8800
    263 13 11 43.598905 13 11 43.608390 8800
    264 13 11 43.608933 13 11 43.618454 8800
    265 13 11 43.618923 13 11 43.628483 8800
    266 13 11 43.628962 13 11 43.639006 8800
    267 13 11 43.638835 13 11 43.648991 8800
    268 13 11 43.648930 13 11 43.658521 8800
    269 13 11 43.658866 13 11 43.668270 8800
    270 13 11 43.668928 13 11 43.678325 8800
    271 13 11 43.678927 13 11 43.688212 8800
    272 13 11 43.688932 13 11 43.698390 8800
    273 13 11 43.698886 13 11 43.708249 8800
    274 13 11 43.708928 13 11 43.718328 8800
    275 13 11 43.718930 13 11 43.728192 8800
    276 13 11 43.728865 13 11 43.738162 8800
    277 13 11 43.738863 13 11 43.748046 8800
    278 13 11 43.748865 13 11 43.758057 8800
    279 13 11 43.758868 13 11 43.768112 8800
    280 13 11 43.768870 13 11 43.778063 8800
    281 13 11 43.778869 13 11 43.788629 8800
    282 13 11 43.788898 13 11 43.798399 8800
    283 13 11 43.798927 13 11 43.808332 8800
    284 13 11 43.808923 13 11 43.818798 8800
    285 13 11 43.818972 13 11 43.829093 8800
    286 13 11 43.829050 13 11 43.839615 8800
    287 13 11 43.839570 13 11 43.849615 8800
    288 13 11 43.848965 13 11 43.858359 8800
    289 13 11 43.858876 13 11 43.868273 8800
    290 13 11 43.868889 13 11 43.878374 8800
    291 13 11 43.878925 13 11 43.888311 8800
    292 13 11 43.888919 13 11 43.898448 8800
    293 13 11 43.898870 13 11 43.908301 8800
    294 13 11 43.908870 13 11 43.918928 8800
    295 13 11 43.918878 13 11 43.928044 8800
    296 13 11 43.928890 13 11 43.938153 8800
    297 13 11 43.938867 13 11 43.948050 8800
    298 13 11 43.948870 13 11 43.958117 8800
    299 13 11 43.958872 13 11 43.968077 8800
    300 13 11 43.968868 13 11 43.984208 8800
    301 13 11 43.978869 13 11 43.992209 8800
    302 13 11 43.988906 13 11 43.999049 8800
    303 13 11 43.998902 13 11 44.009174 8800
    304 13 11 44.008856 13 11 44.018317 8800
    305 13 11 44.018925 13 11 44.028387 8800
    306 13 11 44.028883 13 11 44.039487 8800
    307 13 11 44.038868 13 11 44.048996 8800
    308 13 11 44.048938 13 11 44.058362 8800
    309 13 11 44.058939 13 11 44.068483 8800
    310 13 11 44.068888 13 11 44.078327 8800
    311 13 11 44.078968 13 11 44.088385 8800
    312 13 11 44.088929 13 11 44.098466 8800
    313 13 11 44.098939 13 11 44.108322 8800
    314 13 11 44.108967 13 11 44.119137 8800
    315 13 11 44.118870 13 11 44.128087 8800
    316 13 11 44.128869 13 11 44.138191 8800
    317 13 11 44.138866 13 11 44.148060 8800
    318 13 11 44.148873 13 11 44.158071 8800
    319 13 11 44.158875 13 11 44.168135 8800
    320 13 11 44.168866 13 11 44.178103 8800
    321 13 11 44.178863 13 11 44.189289 8800
    322 13 11 44.189239 13 11 44.198715 8800
    323 13 11 44.199002 13 11 44.208514 8800
    324 13 11 44.208928 13 11 44.218381 8800
    325 13 11 44.218980 13 11 44.228490 8800
    326 13 11 44.228952 13 11 44.238725 8800
    327 13 11 44.239277 13 11 44.249633 8800
    328 13 11 44.248874 13 11 44.258377 8800
    329 13 11 44.258943 13 11 44.268424 8800
    330 13 11 44.268875 13 11 44.279147 8800
    331 13 11 44.278860 13 11 44.289104 8800
    332 13 11 44.288966 13 11 44.298502 8800
    333 13 11 44.298945 13 11 44.309289 8800
    334 13 11 44.308990 13 11 44.318561 8800
    335 13 11 44.318949 13 11 44.328552 8800
    336 13 11 44.328927 13 11 44.338273 8800
    337 13 11 44.338884 13 11 44.348263 8800
    338 13 11 44.348902 13 11 44.358153 8800
    339 13 11 44.358902 13 11 44.368141 8800
    340 13 11 44.368865 13 11 44.378064 8800
    341 13 11 44.378866 13 11 44.390054 8800
    342 13 11 44.389572 13 11 44.399690 8800
    343 13 11 44.398999 13 11 44.409348 8800
    344 13 11 44.408954 13 11 44.419283 8800
    345 13 11 44.418979 13 11 44.428581 8800
    346 13 11 44.428969 13 11 44.438509 8800
    347 13 11 44.438975 13 11 44.450023 8800
    348 13 11 44.449351 13 11 44.459851 8800
    349 13 11 44.458995 13 11 44.468499 8800
    350 13 11 44.468899 13 11 44.484243 8800
    351 13 11 44.478929 13 11 44.492468 8800
    352 13 11 44.488943 13 11 44.499417 8800
    353 13 11 44.498939 13 11 44.508342 8800
    354 13 11 44.509031 13 11 44.518475 8800
    355 13 11 44.519047 13 11 44.528647 8800
    356 13 11 44.528871 13 11 44.538533 8800
    357 13 11 44.538960 13 11 44.549250 8800
    358 13 11 44.548878 13 11 44.558360 8800
    359 13 11 44.558970 13 11 44.568229 8800
    360 13 11 44.568908 13 11 44.578149 8800
    361 13 11 44.578890 13 11 44.589266 8800
    362 13 11 44.589092 13 11 44.600239 8800
    363 13 11 44.599054 13 11 44.608657 8800
    364 13 11 44.608893 13 11 44.618467 8800
    365 13 11 44.618927 13 11 44.628405 8800
    366 13 11 44.628936 13 11 44.638370 8800
    367 13 11 44.638866 13 11 44.648280 8800
    368 13 11 44.648867 13 11 44.658942 8800
    369 13 11 44.658878 13 11 44.668669 8800
    370 13 11 44.669502 13 11 44.678995 8800
    371 13 11 44.678936 13 11 44.688488 8800
    372 13 11 44.688926 13 11 44.698405 8800
    373 13 11 44.698926 13 11 44.708340 8800
    374 13 11 44.708931 13 11 44.718403 8800
    375 13 11 44.718938 13 11 44.728352 8800
    376 13 11 44.728923 13 11 44.739164 8800
    377 13 11 44.739018 13 11 44.748210 8800
    378 13 11 44.748865 13 11 44.758048 8800
    379 13 11 44.758870 13 11 44.768144 8800
    380 13 11 44.768866 13 11 44.778176 8800
    381 13 11 44.778852 13 11 44.789628 8800
    382 13 11 44.789161 13 11 44.798648 8800
    383 13 11 44.798909 13 11 44.808447 8800
    384 13 11 44.808864 13 11 44.818379 8800
    385 13 11 44.818970 13 11 44.828685 8800
    386 13 11 44.828937 13 11 44.840242 8800
    387 13 11 44.839499 13 11 44.849725 8800
    388 13 11 44.848891 13 11 44.858547 8800
    389 13 11 44.859426 13 11 44.869877 8800
    390 13 11 44.868929 13 11 44.879053 8800
    391 13 11 44.878990 13 11 44.888334 8800
    392 13 11 44.888931 13 11 44.898372 8800
    393 13 11 44.898936 13 11 44.908389 8800
    394 13 11 44.908869 13 11 44.918298 8800
    395 13 11 44.918936 13 11 44.928319 8800
    396 13 11 44.928936 13 11 44.938523 8800
    397 13 11 44.938887 13 11 44.948082 8800
    398 13 11 44.948864 13 11 44.958043 8800
    399 13 11 44.958868 13 11 44.968116 8800
    400 13 11 44.968890 13 11 44.984279 8800
    401 13 11 44.979267 13 11 44.991768 8800
    402 13 11 44.989136 13 11 44.999205 8800
    403 13 11 44.999034 13 11 45.008460 8800
    404 13 11 45.008927 13 11 45.018379 8800
    405 13 11 45.018935 13 11 45.028810 8800
    406 13 11 45.028810 13 11 45.038100 8800
    407 13 11 45.038888 13 11 45.048101 8800
    408 13 11 45.048875 13 11 45.058911 8800
    409 13 11 45.058948 13 11 45.069107 8800
    410 13 11 45.068893 13 11 45.079338 8800
    411 13 11 45.079377 13 11 45.089438 8800
    412 13 11 45.088881 13 11 45.098334 8800
    413 13 11 45.098931 13 11 45.108567 8800
    414 13 11 45.108866 13 11 45.118358 8800
    415 13 11 45.118926 13 11 45.128307 8800
    416 13 11 45.128933 13 11 45.138379 8800
    417 13 11 45.138995 13 11 45.148457 8800
    418 13 11 45.148871 13 11 45.158217 8800
    419 13 11 45.158875 13 11 45.168146 8800
    420 13 11 45.168872 13 11 45.179107 8800
    421 13 11 45.178944 13 11 45.189819 8800
    422 13 11 45.188856 13 11 45.198661 8800
    423 13 11 45.198950 13 11 45.208542 8800
    424 13 11 45.208874 13 11 45.219141 8800
    425 13 11 45.218949 13 11 45.228495 8800
    426 13 11 45.228901 13 11 45.239061 8800
    427 13 11 45.239013 13 11 45.248984 8800
    428 13 11 45.248922 13 11 45.258476 8800
    429 13 11 45.258873 13 11 45.269213 8800
    430 13 11 45.269005 13 11 45.279318 8800
    431 13 11 45.278869 13 11 45.288395 8800
    432 13 11 45.289115 13 11 45.298673 8800
    433 13 11 45.298929 13 11 45.309215 8800
    434 13 11 45.308934 13 11 45.318359 8800
    435 13 11 45.318972 13 11 45.328699 8800
    436 13 11 45.328989 13 11 45.338565 8800
    437 13 11 45.338952 13 11 45.349539 8800
    438 13 11 45.349375 13 11 45.360114 8800
    439 13 11 45.359712 13 11 45.369393 8800
    440 13 11 45.369016 13 11 45.378397 8800
    441 13 11 45.378892 13 11 45.389319 8800
    442 13 11 45.388879 13 11 45.399793 8800
    443 13 11 45.399411 13 11 45.408878 8800
    444 13 11 45.408822 13 11 45.418278 8800
    445 13 11 45.418866 13 11 45.428215 8800
    446 13 11 45.428868 13 11 45.438350 8800
    447 13 11 45.438867 13 11 45.448065 8800
    448 13 11 45.448850 13 11 45.458044 8800
    449 13 11 45.458868 13 11 45.468049 8800
    450 13 11 45.468865 13 11 45.484171 8800
    451 13 11 45.478999 13 11 45.491591 8800
    452 13 11 45.488984 13 11 45.498984 8800
    453 13 11 45.498939 13 11 45.508397 8800
    454 13 11 45.508932 13 11 45.518337 8800
    455 13 11 45.518923 13 11 45.528289 8800
    456 13 11 45.529299 13 11 45.538753 8800
    457 13 11 45.538870 13 11 45.548214 8800
    458 13 11 45.548927 13 11 45.558255 8800
    459 13 11 45.559052 13 11 45.568353 8800
    460 13 11 45.568868 13 11 45.578076 8800
    461 13 11 45.578865 13 11 45.588112 8800
    462 13 11 45.589010 13 11 45.599598 8800
    463 13 11 45.598947 13 11 45.608379 8800
    464 13 11 45.608958 13 11 45.618439 8800
    465 13 11 45.618867 13 11 45.628332 8800
    466 13 11 45.628889 13 11 45.638336 8800
    467 13 11 45.638866 13 11 45.648057 8800
    468 13 11 45.648865 13 11 45.658070 8800
    469 13 11 45.658867 13 11 45.668072 8800
    470 13 11 45.668864 13 11 45.678688 8800
    471 13 11 45.678894 13 11 45.688721 8800
    472 13 11 45.688935 13 11 45.698312 8800
    473 13 11 45.698931 13 11 45.708360 8800
    474 13 11 45.708925 13 11 45.718380 8800
    475 13 11 45.718941 13 11 45.728281 8800
    476 13 11 45.728929 13 11 45.738382 8800
    477 13 11 45.738926 13 11 45.749175 8800
    478 13 11 45.749115 13 11 45.758353 8800
    479 13 11 45.758867 13 11 45.768065 8800
    480 13 11 45.768890 13 11 45.778140 8800
    481 13 11 45.778868 13 11 45.788494 8800
    482 13 11 45.789185 13 11 45.799309 8800
    483 13 11 45.798943 13 11 45.808602 8800
    484 13 11 45.808937 13 11 45.818409 8800
    485 13 11 45.818925 13 11 45.829044 8800
    486 13 11 45.828982 13 11 45.838597 8800
    487 13 11 45.838869 13 11 45.848094 8800
    488 13 11 45.848863 13 11 45.858108 8800
    489 13 11 45.858870 13 11 45.868115 8800
    490 13 11 45.868853 13 11 45.879058 8800
    491 13 11 45.878866 13 11 45.888942 8800
    492 13 11 45.888882 13 11 45.898738 8800
    493 13 11 45.898874 13 11 45.908175 8800
    494 13 11 45.908959 13 11 45.918379 8800
    495 13 11 45.918923 13 11 45.928314 8800
    496 13 11 45.928947 13 11 45.938397 8800
    497 13 11 45.938949 13 11 45.948314 8800
    498 13 11 45.948949 13 11 45.959122 8800
    499 13 11 45.958869 13 11 45.968077 8800
    500 13 11 45.968876 13 11 45.984026 8800
    501 13 11 45.979284 13 11 45.992972 8800
    502 13 11 45.989007 13 11 46.000155 8800
    503 13 11 45.998941 13 11 46.008411 8800
    504 13 11 46.008929 13 11 46.018208 8800
    505 13 11 46.018925 13 11 46.028342 8800
    506 13 11 46.028953 13 11 46.038541 8800
    507 13 11 46.038890 13 11 46.048161 8800
    508 13 11 46.048869 13 11 46.058064 8800
    509 13 11 46.058869 13 11 46.068187 8800
    510 13 11 46.068865 13 11 46.079239 8800
    511 13 11 46.079169 13 11 46.088842 8800
    512 13 11 46.088934 13 11 46.098452 8800
    513 13 11 46.098846 13 11 46.108280 8800
    514 13 11 46.108915 13 11 46.118324 8800
    515 13 11 46.118918 13 11 46.128304 8800
    516 13 11 46.128923 13 11 46.138320 8800
    517 13 11 46.138866 13 11 46.148246 8800
    518 13 11 46.148888 13 11 46.158290 8800
    519 13 11 46.158982 13 11 46.168286 8800
    520 13 11 46.168866 13 11 46.178052 8800
    521 13 11 46.178863 13 11 46.188347 8800
    522 13 11 46.188834 13 11 46.199989 8800
    523 13 11 46.198908 13 11 46.208238 8800
    524 13 11 46.208919 13 11 46.218451 8800
    525 13 11 46.218870 13 11 46.228440 8800
    526 13 11 46.228943 13 11 46.238444 8800
    527 13 11 46.239707 13 11 46.249259 8800
    528 13 11 46.248869 13 11 46.258153 8800
    529 13 11 46.258856 13 11 46.267991 8800
    530 13 11 46.268856 13 11 46.278877 8800
    531 13 11 46.278815 13 11 46.288995 8800
    532 13 11 46.288935 13 11 46.298501 8800
    533 13 11 46.298889 13 11 46.308393 8800
    534 13 11 46.308936 13 11 46.318412 8800
    535 13 11 46.318939 13 11 46.328308 8800
    536 13 11 46.328929 13 11 46.338436 8800
    537 13 11 46.338926 13 11 46.348362 8800
    538 13 11 46.348931 13 11 46.358240 8800
    539 13 11 46.358873 13 11 46.368175 8800
    540 13 11 46.368892 13 11 46.378115 8800
    541 13 11 46.378866 13 11 46.388165 8800
    542 13 11 46.389651 13 11 46.399703 8800
    543 13 11 46.398924 13 11 46.408794 8800
    544 13 11 46.408979 13 11 46.418556 8800
    545 13 11 46.418931 13 11 46.428376 8800
    546 13 11 46.428935 13 11 46.438276 8800
    547 13 11 46.438865 13 11 46.448109 8800
    548 13 11 46.448864 13 11 46.458044 8800
    549 13 11 46.458896 13 11 46.468162 8800
    550 13 11 46.468864 13 11 46.484138 8800
    551 13 11 46.478839 13 11 46.491900 8800
    552 13 11 46.488891 13 11 46.499043 8800
    553 13 11 46.498978 13 11 46.509323 8800
    554 13 11 46.508929 13 11 46.518259 8800
    555 13 11 46.518886 13 11 46.528334 8800
    556 13 11 46.528871 13 11 46.538252 8800
    557 13 11 46.538933 13 11 46.548292 8800
    558 13 11 46.548960 13 11 46.558275 8800
    559 13 11 46.558959 13 11 46.568406 8800
    560 13 11 46.568869 13 11 46.578082 8800
    561 13 11 46.578842 13 11 46.588112 8800
    562 13 11 46.589680 13 11 46.599527 8800
    563 13 11 46.598877 13 11 46.608231 8800
    564 13 11 46.608952 13 11 46.618474 8800
    565 13 11 46.618929 13 11 46.628275 8800
    566 13 11 46.629368 13 11 46.639054 8800
    567 13 11 46.638948 13 11 46.648499 8800
    568 13 11 46.648873 13 11 46.658171 8800
    569 13 11 46.658892 13 11 46.668163 8800
    570 13 11 46.668885 13 11 46.679234 8800
    571 13 11 46.679014 13 11 46.689838 8800
    572 13 11 46.689301 13 11 46.699035 8800
    573 13 11 46.698931 13 11 46.708410 8800
    574 13 11 46.708933 13 11 46.718345 8800
    575 13 11 46.718936 13 11 46.728413 8800
    576 13 11 46.728932 13 11 46.738497 8800
    577 13 11 46.738925 13 11 46.748392 8800
    578 13 11 46.748928 13 11 46.758279 8800
    579 13 11 46.758848 13 11 46.768037 8800
    580 13 11 46.768864 13 11 46.778058 8800
    581 13 11 46.778863 13 11 46.788235 8800
    582 13 11 46.788933 13 11 46.799149 8800
    583 13 11 46.798994 13 11 46.808458 8800
    584 13 11 46.808866 13 11 46.818274 8800
    585 13 11 46.818933 13 11 46.828350 8800
    586 13 11 46.828929 13 11 46.838276 8800
    587 13 11 46.838867 13 11 46.848052 8800
    588 13 11 46.848863 13 11 46.858082 8800
    589 13 11 46.858870 13 11 46.868048 8800
    590 13 11 46.868856 13 11 46.878095 8800
    591 13 11 46.878914 13 11 46.889051 8800
    592 13 11 46.888983 13 11 46.898322 8800
    593 13 11 46.898860 13 11 46.909108 8800
    594 13 11 46.908929 13 11 46.918353 8800
    595 13 11 46.918940 13 11 46.928384 8800
    596 13 11 46.928936 13 11 46.938431 8800
    597 13 11 46.938948 13 11 46.948439 8800
    598 13 11 46.948892 13 11 46.958319 8800
    599 13 11 46.958868 13 11 46.968074 8800
    600 13 11 46.968865 13 11 46.984019 8800
    601 13 11 46.979156 13 11 46.991883 8800
    602 13 11 46.988912 13 11 46.999060 8800
    603 13 11 46.998899 13 11 47.008988 8800
    604 13 11 47.008926 13 11 47.018321 8800
    605 13 11 47.018932 13 11 47.028250 8800
    606 13 11 47.028933 13 11 47.038210 8800
    607 13 11 47.038868 13 11 47.048067 8800
    608 13 11 47.048861 13 11 47.058033 8800
    609 13 11 47.058902 13 11 47.068134 8800
    610 13 11 47.068874 13 11 47.078322 8800
    611 13 11 47.078957 13 11 47.089047 8800
    612 13 11 47.088915 13 11 47.098455 8800
    613 13 11 47.098868 13 11 47.108972 8800
    614 13 11 47.108862 13 11 47.118338 8800
    615 13 11 47.118929 13 11 47.128449 8800
    616 13 11 47.128942 13 11 47.138381 8800
    617 13 11 47.138934 13 11 47.148369 8800
    618 13 11 47.148926 13 11 47.158366 8800
    619 13 11 47.158940 13 11 47.168661 8800
    620 13 11 47.168869 13 11 47.178066 8800
    621 13 11 47.178863 13 11 47.188150 8800
    622 13 11 47.188921 13 11 47.199044 8800
    623 13 11 47.198985 13 11 47.208570 8800
    624 13 11 47.208888 13 11 47.218310 8800
    625 13 11 47.218857 13 11 47.228330 8800
    626 13 11 47.228943 13 11 47.238272 8800
    627 13 11 47.238852 13 11 47.248009 8800
    628 13 11 47.248896 13 11 47.258201 8800
    629 13 11 47.258867 13 11 47.268053 8800
    630 13 11 47.268863 13 11 47.278311 8800
    631 13 11 47.278933 13 11 47.290100 8800
    632 13 11 47.288896 13 11 47.298473 8800
    633 13 11 47.298937 13 11 47.308438 8800
    634 13 11 47.308863 13 11 47.318295 8800
    635 13 11 47.318928 13 11 47.328304 8800
    636 13 11 47.328943 13 11 47.338326 8800
    637 13 11 47.338940 13 11 47.348329 8800
    638 13 11 47.348945 13 11 47.358455 8800
    639 13 11 47.358975 13 11 47.368667 8800
    640 13 11 47.368941 13 11 47.378245 8800
    641 13 11 47.378872 13 11 47.388117 8800
    642 13 11 47.388956 13 11 47.399735 8800
    643 13 11 47.398930 13 11 47.408304 8800
    644 13 11 47.408940 13 11 47.418435 8800
    645 13 11 47.418942 13 11 47.428362 8800
    646 13 11 47.428866 13 11 47.438160 8800
    647 13 11 47.438865 13 11 47.448061 8800
    648 13 11 47.448864 13 11 47.458046 8800
    649 13 11 47.458866 13 11 47.469065 8800
    650 13 11 47.468870 13 11 47.484783 8800
    651 13 11 47.478872 13 11 47.491540 8800
    652 13 11 47.489227 13 11 47.499132 8800
    653 13 11 47.499073 13 11 47.508805 8800
    654 13 11 47.508929 13 11 47.519187 8800
    655 13 11 47.518990 13 11 47.528717 8800
    656 13 11 47.528955 13 11 47.538397 8800
    657 13 11 47.538924 13 11 47.548273 8800
    658 13 11 47.548929 13 11 47.559139 8800
    659 13 11 47.559072 13 11 47.568674 8800
    660 13 11 47.569071 13 11 47.579397 8800
    661 13 11 47.578842 13 11 47.588343 8800
    662 13 11 47.589010 13 11 47.599361 8800
    663 13 11 47.599072 13 11 47.609326 8800
    664 13 11 47.608930 13 11 47.618363 8800
    665 13 11 47.618923 13 11 47.628402 8800
    666 13 11 47.628934 13 11 47.638516 8800
    667 13 11 47.639088 13 11 47.648598 8800
    668 13 11 47.648985 13 11 47.658732 8800
    669 13 11 47.658872 13 11 47.668070 8800
    670 13 11 47.668866 13 11 47.678086 8800
    671 13 11 47.679045 13 11 47.689100 8800
    672 13 11 47.689014 13 11 47.698618 8800
    673 13 11 47.698949 13 11 47.708477 8800
    674 13 11 47.708959 13 11 47.718491 8800
    675 13 11 47.718955 13 11 47.728799 8800
    676 13 11 47.728935 13 11 47.738249 8800
    677 13 11 47.738931 13 11 47.748283 8800
    678 13 11 47.748936 13 11 47.758428 8800
    679 13 11 47.758882 13 11 47.768990 8800
    680 13 11 47.768928 13 11 47.778261 8800
    681 13 11 47.778871 13 11 47.788094 8800
    682 13 11 47.788913 13 11 47.799058 8800
    683 13 11 47.798991 13 11 47.809054 8800
    684 13 11 47.808992 13 11 47.818573 8800
    685 13 11 47.818950 13 11 47.828553 8800
    686 13 11 47.828966 13 11 47.838369 8800
    687 13 11 47.838932 13 11 47.848252 8800
    688 13 11 47.848872 13 11 47.858088 8800
    689 13 11 47.858880 13 11 47.868051 8800
    690 13 11 47.868867 13 11 47.878059 8800
    691 13 11 47.878920 13 11 47.888714 8800
    692 13 11 47.888947 13 11 47.899070 8800
    693 13 11 47.898873 13 11 47.909001 8800
    694 13 11 47.908876 13 11 47.918287 8800
    695 13 11 47.918945 13 11 47.929203 8800
    696 13 11 47.928927 13 11 47.938349 8800
    697 13 11 47.938875 13 11 47.948354 8800
    698 13 11 47.948942 13 11 47.958652 8800
    699 13 11 47.958956 13 11 47.968373 8800
    700 13 11 47.968958 13 11 47.984276 8800
    701 13 11 47.978870 13 11 47.992769 8800
    702 13 11 47.989021 13 11 47.999876 8800
    703 13 11 47.999111 13 11 48.008636 8800
    704 13 11 48.008876 13 11 48.018504 8800
    705 13 11 48.018880 13 11 48.028277 8800
    706 13 11 48.028998 13 11 48.038440 8800
    707 13 11 48.038981 13 11 48.048670 8800
    708 13 11 48.048940 13 11 48.058275 8800
    709 13 11 48.058874 13 11 48.068078 8800
    710 13 11 48.068868 13 11 48.078068 8800
    711 13 11 48.078868 13 11 48.088326 8800
    712 13 11 48.088976 13 11 48.098529 8800
    713 13 11 48.098919 13 11 48.108370 8800
    714 13 11 48.108949 13 11 48.118344 8800
    715 13 11 48.118941 13 11 48.128275 8800
    716 13 11 48.128934 13 11 48.138407 8800
    717 13 11 48.138922 13 11 48.148384 8800
    718 13 11 48.148929 13 11 48.158343 8800
    719 13 11 48.158940 13 11 48.168306 8800
    720 13 11 48.168868 13 11 48.178058 8800
    721 13 11 48.178863 13 11 48.188201 8800
    722 13 11 48.188915 13 11 48.199626 8800
    723 13 11 48.198928 13 11 48.208401 8800
    724 13 11 48.208866 13 11 48.218238 8800
    725 13 11 48.218864 13 11 48.228273 8800
    726 13 11 48.228932 13 11 48.239083 8800
    727 13 11 48.239032 13 11 48.248235 8800
    728 13 11 48.248868 13 11 48.258034 8800
    729 13 11 48.258862 13 11 48.268027 8800
    730 13 11 48.268866 13 11 48.279184 8800
    731 13 11 48.278889 13 11 48.288482 8800
    732 13 11 48.288992 13 11 48.299011 8800
    733 13 11 48.298949 13 11 48.308307 8800
    734 13 11 48.308871 13 11 48.318406 8800
    735 13 11 48.318933 13 11 48.329258 8800
    736 13 11 48.328941 13 11 48.338352 8800
    737 13 11 48.338870 13 11 48.348405 8800
    738 13 11 48.348872 13 11 48.358347 8800
    739 13 11 48.358975 13 11 48.368417 8800
    740 13 11 48.368988 13 11 48.378345 8800
    741 13 11 48.378856 13 11 48.388117 8800
    742 13 11 48.388868 13 11 48.398802 8800
    743 13 11 48.399076 13 11 48.409008 8800
    744 13 11 48.408962 13 11 48.418489 8800
    745 13 11 48.418942 13 11 48.428289 8800
    746 13 11 48.428955 13 11 48.438476 8800
    747 13 11 48.438904 13 11 48.448382 8800
    748 13 11 48.448858 13 11 48.458032 8800
    749 13 11 48.458855 13 11 48.468057 8800
    750 13 11 48.468868 13 11 48.484288 8800
    751 13 11 48.478861 13 11 48.492013 8800
    752 13 11 48.488982 13 11 48.499581 8800
    753 13 11 48.498876 13 11 48.508282 8800
    754 13 11 48.508933 13 11 48.518270 8800
    755 13 11 48.518931 13 11 48.528401 8800
    756 13 11 48.528939 13 11 48.538392 8800
    757 13 11 48.538964 13 11 48.548324 8800
    758 13 11 48.548929 13 11 48.558393 8800
    759 13 11 48.558897 13 11 48.568427 8800
    760 13 11 48.568877 13 11 48.579439 8800
    761 13 11 48.579093 13 11 48.588385 8800
    762 13 11 48.588942 13 11 48.598413 8800
    763 13 11 48.599499 13 11 48.609574 8800
    764 13 11 48.608899 13 11 48.618332 8800
    765 13 11 48.618923 13 11 48.628371 8800
    766 13 11 48.628987 13 11 48.638522 8800
    767 13 11 48.638903 13 11 48.648949 8800
    768 13 11 48.648848 13 11 48.658133 8800
    769 13 11 48.658861 13 11 48.668165 8800
    770 13 11 48.668860 13 11 48.678086 8800
    771 13 11 48.678868 13 11 48.688986 8800
    772 13 11 48.688892 13 11 48.699039 8800
    773 13 11 48.698906 13 11 48.708342 8800
    774 13 11 48.708899 13 11 48.718228 8800
    775 13 11 48.718947 13 11 48.728287 8800
    776 13 11 48.728872 13 11 48.738278 8800
    777 13 11 48.738933 13 11 48.748466 8800
    778 13 11 48.748944 13 11 48.758290 8800
    779 13 11 48.758870 13 11 48.768478 8800
    780 13 11 48.768872 13 11 48.778067 8800
    781 13 11 48.778950 13 11 48.789276 8800
    782 13 11 48.788904 13 11 48.798627 8800
    783 13 11 48.798946 13 11 48.809007 8800
    784 13 11 48.808948 13 11 48.818373 8800
    785 13 11 48.818944 13 11 48.829050 8800
    786 13 11 48.829002 13 11 48.838549 8800
    787 13 11 48.838935 13 11 48.848796 8800
    788 13 11 48.848880 13 11 48.858099 8800
    789 13 11 48.858874 13 11 48.868062 8800
    790 13 11 48.868870 13 11 48.878064 8800
    791 13 11 48.878872 13 11 48.889378 8800
    792 13 11 48.888990 13 11 48.898637 8800
    793 13 11 48.898868 13 11 48.908352 8800
    794 13 11 48.908926 13 11 48.918300 8800
    795 13 11 48.918928 13 11 48.928327 8800
    796 13 11 48.928928 13 11 48.938291 8800
    797 13 11 48.938952 13 11 48.948354 8800
    798 13 11 48.948928 13 11 48.958232 8800
    799 13 11 48.958942 13 11 48.968347 8800
    800 13 11 48.968952 13 11 48.984108 8800
    801 13 11 48.978869 13 11 48.991667 8800
    802 13 11 48.988903 13 11 48.999254 8800
    803 13 11 48.998936 13 11 49.009034 8800
    804 13 11 49.008968 13 11 49.018563 8800
    805 13 11 49.018931 13 11 49.028424 8800
    806 13 11 49.028927 13 11 49.038310 8800
    807 13 11 49.038882 13 11 49.048095 8800
    808 13 11 49.048865 13 11 49.058084 8800
    809 13 11 49.058886 13 11 49.068097 8800
    810 13 11 49.068863 13 11 49.078057 8800
    811 13 11 49.078927 13 11 49.089334 8800
    812 13 11 49.088872 13 11 49.098289 8800
    813 13 11 49.098941 13 11 49.108449 8800
    814 13 11 49.108935 13 11 49.118394 8800
    815 13 11 49.118890 13 11 49.128216 8800
    816 13 11 49.128948 13 11 49.138468 8800
    817 13 11 49.138933 13 11 49.148355 8800
    818 13 11 49.148936 13 11 49.158302 8800
    819 13 11 49.158948 13 11 49.168201 8800
    820 13 11 49.168866 13 11 49.178064 8800
    821 13 11 49.178862 13 11 49.188093 8800
    822 13 11 49.188867 13 11 49.198407 8800
    823 13 11 49.199429 13 11 49.209079 8800
    824 13 11 49.208928 13 11 49.218358 8800
    825 13 11 49.218927 13 11 49.228240 8800
    826 13 11 49.228828 13 11 49.238171 8800
    827 13 11 49.238866 13 11 49.248069 8800
    828 13 11 49.248869 13 11 49.258065 8800
    829 13 11 49.258867 13 11 49.268050 8800
    830 13 11 49.268914 13 11 49.278146 8800
    831 13 11 49.278866 13 11 49.289197 8800
    832 13 11 49.288865 13 11 49.298194 8800
    833 13 11 49.298867 13 11 49.308357 8800
    834 13 11 49.308872 13 11 49.318260 8800
    835 13 11 49.318868 13 11 49.328071 8800
    836 13 11 49.328865 13 11 49.338116 8800
    837 13 11 49.338911 13 11 49.348354 8800
    838 13 11 49.348933 13 11 49.358440 8800
    839 13 11 49.358890 13 11 49.368231 8800
    840 13 11 49.368957 13 11 49.378332 8800
    841 13 11 49.378940 13 11 49.389184 8800
    842 13 11 49.389124 13 11 49.399352 8800
    843 13 11 49.398933 13 11 49.409281 8800
    844 13 11 49.409008 13 11 49.418509 8800
    845 13 11 49.418940 13 11 49.428350 8800
    846 13 11 49.428941 13 11 49.438287 8800
    847 13 11 49.438929 13 11 49.448632 8800
    848 13 11 49.448901 13 11 49.458114 8800
    849 13 11 49.458852 13 11 49.468049 8800
    850 13 11 49.468864 13 11 49.484060 8800
    851 13 11 49.478850 13 11 49.491452 8800
    852 13 11 49.488826 13 11 49.498902 8800
    853 13 11 49.498845 13 11 49.508519 8800
    854 13 11 49.508884 13 11 49.518900 8800
    855 13 11 49.518842 13 11 49.528326 8800
    856 13 11 49.529308 13 11 49.538724 8800
    857 13 11 49.538930 13 11 49.548507 8800
    858 13 11 49.548926 13 11 49.558551 8800
    859 13 11 49.558970 13 11 49.569217 8800
    860 13 11 49.569167 13 11 49.578705 8800
    861 13 11 49.578870 13 11 49.588289 8800
    862 13 11 49.588940 13 11 49.598306 8800
    863 13 11 49.598906 13 11 49.609229 8800
    864 13 11 49.609059 13 11 49.618501 8800
    865 13 11 49.618889 13 11 49.628275 8800
    866 13 11 49.628929 13 11 49.638331 8800
    867 13 11 49.638942 13 11 49.648237 8800
    868 13 11 49.648873 13 11 49.658102 8800
    869 13 11 49.658892 13 11 49.668199 8800
    870 13 11 49.668868 13 11 49.678139 8800
    871 13 11 49.678866 13 11 49.688057 8800
    872 13 11 49.688865 13 11 49.698062 8800
    873 13 11 49.698866 13 11 49.708691 8800
    874 13 11 49.709009 13 11 49.719076 8800
    875 13 11 49.719002 13 11 49.729168 8800
    876 13 11 49.728931 13 11 49.738430 8800
    877 13 11 49.738902 13 11 49.748297 8800
    878 13 11 49.748932 13 11 49.758350 8800
    879 13 11 49.758952 13 11 49.768380 8800
    880 13 11 49.768932 13 11 49.778373 8800
    881 13 11 49.778886 13 11 49.788336 8800
    882 13 11 49.788935 13 11 49.798941 8800
    883 13 11 49.798878 13 11 49.808204 8800
    884 13 11 49.808923 13 11 49.818376 8800
    885 13 11 49.818930 13 11 49.828293 8800
    886 13 11 49.828930 13 11 49.838613 8800
    887 13 11 49.838952 13 11 49.848855 8800
    888 13 11 49.848919 13 11 49.858158 8800
    889 13 11 49.858874 13 11 49.868049 8800
    890 13 11 49.868892 13 11 49.878076 8800
    891 13 11 49.878864 13 11 49.888049 8800
    892 13 11 49.888863 13 11 49.898065 8800
    893 13 11 49.898851 13 11 49.908078 8800
    894 13 11 49.909654 13 11 49.919277 8800
    895 13 11 49.919007 13 11 49.928530 8800
    896 13 11 49.928924 13 11 49.938369 8800
    897 13 11 49.938934 13 11 49.948413 8800
    898 13 11 49.948940 13 11 49.958469 8800
    899 13 11 49.958939 13 11 49.968418 8800
    900 13 11 49.968936 13 11 49.984278 8800
    901 13 11 49.978929 13 11 49.992043 8800
    902 13 11 49.989004 13 11 50.000385 8800
    903 13 11 49.999302 13 11 50.009911 8800
    904 13 11 50.009506 13 11 50.019030 8800
    905 13 11 50.018959 13 11 50.028239 8800
    906 13 11 50.028933 13 11 50.038381 8800
    907 13 11 50.038935 13 11 50.048526 8800
    908 13 11 50.048892 13 11 50.058194 8800
    909 13 11 50.058891 13 11 50.068596 8800
    910 13 11 50.068891 13 11 50.078144 8800
    911 13 11 50.078865 13 11 50.088155 8800
    912 13 11 50.088875 13 11 50.098154 8800
    913 13 11 50.098931 13 11 50.108699 8800
    914 13 11 50.109017 13 11 50.119700 8800
    915 13 11 50.119005 13 11 50.128773 8800
    916 13 11 50.128901 13 11 50.138308 8800
    917 13 11 50.138871 13 11 50.148263 8800
    918 13 11 50.148930 13 11 50.158555 8800
    919 13 11 50.158954 13 11 50.168402 8800
    920 13 11 50.168930 13 11 50.178372 8800
    921 13 11 50.178874 13 11 50.188276 8800
    922 13 11 50.188944 13 11 50.198965 8800
    923 13 11 50.198838 13 11 50.209673 8800
    924 13 11 50.208939 13 11 50.218325 8800
    925 13 11 50.218972 13 11 50.228366 8800
    926 13 11 50.228951 13 11 50.238359 8800
    927 13 11 50.238934 13 11 50.248415 8800
    928 13 11 50.248871 13 11 50.258141 8800
    929 13 11 50.258868 13 11 50.268061 8800
    930 13 11 50.268867 13 11 50.278136 8800
    931 13 11 50.278837 13 11 50.288018 8800
    932 13 11 50.288873 13 11 50.298180 8800
    933 13 11 50.298864 13 11 50.308041 8800
    934 13 11 50.309756 13 11 50.320140 8800
    935 13 11 50.318902 13 11 50.328346 8800
    936 13 11 50.328929 13 11 50.338436 8800
    937 13 11 50.338968 13 11 50.348422 8800
    938 13 11 50.348863 13 11 50.358361 8800
    939 13 11 50.358955 13 11 50.368420 8800
    940 13 11 50.368932 13 11 50.378537 8800
    941 13 11 50.378940 13 11 50.388367 8800
    942 13 11 50.388919 13 11 50.398901 8800
    943 13 11 50.398842 13 11 50.416367 8800
    944 13 11 50.413865 13 11 50.423681 8800
    945 13 11 50.418936 13 11 50.431725 8800
    946 13 11 50.429402 13 11 50.439031 8800
    947 13 11 50.438971 13 11 50.449249 8800
    948 13 11 50.448929 13 11 50.458444 8800
    949 13 11 50.458951 13 11 50.468314 8800
    950 13 11 50.468868 13 11 50.484050 8800
    951 13 11 50.478875 13 11 50.491405 8800
    952 13 11 50.488855 13 11 50.498877 8800
    953 13 11 50.498905 13 11 50.508381 8800
    954 13 11 50.509731 13 11 50.519804 8800
    955 13 11 50.519008 13 11 50.529507 8800
    956 13 11 50.528931 13 11 50.538352 8800
    957 13 11 50.538876 13 11 50.548406 8800
    958 13 11 50.548940 13 11 50.558362 8800
    959 13 11 50.559033 13 11 50.569653 8800
    960 13 11 50.569251 13 11 50.578992 8800
    961 13 11 50.578927 13 11 50.589108 8800
    962 13 11 50.589042 13 11 50.599390 8800
    963 13 11 50.599071 13 11 50.609302 8800
    964 13 11 50.608961 13 11 50.619570 8800
    965 13 11 50.619402 13 11 50.628948 8800
    966 13 11 50.628883 13 11 50.638322 8800
    967 13 11 50.638967 13 11 50.648825 8800
    968 13 11 50.648887 13 11 50.658372 8800
    969 13 11 50.658931 13 11 50.668605 8800
    970 13 11 50.669091 13 11 50.678589 8800
    971 13 11 50.678868 13 11 50.688473 8800
    972 13 11 50.688893 13 11 50.698174 8800
    973 13 11 50.698874 13 11 50.708063 8800
    974 13 11 50.708871 13 11 50.718130 8800
    975 13 11 50.718871 13 11 50.728146 8800
    976 13 11 50.728872 13 11 50.738295 8800
    977 13 11 50.738981 13 11 50.748784 8800
    978 13 11 50.748907 13 11 50.758496 8800
    979 13 11 50.758896 13 11 50.768658 8800
    980 13 11 50.768898 13 11 50.778435 8800
    981 13 11 50.778924 13 11 50.788496 8800
    982 13 11 50.788938 13 11 50.799109 8800
    983 13 11 50.798887 13 11 50.808436 8800
    984 13 11 50.808925 13 11 50.819034 8800
    985 13 11 50.818935 13 11 50.829166 8800
    986 13 11 50.828968 13 11 50.839255 8800
    987 13 11 50.838880 13 11 50.848370 8800
    988 13 11 50.848866 13 11 50.858412 8800
    989 13 11 50.858955 13 11 50.868281 8800
    990 13 11 50.868858 13 11 50.878027 8800
    991 13 11 50.878892 13 11 50.888131 8800
    992 13 11 50.888852 13 11 50.898032 8800
    993 13 11 50.898862 13 11 50.908037 8800
    994 13 11 50.908849 13 11 50.918044 8800
    995 13 11 50.918872 13 11 50.928055 8800
    996 13 11 50.928868 13 11 50.938178 8800
    997 13 11 50.938867 13 11 50.949238 8800
    998 13 11 50.949086 13 11 50.959173 8800
    999 13 11 50.959074 13 11 50.968589 8800
   1000 13 11 50.968930 13 11 50.984327 8800
