      1 13 9 51.560844 13 9 51.560844 12000
      2 13 9 51.570917 13 9 51.570917 12000
      3 13 9 51.580939 13 9 51.580939 12000
      4 13 9 51.590938 13 9 51.590938 12000
      5 13 9 51.600932 13 9 51.600932 12000
      6 13 9 51.610931 13 9 51.610931 12000
      7 13 9 51.621001 13 9 51.621001 12000
      8 13 9 51.630952 13 9 51.630952 12000
      9 13 9 51.640946 13 9 51.640946 12000
     10 13 9 51.651020 13 9 51.651020 12000
     11 13 9 51.661028 13 9 51.661028 12000
     12 13 9 51.671005 13 9 51.671005 12000
     13 13 9 51.681001 13 9 51.681001 12000
     14 13 9 51.691004 13 9 51.691004 12000
     15 13 9 51.701019 13 9 51.701019 12000
     16 13 9 51.711027 13 9 51.711027 12000
     17 13 9 51.721007 13 9 51.721007 12000
     18 13 9 51.730964 13 9 51.730964 12000
     19 13 9 51.741002 13 9 51.741002 12000
     20 13 9 51.750946 13 9 51.750946 12000
     21 13 9 51.761003 13 9 51.761003 12000
     22 13 9 51.770947 13 9 51.770947 12000
     23 13 9 51.780942 13 9 51.780942 12000
     24 13 9 51.790950 13 9 51.790950 12000
     25 13 9 51.801031 13 9 51.801031 12000
     26 13 9 51.810948 13 9 51.810948 12000
     27 13 9 51.821091 13 9 51.821091 12000
     28 13 9 51.831010 13 9 51.831010 12000
     29 13 9 51.841017 13 9 51.841017 12000
     30 13 9 51.851063 13 9 51.851063 12000
     31 13 9 51.860990 13 9 51.860990 12000
     32 13 9 51.871006 13 9 51.871006 12000
     33 13 9 51.880971 13 9 51.880971 12000
     34 13 9 51.890945 13 9 51.890945 12000
     35 13 9 51.901142 13 9 51.901142 12000
     36 13 9 51.910960 13 9 51.910960 12000
     37 13 9 51.921050 13 9 51.921050 12000
     38 13 9 51.931010 13 9 51.931010 12000
     39 13 9 51.941130 13 9 51.941130 12000
     40 13 9 51.951151 13 9 51.951151 12000
     41 13 9 51.960987 13 9 51.960987 12000
     42 13 9 51.970996 13 9 51.970996 12000
     43 13 9 51.980910 13 9 51.980910 12000
     44 13 9 51.990952 13 9 51.990952 12000
     45 13 9 52.000948 13 9 52.000948 12000
     46 13 9 52.010939 13 9 52.010939 12000
     47 13 9 52.021039 13 9 52.021039 12000
     48 13 9 52.030999 13 9 52.030999 12000
     49 13 9 52.041116 13 9 52.041116 12000
     50 13 9 52.051043 13 9 52.051043 12000
     51 13 9 52.060966 13 9 52.060966 12000
     52 13 9 52.071044 13 9 52.071044 12000
     53 13 9 52.080998 13 9 52.080998 12000
     54 13 9 52.091040 13 9 52.091040 12000
     55 13 9 52.100960 13 9 52.100960 12000
     56 13 9 52.111131 13 9 52.111131 12000
     57 13 9 52.121896 13 9 52.121896 12000
     58 13 9 52.131028 13 9 52.131028 12000
     59 13 9 52.141070 13 9 52.141070 12000
     60 13 9 52.151010 13 9 52.151010 12000
     61 13 9 52.160958 13 9 52.160958 12000
     62 13 9 52.170946 13 9 52.170946 12000
     63 13 9 52.180945 13 9 52.180945 12000
     64 13 9 52.190945 13 9 52.190945 12000
     65 13 9 52.200943 13 9 52.200943 12000
     66 13 9 52.210957 13 9 52.210957 12000
     67 13 9 52.221044 13 9 52.221044 12000
     68 13 9 52.232160 13 9 52.232160 12000
     69 13 9 52.240971 13 9 52.240971 12000
     70 13 9 52.250987 13 9 52.250987 12000
     71 13 9 52.261085 13 9 52.261085 12000
     72 13 9 52.271026 13 9 52.271026 12000
     73 13 9 52.280959 13 9 52.280959 12000
     74 13 9 52.291057 13 9 52.291057 12000
     75 13 9 52.301000 13 9 52.301000 12000
     76 13 9 52.311027 13 9 52.311027 12000
     77 13 9 52.321057 13 9 52.321057 12000
     78 13 9 52.331017 13 9 52.331017 12000
     79 13 9 52.341003 13 9 52.341003 12000
     80 13 9 52.351044 13 9 52.351044 12000
     81 13 9 52.360967 13 9 52.360967 12000
     82 13 9 52.370927 13 9 52.370927 12000
     83 13 9 52.380907 13 9 52.380907 12000
     84 13 9 52.390934 13 9 52.390934 12000
     85 13 9 52.400947 13 9 52.400947 12000
     86 13 9 52.411363 13 9 52.411363 12000
     87 13 9 52.421011 13 9 52.421011 12000
     88 13 9 52.431009 13 9 52.431009 12000
     89 13 9 52.441012 13 9 52.441012 12000
     90 13 9 52.451006 13 9 52.451006 12000
     91 13 9 52.461046 13 9 52.461046 12000
     92 13 9 52.470959 13 9 52.470959 12000
     93 13 9 52.481059 13 9 52.481059 12000
     94 13 9 52.491036 13 9 52.491036 12000
     95 13 9 52.500875 13 9 52.500875 12000
     96 13 9 52.511054 13 9 52.511054 12000
     97 13 9 52.521005 13 9 52.521005 12000
     98 13 9 52.530999 13 9 52.530999 12000
     99 13 9 52.540999 13 9 52.540999 12000
    100 13 9 52.550947 13 9 52.550947 12000
    101 13 9 52.560879 13 9 52.560879 12000
    102 13 9 52.571947 13 9 52.571947 12000
    103 13 9 52.580948 13 9 52.580948 12000
    104 13 9 52.590946 13 9 52.590946 12000
    105 13 9 52.600918 13 9 52.600918 12000
    106 13 9 52.610945 13 9 52.610945 12000
    107 13 9 52.620944 13 9 52.620944 12000
    108 13 9 52.631053 13 9 52.631053 12000
    109 13 9 52.641041 13 9 52.641041 12000
    110 13 9 52.651018 13 9 52.651018 12000
    111 13 9 52.661025 13 9 52.661025 12000
    112 13 9 52.670940 13 9 52.670940 12000
    113 13 9 52.680964 13 9 52.680964 12000
    114 13 9 52.691009 13 9 52.691009 12000
    115 13 9 52.701464 13 9 52.701464 12000
    116 13 9 52.710996 13 9 52.710996 12000
    117 13 9 52.721465 13 9 52.721465 12000
    118 13 9 52.730944 13 9 52.730944 12000
    119 13 9 52.740944 13 9 52.740944 12000
    120 13 9 52.751010 13 9 52.751010 12000
    121 13 9 52.760930 13 9 52.760930 12000
    122 13 9 52.770907 13 9 52.770907 12000
    123 13 9 52.780909 13 9 52.780909 12000
    124 13 9 52.790973 13 9 52.790973 12000
    125 13 9 52.800946 13 9 52.800946 12000
    126 13 9 52.810943 13 9 52.810943 12000
    127 13 9 52.820945 13 9 52.820945 12000
    128 13 9 52.831004 13 9 52.831004 12000
    129 13 9 52.841106 13 9 52.841106 12000
    130 13 9 52.851033 13 9 52.851033 12000
    131 13 9 52.861032 13 9 52.861032 12000
    132 13 9 52.871009 13 9 52.871009 12000
    133 13 9 52.881005 13 9 52.881005 12000
    134 13 9 52.891077 13 9 52.891077 12000
    135 13 9 52.901004 13 9 52.901004 12000
    136 13 9 52.910992 13 9 52.910992 12000
    137 13 9 52.921047 13 9 52.921047 12000
    138 13 9 52.930968 13 9 52.930968 12000
    139 13 9 52.941020 13 9 52.941020 12000
    140 13 9 52.950969 13 9 52.950969 12000
    141 13 9 52.960963 13 9 52.960963 12000
    142 13 9 52.970956 13 9 52.970956 12000
    143 13 9 52.981023 13 9 52.981023 12000
    144 13 9 52.990943 13 9 52.990943 12000
    145 13 9 53.000946 13 9 53.000946 12000
    146 13 9 53.010962 13 9 53.010962 12000
    147 13 9 53.020971 13 9 53.020971 12000
    148 13 9 53.030993 13 9 53.030993 12000
    149 13 9 53.040954 13 9 53.040954 12000
    150 13 9 53.050921 13 9 53.050921 12000
    151 13 9 53.060974 13 9 53.060974 12000
    152 13 9 53.071002 13 9 53.071002 12000
    153 13 9 53.081007 13 9 53.081007 12000
    154 13 9 53.090998 13 9 53.090998 12000
    155 13 9 53.100940 13 9 53.100940 12000
    156 13 9 53.111010 13 9 53.111010 12000
    157 13 9 53.121026 13 9 53.121026 12000
    158 13 9 53.131030 13 9 53.131030 12000
    159 13 9 53.140957 13 9 53.140957 12000
    160 13 9 53.150936 13 9 53.150936 12000
    161 13 9 53.160905 13 9 53.160905 12000
    162 13 9 53.170945 13 9 53.170945 12000
    163 13 9 53.180931 13 9 53.180931 12000
    164 13 9 53.190947 13 9 53.190947 12000
    165 13 9 53.200978 13 9 53.200978 12000
    166 13 9 53.210945 13 9 53.210945 12000
    167 13 9 53.220944 13 9 53.220944 12000
    168 13 9 53.231440 13 9 53.231440 12000
    169 13 9 53.241053 13 9 53.241053 12000
    170 13 9 53.251027 13 9 53.251027 12000
    171 13 9 53.261006 13 9 53.261006 12000
    172 13 9 53.270963 13 9 53.270963 12000
    173 13 9 53.281042 13 9 53.281042 12000
    174 13 9 53.290948 13 9 53.290948 12000
    175 13 9 53.301008 13 9 53.301008 12000
    176 13 9 53.311011 13 9 53.311011 12000
    177 13 9 53.321001 13 9 53.321001 12000
    178 13 9 53.331009 13 9 53.331009 12000
    179 13 9 53.341025 13 9 53.341025 12000
    180 13 9 53.350965 13 9 53.350965 12000
    181 13 9 53.360951 13 9 53.360951 12000
    182 13 9 53.370953 13 9 53.370953 12000
    183 13 9 53.380955 13 9 53.380955 12000
    184 13 9 53.390909 13 9 53.390909 12000
    185 13 9 53.400969 13 9 53.400969 12000
    186 13 9 53.410947 13 9 53.410947 12000
    187 13 9 53.420945 13 9 53.420945 12000
    188 13 9 53.430937 13 9 53.430937 12000
    189 13 9 53.441032 13 9 53.441032 12000
    190 13 9 53.451025 13 9 53.451025 12000
    191 13 9 53.460921 13 9 53.460921 12000
    192 13 9 53.471077 13 9 53.471077 12000
    193 13 9 53.480947 13 9 53.480947 12000
    194 13 9 53.491003 13 9 53.491003 12000
    195 13 9 53.501040 13 9 53.501040 12000
    196 13 9 53.510984 13 9 53.510984 12000
    197 13 9 53.520957 13 9 53.520957 12000
    198 13 9 53.530968 13 9 53.530968 12000
    199 13 9 53.540962 13 9 53.540962 12000
    200 13 9 53.551008 13 9 53.551008 12000
    201 13 9 53.560912 13 9 53.560912 12000
    202 13 9 53.570923 13 9 53.570923 12000
    203 13 9 53.580975 13 9 53.580975 12000
    204 13 9 53.590947 13 9 53.590947 12000
    205 13 9 53.600952 13 9 53.600952 12000
    206 13 9 53.610940 13 9 53.610940 12000
    207 13 9 53.620944 13 9 53.620944 12000
    208 13 9 53.630921 13 9 53.630921 12000
    209 13 9 53.641013 13 9 53.641013 12000
    210 13 9 53.650961 13 9 53.650961 12000
    211 13 9 53.660997 13 9 53.660997 12000
    212 13 9 53.670949 13 9 53.670949 12000
    213 13 9 53.681024 13 9 53.681024 12000
    214 13 9 53.690939 13 9 53.690939 12000
    215 13 9 53.701005 13 9 53.701005 12000
    216 13 9 53.711520 13 9 53.711520 12000
    217 13 9 53.720970 13 9 53.720970 12000
    218 13 9 53.731015 13 9 53.731015 12000
    219 13 9 53.741053 13 9 53.741053 12000
    220 13 9 53.751013 13 9 53.751013 12000
    221 13 9 53.761079 13 9 53.761079 12000
    222 13 9 53.770941 13 9 53.770941 12000
    223 13 9 53.780940 13 9 53.780940 12000
    224 13 9 53.790940 13 9 53.790940 12000
    225 13 9 53.800921 13 9 53.800921 12000
    226 13 9 53.810954 13 9 53.810954 12000
    227 13 9 53.820948 13 9 53.820948 12000
    228 13 9 53.831176 13 9 53.831176 12000
    229 13 9 53.840941 13 9 53.840941 12000
    230 13 9 53.850957 13 9 53.850957 12000
    231 13 9 53.861001 13 9 53.861001 12000
    232 13 9 53.871091 13 9 53.871091 12000
    233 13 9 53.881031 13 9 53.881031 12000
    234 13 9 53.891016 13 9 53.891016 12000
    235 13 9 53.901043 13 9 53.901043 12000
    236 13 9 53.911039 13 9 53.911039 12000
    237 13 9 53.921053 13 9 53.921053 12000
    238 13 9 53.930985 13 9 53.930985 12000
    239 13 9 53.941063 13 9 53.941063 12000
    240 13 9 53.950977 13 9 53.950977 12000
    241 13 9 53.961095 13 9 53.961095 12000
    242 13 9 53.971037 13 9 53.971037 12000
    243 13 9 53.981096 13 9 53.981096 12000
    244 13 9 53.990944 13 9 53.990944 12000
    245 13 9 54.000943 13 9 54.000943 12000
    246 13 9 54.010942 13 9 54.010942 12000
    247 13 9 54.020941 13 9 54.020941 12000
    248 13 9 54.030968 13 9 54.030968 12000
    249 13 9 54.040956 13 9 54.040956 12000
    250 13 9 54.051020 13 9 54.051020 12000
    251 13 9 54.060991 13 9 54.060991 12000
    252 13 9 54.070945 13 9 54.070945 12000
    253 13 9 54.081007 13 9 54.081007 12000
    254 13 9 54.091009 13 9 54.091009 12000
    255 13 9 54.100999 13 9 54.100999 12000
    256 13 9 54.111108 13 9 54.111108 12000
    257 13 9 54.121003 13 9 54.121003 12000
    258 13 9 54.131341 13 9 54.131341 12000
    259 13 9 54.140973 13 9 54.140973 12000
    260 13 9 54.150924 13 9 54.150924 12000
    261 13 9 54.161028 13 9 54.161028 12000
    262 13 9 54.170932 13 9 54.170932 12000
    263 13 9 54.180945 13 9 54.180945 12000
    264 13 9 54.190975 13 9 54.190975 12000
    265 13 9 54.200951 13 9 54.200951 12000
    266 13 9 54.210949 13 9 54.210949 12000
    267 13 9 54.220948 13 9 54.220948 12000
    268 13 9 54.230915 13 9 54.230915 12000
    269 13 9 54.240982 13 9 54.240982 12000
    270 13 9 54.251074 13 9 54.251074 12000
    271 13 9 54.261085 13 9 54.261085 12000
    272 13 9 54.271045 13 9 54.271045 12000
    273 13 9 54.280988 13 9 54.280988 12000
    274 13 9 54.291013 13 9 54.291013 12000
    275 13 9 54.301062 13 9 54.301062 12000
    276 13 9 54.311424 13 9 54.311424 12000
    277 13 9 54.320959 13 9 54.320959 12000
    278 13 9 54.331380 13 9 54.331380 12000
    279 13 9 54.340980 13 9 54.340980 12000
    280 13 9 54.350976 13 9 54.350976 12000
    281 13 9 54.360942 13 9 54.360942 12000
    282 13 9 54.371029 13 9 54.371029 12000
    283 13 9 54.380912 13 9 54.380912 12000
    284 13 9 54.390963 13 9 54.390963 12000
    285 13 9 54.400947 13 9 54.400947 12000
    286 13 9 54.410944 13 9 54.410944 12000
    287 13 9 54.420921 13 9 54.420921 12000
    288 13 9 54.430945 13 9 54.430945 12000
    289 13 9 54.441397 13 9 54.441397 12000
    290 13 9 54.450951 13 9 54.450951 12000
    291 13 9 54.461010 13 9 54.461010 12000
    292 13 9 54.470999 13 9 54.470999 12000
    293 13 9 54.481037 13 9 54.481037 12000
    294 13 9 54.490979 13 9 54.490979 12000
    295 13 9 54.500982 13 9 54.500982 12000
    296 13 9 54.511116 13 9 54.511116 12000
    297 13 9 54.521076 13 9 54.521076 12000
    298 13 9 54.531028 13 9 54.531028 12000
    299 13 9 54.540894 13 9 54.540894 12000
    300 13 9 54.551065 13 9 54.551065 12000
    301 13 9 54.561017 13 9 54.561017 12000
    302 13 9 54.571007 13 9 54.571007 12000
    303 13 9 54.580916 13 9 54.580916 12000
    304 13 9 54.591076 13 9 54.591076 12000
    305 13 9 54.600982 13 9 54.600982 12000
    306 13 9 54.610937 13 9 54.610937 12000
    307 13 9 54.620949 13 9 54.620949 12000
    308 13 9 54.631059 13 9 54.631059 12000
    309 13 9 54.641506 13 9 54.641506 12000
    310 13 9 54.651057 13 9 54.651057 12000
    311 13 9 54.661043 13 9 54.661043 12000
    312 13 9 54.671019 13 9 54.671019 12000
    313 13 9 54.680976 13 9 54.680976 12000
    314 13 9 54.691063 13 9 54.691063 12000
    315 13 9 54.700997 13 9 54.700997 12000
    316 13 9 54.711013 13 9 54.711013 12000
    317 13 9 54.721032 13 9 54.721032 12000
    318 13 9 54.730972 13 9 54.730972 12000
    319 13 9 54.740952 13 9 54.740952 12000
    320 13 9 54.751009 13 9 54.751009 12000
    321 13 9 54.761006 13 9 54.761006 12000
    322 13 9 54.770946 13 9 54.770946 12000
    323 13 9 54.780943 13 9 54.780943 12000
    324 13 9 54.790940 13 9 54.790940 12000
    325 13 9 54.801028 13 9 54.801028 12000
    326 13 9 54.810926 13 9 54.810926 12000
    327 13 9 54.821024 13 9 54.821024 12000
    328 13 9 54.830950 13 9 54.830950 12000
    329 13 9 54.840960 13 9 54.840960 12000
    330 13 9 54.851021 13 9 54.851021 12000
    331 13 9 54.861010 13 9 54.861010 12000
    332 13 9 54.870967 13 9 54.870967 12000
    333 13 9 54.881003 13 9 54.881003 12000
    334 13 9 54.890999 13 9 54.890999 12000
    335 13 9 54.900998 13 9 54.900998 12000
    336 13 9 54.910924 13 9 54.910924 12000
    337 13 9 54.921056 13 9 54.921056 12000
    338 13 9 54.931133 13 9 54.931133 12000
    339 13 9 54.941111 13 9 54.941111 12000
    340 13 9 54.951715 13 9 54.951715 12000
    341 13 9 54.961131 13 9 54.961131 12000
    342 13 9 54.970970 13 9 54.970970 12000
    343 13 9 54.980966 13 9 54.980966 12000
    344 13 9 54.990951 13 9 54.990951 12000
    345 13 9 55.000970 13 9 55.000970 12000
    346 13 9 55.010989 13 9 55.010989 12000
    347 13 9 55.020943 13 9 55.020943 12000
    348 13 9 55.030948 13 9 55.030948 12000
    349 13 9 55.041673 13 9 55.041673 12000
    350 13 9 55.051031 13 9 55.051031 12000
    351 13 9 55.061067 13 9 55.061067 12000
    352 13 9 55.070950 13 9 55.070950 12000
    353 13 9 55.081001 13 9 55.081001 12000
    354 13 9 55.091011 13 9 55.091011 12000
    355 13 9 55.101005 13 9 55.101005 12000
    356 13 9 55.110953 13 9 55.110953 12000
    357 13 9 55.121014 13 9 55.121014 12000
    358 13 9 55.130985 13 9 55.130985 12000
    359 13 9 55.141049 13 9 55.141049 12000
    360 13 9 55.151032 13 9 55.151032 12000
    361 13 9 55.160966 13 9 55.160966 12000
    362 13 9 55.170912 13 9 55.170912 12000
    363 13 9 55.180948 13 9 55.180948 12000
    364 13 9 55.190944 13 9 55.190944 12000
    365 13 9 55.200946 13 9 55.200946 12000
    366 13 9 55.210946 13 9 55.210946 12000
    367 13 9 55.220967 13 9 55.220967 12000
    368 13 9 55.231037 13 9 55.231037 12000
    369 13 9 55.240943 13 9 55.240943 12000
    370 13 9 55.251010 13 9 55.251010 12000
    371 13 9 55.261054 13 9 55.261054 12000
    372 13 9 55.270968 13 9 55.270968 12000
    373 13 9 55.280956 13 9 55.280956 12000
    374 13 9 55.291122 13 9 55.291122 12000
    375 13 9 55.300955 13 9 55.300955 12000
    376 13 9 55.311442 13 9 55.311442 12000
    377 13 9 55.321100 13 9 55.321100 12000
    378 13 9 55.331034 13 9 55.331034 12000
    379 13 9 55.341011 13 9 55.341011 12000
    380 13 9 55.351047 13 9 55.351047 12000
    381 13 9 55.361015 13 9 55.361015 12000
    382 13 9 55.371037 13 9 55.371037 12000
    383 13 9 55.380929 13 9 55.380929 12000
    384 13 9 55.390953 13 9 55.390953 12000
    385 13 9 55.401668 13 9 55.401668 12000
    386 13 9 55.410981 13 9 55.410981 12000
    387 13 9 55.420946 13 9 55.420946 12000
    388 13 9 55.430947 13 9 55.430947 12000
    389 13 9 55.440972 13 9 55.440972 12000
    390 13 9 55.451034 13 9 55.451034 12000
    391 13 9 55.461061 13 9 55.461061 12000
    392 13 9 55.470976 13 9 55.470976 12000
    393 13 9 55.480997 13 9 55.480997 12000
    394 13 9 55.491039 13 9 55.491039 12000
    395 13 9 55.501012 13 9 55.501012 12000
    396 13 9 55.511166 13 9 55.511166 12000
    397 13 9 55.521031 13 9 55.521031 12000
    398 13 9 55.531008 13 9 55.531008 12000
    399 13 9 55.541012 13 9 55.541012 12000
    400 13 9 55.551001 13 9 55.551001 12000
    401 13 9 55.561000 13 9 55.561000 12000
    402 13 9 55.570948 13 9 55.570948 12000
    403 13 9 55.581983 13 9 55.581983 12000
    404 13 9 55.590952 13 9 55.590952 12000
    405 13 9 55.600945 13 9 55.600945 12000
    406 13 9 55.610945 13 9 55.610945 12000
    407 13 9 55.620888 13 9 55.620888 12000
    408 13 9 55.630946 13 9 55.630946 12000
    409 13 9 55.641012 13 9 55.641012 12000
    410 13 9 55.651012 13 9 55.651012 12000
    411 13 9 55.660961 13 9 55.660961 12000
    412 13 9 55.671007 13 9 55.671007 12000
    413 13 9 55.681018 13 9 55.681018 12000
    414 13 9 55.690989 13 9 55.690989 12000
    415 13 9 55.701059 13 9 55.701059 12000
    416 13 9 55.711024 13 9 55.711024 12000
    417 13 9 55.720959 13 9 55.720959 12000
    418 13 9 55.730961 13 9 55.730961 12000
    419 13 9 55.741022 13 9 55.741022 12000
    420 13 9 55.751015 13 9 55.751015 12000
    421 13 9 55.761032 13 9 55.761032 12000
    422 13 9 55.771005 13 9 55.771005 12000
    423 13 9 55.780971 13 9 55.780971 12000
    424 13 9 55.790947 13 9 55.790947 12000
    425 13 9 55.800953 13 9 55.800953 12000
    426 13 9 55.810962 13 9 55.810962 12000
    427 13 9 55.820970 13 9 55.820970 12000
    428 13 9 55.830950 13 9 55.830950 12000
    429 13 9 55.841793 13 9 55.841793 12000
    430 13 9 55.850955 13 9 55.850955 12000
    431 13 9 55.861024 13 9 55.861024 12000
    432 13 9 55.871021 13 9 55.871021 12000
    433 13 9 55.880943 13 9 55.880943 12000
    434 13 9 55.891001 13 9 55.891001 12000
    435 13 9 55.900987 13 9 55.900987 12000
    436 13 9 55.911020 13 9 55.911020 12000
    437 13 9 55.920900 13 9 55.920900 12000
    438 13 9 55.930985 13 9 55.930985 12000
    439 13 9 55.941149 13 9 55.941149 12000
    440 13 9 55.951078 13 9 55.951078 12000
    441 13 9 55.961207 13 9 55.961207 12000
    442 13 9 55.971125 13 9 55.971125 12000
    443 13 9 55.980952 13 9 55.980952 12000
    444 13 9 55.990960 13 9 55.990960 12000
    445 13 9 56.000954 13 9 56.000954 12000
    446 13 9 56.010942 13 9 56.010942 12000
    447 13 9 56.025046 13 9 56.025046 12000
    448 13 9 56.030951 13 9 56.030951 12000
    449 13 9 56.041313 13 9 56.041313 12000
    450 13 9 56.051163 13 9 56.051163 12000
    451 13 9 56.061027 13 9 56.061027 12000
    452 13 9 56.071047 13 9 56.071047 12000
    453 13 9 56.081149 13 9 56.081149 12000
    454 13 9 56.090975 13 9 56.090975 12000
    455 13 9 56.101022 13 9 56.101022 12000
    456 13 9 56.111023 13 9 56.111023 12000
    457 13 9 56.120995 13 9 56.120995 12000
    458 13 9 56.131050 13 9 56.131050 12000
    459 13 9 56.141789 13 9 56.141789 12000
    460 13 9 56.151009 13 9 56.151009 12000
    461 13 9 56.160963 13 9 56.160963 12000
    462 13 9 56.171031 13 9 56.171031 12000
    463 13 9 56.180976 13 9 56.180976 12000
    464 13 9 56.190938 13 9 56.190938 12000
    465 13 9 56.200924 13 9 56.200924 12000
    466 13 9 56.211267 13 9 56.211267 12000
    467 13 9 56.220987 13 9 56.220987 12000
    468 13 9 56.230941 13 9 56.230941 12000
    469 13 9 56.240985 13 9 56.240985 12000
    470 13 9 56.251088 13 9 56.251088 12000
    471 13 9 56.261012 13 9 56.261012 12000
    472 13 9 56.271062 13 9 56.271062 12000
    473 13 9 56.281021 13 9 56.281021 12000
    474 13 9 56.291023 13 9 56.291023 12000
    475 13 9 56.300964 13 9 56.300964 12000
    476 13 9 56.310979 13 9 56.310979 12000
    477 13 9 56.321046 13 9 56.321046 12000
    478 13 9 56.331004 13 9 56.331004 12000
    479 13 9 56.341036 13 9 56.341036 12000
    480 13 9 56.350969 13 9 56.350969 12000
    481 13 9 56.361006 13 9 56.361006 12000
    482 13 9 56.371023 13 9 56.371023 12000
    483 13 9 56.380952 13 9 56.380952 12000
    484 13 9 56.390945 13 9 56.390945 12000
    485 13 9 56.400951 13 9 56.400951 12000
    486 13 9 56.410964 13 9 56.410964 12000
    487 13 9 56.420969 13 9 56.420969 12000
    488 13 9 56.431064 13 9 56.431064 12000
    489 13 9 56.440905 13 9 56.440905 12000
    490 13 9 56.451115 13 9 56.451115 12000
    491 13 9 56.461046 13 9 56.461046 12000
    492 13 9 56.471071 13 9 56.471071 12000
    493 13 9 56.481073 13 9 56.481073 12000
    494 13 9 56.490977 13 9 56.490977 12000
    495 13 9 56.501016 13 9 56.501016 12000
    496 13 9 56.511026 13 9 56.511026 12000
    497 13 9 56.521014 13 9 56.521014 12000
    498 13 9 56.530942 13 9 56.530942 12000
    499 13 9 56.541012 13 9 56.541012 12000
    500 13 9 56.551011 13 9 56.551011 12000
    501 13 9 56.561095 13 9 56.561095 12000
    502 13 9 56.570964 13 9 56.570964 12000
    503 13 9 56.580984 13 9 56.580984 12000
    504 13 9 56.590946 13 9 56.590946 12000
    505 13 9 56.600923 13 9 56.600923 12000
    506 13 9 56.610947 13 9 56.610947 12000
    507 13 9 56.620928 13 9 56.620928 12000
    508 13 9 56.630940 13 9 56.630940 12000
    509 13 9 56.640931 13 9 56.640931 12000
    510 13 9 56.651341 13 9 56.651341 12000
    511 13 9 56.661011 13 9 56.661011 12000
    512 13 9 56.670946 13 9 56.670946 12000
    513 13 9 56.680951 13 9 56.680951 12000
    514 13 9 56.690998 13 9 56.690998 12000
    515 13 9 56.700958 13 9 56.700958 12000
    516 13 9 56.710940 13 9 56.710940 12000
    517 13 9 56.721322 13 9 56.721322 12000
    518 13 9 56.730992 13 9 56.730992 12000
    519 13 9 56.741014 13 9 56.741014 12000
    520 13 9 56.750999 13 9 56.750999 12000
    521 13 9 56.761071 13 9 56.761071 12000
    522 13 9 56.771031 13 9 56.771031 12000
    523 13 9 56.780952 13 9 56.780952 12000
    524 13 9 56.790945 13 9 56.790945 12000
    525 13 9 56.800944 13 9 56.800944 12000
    526 13 9 56.810943 13 9 56.810943 12000
    527 13 9 56.820942 13 9 56.820942 12000
    528 13 9 56.830947 13 9 56.830947 12000
    529 13 9 56.840944 13 9 56.840944 12000
    530 13 9 56.851948 13 9 56.851948 12000
    531 13 9 56.861156 13 9 56.861156 12000
    532 13 9 56.871096 13 9 56.871096 12000
    533 13 9 56.881023 13 9 56.881023 12000
    534 13 9 56.891010 13 9 56.891010 12000
    535 13 9 56.901004 13 9 56.901004 12000
    536 13 9 56.911023 13 9 56.911023 12000
    537 13 9 56.920963 13 9 56.920963 12000
    538 13 9 56.931026 13 9 56.931026 12000
    539 13 9 56.941040 13 9 56.941040 12000
    540 13 9 56.950999 13 9 56.950999 12000
    541 13 9 56.961016 13 9 56.961016 12000
    542 13 9 56.970947 13 9 56.970947 12000
    543 13 9 56.980938 13 9 56.980938 12000
    544 13 9 56.990997 13 9 56.990997 12000
    545 13 9 57.000948 13 9 57.000948 12000
    546 13 9 57.010945 13 9 57.010945 12000
    547 13 9 57.020946 13 9 57.020946 12000
    548 13 9 57.030946 13 9 57.030946 12000
    549 13 9 57.040945 13 9 57.040945 12000
    550 13 9 57.051644 13 9 57.051644 12000
    551 13 9 57.061011 13 9 57.061011 12000
    552 13 9 57.071001 13 9 57.071001 12000
    553 13 9 57.081021 13 9 57.081021 12000
    554 13 9 57.090980 13 9 57.090980 12000
    555 13 9 57.100965 13 9 57.100965 12000
    556 13 9 57.110944 13 9 57.110944 12000
    557 13 9 57.121433 13 9 57.121433 12000
    558 13 9 57.131016 13 9 57.131016 12000
    559 13 9 57.141216 13 9 57.141216 12000
    560 13 9 57.150961 13 9 57.150961 12000
    561 13 9 57.161031 13 9 57.161031 12000
    562 13 9 57.170949 13 9 57.170949 12000
    563 13 9 57.181066 13 9 57.181066 12000
    564 13 9 57.190973 13 9 57.190973 12000
    565 13 9 57.200947 13 9 57.200947 12000
    566 13 9 57.210928 13 9 57.210928 12000
    567 13 9 57.220970 13 9 57.220970 12000
    568 13 9 57.230947 13 9 57.230947 12000
    569 13 9 57.240932 13 9 57.240932 12000
    570 13 9 57.250945 13 9 57.250945 12000
    571 13 9 57.261209 13 9 57.261209 12000
    572 13 9 57.270960 13 9 57.270960 12000
    573 13 9 57.281008 13 9 57.281008 12000
    574 13 9 57.290939 13 9 57.290939 12000
    575 13 9 57.301116 13 9 57.301116 12000
    576 13 9 57.310963 13 9 57.310963 12000
    577 13 9 57.321156 13 9 57.321156 12000
    578 13 9 57.330964 13 9 57.330964 12000
    579 13 9 57.340966 13 9 57.340966 12000
    580 13 9 57.351011 13 9 57.351011 12000
    581 13 9 57.361038 13 9 57.361038 12000
    582 13 9 57.371003 13 9 57.371003 12000
    583 13 9 57.383499 13 9 57.383499 12000
    584 13 9 57.390946 13 9 57.390946 12000
    585 13 9 57.400965 13 9 57.400965 12000
    586 13 9 57.410947 13 9 57.410947 12000
    587 13 9 57.420946 13 9 57.420946 12000
    588 13 9 57.430945 13 9 57.430945 12000
    589 13 9 57.440941 13 9 57.440941 12000
    590 13 9 57.450957 13 9 57.450957 12000
    591 13 9 57.460945 13 9 57.460945 12000
    592 13 9 57.470944 13 9 57.470944 12000
    593 13 9 57.480950 13 9 57.480950 12000
    594 13 9 57.491103 13 9 57.491103 12000
    595 13 9 57.501032 13 9 57.501032 12000
    596 13 9 57.511116 13 9 57.511116 12000
    597 13 9 57.520915 13 9 57.520915 12000
    598 13 9 57.530948 13 9 57.530948 12000
    599 13 9 57.541024 13 9 57.541024 12000
    600 13 9 57.551011 13 9 57.551011 12000
    601 13 9 57.560974 13 9 57.560974 12000
    602 13 9 57.571840 13 9 57.571840 12000
    603 13 9 57.580956 13 9 57.580956 12000
    604 13 9 57.590896 13 9 57.590896 12000
    605 13 9 57.600943 13 9 57.600943 12000
    606 13 9 57.610948 13 9 57.610948 12000
    607 13 9 57.620947 13 9 57.620947 12000
    608 13 9 57.630943 13 9 57.630943 12000
    609 13 9 57.640945 13 9 57.640945 12000
    610 13 9 57.650944 13 9 57.650944 12000
    611 13 9 57.660944 13 9 57.660944 12000
    612 13 9 57.670943 13 9 57.670943 12000
    613 13 9 57.681992 13 9 57.681992 12000
    614 13 9 57.691006 13 9 57.691006 12000
    615 13 9 57.701023 13 9 57.701023 12000
    616 13 9 57.711050 13 9 57.711050 12000
    617 13 9 57.720993 13 9 57.720993 12000
    618 13 9 57.731017 13 9 57.731017 12000
    619 13 9 57.741025 13 9 57.741025 12000
    620 13 9 57.751111 13 9 57.751111 12000
    621 13 9 57.761009 13 9 57.761009 12000
    622 13 9 57.771025 13 9 57.771025 12000
    623 13 9 57.780853 13 9 57.780853 12000
    624 13 9 57.790950 13 9 57.790950 12000
    625 13 9 57.800944 13 9 57.800944 12000
    626 13 9 57.810943 13 9 57.810943 12000
    627 13 9 57.821075 13 9 57.821075 12000
    628 13 9 57.830939 13 9 57.830939 12000
    629 13 9 57.840949 13 9 57.840949 12000
    630 13 9 57.850949 13 9 57.850949 12000
    631 13 9 57.860942 13 9 57.860942 12000
    632 13 9 57.870946 13 9 57.870946 12000
    633 13 9 57.881635 13 9 57.881635 12000
    634 13 9 57.891019 13 9 57.891019 12000
    635 13 9 57.900947 13 9 57.900947 12000
    636 13 9 57.911053 13 9 57.911053 12000
    637 13 9 57.921627 13 9 57.921627 12000
    638 13 9 57.930998 13 9 57.930998 12000
    639 13 9 57.941034 13 9 57.941034 12000
    640 13 9 57.950940 13 9 57.950940 12000
    641 13 9 57.961019 13 9 57.961019 12000
    642 13 9 57.971037 13 9 57.971037 12000
    643 13 9 57.981091 13 9 57.981091 12000
    644 13 9 57.990937 13 9 57.990937 12000
    645 13 9 58.000948 13 9 58.000948 12000
    646 13 9 58.010945 13 9 58.010945 12000
    647 13 9 58.020946 13 9 58.020946 12000
    648 13 9 58.030943 13 9 58.030943 12000
    649 13 9 58.040942 13 9 58.040942 12000
    650 13 9 58.050947 13 9 58.050947 12000
    651 13 9 58.061016 13 9 58.061016 12000
    652 13 9 58.070981 13 9 58.070981 12000
    653 13 9 58.080933 13 9 58.080933 12000
    654 13 9 58.090938 13 9 58.090938 12000
    655 13 9 58.100966 13 9 58.100966 12000
    656 13 9 58.111055 13 9 58.111055 12000
    657 13 9 58.121791 13 9 58.121791 12000
    658 13 9 58.130944 13 9 58.130944 12000
    659 13 9 58.140977 13 9 58.140977 12000
    660 13 9 58.150981 13 9 58.150981 12000
    661 13 9 58.161042 13 9 58.161042 12000
    662 13 9 58.170923 13 9 58.170923 12000
    663 13 9 58.181061 13 9 58.181061 12000
    664 13 9 58.190998 13 9 58.190998 12000
    665 13 9 58.200952 13 9 58.200952 12000
    666 13 9 58.211024 13 9 58.211024 12000
    667 13 9 58.220939 13 9 58.220939 12000
    668 13 9 58.230890 13 9 58.230890 12000
    669 13 9 58.240934 13 9 58.240934 12000
    670 13 9 58.250951 13 9 58.250951 12000
    671 13 9 58.260958 13 9 58.260958 12000
    672 13 9 58.271005 13 9 58.271005 12000
    673 13 9 58.280957 13 9 58.280957 12000
    674 13 9 58.290940 13 9 58.290940 12000
    675 13 9 58.301011 13 9 58.301011 12000
    676 13 9 58.311042 13 9 58.311042 12000
    677 13 9 58.321032 13 9 58.321032 12000
    678 13 9 58.331048 13 9 58.331048 12000
    679 13 9 58.341020 13 9 58.341020 12000
    680 13 9 58.351840 13 9 58.351840 12000
    681 13 9 58.361035 13 9 58.361035 12000
    682 13 9 58.376629 13 9 58.376629 12000
    683 13 9 58.380930 13 9 58.380930 12000
    684 13 9 58.391046 13 9 58.391046 12000
    685 13 9 58.401040 13 9 58.401040 12000
    686 13 9 58.411110 13 9 58.411110 12000
    687 13 9 58.421070 13 9 58.421070 12000
    688 13 9 58.430911 13 9 58.430911 12000
    689 13 9 58.440958 13 9 58.440958 12000
    690 13 9 58.450949 13 9 58.450949 12000
    691 13 9 58.461002 13 9 58.461002 12000
    692 13 9 58.470947 13 9 58.470947 12000
    693 13 9 58.480943 13 9 58.480943 12000
    694 13 9 58.490951 13 9 58.490951 12000
    695 13 9 58.500951 13 9 58.500951 12000
    696 13 9 58.510945 13 9 58.510945 12000
    697 13 9 58.520988 13 9 58.520988 12000
    698 13 9 58.531098 13 9 58.531098 12000
    699 13 9 58.541060 13 9 58.541060 12000
    700 13 9 58.550977 13 9 58.550977 12000
    701 13 9 58.560952 13 9 58.560952 12000
    702 13 9 58.571047 13 9 58.571047 12000
    703 13 9 58.581017 13 9 58.581017 12000
    704 13 9 58.590946 13 9 58.590946 12000
    705 13 9 58.601024 13 9 58.601024 12000
    706 13 9 58.610948 13 9 58.610948 12000
    707 13 9 58.620995 13 9 58.620995 12000
    708 13 9 58.630889 13 9 58.630889 12000
    709 13 9 58.640946 13 9 58.640946 12000
    710 13 9 58.650948 13 9 58.650948 12000
    711 13 9 58.660944 13 9 58.660944 12000
    712 13 9 58.670943 13 9 58.670943 12000
    713 13 9 58.680965 13 9 58.680965 12000
    714 13 9 58.690947 13 9 58.690947 12000
    715 13 9 58.700946 13 9 58.700946 12000
    716 13 9 58.710895 13 9 58.710895 12000
    717 13 9 58.720889 13 9 58.720889 12000
    718 13 9 58.731707 13 9 58.731707 12000
    719 13 9 58.741036 13 9 58.741036 12000
    720 13 9 58.750945 13 9 58.750945 12000
    721 13 9 58.760981 13 9 58.760981 12000
    722 13 9 58.770949 13 9 58.770949 12000
    723 13 9 58.785975 13 9 58.785975 12000
    724 13 9 58.790995 13 9 58.790995 12000
    725 13 9 58.800969 13 9 58.800969 12000
    726 13 9 58.811019 13 9 58.811019 12000
    727 13 9 58.820999 13 9 58.820999 12000
    728 13 9 58.831006 13 9 58.831006 12000
    729 13 9 58.840961 13 9 58.840961 12000
    730 13 9 58.850946 13 9 58.850946 12000
    731 13 9 58.860945 13 9 58.860945 12000
    732 13 9 58.870936 13 9 58.870936 12000
    733 13 9 58.880966 13 9 58.880966 12000
    734 13 9 58.890948 13 9 58.890948 12000
    735 13 9 58.900900 13 9 58.900900 12000
    736 13 9 58.911000 13 9 58.911000 12000
    737 13 9 58.921259 13 9 58.921259 12000
    738 13 9 58.930971 13 9 58.930971 12000
    739 13 9 58.940984 13 9 58.940984 12000
    740 13 9 58.951636 13 9 58.951636 12000
    741 13 9 58.961615 13 9 58.961615 12000
    742 13 9 58.970950 13 9 58.970950 12000
    743 13 9 58.981031 13 9 58.981031 12000
    744 13 9 58.990994 13 9 58.990994 12000
    745 13 9 59.000964 13 9 59.000964 12000
    746 13 9 59.011000 13 9 59.011000 12000
    747 13 9 59.021008 13 9 59.021008 12000
    748 13 9 59.031021 13 9 59.031021 12000
    749 13 9 59.040942 13 9 59.040942 12000
    750 13 9 59.050925 13 9 59.050925 12000
    751 13 9 59.060923 13 9 59.060923 12000
    752 13 9 59.070940 13 9 59.070940 12000
    753 13 9 59.080933 13 9 59.080933 12000
    754 13 9 59.090930 13 9 59.090930 12000
    755 13 9 59.100945 13 9 59.100945 12000
    756 13 9 59.110947 13 9 59.110947 12000
    757 13 9 59.121046 13 9 59.121046 12000
    758 13 9 59.131129 13 9 59.131129 12000
    759 13 9 59.140965 13 9 59.140965 12000
    760 13 9 59.150900 13 9 59.150900 12000
    761 13 9 59.161485 13 9 59.161485 12000
    762 13 9 59.171030 13 9 59.171030 12000
    763 13 9 59.181033 13 9 59.181033 12000
    764 13 9 59.191003 13 9 59.191003 12000
    765 13 9 59.201005 13 9 59.201005 12000
    766 13 9 59.211027 13 9 59.211027 12000
    767 13 9 59.220948 13 9 59.220948 12000
    768 13 9 59.231025 13 9 59.231025 12000
    769 13 9 59.240952 13 9 59.240952 12000
    770 13 9 59.250936 13 9 59.250936 12000
    771 13 9 59.260908 13 9 59.260908 12000
    772 13 9 59.270924 13 9 59.270924 12000
    773 13 9 59.280963 13 9 59.280963 12000
    774 13 9 59.290947 13 9 59.290947 12000
    775 13 9 59.300944 13 9 59.300944 12000
    776 13 9 59.310943 13 9 59.310943 12000
    777 13 9 59.321483 13 9 59.321483 12000
    778 13 9 59.331004 13 9 59.331004 12000
    779 13 9 59.340916 13 9 59.340916 12000
    780 13 9 59.351439 13 9 59.351439 12000
    781 13 9 59.361024 13 9 59.361024 12000
    782 13 9 59.370955 13 9 59.370955 12000
    783 13 9 59.381117 13 9 59.381117 12000
    784 13 9 59.391053 13 9 59.391053 12000
    785 13 9 59.401009 13 9 59.401009 12000
    786 13 9 59.411017 13 9 59.411017 12000
    787 13 9 59.421004 13 9 59.421004 12000
    788 13 9 59.431001 13 9 59.431001 12000
    789 13 9 59.441004 13 9 59.441004 12000
    790 13 9 59.450964 13 9 59.450964 12000
    791 13 9 59.460956 13 9 59.460956 12000
    792 13 9 59.470990 13 9 59.470990 12000
    793 13 9 59.481009 13 9 59.481009 12000
    794 13 9 59.490904 13 9 59.490904 12000
    795 13 9 59.500954 13 9 59.500954 12000
    796 13 9 59.510956 13 9 59.510956 12000
    797 13 9 59.521340 13 9 59.521340 12000
    798 13 9 59.531010 13 9 59.531010 12000
    799 13 9 59.541013 13 9 59.541013 12000
    800 13 9 59.550944 13 9 59.550944 12000
    801 13 9 59.560951 13 9 59.560951 12000
    802 13 9 59.571483 13 9 59.571483 12000
    803 13 9 59.581004 13 9 59.581004 12000
    804 13 9 59.590924 13 9 59.590924 12000
    805 13 9 59.601021 13 9 59.601021 12000
    806 13 9 59.610967 13 9 59.610967 12000
    807 13 9 59.620966 13 9 59.620966 12000
    808 13 9 59.631008 13 9 59.631008 12000
    809 13 9 59.641005 13 9 59.641005 12000
    810 13 9 59.650947 13 9 59.650947 12000
    811 13 9 59.660944 13 9 59.660944 12000
    812 13 9 59.670923 13 9 59.670923 12000
    813 13 9 59.680945 13 9 59.680945 12000
    814 13 9 59.690913 13 9 59.690913 12000
    815 13 9 59.700954 13 9 59.700954 12000
    816 13 9 59.710934 13 9 59.710934 12000
    817 13 9 59.721465 13 9 59.721465 12000
    818 13 9 59.731017 13 9 59.731017 12000
    819 13 9 59.741005 13 9 59.741005 12000
    820 13 9 59.751015 13 9 59.751015 12000
    821 13 9 59.761020 13 9 59.761020 12000
    822 13 9 59.771017 13 9 59.771017 12000
    823 13 9 59.781035 13 9 59.781035 12000
    824 13 9 59.790914 13 9 59.790914 12000
    825 13 9 59.801096 13 9 59.801096 12000
    826 13 9 59.811003 13 9 59.811003 12000
    827 13 9 59.822795 13 9 59.822795 12000
    828 13 9 59.831040 13 9 59.831040 12000
    829 13 9 59.840966 13 9 59.840966 12000
    830 13 9 59.850945 13 9 59.850945 12000
    831 13 9 59.860947 13 9 59.860947 12000
    832 13 9 59.870949 13 9 59.870949 12000
    833 13 9 59.880941 13 9 59.880941 12000
    834 13 9 59.890943 13 9 59.890943 12000
    835 13 9 59.900965 13 9 59.900965 12000
    836 13 9 59.910963 13 9 59.910963 12000
    837 13 9 59.921666 13 9 59.921666 12000
    838 13 9 59.930914 13 9 59.930914 12000
    839 13 9 59.941665 13 9 59.941665 12000
    840 13 9 59.950966 13 9 59.950966 12000
    841 13 9 59.960918 13 9 59.960918 12000
    842 13 9 59.971052 13 9 59.971052 12000
    843 13 9 59.981578 13 9 59.981578 12000
    844 13 9 59.990923 13 9 59.990923 12000
    845 13 10 0.001012 13 10 0.001012 12000
    846 13 10 0.011011 13 10 0.011011 12000
    847 13 10 0.029615 13 10 0.029615 12000
    848 13 10 0.031005 13 10 0.031005 12000
    849 13 10 0.040993 13 10 0.040993 12000
    850 13 10 0.051014 13 10 0.051014 12000
    851 13 10 0.060952 13 10 0.060952 12000
    852 13 10 0.071014 13 10 0.071014 12000
    853 13 10 0.080998 13 10 0.080998 12000
    854 13 10 0.090906 13 10 0.090906 12000
    855 13 10 0.100963 13 10 0.100963 12000
    856 13 10 0.110960 13 10 0.110960 12000
    857 13 10 0.121004 13 10 0.121004 12000
    858 13 10 0.130901 13 10 0.130901 12000
    859 13 10 0.140968 13 10 0.140968 12000
    860 13 10 0.151002 13 10 0.151002 12000
    861 13 10 0.160972 13 10 0.160972 12000
    862 13 10 0.170911 13 10 0.170911 12000
    863 13 10 0.180954 13 10 0.180954 12000
    864 13 10 0.191044 13 10 0.191044 12000
    865 13 10 0.201014 13 10 0.201014 12000
    866 13 10 0.211021 13 10 0.211021 12000
    867 13 10 0.221848 13 10 0.221848 12000
    868 13 10 0.230979 13 10 0.230979 12000
    869 13 10 0.240976 13 10 0.240976 12000
    870 13 10 0.251026 13 10 0.251026 12000
    871 13 10 0.260944 13 10 0.260944 12000
    872 13 10 0.270944 13 10 0.270944 12000
    873 13 10 0.280947 13 10 0.280947 12000
    874 13 10 0.290944 13 10 0.290944 12000
    875 13 10 0.300941 13 10 0.300941 12000
    876 13 10 0.310902 13 10 0.310902 12000
    877 13 10 0.320996 13 10 0.320996 12000
    878 13 10 0.331030 13 10 0.331030 12000
    879 13 10 0.340984 13 10 0.340984 12000
    880 13 10 0.350950 13 10 0.350950 12000
    881 13 10 0.361629 13 10 0.361629 12000
    882 13 10 0.371040 13 10 0.371040 12000
    883 13 10 0.380923 13 10 0.380923 12000
    884 13 10 0.390965 13 10 0.390965 12000
    885 13 10 0.400961 13 10 0.400961 12000
    886 13 10 0.410998 13 10 0.410998 12000
    887 13 10 0.421069 13 10 0.421069 12000
    888 13 10 0.430996 13 10 0.430996 12000
    889 13 10 0.441006 13 10 0.441006 12000
    890 13 10 0.451097 13 10 0.451097 12000
    891 13 10 0.460993 13 10 0.460993 12000
    892 13 10 0.470917 13 10 0.470917 12000
    893 13 10 0.480947 13 10 0.480947 12000
    894 13 10 0.490969 13 10 0.490969 12000
    895 13 10 0.500947 13 10 0.500947 12000
    896 13 10 0.510969 13 10 0.510969 12000
    897 13 10 0.522043 13 10 0.522043 12000
    898 13 10 0.530966 13 10 0.530966 12000
    899 13 10 0.540970 13 10 0.540970 12000
    900 13 10 0.551062 13 10 0.551062 12000
    901 13 10 0.560997 13 10 0.560997 12000
    902 13 10 0.570959 13 10 0.570959 12000
    903 13 10 0.581103 13 10 0.581103 12000
    904 13 10 0.591167 13 10 0.591167 12000
    905 13 10 0.600921 13 10 0.600921 12000
    906 13 10 0.611014 13 10 0.611014 12000
    907 13 10 0.621003 13 10 0.621003 12000
    908 13 10 0.630999 13 10 0.630999 12000
    909 13 10 0.641012 13 10 0.641012 12000
    910 13 10 0.651136 13 10 0.651136 12000
    911 13 10 0.660953 13 10 0.660953 12000
    912 13 10 0.670948 13 10 0.670948 12000
    913 13 10 0.680930 13 10 0.680930 12000
    914 13 10 0.690945 13 10 0.690945 12000
    915 13 10 0.700945 13 10 0.700945 12000
    916 13 10 0.710945 13 10 0.710945 12000
    917 13 10 0.720994 13 10 0.720994 12000
    918 13 10 0.731021 13 10 0.731021 12000
    919 13 10 0.741076 13 10 0.741076 12000
    920 13 10 0.750947 13 10 0.750947 12000
    921 13 10 0.760912 13 10 0.760912 12000
    922 13 10 0.771244 13 10 0.771244 12000
    923 13 10 0.781028 13 10 0.781028 12000
    924 13 10 0.791027 13 10 0.791027 12000
    925 13 10 0.801110 13 10 0.801110 12000
    926 13 10 0.810949 13 10 0.810949 12000
    927 13 10 0.821047 13 10 0.821047 12000
    928 13 10 0.831890 13 10 0.831890 12000
    929 13 10 0.840969 13 10 0.840969 12000
    930 13 10 0.850898 13 10 0.850898 12000
    931 13 10 0.860941 13 10 0.860941 12000
    932 13 10 0.870885 13 10 0.870885 12000
    933 13 10 0.880983 13 10 0.880983 12000
    934 13 10 0.890885 13 10 0.890885 12000
    935 13 10 0.901032 13 10 0.901032 12000
    936 13 10 0.910923 13 10 0.910923 12000
    937 13 10 0.920969 13 10 0.920969 12000
    938 13 10 0.931070 13 10 0.931070 12000
    939 13 10 0.941007 13 10 0.941007 12000
    940 13 10 0.951013 13 10 0.951013 12000
    941 13 10 0.960943 13 10 0.960943 12000
    942 13 10 0.971055 13 10 0.971055 12000
    943 13 10 0.980957 13 10 0.980957 12000
    944 13 10 0.990875 13 10 0.990875 12000
    945 13 10 1.001190 13 10 1.001190 12000
    946 13 10 1.012516 13 10 1.012516 12000
    947 13 10 1.021052 13 10 1.021052 12000
    948 13 10 1.030998 13 10 1.030998 12000
    949 13 10 1.041010 13 10 1.041010 12000
    950 13 10 1.051048 13 10 1.051048 12000
    951 13 10 1.060944 13 10 1.060944 12000
    952 13 10 1.070947 13 10 1.070947 12000
    953 13 10 1.080929 13 10 1.080929 12000
    954 13 10 1.090929 13 10 1.090929 12000
    955 13 10 1.100991 13 10 1.100991 12000
    956 13 10 1.110894 13 10 1.110894 12000
    957 13 10 1.120994 13 10 1.120994 12000
    958 13 10 1.130989 13 10 1.130989 12000
    959 13 10 1.141054 13 10 1.141054 12000
    960 13 10 1.151458 13 10 1.151458 12000
    961 13 10 1.160951 13 10 1.160951 12000
    962 13 10 1.171024 13 10 1.171024 12000
    963 13 10 1.180898 13 10 1.180898 12000
    964 13 10 1.190983 13 10 1.190983 12000
    965 13 10 1.200946 13 10 1.200946 12000
    966 13 10 1.211059 13 10 1.211059 12000
    967 13 10 1.221049 13 10 1.221049 12000
    968 13 10 1.231044 13 10 1.231044 12000
    969 13 10 1.241022 13 10 1.241022 12000
    970 13 10 1.250945 13 10 1.250945 12000
    971 13 10 1.260942 13 10 1.260942 12000
    972 13 10 1.270945 13 10 1.270945 12000
    973 13 10 1.280944 13 10 1.280944 12000
    974 13 10 1.290944 13 10 1.290944 12000
    975 13 10 1.300940 13 10 1.300940 12000
    976 13 10 1.310944 13 10 1.310944 12000
    977 13 10 1.321121 13 10 1.321121 12000
    978 13 10 1.331016 13 10 1.331016 12000
    979 13 10 1.341005 13 10 1.341005 12000
    980 13 10 1.351002 13 10 1.351002 12000
    981 13 10 1.360943 13 10 1.360943 12000
    982 13 10 1.371032 13 10 1.371032 12000
    983 13 10 1.380924 13 10 1.380924 12000
    984 13 10 1.391010 13 10 1.391010 12000
    985 13 10 1.401046 13 10 1.401046 12000
    986 13 10 1.411008 13 10 1.411008 12000
    987 13 10 1.420948 13 10 1.420948 12000
    988 13 10 1.430965 13 10 1.430965 12000
    989 13 10 1.441019 13 10 1.441019 12000
    990 13 10 1.451017 13 10 1.451017 12000
    991 13 10 1.460948 13 10 1.460948 12000
    992 13 10 1.470912 13 10 1.470912 12000
    993 13 10 1.481535 13 10 1.481535 12000
    994 13 10 1.490947 13 10 1.490947 12000
    995 13 10 1.500969 13 10 1.500969 12000
    996 13 10 1.510984 13 10 1.510984 12000
    997 13 10 1.521031 13 10 1.521031 12000
    998 13 10 1.531089 13 10 1.531089 12000
    999 13 10 1.541020 13 10 1.541020 12000
   1000 13 10 1.551097 13 10 1.551097 12000
