      1 13 6 0.987140 13 6 0.987140 10100
      2 13 6 0.997288 13 6 0.997288 10100
      3 13 6 1.007698 13 6 1.007698 10100
      4 13 6 1.017260 13 6 1.017260 10100
      5 13 6 1.027230 13 6 1.027230 10100
      6 13 6 1.037422 13 6 1.037422 10100
      7 13 6 1.047314 13 6 1.047314 10100
      8 13 6 1.057304 13 6 1.057304 10100
      9 13 6 1.067302 13 6 1.067302 10100
     10 13 6 1.077256 13 6 1.077256 10100
     11 13 6 1.087239 13 6 1.087239 10100
     12 13 6 1.097247 13 6 1.097247 10100
     13 13 6 1.107242 13 6 1.107242 10100
     14 13 6 1.117264 13 6 1.117264 10100
     15 13 6 1.127259 13 6 1.127259 10100
     16 13 6 1.137385 13 6 1.137385 10100
     17 13 6 1.147316 13 6 1.147316 10100
     18 13 6 1.157321 13 6 1.157321 10100
     19 13 6 1.167311 13 6 1.167311 10100
     20 13 6 1.177308 13 6 1.177308 10100
     21 13 6 1.187310 13 6 1.187310 10100
     22 13 6 1.197306 13 6 1.197306 10100
     23 13 6 1.207257 13 6 1.207257 10100
     24 13 6 1.217238 13 6 1.217238 10100
     25 13 6 1.227240 13 6 1.227240 10100
     26 13 6 1.237282 13 6 1.237282 10100
     27 13 6 1.247306 13 6 1.247306 10100
     28 13 6 1.257303 13 6 1.257303 10100
     29 13 6 1.267307 13 6 1.267307 10100
     30 13 6 1.277314 13 6 1.277314 10100
     31 13 6 1.287247 13 6 1.287247 10100
     32 13 6 1.297252 13 6 1.297252 10100
     33 13 6 1.307237 13 6 1.307237 10100
     34 13 6 1.317331 13 6 1.317331 10100
     35 13 6 1.327364 13 6 1.327364 10100
     36 13 6 1.337343 13 6 1.337343 10100
     37 13 6 1.347309 13 6 1.347309 10100
     38 13 6 1.357272 13 6 1.357272 10100
     39 13 6 1.367321 13 6 1.367321 10100
     40 13 6 1.377267 13 6 1.377267 10100
     41 13 6 1.387347 13 6 1.387347 10100
     42 13 6 1.397316 13 6 1.397316 10100
     43 13 6 1.407240 13 6 1.407240 10100
     44 13 6 1.417246 13 6 1.417246 10100
     45 13 6 1.427268 13 6 1.427268 10100
     46 13 6 1.437289 13 6 1.437289 10100
     47 13 6 1.447308 13 6 1.447308 10100
     48 13 6 1.457311 13 6 1.457311 10100
     49 13 6 1.467303 13 6 1.467303 10100
     50 13 6 1.477308 13 6 1.477308 10100
     51 13 6 1.487241 13 6 1.487241 10100
     52 13 6 1.497243 13 6 1.497243 10100
     53 13 6 1.507241 13 6 1.507241 10100
     54 13 6 1.517234 13 6 1.517234 10100
     55 13 6 1.527308 13 6 1.527308 10100
     56 13 6 1.537250 13 6 1.537250 10100
     57 13 6 1.547239 13 6 1.547239 10100
     58 13 6 1.557259 13 6 1.557259 10100
     59 13 6 1.567318 13 6 1.567318 10100
     60 13 6 1.577296 13 6 1.577296 10100
     61 13 6 1.587352 13 6 1.587352 10100
     62 13 6 1.597220 13 6 1.597220 10100
     63 13 6 1.607253 13 6 1.607253 10100
     64 13 6 1.617238 13 6 1.617238 10100
     65 13 6 1.627238 13 6 1.627238 10100
     66 13 6 1.637338 13 6 1.637338 10100
     67 13 6 1.647263 13 6 1.647263 10100
     68 13 6 1.657405 13 6 1.657405 10100
     69 13 6 1.667339 13 6 1.667339 10100
     70 13 6 1.677300 13 6 1.677300 10100
     71 13 6 1.687589 13 6 1.687589 10100
     72 13 6 1.697239 13 6 1.697239 10100
     73 13 6 1.707241 13 6 1.707241 10100
     74 13 6 1.717239 13 6 1.717239 10100
     75 13 6 1.727274 13 6 1.727274 10100
     76 13 6 1.737285 13 6 1.737285 10100
     77 13 6 1.747304 13 6 1.747304 10100
     78 13 6 1.757289 13 6 1.757289 10100
     79 13 6 1.767240 13 6 1.767240 10100
     80 13 6 1.777280 13 6 1.777280 10100
     81 13 6 1.787348 13 6 1.787348 10100
     82 13 6 1.797251 13 6 1.797251 10100
     83 13 6 1.807240 13 6 1.807240 10100
     84 13 6 1.817245 13 6 1.817245 10100
     85 13 6 1.827232 13 6 1.827232 10100
     86 13 6 1.837305 13 6 1.837305 10100
     87 13 6 1.847284 13 6 1.847284 10100
     88 13 6 1.857305 13 6 1.857305 10100
     89 13 6 1.867392 13 6 1.867392 10100
     90 13 6 1.877275 13 6 1.877275 10100
     91 13 6 1.887668 13 6 1.887668 10100
     92 13 6 1.897241 13 6 1.897241 10100
     93 13 6 1.907230 13 6 1.907230 10100
     94 13 6 1.917241 13 6 1.917241 10100
     95 13 6 1.927270 13 6 1.927270 10100
     96 13 6 1.937285 13 6 1.937285 10100
     97 13 6 1.947317 13 6 1.947317 10100
     98 13 6 1.957323 13 6 1.957323 10100
     99 13 6 1.967324 13 6 1.967324 10100
    100 13 6 1.977374 13 6 1.977374 10100
    101 13 6 1.987255 13 6 1.987255 10100
    102 13 6 1.997241 13 6 1.997241 10100
    103 13 6 2.007242 13 6 2.007242 10100
    104 13 6 2.017196 13 6 2.017196 10100
    105 13 6 2.027248 13 6 2.027248 10100
    106 13 6 2.037244 13 6 2.037244 10100
    107 13 6 2.047394 13 6 2.047394 10100
    108 13 6 2.057322 13 6 2.057322 10100
    109 13 6 2.067305 13 6 2.067305 10100
    110 13 6 2.077316 13 6 2.077316 10100
    111 13 6 2.087464 13 6 2.087464 10100
    112 13 6 2.097240 13 6 2.097240 10100
    113 13 6 2.107238 13 6 2.107238 10100
    114 13 6 2.117523 13 6 2.117523 10100
    115 13 6 2.127307 13 6 2.127307 10100
    116 13 6 2.137303 13 6 2.137303 10100
    117 13 6 2.147298 13 6 2.147298 10100
    118 13 6 2.157292 13 6 2.157292 10100
    119 13 6 2.167298 13 6 2.167298 10100
    120 13 6 2.177311 13 6 2.177311 10100
    121 13 6 2.187292 13 6 2.187292 10100
    122 13 6 2.197248 13 6 2.197248 10100
    123 13 6 2.207240 13 6 2.207240 10100
    124 13 6 2.217277 13 6 2.217277 10100
    125 13 6 2.227237 13 6 2.227237 10100
    126 13 6 2.237289 13 6 2.237289 10100
    127 13 6 2.247303 13 6 2.247303 10100
    128 13 6 2.257298 13 6 2.257298 10100
    129 13 6 2.267294 13 6 2.267294 10100
    130 13 6 2.277368 13 6 2.277368 10100
    131 13 6 2.287246 13 6 2.287246 10100
    132 13 6 2.297245 13 6 2.297245 10100
    133 13 6 2.307264 13 6 2.307264 10100
    134 13 6 2.317251 13 6 2.317251 10100
    135 13 6 2.327310 13 6 2.327310 10100
    136 13 6 2.337340 13 6 2.337340 10100
    137 13 6 2.347341 13 6 2.347341 10100
    138 13 6 2.357339 13 6 2.357339 10100
    139 13 6 2.367313 13 6 2.367313 10100
    140 13 6 2.377310 13 6 2.377310 10100
    141 13 6 2.387347 13 6 2.387347 10100
    142 13 6 2.397348 13 6 2.397348 10100
    143 13 6 2.407277 13 6 2.407277 10100
    144 13 6 2.417276 13 6 2.417276 10100
    145 13 6 2.427270 13 6 2.427270 10100
    146 13 6 2.437211 13 6 2.437211 10100
    147 13 6 2.447585 13 6 2.447585 10100
    148 13 6 2.457262 13 6 2.457262 10100
    149 13 6 2.467295 13 6 2.467295 10100
    150 13 6 2.477301 13 6 2.477301 10100
    151 13 6 2.487251 13 6 2.487251 10100
    152 13 6 2.497244 13 6 2.497244 10100
    153 13 6 2.507266 13 6 2.507266 10100
    154 13 6 2.517240 13 6 2.517240 10100
    155 13 6 2.527867 13 6 2.527867 10100
    156 13 6 2.537304 13 6 2.537304 10100
    157 13 6 2.547302 13 6 2.547302 10100
    158 13 6 2.557307 13 6 2.557307 10100
    159 13 6 2.567310 13 6 2.567310 10100
    160 13 6 2.577189 13 6 2.577189 10100
    161 13 6 2.587332 13 6 2.587332 10100
    162 13 6 2.598075 13 6 2.598075 10100
    163 13 6 2.607235 13 6 2.607235 10100
    164 13 6 2.617245 13 6 2.617245 10100
    165 13 6 2.627237 13 6 2.627237 10100
    166 13 6 2.637365 13 6 2.637365 10100
    167 13 6 2.647365 13 6 2.647365 10100
    168 13 6 2.657321 13 6 2.657321 10100
    169 13 6 2.667320 13 6 2.667320 10100
    170 13 6 2.677314 13 6 2.677314 10100
    171 13 6 2.687303 13 6 2.687303 10100
    172 13 6 2.697249 13 6 2.697249 10100
    173 13 6 2.707252 13 6 2.707252 10100
    174 13 6 2.717251 13 6 2.717251 10100
    175 13 6 2.727247 13 6 2.727247 10100
    176 13 6 2.737301 13 6 2.737301 10100
    177 13 6 2.747579 13 6 2.747579 10100
    178 13 6 2.757318 13 6 2.757318 10100
    179 13 6 2.767316 13 6 2.767316 10100
    180 13 6 2.777308 13 6 2.777308 10100
    181 13 6 2.787309 13 6 2.787309 10100
    182 13 6 2.797318 13 6 2.797318 10100
    183 13 6 2.807248 13 6 2.807248 10100
    184 13 6 2.817245 13 6 2.817245 10100
    185 13 6 2.827235 13 6 2.827235 10100
    186 13 6 2.837990 13 6 2.837990 10100
    187 13 6 2.847261 13 6 2.847261 10100
    188 13 6 2.857238 13 6 2.857238 10100
    189 13 6 2.867309 13 6 2.867309 10100
    190 13 6 2.877245 13 6 2.877245 10100
    191 13 6 2.887299 13 6 2.887299 10100
    192 13 6 2.897854 13 6 2.897854 10100
    193 13 6 2.907249 13 6 2.907249 10100
    194 13 6 2.917251 13 6 2.917251 10100
    195 13 6 2.927255 13 6 2.927255 10100
    196 13 6 2.937305 13 6 2.937305 10100
    197 13 6 2.947330 13 6 2.947330 10100
    198 13 6 2.957309 13 6 2.957309 10100
    199 13 6 2.967311 13 6 2.967311 10100
    200 13 6 2.977309 13 6 2.977309 10100
    201 13 6 2.987264 13 6 2.987264 10100
    202 13 6 2.997298 13 6 2.997298 10100
    203 13 6 3.007239 13 6 3.007239 10100
    204 13 6 3.017240 13 6 3.017240 10100
    205 13 6 3.027236 13 6 3.027236 10100
    206 13 6 3.037239 13 6 3.037239 10100
    207 13 6 3.047311 13 6 3.047311 10100
    208 13 6 3.057297 13 6 3.057297 10100
    209 13 6 3.067302 13 6 3.067302 10100
    210 13 6 3.077287 13 6 3.077287 10100
    211 13 6 3.087601 13 6 3.087601 10100
    212 13 6 3.097236 13 6 3.097236 10100
    213 13 6 3.107238 13 6 3.107238 10100
    214 13 6 3.117239 13 6 3.117239 10100
    215 13 6 3.127422 13 6 3.127422 10100
    216 13 6 3.137312 13 6 3.137312 10100
    217 13 6 3.147311 13 6 3.147311 10100
    218 13 6 3.157313 13 6 3.157313 10100
    219 13 6 3.167313 13 6 3.167313 10100
    220 13 6 3.177312 13 6 3.177312 10100
    221 13 6 3.187297 13 6 3.187297 10100
    222 13 6 3.197328 13 6 3.197328 10100
    223 13 6 3.207269 13 6 3.207269 10100
    224 13 6 3.217252 13 6 3.217252 10100
    225 13 6 3.227240 13 6 3.227240 10100
    226 13 6 3.237249 13 6 3.237249 10100
    227 13 6 3.247376 13 6 3.247376 10100
    228 13 6 3.257350 13 6 3.257350 10100
    229 13 6 3.267312 13 6 3.267312 10100
    230 13 6 3.277346 13 6 3.277346 10100
    231 13 6 3.287246 13 6 3.287246 10100
    232 13 6 3.297248 13 6 3.297248 10100
    233 13 6 3.307255 13 6 3.307255 10100
    234 13 6 3.317239 13 6 3.317239 10100
    235 13 6 3.327964 13 6 3.327964 10100
    236 13 6 3.337295 13 6 3.337295 10100
    237 13 6 3.347316 13 6 3.347316 10100
    238 13 6 3.357308 13 6 3.357308 10100
    239 13 6 3.367361 13 6 3.367361 10100
    240 13 6 3.377327 13 6 3.377327 10100
    241 13 6 3.387344 13 6 3.387344 10100
    242 13 6 3.397265 13 6 3.397265 10100
    243 13 6 3.407242 13 6 3.407242 10100
    244 13 6 3.417240 13 6 3.417240 10100
    245 13 6 3.427489 13 6 3.427489 10100
    246 13 6 3.437244 13 6 3.437244 10100
    247 13 6 3.447319 13 6 3.447319 10100
    248 13 6 3.457317 13 6 3.457317 10100
    249 13 6 3.467327 13 6 3.467327 10100
    250 13 6 3.477281 13 6 3.477281 10100
    251 13 6 3.487242 13 6 3.487242 10100
    252 13 6 3.497240 13 6 3.497240 10100
    253 13 6 3.507241 13 6 3.507241 10100
    254 13 6 3.517211 13 6 3.517211 10100
    255 13 6 3.527509 13 6 3.527509 10100
    256 13 6 3.537253 13 6 3.537253 10100
    257 13 6 3.547228 13 6 3.547228 10100
    258 13 6 3.557293 13 6 3.557293 10100
    259 13 6 3.567235 13 6 3.567235 10100
    260 13 6 3.577288 13 6 3.577288 10100
    261 13 6 3.587288 13 6 3.587288 10100
    262 13 6 3.597312 13 6 3.597312 10100
    263 13 6 3.607171 13 6 3.607171 10100
    264 13 6 3.617248 13 6 3.617248 10100
    265 13 6 3.627243 13 6 3.627243 10100
    266 13 6 3.637248 13 6 3.637248 10100
    267 13 6 3.647292 13 6 3.647292 10100
    268 13 6 3.657299 13 6 3.657299 10100
    269 13 6 3.667256 13 6 3.667256 10100
    270 13 6 3.677317 13 6 3.677317 10100
    271 13 6 3.687745 13 6 3.687745 10100
    272 13 6 3.697248 13 6 3.697248 10100
    273 13 6 3.708065 13 6 3.708065 10100
    274 13 6 3.718554 13 6 3.718554 10100
    275 13 6 3.727279 13 6 3.727279 10100
    276 13 6 3.737244 13 6 3.737244 10100
    277 13 6 3.747237 13 6 3.747237 10100
    278 13 6 3.757320 13 6 3.757320 10100
    279 13 6 3.767367 13 6 3.767367 10100
    280 13 6 3.777251 13 6 3.777251 10100
    281 13 6 3.787239 13 6 3.787239 10100
    282 13 6 3.797310 13 6 3.797310 10100
    283 13 6 3.807240 13 6 3.807240 10100
    284 13 6 3.817330 13 6 3.817330 10100
    285 13 6 3.827252 13 6 3.827252 10100
    286 13 6 3.837273 13 6 3.837273 10100
    287 13 6 3.847309 13 6 3.847309 10100
    288 13 6 3.857339 13 6 3.857339 10100
    289 13 6 3.867303 13 6 3.867303 10100
    290 13 6 3.877349 13 6 3.877349 10100
    291 13 6 3.887268 13 6 3.887268 10100
    292 13 6 3.897244 13 6 3.897244 10100
    293 13 6 3.907246 13 6 3.907246 10100
    294 13 6 3.917244 13 6 3.917244 10100
    295 13 6 3.927248 13 6 3.927248 10100
    296 13 6 3.937306 13 6 3.937306 10100
    297 13 6 3.947312 13 6 3.947312 10100
    298 13 6 3.957239 13 6 3.957239 10100
    299 13 6 3.967311 13 6 3.967311 10100
    300 13 6 3.977352 13 6 3.977352 10100
    301 13 6 3.987492 13 6 3.987492 10100
    302 13 6 3.997240 13 6 3.997240 10100
    303 13 6 4.007390 13 6 4.007390 10100
    304 13 6 4.017377 13 6 4.017377 10100
    305 13 6 4.027308 13 6 4.027308 10100
    306 13 6 4.037255 13 6 4.037255 10100
    307 13 6 4.047642 13 6 4.047642 10100
    308 13 6 4.057179 13 6 4.057179 10100
    309 13 6 4.067299 13 6 4.067299 10100
    310 13 6 4.077245 13 6 4.077245 10100
    311 13 6 4.087309 13 6 4.087309 10100
    312 13 6 4.097247 13 6 4.097247 10100
    313 13 6 4.107249 13 6 4.107249 10100
    314 13 6 4.117255 13 6 4.117255 10100
    315 13 6 4.127244 13 6 4.127244 10100
    316 13 6 4.137448 13 6 4.137448 10100
    317 13 6 4.147270 13 6 4.147270 10100
    318 13 6 4.157386 13 6 4.157386 10100
    319 13 6 4.167309 13 6 4.167309 10100
    320 13 6 4.177310 13 6 4.177310 10100
    321 13 6 4.187300 13 6 4.187300 10100
    322 13 6 4.197339 13 6 4.197339 10100
    323 13 6 4.207262 13 6 4.207262 10100
    324 13 6 4.217310 13 6 4.217310 10100
    325 13 6 4.227422 13 6 4.227422 10100
    326 13 6 4.237248 13 6 4.237248 10100
    327 13 6 4.247340 13 6 4.247340 10100
    328 13 6 4.257310 13 6 4.257310 10100
    329 13 6 4.267303 13 6 4.267303 10100
    330 13 6 4.277313 13 6 4.277313 10100
    331 13 6 4.287245 13 6 4.287245 10100
    332 13 6 4.297259 13 6 4.297259 10100
    333 13 6 4.307261 13 6 4.307261 10100
    334 13 6 4.317249 13 6 4.317249 10100
    335 13 6 4.327240 13 6 4.327240 10100
    336 13 6 4.337343 13 6 4.337343 10100
    337 13 6 4.347326 13 6 4.347326 10100
    338 13 6 4.357359 13 6 4.357359 10100
    339 13 6 4.367403 13 6 4.367403 10100
    340 13 6 4.377304 13 6 4.377304 10100
    341 13 6 4.387310 13 6 4.387310 10100
    342 13 6 4.397302 13 6 4.397302 10100
    343 13 6 4.407294 13 6 4.407294 10100
    344 13 6 4.417250 13 6 4.417250 10100
    345 13 6 4.427598 13 6 4.427598 10100
    346 13 6 4.437241 13 6 4.437241 10100
    347 13 6 4.447522 13 6 4.447522 10100
    348 13 6 4.457306 13 6 4.457306 10100
    349 13 6 4.467304 13 6 4.467304 10100
    350 13 6 4.477307 13 6 4.477307 10100
    351 13 6 4.487301 13 6 4.487301 10100
    352 13 6 4.497243 13 6 4.497243 10100
    353 13 6 4.507251 13 6 4.507251 10100
    354 13 6 4.517252 13 6 4.517252 10100
    355 13 6 4.527239 13 6 4.527239 10100
    356 13 6 4.537727 13 6 4.537727 10100
    357 13 6 4.547310 13 6 4.547310 10100
    358 13 6 4.557310 13 6 4.557310 10100
    359 13 6 4.567313 13 6 4.567313 10100
    360 13 6 4.577353 13 6 4.577353 10100
    361 13 6 4.587348 13 6 4.587348 10100
    362 13 6 4.597373 13 6 4.597373 10100
    363 13 6 4.607310 13 6 4.607310 10100
    364 13 6 4.617238 13 6 4.617238 10100
    365 13 6 4.627227 13 6 4.627227 10100
    366 13 6 4.637249 13 6 4.637249 10100
    367 13 6 4.647313 13 6 4.647313 10100
    368 13 6 4.657309 13 6 4.657309 10100
    369 13 6 4.667316 13 6 4.667316 10100
    370 13 6 4.677324 13 6 4.677324 10100
    371 13 6 4.687238 13 6 4.687238 10100
    372 13 6 4.697258 13 6 4.697258 10100
    373 13 6 4.707416 13 6 4.707416 10100
    374 13 6 4.717245 13 6 4.717245 10100
    375 13 6 4.728921 13 6 4.728921 10100
    376 13 6 4.737224 13 6 4.737224 10100
    377 13 6 4.747347 13 6 4.747347 10100
    378 13 6 4.757310 13 6 4.757310 10100
    379 13 6 4.767320 13 6 4.767320 10100
    380 13 6 4.777326 13 6 4.777326 10100
    381 13 6 4.787309 13 6 4.787309 10100
    382 13 6 4.797343 13 6 4.797343 10100
    383 13 6 4.807337 13 6 4.807337 10100
    384 13 6 4.817308 13 6 4.817308 10100
    385 13 6 4.827243 13 6 4.827243 10100
    386 13 6 4.837253 13 6 4.837253 10100
    387 13 6 4.847321 13 6 4.847321 10100
    388 13 6 4.857274 13 6 4.857274 10100
    389 13 6 4.867305 13 6 4.867305 10100
    390 13 6 4.877326 13 6 4.877326 10100
    391 13 6 4.887278 13 6 4.887278 10100
    392 13 6 4.897249 13 6 4.897249 10100
    393 13 6 4.907188 13 6 4.907188 10100
    394 13 6 4.918108 13 6 4.918108 10100
    395 13 6 4.927245 13 6 4.927245 10100
    396 13 6 4.937578 13 6 4.937578 10100
    397 13 6 4.947306 13 6 4.947306 10100
    398 13 6 4.957344 13 6 4.957344 10100
    399 13 6 4.967323 13 6 4.967323 10100
    400 13 6 4.977306 13 6 4.977306 10100
    401 13 6 4.987307 13 6 4.987307 10100
    402 13 6 4.997272 13 6 4.997272 10100
    403 13 6 5.007309 13 6 5.007309 10100
    404 13 6 5.017254 13 6 5.017254 10100
    405 13 6 5.027242 13 6 5.027242 10100
    406 13 6 5.037257 13 6 5.037257 10100
    407 13 6 5.047346 13 6 5.047346 10100
    408 13 6 5.057326 13 6 5.057326 10100
    409 13 6 5.067304 13 6 5.067304 10100
    410 13 6 5.077299 13 6 5.077299 10100
    411 13 6 5.087247 13 6 5.087247 10100
    412 13 6 5.097241 13 6 5.097241 10100
    413 13 6 5.107263 13 6 5.107263 10100
    414 13 6 5.117281 13 6 5.117281 10100
    415 13 6 5.127244 13 6 5.127244 10100
    416 13 6 5.137914 13 6 5.137914 10100
    417 13 6 5.147241 13 6 5.147241 10100
    418 13 6 5.157314 13 6 5.157314 10100
    419 13 6 5.167315 13 6 5.167315 10100
    420 13 6 5.177324 13 6 5.177324 10100
    421 13 6 5.187307 13 6 5.187307 10100
    422 13 6 5.197411 13 6 5.197411 10100
    423 13 6 5.207360 13 6 5.207360 10100
    424 13 6 5.217276 13 6 5.217276 10100
    425 13 6 5.227243 13 6 5.227243 10100
    426 13 6 5.237258 13 6 5.237258 10100
    427 13 6 5.247551 13 6 5.247551 10100
    428 13 6 5.257344 13 6 5.257344 10100
    429 13 6 5.267318 13 6 5.267318 10100
    430 13 6 5.277383 13 6 5.277383 10100
    431 13 6 5.287347 13 6 5.287347 10100
    432 13 6 5.297312 13 6 5.297312 10100
    433 13 6 5.307997 13 6 5.307997 10100
    434 13 6 5.317247 13 6 5.317247 10100
    435 13 6 5.327255 13 6 5.327255 10100
    436 13 6 5.337470 13 6 5.337470 10100
    437 13 6 5.347313 13 6 5.347313 10100
    438 13 6 5.357382 13 6 5.357382 10100
    439 13 6 5.367326 13 6 5.367326 10100
    440 13 6 5.377258 13 6 5.377258 10100
    441 13 6 5.387304 13 6 5.387304 10100
    442 13 6 5.397319 13 6 5.397319 10100
    443 13 6 5.407255 13 6 5.407255 10100
    444 13 6 5.417258 13 6 5.417258 10100
    445 13 6 5.427241 13 6 5.427241 10100
    446 13 6 5.437256 13 6 5.437256 10100
    447 13 6 5.447279 13 6 5.447279 10100
    448 13 6 5.457436 13 6 5.457436 10100
    449 13 6 5.467439 13 6 5.467439 10100
    450 13 6 5.477377 13 6 5.477377 10100
    451 13 6 5.487319 13 6 5.487319 10100
    452 13 6 5.497304 13 6 5.497304 10100
    453 13 6 5.507233 13 6 5.507233 10100
    454 13 6 5.517252 13 6 5.517252 10100
    455 13 6 5.527242 13 6 5.527242 10100
    456 13 6 5.537411 13 6 5.537411 10100
    457 13 6 5.547323 13 6 5.547323 10100
    458 13 6 5.557313 13 6 5.557313 10100
    459 13 6 5.567318 13 6 5.567318 10100
    460 13 6 5.577265 13 6 5.577265 10100
    461 13 6 5.587309 13 6 5.587309 10100
    462 13 6 5.597319 13 6 5.597319 10100
    463 13 6 5.607240 13 6 5.607240 10100
    464 13 6 5.617278 13 6 5.617278 10100
    465 13 6 5.627250 13 6 5.627250 10100
    466 13 6 5.637248 13 6 5.637248 10100
    467 13 6 5.647241 13 6 5.647241 10100
    468 13 6 5.657261 13 6 5.657261 10100
    469 13 6 5.667418 13 6 5.667418 10100
    470 13 6 5.677368 13 6 5.677368 10100
    471 13 6 5.687352 13 6 5.687352 10100
    472 13 6 5.697242 13 6 5.697242 10100
    473 13 6 5.707239 13 6 5.707239 10100
    474 13 6 5.717246 13 6 5.717246 10100
    475 13 6 5.727242 13 6 5.727242 10100
    476 13 6 5.737446 13 6 5.737446 10100
    477 13 6 5.747312 13 6 5.747312 10100
    478 13 6 5.757365 13 6 5.757365 10100
    479 13 6 5.767272 13 6 5.767272 10100
    480 13 6 5.777307 13 6 5.777307 10100
    481 13 6 5.787306 13 6 5.787306 10100
    482 13 6 5.797323 13 6 5.797323 10100
    483 13 6 5.807294 13 6 5.807294 10100
    484 13 6 5.817249 13 6 5.817249 10100
    485 13 6 5.827238 13 6 5.827238 10100
    486 13 6 5.837253 13 6 5.837253 10100
    487 13 6 5.847255 13 6 5.847255 10100
    488 13 6 5.857262 13 6 5.857262 10100
    489 13 6 5.867308 13 6 5.867308 10100
    490 13 6 5.877332 13 6 5.877332 10100
    491 13 6 5.887483 13 6 5.887483 10100
    492 13 6 5.897248 13 6 5.897248 10100
    493 13 6 5.907236 13 6 5.907236 10100
    494 13 6 5.918077 13 6 5.918077 10100
    495 13 6 5.927266 13 6 5.927266 10100
    496 13 6 5.937255 13 6 5.937255 10100
    497 13 6 5.947324 13 6 5.947324 10100
    498 13 6 5.957300 13 6 5.957300 10100
    499 13 6 5.967344 13 6 5.967344 10100
    500 13 6 5.977312 13 6 5.977312 10100
    501 13 6 5.987307 13 6 5.987307 10100
    502 13 6 5.997271 13 6 5.997271 10100
    503 13 6 6.007304 13 6 6.007304 10100
    504 13 6 6.017235 13 6 6.017235 10100
    505 13 6 6.027220 13 6 6.027220 10100
    506 13 6 6.037246 13 6 6.037246 10100
    507 13 6 6.048350 13 6 6.048350 10100
    508 13 6 6.057284 13 6 6.057284 10100
    509 13 6 6.067300 13 6 6.067300 10100
    510 13 6 6.077309 13 6 6.077309 10100
    511 13 6 6.087375 13 6 6.087375 10100
    512 13 6 6.097240 13 6 6.097240 10100
    513 13 6 6.107251 13 6 6.107251 10100
    514 13 6 6.117236 13 6 6.117236 10100
    515 13 6 6.127224 13 6 6.127224 10100
    516 13 6 6.137364 13 6 6.137364 10100
    517 13 6 6.147740 13 6 6.147740 10100
    518 13 6 6.157268 13 6 6.157268 10100
    519 13 6 6.167308 13 6 6.167308 10100
    520 13 6 6.177309 13 6 6.177309 10100
    521 13 6 6.187304 13 6 6.187304 10100
    522 13 6 6.197311 13 6 6.197311 10100
    523 13 6 6.207258 13 6 6.207258 10100
    524 13 6 6.217261 13 6 6.217261 10100
    525 13 6 6.227242 13 6 6.227242 10100
    526 13 6 6.237249 13 6 6.237249 10100
    527 13 6 6.247855 13 6 6.247855 10100
    528 13 6 6.257189 13 6 6.257189 10100
    529 13 6 6.267343 13 6 6.267343 10100
    530 13 6 6.277293 13 6 6.277293 10100
    531 13 6 6.287230 13 6 6.287230 10100
    532 13 6 6.297242 13 6 6.297242 10100
    533 13 6 6.307239 13 6 6.307239 10100
    534 13 6 6.317280 13 6 6.317280 10100
    535 13 6 6.327238 13 6 6.327238 10100
    536 13 6 6.338048 13 6 6.338048 10100
    537 13 6 6.347414 13 6 6.347414 10100
    538 13 6 6.357755 13 6 6.357755 10100
    539 13 6 6.367245 13 6 6.367245 10100
    540 13 6 6.377313 13 6 6.377313 10100
    541 13 6 6.387297 13 6 6.387297 10100
    542 13 6 6.397340 13 6 6.397340 10100
    543 13 6 6.407245 13 6 6.407245 10100
    544 13 6 6.417336 13 6 6.417336 10100
    545 13 6 6.427647 13 6 6.427647 10100
    546 13 6 6.437259 13 6 6.437259 10100
    547 13 6 6.447519 13 6 6.447519 10100
    548 13 6 6.457334 13 6 6.457334 10100
    549 13 6 6.467246 13 6 6.467246 10100
    550 13 6 6.477290 13 6 6.477290 10100
    551 13 6 6.487256 13 6 6.487256 10100
    552 13 6 6.497330 13 6 6.497330 10100
    553 13 6 6.507263 13 6 6.507263 10100
    554 13 6 6.517242 13 6 6.517242 10100
    555 13 6 6.527571 13 6 6.527571 10100
    556 13 6 6.537290 13 6 6.537290 10100
    557 13 6 6.547333 13 6 6.547333 10100
    558 13 6 6.557313 13 6 6.557313 10100
    559 13 6 6.567377 13 6 6.567377 10100
    560 13 6 6.577270 13 6 6.577270 10100
    561 13 6 6.587303 13 6 6.587303 10100
    562 13 6 6.597304 13 6 6.597304 10100
    563 13 6 6.607308 13 6 6.607308 10100
    564 13 6 6.617341 13 6 6.617341 10100
    565 13 6 6.627240 13 6 6.627240 10100
    566 13 6 6.637249 13 6 6.637249 10100
    567 13 6 6.647420 13 6 6.647420 10100
    568 13 6 6.657289 13 6 6.657289 10100
    569 13 6 6.667310 13 6 6.667310 10100
    570 13 6 6.677311 13 6 6.677311 10100
    571 13 6 6.687307 13 6 6.687307 10100
    572 13 6 6.697701 13 6 6.697701 10100
    573 13 6 6.707251 13 6 6.707251 10100
    574 13 6 6.717247 13 6 6.717247 10100
    575 13 6 6.727227 13 6 6.727227 10100
    576 13 6 6.737296 13 6 6.737296 10100
    577 13 6 6.747236 13 6 6.747236 10100
    578 13 6 6.757265 13 6 6.757265 10100
    579 13 6 6.767265 13 6 6.767265 10100
    580 13 6 6.777342 13 6 6.777342 10100
    581 13 6 6.787378 13 6 6.787378 10100
    582 13 6 6.797312 13 6 6.797312 10100
    583 13 6 6.807290 13 6 6.807290 10100
    584 13 6 6.817242 13 6 6.817242 10100
    585 13 6 6.827238 13 6 6.827238 10100
    586 13 6 6.837238 13 6 6.837238 10100
    587 13 6 6.847387 13 6 6.847387 10100
    588 13 6 6.857351 13 6 6.857351 10100
    589 13 6 6.867286 13 6 6.867286 10100
    590 13 6 6.877317 13 6 6.877317 10100
    591 13 6 6.887240 13 6 6.887240 10100
    592 13 6 6.897246 13 6 6.897246 10100
    593 13 6 6.907246 13 6 6.907246 10100
    594 13 6 6.917405 13 6 6.917405 10100
    595 13 6 6.927247 13 6 6.927247 10100
    596 13 6 6.937274 13 6 6.937274 10100
    597 13 6 6.948057 13 6 6.948057 10100
    598 13 6 6.957405 13 6 6.957405 10100
    599 13 6 6.967368 13 6 6.967368 10100
    600 13 6 6.977288 13 6 6.977288 10100
    601 13 6 6.987441 13 6 6.987441 10100
    602 13 6 6.997250 13 6 6.997250 10100
    603 13 6 7.007299 13 6 7.007299 10100
    604 13 6 7.017344 13 6 7.017344 10100
    605 13 6 7.027275 13 6 7.027275 10100
    606 13 6 7.037249 13 6 7.037249 10100
    607 13 6 7.047574 13 6 7.047574 10100
    608 13 6 7.057249 13 6 7.057249 10100
    609 13 6 7.067503 13 6 7.067503 10100
    610 13 6 7.077306 13 6 7.077306 10100
    611 13 6 7.087274 13 6 7.087274 10100
    612 13 6 7.097237 13 6 7.097237 10100
    613 13 6 7.107244 13 6 7.107244 10100
    614 13 6 7.117245 13 6 7.117245 10100
    615 13 6 7.127226 13 6 7.127226 10100
    616 13 6 7.137306 13 6 7.137306 10100
    617 13 6 7.148709 13 6 7.148709 10100
    618 13 6 7.157365 13 6 7.157365 10100
    619 13 6 7.167392 13 6 7.167392 10100
    620 13 6 7.177253 13 6 7.177253 10100
    621 13 6 7.187317 13 6 7.187317 10100
    622 13 6 7.197241 13 6 7.197241 10100
    623 13 6 7.207264 13 6 7.207264 10100
    624 13 6 7.217317 13 6 7.217317 10100
    625 13 6 7.227306 13 6 7.227306 10100
    626 13 6 7.237245 13 6 7.237245 10100
    627 13 6 7.247309 13 6 7.247309 10100
    628 13 6 7.257270 13 6 7.257270 10100
    629 13 6 7.267312 13 6 7.267312 10100
    630 13 6 7.277312 13 6 7.277312 10100
    631 13 6 7.287327 13 6 7.287327 10100
    632 13 6 7.297248 13 6 7.297248 10100
    633 13 6 7.308787 13 6 7.308787 10100
    634 13 6 7.317258 13 6 7.317258 10100
    635 13 6 7.327257 13 6 7.327257 10100
    636 13 6 7.337304 13 6 7.337304 10100
    637 13 6 7.347286 13 6 7.347286 10100
    638 13 6 7.357419 13 6 7.357419 10100
    639 13 6 7.367321 13 6 7.367321 10100
    640 13 6 7.377316 13 6 7.377316 10100
    641 13 6 7.387313 13 6 7.387313 10100
    642 13 6 7.397317 13 6 7.397317 10100
    643 13 6 7.407408 13 6 7.407408 10100
    644 13 6 7.417372 13 6 7.417372 10100
    645 13 6 7.427411 13 6 7.427411 10100
    646 13 6 7.437246 13 6 7.437246 10100
    647 13 6 7.447262 13 6 7.447262 10100
    648 13 6 7.457336 13 6 7.457336 10100
    649 13 6 7.467308 13 6 7.467308 10100
    650 13 6 7.477319 13 6 7.477319 10100
    651 13 6 7.487299 13 6 7.487299 10100
    652 13 6 7.497244 13 6 7.497244 10100
    653 13 6 7.507242 13 6 7.507242 10100
    654 13 6 7.517236 13 6 7.517236 10100
    655 13 6 7.527239 13 6 7.527239 10100
    656 13 6 7.537300 13 6 7.537300 10100
    657 13 6 7.547191 13 6 7.547191 10100
    658 13 6 7.557304 13 6 7.557304 10100
    659 13 6 7.567311 13 6 7.567311 10100
    660 13 6 7.577308 13 6 7.577308 10100
    661 13 6 7.587307 13 6 7.587307 10100
    662 13 6 7.597304 13 6 7.597304 10100
    663 13 6 7.607308 13 6 7.607308 10100
    664 13 6 7.617238 13 6 7.617238 10100
    665 13 6 7.627978 13 6 7.627978 10100
    666 13 6 7.637261 13 6 7.637261 10100
    667 13 6 7.647260 13 6 7.647260 10100
    668 13 6 7.657460 13 6 7.657460 10100
    669 13 6 7.667309 13 6 7.667309 10100
    670 13 6 7.677374 13 6 7.677374 10100
    671 13 6 7.687305 13 6 7.687305 10100
    672 13 6 7.697261 13 6 7.697261 10100
    673 13 6 7.707241 13 6 7.707241 10100
    674 13 6 7.717299 13 6 7.717299 10100
    675 13 6 7.727235 13 6 7.727235 10100
    676 13 6 7.737204 13 6 7.737204 10100
    677 13 6 7.747249 13 6 7.747249 10100
    678 13 6 7.757324 13 6 7.757324 10100
    679 13 6 7.767290 13 6 7.767290 10100
    680 13 6 7.777343 13 6 7.777343 10100
    681 13 6 7.787397 13 6 7.787397 10100
    682 13 6 7.797345 13 6 7.797345 10100
    683 13 6 7.807312 13 6 7.807312 10100
    684 13 6 7.817339 13 6 7.817339 10100
    685 13 6 7.827314 13 6 7.827314 10100
    686 13 6 7.837351 13 6 7.837351 10100
    687 13 6 7.847253 13 6 7.847253 10100
    688 13 6 7.857237 13 6 7.857237 10100
    689 13 6 7.867309 13 6 7.867309 10100
    690 13 6 7.877307 13 6 7.877307 10100
    691 13 6 7.887249 13 6 7.887249 10100
    692 13 6 7.898388 13 6 7.898388 10100
    693 13 6 7.907243 13 6 7.907243 10100
    694 13 6 7.917246 13 6 7.917246 10100
    695 13 6 7.927236 13 6 7.927236 10100
    696 13 6 7.937247 13 6 7.937247 10100
    697 13 6 7.947244 13 6 7.947244 10100
    698 13 6 7.958005 13 6 7.958005 10100
    699 13 6 7.967353 13 6 7.967353 10100
    700 13 6 7.977239 13 6 7.977239 10100
    701 13 6 7.987342 13 6 7.987342 10100
    702 13 6 7.997441 13 6 7.997441 10100
    703 13 6 8.007300 13 6 8.007300 10100
    704 13 6 8.017331 13 6 8.017331 10100
    705 13 6 8.027241 13 6 8.027241 10100
    706 13 6 8.037252 13 6 8.037252 10100
    707 13 6 8.047337 13 6 8.047337 10100
    708 13 6 8.057254 13 6 8.057254 10100
    709 13 6 8.067301 13 6 8.067301 10100
    710 13 6 8.077311 13 6 8.077311 10100
    711 13 6 8.087308 13 6 8.087308 10100
    712 13 6 8.097794 13 6 8.097794 10100
    713 13 6 8.107243 13 6 8.107243 10100
    714 13 6 8.117202 13 6 8.117202 10100
    715 13 6 8.127238 13 6 8.127238 10100
    716 13 6 8.137235 13 6 8.137235 10100
    717 13 6 8.147634 13 6 8.147634 10100
    718 13 6 8.157325 13 6 8.157325 10100
    719 13 6 8.167246 13 6 8.167246 10100
    720 13 6 8.177291 13 6 8.177291 10100
    721 13 6 8.187302 13 6 8.187302 10100
    722 13 6 8.197302 13 6 8.197302 10100
    723 13 6 8.207328 13 6 8.207328 10100
    724 13 6 8.217249 13 6 8.217249 10100
    725 13 6 8.227239 13 6 8.227239 10100
    726 13 6 8.237448 13 6 8.237448 10100
    727 13 6 8.247249 13 6 8.247249 10100
    728 13 6 8.257303 13 6 8.257303 10100
    729 13 6 8.267312 13 6 8.267312 10100
    730 13 6 8.277309 13 6 8.277309 10100
    731 13 6 8.287235 13 6 8.287235 10100
    732 13 6 8.297252 13 6 8.297252 10100
    733 13 6 8.307249 13 6 8.307249 10100
    734 13 6 8.317239 13 6 8.317239 10100
    735 13 6 8.327572 13 6 8.327572 10100
    736 13 6 8.337249 13 6 8.337249 10100
    737 13 6 8.347279 13 6 8.347279 10100
    738 13 6 8.357317 13 6 8.357317 10100
    739 13 6 8.367321 13 6 8.367321 10100
    740 13 6 8.377333 13 6 8.377333 10100
    741 13 6 8.387323 13 6 8.387323 10100
    742 13 6 8.397304 13 6 8.397304 10100
    743 13 6 8.407292 13 6 8.407292 10100
    744 13 6 8.417308 13 6 8.417308 10100
    745 13 6 8.427334 13 6 8.427334 10100
    746 13 6 8.437248 13 6 8.437248 10100
    747 13 6 8.447236 13 6 8.447236 10100
    748 13 6 8.457352 13 6 8.457352 10100
    749 13 6 8.467387 13 6 8.467387 10100
    750 13 6 8.477313 13 6 8.477313 10100
    751 13 6 8.487301 13 6 8.487301 10100
    752 13 6 8.497175 13 6 8.497175 10100
    753 13 6 8.507255 13 6 8.507255 10100
    754 13 6 8.517251 13 6 8.517251 10100
    755 13 6 8.527238 13 6 8.527238 10100
    756 13 6 8.537366 13 6 8.537366 10100
    757 13 6 8.547527 13 6 8.547527 10100
    758 13 6 8.557308 13 6 8.557308 10100
    759 13 6 8.567259 13 6 8.567259 10100
    760 13 6 8.577327 13 6 8.577327 10100
    761 13 6 8.587336 13 6 8.587336 10100
    762 13 6 8.597303 13 6 8.597303 10100
    763 13 6 8.607302 13 6 8.607302 10100
    764 13 6 8.617311 13 6 8.617311 10100
    765 13 6 8.627238 13 6 8.627238 10100
    766 13 6 8.637240 13 6 8.637240 10100
    767 13 6 8.647346 13 6 8.647346 10100
    768 13 6 8.657325 13 6 8.657325 10100
    769 13 6 8.667298 13 6 8.667298 10100
    770 13 6 8.677317 13 6 8.677317 10100
    771 13 6 8.687303 13 6 8.687303 10100
    772 13 6 8.697309 13 6 8.697309 10100
    773 13 6 8.707235 13 6 8.707235 10100
    774 13 6 8.717262 13 6 8.717262 10100
    775 13 6 8.727249 13 6 8.727249 10100
    776 13 6 8.737380 13 6 8.737380 10100
    777 13 6 8.747595 13 6 8.747595 10100
    778 13 6 8.757393 13 6 8.757393 10100
    779 13 6 8.767281 13 6 8.767281 10100
    780 13 6 8.777321 13 6 8.777321 10100
    781 13 6 8.787388 13 6 8.787388 10100
    782 13 6 8.797228 13 6 8.797228 10100
    783 13 6 8.807354 13 6 8.807354 10100
    784 13 6 8.817318 13 6 8.817318 10100
    785 13 6 8.827339 13 6 8.827339 10100
    786 13 6 8.837251 13 6 8.837251 10100
    787 13 6 8.847239 13 6 8.847239 10100
    788 13 6 8.857461 13 6 8.857461 10100
    789 13 6 8.867312 13 6 8.867312 10100
    790 13 6 8.877307 13 6 8.877307 10100
    791 13 6 8.887287 13 6 8.887287 10100
    792 13 6 8.897239 13 6 8.897239 10100
    793 13 6 8.907237 13 6 8.907237 10100
    794 13 6 8.917244 13 6 8.917244 10100
    795 13 6 8.927237 13 6 8.927237 10100
    796 13 6 8.937288 13 6 8.937288 10100
    797 13 6 8.947362 13 6 8.947362 10100
    798 13 6 8.957312 13 6 8.957312 10100
    799 13 6 8.967299 13 6 8.967299 10100
    800 13 6 8.977306 13 6 8.977306 10100
    801 13 6 8.987332 13 6 8.987332 10100
    802 13 6 8.997301 13 6 8.997301 10100
    803 13 6 9.007312 13 6 9.007312 10100
    804 13 6 9.017302 13 6 9.017302 10100
    805 13 6 9.027298 13 6 9.027298 10100
    806 13 6 9.037302 13 6 9.037302 10100
    807 13 6 9.047254 13 6 9.047254 10100
    808 13 6 9.057354 13 6 9.057354 10100
    809 13 6 9.067308 13 6 9.067308 10100
    810 13 6 9.079155 13 6 9.079155 10100
    811 13 6 9.087348 13 6 9.087348 10100
    812 13 6 9.097312 13 6 9.097312 10100
    813 13 6 9.107241 13 6 9.107241 10100
    814 13 6 9.117243 13 6 9.117243 10100
    815 13 6 9.127245 13 6 9.127245 10100
    816 13 6 9.137225 13 6 9.137225 10100
    817 13 6 9.147449 13 6 9.147449 10100
    818 13 6 9.157313 13 6 9.157313 10100
    819 13 6 9.167260 13 6 9.167260 10100
    820 13 6 9.177319 13 6 9.177319 10100
    821 13 6 9.187309 13 6 9.187309 10100
    822 13 6 9.197335 13 6 9.197335 10100
    823 13 6 9.207328 13 6 9.207328 10100
    824 13 6 9.217328 13 6 9.217328 10100
    825 13 6 9.227308 13 6 9.227308 10100
    826 13 6 9.237590 13 6 9.237590 10100
    827 13 6 9.247246 13 6 9.247246 10100
    828 13 6 9.257433 13 6 9.257433 10100
    829 13 6 9.267901 13 6 9.267901 10100
    830 13 6 9.278066 13 6 9.278066 10100
    831 13 6 9.287347 13 6 9.287347 10100
    832 13 6 9.297485 13 6 9.297485 10100
    833 13 6 9.307325 13 6 9.307325 10100
    834 13 6 9.317482 13 6 9.317482 10100
    835 13 6 9.327249 13 6 9.327249 10100
    836 13 6 9.337255 13 6 9.337255 10100
    837 13 6 9.347410 13 6 9.347410 10100
    838 13 6 9.357324 13 6 9.357324 10100
    839 13 6 9.367340 13 6 9.367340 10100
    840 13 6 9.377394 13 6 9.377394 10100
    841 13 6 9.387347 13 6 9.387347 10100
    842 13 6 9.397322 13 6 9.397322 10100
    843 13 6 9.407372 13 6 9.407372 10100
    844 13 6 9.417315 13 6 9.417315 10100
    845 13 6 9.427352 13 6 9.427352 10100
    846 13 6 9.438005 13 6 9.438005 10100
    847 13 6 9.447447 13 6 9.447447 10100
    848 13 6 9.457314 13 6 9.457314 10100
    849 13 6 9.467342 13 6 9.467342 10100
    850 13 6 9.477311 13 6 9.477311 10100
    851 13 6 9.487296 13 6 9.487296 10100
    852 13 6 9.497343 13 6 9.497343 10100
    853 13 6 9.507248 13 6 9.507248 10100
    854 13 6 9.517241 13 6 9.517241 10100
    855 13 6 9.527418 13 6 9.527418 10100
    856 13 6 9.537243 13 6 9.537243 10100
    857 13 6 9.547589 13 6 9.547589 10100
    858 13 6 9.557321 13 6 9.557321 10100
    859 13 6 9.567337 13 6 9.567337 10100
    860 13 6 9.577318 13 6 9.577318 10100
    861 13 6 9.587386 13 6 9.587386 10100
    862 13 6 9.597322 13 6 9.597322 10100
    863 13 6 9.607324 13 6 9.607324 10100
    864 13 6 9.617323 13 6 9.617323 10100
    865 13 6 9.627316 13 6 9.627316 10100
    866 13 6 9.637387 13 6 9.637387 10100
    867 13 6 9.647230 13 6 9.647230 10100
    868 13 6 9.657325 13 6 9.657325 10100
    869 13 6 9.667298 13 6 9.667298 10100
    870 13 6 9.677324 13 6 9.677324 10100
    871 13 6 9.687312 13 6 9.687312 10100
    872 13 6 9.697283 13 6 9.697283 10100
    873 13 6 9.707254 13 6 9.707254 10100
    874 13 6 9.718557 13 6 9.718557 10100
    875 13 6 9.727292 13 6 9.727292 10100
    876 13 6 9.737258 13 6 9.737258 10100
    877 13 6 9.750056 13 6 9.750056 10100
    878 13 6 9.759156 13 6 9.759156 10100
    879 13 6 9.767283 13 6 9.767283 10100
    880 13 6 9.777350 13 6 9.777350 10100
    881 13 6 9.787333 13 6 9.787333 10100
    882 13 6 9.797383 13 6 9.797383 10100
    883 13 6 9.807306 13 6 9.807306 10100
    884 13 6 9.817315 13 6 9.817315 10100
    885 13 6 9.827251 13 6 9.827251 10100
    886 13 6 9.837364 13 6 9.837364 10100
    887 13 6 9.847315 13 6 9.847315 10100
    888 13 6 9.857328 13 6 9.857328 10100
    889 13 6 9.867285 13 6 9.867285 10100
    890 13 6 9.877323 13 6 9.877323 10100
    891 13 6 9.887323 13 6 9.887323 10100
    892 13 6 9.897356 13 6 9.897356 10100
    893 13 6 9.907247 13 6 9.907247 10100
    894 13 6 9.917381 13 6 9.917381 10100
    895 13 6 9.927246 13 6 9.927246 10100
    896 13 6 9.937246 13 6 9.937246 10100
    897 13 6 9.947240 13 6 9.947240 10100
    898 13 6 9.957240 13 6 9.957240 10100
    899 13 6 9.967314 13 6 9.967314 10100
    900 13 6 9.977239 13 6 9.977239 10100
    901 13 6 9.987261 13 6 9.987261 10100
    902 13 6 9.997334 13 6 9.997334 10100
    903 13 6 10.007350 13 6 10.007350 10100
    904 13 6 10.017296 13 6 10.017296 10100
    905 13 6 10.027321 13 6 10.027321 10100
    906 13 6 10.037406 13 6 10.037406 10100
    907 13 6 10.047299 13 6 10.047299 10100
    908 13 6 10.057313 13 6 10.057313 10100
    909 13 6 10.067417 13 6 10.067417 10100
    910 13 6 10.077311 13 6 10.077311 10100
    911 13 6 10.087305 13 6 10.087305 10100
    912 13 6 10.097307 13 6 10.097307 10100
    913 13 6 10.107245 13 6 10.107245 10100
    914 13 6 10.117245 13 6 10.117245 10100
    915 13 6 10.127245 13 6 10.127245 10100
    916 13 6 10.137235 13 6 10.137235 10100
    917 13 6 10.147237 13 6 10.147237 10100
    918 13 6 10.157254 13 6 10.157254 10100
    919 13 6 10.167424 13 6 10.167424 10100
    920 13 6 10.177414 13 6 10.177414 10100
    921 13 6 10.187340 13 6 10.187340 10100
    922 13 6 10.197310 13 6 10.197310 10100
    923 13 6 10.207300 13 6 10.207300 10100
    924 13 6 10.217377 13 6 10.217377 10100
    925 13 6 10.227263 13 6 10.227263 10100
    926 13 6 10.237408 13 6 10.237408 10100
    927 13 6 10.247303 13 6 10.247303 10100
    928 13 6 10.257258 13 6 10.257258 10100
    929 13 6 10.267267 13 6 10.267267 10100
    930 13 6 10.277310 13 6 10.277310 10100
    931 13 6 10.287245 13 6 10.287245 10100
    932 13 6 10.297420 13 6 10.297420 10100
    933 13 6 10.307316 13 6 10.307316 10100
    934 13 6 10.317780 13 6 10.317780 10100
    935 13 6 10.327253 13 6 10.327253 10100
    936 13 6 10.337237 13 6 10.337237 10100
    937 13 6 10.347239 13 6 10.347239 10100
    938 13 6 10.357236 13 6 10.357236 10100
    939 13 6 10.367243 13 6 10.367243 10100
    940 13 6 10.377271 13 6 10.377271 10100
    941 13 6 10.387314 13 6 10.387314 10100
    942 13 6 10.397247 13 6 10.397247 10100
    943 13 6 10.407292 13 6 10.407292 10100
    944 13 6 10.417313 13 6 10.417313 10100
    945 13 6 10.427312 13 6 10.427312 10100
    946 13 6 10.437269 13 6 10.437269 10100
    947 13 6 10.447264 13 6 10.447264 10100
    948 13 6 10.457693 13 6 10.457693 10100
    949 13 6 10.467330 13 6 10.467330 10100
    950 13 6 10.477313 13 6 10.477313 10100
    951 13 6 10.487299 13 6 10.487299 10100
    952 13 6 10.497327 13 6 10.497327 10100
    953 13 6 10.507241 13 6 10.507241 10100
    954 13 6 10.517239 13 6 10.517239 10100
    955 13 6 10.527236 13 6 10.527236 10100
    956 13 6 10.537236 13 6 10.537236 10100
    957 13 6 10.547243 13 6 10.547243 10100
    958 13 6 10.557247 13 6 10.557247 10100
    959 13 6 10.567240 13 6 10.567240 10100
    960 13 6 10.577401 13 6 10.577401 10100
    961 13 6 10.587317 13 6 10.587317 10100
    962 13 6 10.597324 13 6 10.597324 10100
    963 13 6 10.607305 13 6 10.607305 10100
    964 13 6 10.617302 13 6 10.617302 10100
    965 13 6 10.627304 13 6 10.627304 10100
    966 13 6 10.637318 13 6 10.637318 10100
    967 13 6 10.647413 13 6 10.647413 10100
    968 13 6 10.657467 13 6 10.657467 10100
    969 13 6 10.667533 13 6 10.667533 10100
    970 13 6 10.677312 13 6 10.677312 10100
    971 13 6 10.687303 13 6 10.687303 10100
    972 13 6 10.697321 13 6 10.697321 10100
    973 13 6 10.707240 13 6 10.707240 10100
    974 13 6 10.717245 13 6 10.717245 10100
    975 13 6 10.727239 13 6 10.727239 10100
    976 13 6 10.737239 13 6 10.737239 10100
    977 13 6 10.747239 13 6 10.747239 10100
    978 13 6 10.757262 13 6 10.757262 10100
    979 13 6 10.767300 13 6 10.767300 10100
    980 13 6 10.777615 13 6 10.777615 10100
    981 13 6 10.787340 13 6 10.787340 10100
    982 13 6 10.797318 13 6 10.797318 10100
    983 13 6 10.807320 13 6 10.807320 10100
    984 13 6 10.817266 13 6 10.817266 10100
    985 13 6 10.827407 13 6 10.827407 10100
    986 13 6 10.837261 13 6 10.837261 10100
    987 13 6 10.847308 13 6 10.847308 10100
    988 13 6 10.857492 13 6 10.857492 10100
    989 13 6 10.867271 13 6 10.867271 10100
    990 13 6 10.877300 13 6 10.877300 10100
    991 13 6 10.887304 13 6 10.887304 10100
    992 13 6 10.897303 13 6 10.897303 10100
    993 13 6 10.907251 13 6 10.907251 10100
    994 13 6 10.917256 13 6 10.917256 10100
    995 13 6 10.927239 13 6 10.927239 10100
    996 13 6 10.937270 13 6 10.937270 10100
    997 13 6 10.947247 13 6 10.947247 10100
    998 13 6 10.957525 13 6 10.957525 10100
    999 13 6 10.967245 13 6 10.967245 10100
   1000 13 6 10.977301 13 6 10.977301 10100
