      1 13 9 27.277633 13 9 27.277633 11800
      2 13 9 27.287731 13 9 27.287731 11800
      3 13 9 27.297795 13 9 27.297795 11800
      4 13 9 27.307811 13 9 27.307811 11800
      5 13 9 27.317730 13 9 27.317730 11800
      6 13 9 27.327731 13 9 27.327731 11800
      7 13 9 27.337832 13 9 27.337832 11800
      8 13 9 27.347740 13 9 27.347740 11800
      9 13 9 27.357752 13 9 27.357752 11800
     10 13 9 27.367739 13 9 27.367739 11800
     11 13 9 27.378052 13 9 27.378052 11800
     12 13 9 27.387803 13 9 27.387803 11800
     13 13 9 27.397825 13 9 27.397825 11800
     14 13 9 27.407795 13 9 27.407795 11800
     15 13 9 27.417791 13 9 27.417791 11800
     16 13 9 27.427810 13 9 27.427810 11800
     17 13 9 27.437767 13 9 27.437767 11800
     18 13 9 27.447779 13 9 27.447779 11800
     19 13 9 27.457732 13 9 27.457732 11800
     20 13 9 27.467794 13 9 27.467794 11800
     21 13 9 27.477796 13 9 27.477796 11800
     22 13 9 27.487794 13 9 27.487794 11800
     23 13 9 27.497800 13 9 27.497800 11800
     24 13 9 27.507740 13 9 27.507740 11800
     25 13 9 27.518018 13 9 27.518018 11800
     26 13 9 27.527736 13 9 27.527736 11800
     27 13 9 27.537734 13 9 27.537734 11800
     28 13 9 27.547739 13 9 27.547739 11800
     29 13 9 27.557745 13 9 27.557745 11800
     30 13 9 27.567734 13 9 27.567734 11800
     31 13 9 27.578381 13 9 27.578381 11800
     32 13 9 27.587779 13 9 27.587779 11800
     33 13 9 27.598089 13 9 27.598089 11800
     34 13 9 27.607751 13 9 27.607751 11800
     35 13 9 27.617806 13 9 27.617806 11800
     36 13 9 27.627797 13 9 27.627797 11800
     37 13 9 27.637814 13 9 27.637814 11800
     38 13 9 27.647821 13 9 27.647821 11800
     39 13 9 27.657741 13 9 27.657741 11800
     40 13 9 27.667743 13 9 27.667743 11800
     41 13 9 27.677848 13 9 27.677848 11800
     42 13 9 27.687868 13 9 27.687868 11800
     43 13 9 27.697841 13 9 27.697841 11800
     44 13 9 27.707791 13 9 27.707791 11800
     45 13 9 27.717745 13 9 27.717745 11800
     46 13 9 27.727737 13 9 27.727737 11800
     47 13 9 27.737749 13 9 27.737749 11800
     48 13 9 27.747790 13 9 27.747790 11800
     49 13 9 27.757753 13 9 27.757753 11800
     50 13 9 27.767742 13 9 27.767742 11800
     51 13 9 27.778058 13 9 27.778058 11800
     52 13 9 27.787860 13 9 27.787860 11800
     53 13 9 27.797823 13 9 27.797823 11800
     54 13 9 27.807808 13 9 27.807808 11800
     55 13 9 27.817909 13 9 27.817909 11800
     56 13 9 27.828012 13 9 27.828012 11800
     57 13 9 27.837859 13 9 27.837859 11800
     58 13 9 27.847864 13 9 27.847864 11800
     59 13 9 27.857924 13 9 27.857924 11800
     60 13 9 27.867892 13 9 27.867892 11800
     61 13 9 27.877810 13 9 27.877810 11800
     62 13 9 27.887796 13 9 27.887796 11800
     63 13 9 27.898087 13 9 27.898087 11800
     64 13 9 27.907754 13 9 27.907754 11800
     65 13 9 27.917753 13 9 27.917753 11800
     66 13 9 27.927844 13 9 27.927844 11800
     67 13 9 27.937733 13 9 27.937733 11800
     68 13 9 27.947742 13 9 27.947742 11800
     69 13 9 27.957698 13 9 27.957698 11800
     70 13 9 27.967766 13 9 27.967766 11800
     71 13 9 27.977747 13 9 27.977747 11800
     72 13 9 27.988060 13 9 27.988060 11800
     73 13 9 27.997765 13 9 27.997765 11800
     74 13 9 28.007804 13 9 28.007804 11800
     75 13 9 28.017806 13 9 28.017806 11800
     76 13 9 28.027799 13 9 28.027799 11800
     77 13 9 28.037805 13 9 28.037805 11800
     78 13 9 28.047806 13 9 28.047806 11800
     79 13 9 28.057808 13 9 28.057808 11800
     80 13 9 28.068180 13 9 28.068180 11800
     81 13 9 28.077764 13 9 28.077764 11800
     82 13 9 28.087707 13 9 28.087707 11800
     83 13 9 28.097816 13 9 28.097816 11800
     84 13 9 28.107735 13 9 28.107735 11800
     85 13 9 28.117740 13 9 28.117740 11800
     86 13 9 28.127734 13 9 28.127734 11800
     87 13 9 28.137785 13 9 28.137785 11800
     88 13 9 28.147891 13 9 28.147891 11800
     89 13 9 28.157764 13 9 28.157764 11800
     90 13 9 28.167736 13 9 28.167736 11800
     91 13 9 28.177738 13 9 28.177738 11800
     92 13 9 28.187978 13 9 28.187978 11800
     93 13 9 28.197762 13 9 28.197762 11800
     94 13 9 28.207802 13 9 28.207802 11800
     95 13 9 28.217797 13 9 28.217797 11800
     96 13 9 28.227876 13 9 28.227876 11800
     97 13 9 28.237801 13 9 28.237801 11800
     98 13 9 28.247800 13 9 28.247800 11800
     99 13 9 28.258186 13 9 28.258186 11800
    100 13 9 28.268619 13 9 28.268619 11800
    101 13 9 28.277761 13 9 28.277761 11800
    102 13 9 28.287856 13 9 28.287856 11800
    103 13 9 28.297802 13 9 28.297802 11800
    104 13 9 28.307753 13 9 28.307753 11800
    105 13 9 28.317758 13 9 28.317758 11800
    106 13 9 28.327735 13 9 28.327735 11800
    107 13 9 28.337762 13 9 28.337762 11800
    108 13 9 28.347739 13 9 28.347739 11800
    109 13 9 28.357773 13 9 28.357773 11800
    110 13 9 28.367685 13 9 28.367685 11800
    111 13 9 28.377745 13 9 28.377745 11800
    112 13 9 28.388079 13 9 28.388079 11800
    113 13 9 28.397838 13 9 28.397838 11800
    114 13 9 28.407681 13 9 28.407681 11800
    115 13 9 28.417811 13 9 28.417811 11800
    116 13 9 28.427741 13 9 28.427741 11800
    117 13 9 28.437726 13 9 28.437726 11800
    118 13 9 28.447798 13 9 28.447798 11800
    119 13 9 28.457813 13 9 28.457813 11800
    120 13 9 28.468406 13 9 28.468406 11800
    121 13 9 28.477799 13 9 28.477799 11800
    122 13 9 28.487746 13 9 28.487746 11800
    123 13 9 28.497806 13 9 28.497806 11800
    124 13 9 28.507857 13 9 28.507857 11800
    125 13 9 28.517741 13 9 28.517741 11800
    126 13 9 28.527733 13 9 28.527733 11800
    127 13 9 28.537749 13 9 28.537749 11800
    128 13 9 28.547758 13 9 28.547758 11800
    129 13 9 28.557748 13 9 28.557748 11800
    130 13 9 28.567734 13 9 28.567734 11800
    131 13 9 28.577740 13 9 28.577740 11800
    132 13 9 28.588017 13 9 28.588017 11800
    133 13 9 28.597684 13 9 28.597684 11800
    134 13 9 28.607904 13 9 28.607904 11800
    135 13 9 28.617815 13 9 28.617815 11800
    136 13 9 28.627800 13 9 28.627800 11800
    137 13 9 28.637760 13 9 28.637760 11800
    138 13 9 28.647798 13 9 28.647798 11800
    139 13 9 28.657809 13 9 28.657809 11800
    140 13 9 28.667904 13 9 28.667904 11800
    141 13 9 28.677839 13 9 28.677839 11800
    142 13 9 28.687801 13 9 28.687801 11800
    143 13 9 28.697751 13 9 28.697751 11800
    144 13 9 28.707809 13 9 28.707809 11800
    145 13 9 28.717801 13 9 28.717801 11800
    146 13 9 28.727734 13 9 28.727734 11800
    147 13 9 28.737732 13 9 28.737732 11800
    148 13 9 28.747737 13 9 28.747737 11800
    149 13 9 28.757754 13 9 28.757754 11800
    150 13 9 28.767737 13 9 28.767737 11800
    151 13 9 28.777746 13 9 28.777746 11800
    152 13 9 28.787769 13 9 28.787769 11800
    153 13 9 28.797734 13 9 28.797734 11800
    154 13 9 28.807821 13 9 28.807821 11800
    155 13 9 28.817847 13 9 28.817847 11800
    156 13 9 28.827801 13 9 28.827801 11800
    157 13 9 28.837876 13 9 28.837876 11800
    158 13 9 28.847798 13 9 28.847798 11800
    159 13 9 28.857797 13 9 28.857797 11800
    160 13 9 28.867861 13 9 28.867861 11800
    161 13 9 28.877732 13 9 28.877732 11800
    162 13 9 28.887834 13 9 28.887834 11800
    163 13 9 28.897811 13 9 28.897811 11800
    164 13 9 28.907795 13 9 28.907795 11800
    165 13 9 28.917898 13 9 28.917898 11800
    166 13 9 28.928297 13 9 28.928297 11800
    167 13 9 28.937753 13 9 28.937753 11800
    168 13 9 28.947742 13 9 28.947742 11800
    169 13 9 28.957782 13 9 28.957782 11800
    170 13 9 28.967741 13 9 28.967741 11800
    171 13 9 28.978010 13 9 28.978010 11800
    172 13 9 28.987795 13 9 28.987795 11800
    173 13 9 28.997761 13 9 28.997761 11800
    174 13 9 29.007766 13 9 29.007766 11800
    175 13 9 29.017780 13 9 29.017780 11800
    176 13 9 29.027822 13 9 29.027822 11800
    177 13 9 29.037839 13 9 29.037839 11800
    178 13 9 29.047792 13 9 29.047792 11800
    179 13 9 29.057805 13 9 29.057805 11800
    180 13 9 29.067806 13 9 29.067806 11800
    181 13 9 29.077856 13 9 29.077856 11800
    182 13 9 29.087834 13 9 29.087834 11800
    183 13 9 29.097812 13 9 29.097812 11800
    184 13 9 29.107949 13 9 29.107949 11800
    185 13 9 29.117808 13 9 29.117808 11800
    186 13 9 29.127856 13 9 29.127856 11800
    187 13 9 29.137744 13 9 29.137744 11800
    188 13 9 29.147736 13 9 29.147736 11800
    189 13 9 29.157742 13 9 29.157742 11800
    190 13 9 29.167742 13 9 29.167742 11800
    191 13 9 29.177741 13 9 29.177741 11800
    192 13 9 29.187733 13 9 29.187733 11800
    193 13 9 29.197742 13 9 29.197742 11800
    194 13 9 29.207805 13 9 29.207805 11800
    195 13 9 29.217808 13 9 29.217808 11800
    196 13 9 29.227792 13 9 29.227792 11800
    197 13 9 29.237795 13 9 29.237795 11800
    198 13 9 29.247751 13 9 29.247751 11800
    199 13 9 29.257829 13 9 29.257829 11800
    200 13 9 29.268083 13 9 29.268083 11800
    201 13 9 29.277794 13 9 29.277794 11800
    202 13 9 29.287825 13 9 29.287825 11800
    203 13 9 29.297836 13 9 29.297836 11800
    204 13 9 29.307887 13 9 29.307887 11800
    205 13 9 29.317710 13 9 29.317710 11800
    206 13 9 29.327733 13 9 29.327733 11800
    207 13 9 29.337733 13 9 29.337733 11800
    208 13 9 29.347737 13 9 29.347737 11800
    209 13 9 29.357686 13 9 29.357686 11800
    210 13 9 29.367736 13 9 29.367736 11800
    211 13 9 29.377735 13 9 29.377735 11800
    212 13 9 29.387737 13 9 29.387737 11800
    213 13 9 29.397708 13 9 29.397708 11800
    214 13 9 29.407683 13 9 29.407683 11800
    215 13 9 29.417875 13 9 29.417875 11800
    216 13 9 29.427747 13 9 29.427747 11800
    217 13 9 29.437806 13 9 29.437806 11800
    218 13 9 29.447758 13 9 29.447758 11800
    219 13 9 29.457837 13 9 29.457837 11800
    220 13 9 29.468537 13 9 29.468537 11800
    221 13 9 29.477720 13 9 29.477720 11800
    222 13 9 29.487819 13 9 29.487819 11800
    223 13 9 29.497799 13 9 29.497799 11800
    224 13 9 29.507798 13 9 29.507798 11800
    225 13 9 29.517745 13 9 29.517745 11800
    226 13 9 29.527732 13 9 29.527732 11800
    227 13 9 29.537748 13 9 29.537748 11800
    228 13 9 29.547734 13 9 29.547734 11800
    229 13 9 29.557742 13 9 29.557742 11800
    230 13 9 29.567754 13 9 29.567754 11800
    231 13 9 29.577836 13 9 29.577836 11800
    232 13 9 29.587828 13 9 29.587828 11800
    233 13 9 29.597781 13 9 29.597781 11800
    234 13 9 29.607796 13 9 29.607796 11800
    235 13 9 29.617739 13 9 29.617739 11800
    236 13 9 29.627745 13 9 29.627745 11800
    237 13 9 29.637750 13 9 29.637750 11800
    238 13 9 29.647786 13 9 29.647786 11800
    239 13 9 29.657741 13 9 29.657741 11800
    240 13 9 29.667885 13 9 29.667885 11800
    241 13 9 29.677866 13 9 29.677866 11800
    242 13 9 29.687823 13 9 29.687823 11800
    243 13 9 29.697821 13 9 29.697821 11800
    244 13 9 29.707750 13 9 29.707750 11800
    245 13 9 29.717742 13 9 29.717742 11800
    246 13 9 29.727778 13 9 29.727778 11800
    247 13 9 29.737747 13 9 29.737747 11800
    248 13 9 29.747758 13 9 29.747758 11800
    249 13 9 29.757773 13 9 29.757773 11800
    250 13 9 29.767789 13 9 29.767789 11800
    251 13 9 29.777750 13 9 29.777750 11800
    252 13 9 29.787756 13 9 29.787756 11800
    253 13 9 29.798017 13 9 29.798017 11800
    254 13 9 29.807800 13 9 29.807800 11800
    255 13 9 29.817748 13 9 29.817748 11800
    256 13 9 29.827787 13 9 29.827787 11800
    257 13 9 29.837838 13 9 29.837838 11800
    258 13 9 29.847802 13 9 29.847802 11800
    259 13 9 29.857772 13 9 29.857772 11800
    260 13 9 29.867879 13 9 29.867879 11800
    261 13 9 29.877803 13 9 29.877803 11800
    262 13 9 29.887761 13 9 29.887761 11800
    263 13 9 29.897812 13 9 29.897812 11800
    264 13 9 29.907813 13 9 29.907813 11800
    265 13 9 29.917811 13 9 29.917811 11800
    266 13 9 29.927752 13 9 29.927752 11800
    267 13 9 29.937733 13 9 29.937733 11800
    268 13 9 29.947738 13 9 29.947738 11800
    269 13 9 29.957740 13 9 29.957740 11800
    270 13 9 29.967734 13 9 29.967734 11800
    271 13 9 29.977731 13 9 29.977731 11800
    272 13 9 29.987715 13 9 29.987715 11800
    273 13 9 29.997744 13 9 29.997744 11800
    274 13 9 30.007742 13 9 30.007742 11800
    275 13 9 30.018125 13 9 30.018125 11800
    276 13 9 30.027923 13 9 30.027923 11800
    277 13 9 30.037763 13 9 30.037763 11800
    278 13 9 30.047823 13 9 30.047823 11800
    279 13 9 30.057762 13 9 30.057762 11800
    280 13 9 30.067800 13 9 30.067800 11800
    281 13 9 30.077777 13 9 30.077777 11800
    282 13 9 30.087803 13 9 30.087803 11800
    283 13 9 30.097778 13 9 30.097778 11800
    284 13 9 30.107808 13 9 30.107808 11800
    285 13 9 30.117886 13 9 30.117886 11800
    286 13 9 30.127822 13 9 30.127822 11800
    287 13 9 30.137730 13 9 30.137730 11800
    288 13 9 30.147740 13 9 30.147740 11800
    289 13 9 30.157757 13 9 30.157757 11800
    290 13 9 30.167757 13 9 30.167757 11800
    291 13 9 30.177745 13 9 30.177745 11800
    292 13 9 30.187778 13 9 30.187778 11800
    293 13 9 30.197710 13 9 30.197710 11800
    294 13 9 30.207737 13 9 30.207737 11800
    295 13 9 30.217711 13 9 30.217711 11800
    296 13 9 30.227761 13 9 30.227761 11800
    297 13 9 30.238572 13 9 30.238572 11800
    298 13 9 30.247852 13 9 30.247852 11800
    299 13 9 30.257806 13 9 30.257806 11800
    300 13 9 30.267700 13 9 30.267700 11800
    301 13 9 30.277882 13 9 30.277882 11800
    302 13 9 30.287811 13 9 30.287811 11800
    303 13 9 30.297760 13 9 30.297760 11800
    304 13 9 30.307774 13 9 30.307774 11800
    305 13 9 30.317812 13 9 30.317812 11800
    306 13 9 30.327790 13 9 30.327790 11800
    307 13 9 30.337890 13 9 30.337890 11800
    308 13 9 30.347697 13 9 30.347697 11800
    309 13 9 30.357745 13 9 30.357745 11800
    310 13 9 30.367733 13 9 30.367733 11800
    311 13 9 30.377745 13 9 30.377745 11800
    312 13 9 30.387737 13 9 30.387737 11800
    313 13 9 30.397746 13 9 30.397746 11800
    314 13 9 30.407734 13 9 30.407734 11800
    315 13 9 30.417733 13 9 30.417733 11800
    316 13 9 30.427752 13 9 30.427752 11800
    317 13 9 30.437747 13 9 30.437747 11800
    318 13 9 30.447735 13 9 30.447735 11800
    319 13 9 30.457709 13 9 30.457709 11800
    320 13 9 30.467821 13 9 30.467821 11800
    321 13 9 30.477799 13 9 30.477799 11800
    322 13 9 30.487908 13 9 30.487908 11800
    323 13 9 30.498660 13 9 30.498660 11800
    324 13 9 30.507739 13 9 30.507739 11800
    325 13 9 30.517814 13 9 30.517814 11800
    326 13 9 30.527757 13 9 30.527757 11800
    327 13 9 30.537736 13 9 30.537736 11800
    328 13 9 30.547799 13 9 30.547799 11800
    329 13 9 30.557787 13 9 30.557787 11800
    330 13 9 30.567738 13 9 30.567738 11800
    331 13 9 30.577733 13 9 30.577733 11800
    332 13 9 30.587741 13 9 30.587741 11800
    333 13 9 30.597735 13 9 30.597735 11800
    334 13 9 30.607741 13 9 30.607741 11800
    335 13 9 30.617743 13 9 30.617743 11800
    336 13 9 30.627734 13 9 30.627734 11800
    337 13 9 30.637724 13 9 30.637724 11800
    338 13 9 30.647742 13 9 30.647742 11800
    339 13 9 30.657741 13 9 30.657741 11800
    340 13 9 30.667701 13 9 30.667701 11800
    341 13 9 30.678380 13 9 30.678380 11800
    342 13 9 30.687812 13 9 30.687812 11800
    343 13 9 30.698499 13 9 30.698499 11800
    344 13 9 30.707754 13 9 30.707754 11800
    345 13 9 30.717788 13 9 30.717788 11800
    346 13 9 30.727814 13 9 30.727814 11800
    347 13 9 30.737757 13 9 30.737757 11800
    348 13 9 30.747851 13 9 30.747851 11800
    349 13 9 30.757828 13 9 30.757828 11800
    350 13 9 30.767852 13 9 30.767852 11800
    351 13 9 30.777677 13 9 30.777677 11800
    352 13 9 30.787734 13 9 30.787734 11800
    353 13 9 30.797706 13 9 30.797706 11800
    354 13 9 30.807736 13 9 30.807736 11800
    355 13 9 30.817734 13 9 30.817734 11800
    356 13 9 30.827736 13 9 30.827736 11800
    357 13 9 30.837731 13 9 30.837731 11800
    358 13 9 30.847736 13 9 30.847736 11800
    359 13 9 30.857766 13 9 30.857766 11800
    360 13 9 30.867823 13 9 30.867823 11800
    361 13 9 30.877777 13 9 30.877777 11800
    362 13 9 30.887781 13 9 30.887781 11800
    363 13 9 30.897990 13 9 30.897990 11800
    364 13 9 30.907806 13 9 30.907806 11800
    365 13 9 30.917799 13 9 30.917799 11800
    366 13 9 30.927820 13 9 30.927820 11800
    367 13 9 30.937811 13 9 30.937811 11800
    368 13 9 30.947843 13 9 30.947843 11800
    369 13 9 30.957791 13 9 30.957791 11800
    370 13 9 30.967947 13 9 30.967947 11800
    371 13 9 30.977823 13 9 30.977823 11800
    372 13 9 30.988181 13 9 30.988181 11800
    373 13 9 30.997744 13 9 30.997744 11800
    374 13 9 31.007733 13 9 31.007733 11800
    375 13 9 31.017738 13 9 31.017738 11800
    376 13 9 31.027732 13 9 31.027732 11800
    377 13 9 31.037738 13 9 31.037738 11800
    378 13 9 31.047764 13 9 31.047764 11800
    379 13 9 31.057739 13 9 31.057739 11800
    380 13 9 31.067728 13 9 31.067728 11800
    381 13 9 31.077787 13 9 31.077787 11800
    382 13 9 31.087818 13 9 31.087818 11800
    383 13 9 31.098562 13 9 31.098562 11800
    384 13 9 31.107768 13 9 31.107768 11800
    385 13 9 31.117813 13 9 31.117813 11800
    386 13 9 31.127756 13 9 31.127756 11800
    387 13 9 31.137757 13 9 31.137757 11800
    388 13 9 31.147795 13 9 31.147795 11800
    389 13 9 31.157827 13 9 31.157827 11800
    390 13 9 31.167736 13 9 31.167736 11800
    391 13 9 31.177813 13 9 31.177813 11800
    392 13 9 31.187734 13 9 31.187734 11800
    393 13 9 31.197741 13 9 31.197741 11800
    394 13 9 31.207830 13 9 31.207830 11800
    395 13 9 31.217745 13 9 31.217745 11800
    396 13 9 31.227734 13 9 31.227734 11800
    397 13 9 31.237739 13 9 31.237739 11800
    398 13 9 31.247734 13 9 31.247734 11800
    399 13 9 31.257739 13 9 31.257739 11800
    400 13 9 31.267718 13 9 31.267718 11800
    401 13 9 31.277801 13 9 31.277801 11800
    402 13 9 31.288681 13 9 31.288681 11800
    403 13 9 31.297857 13 9 31.297857 11800
    404 13 9 31.307770 13 9 31.307770 11800
    405 13 9 31.317812 13 9 31.317812 11800
    406 13 9 31.327804 13 9 31.327804 11800
    407 13 9 31.337823 13 9 31.337823 11800
    408 13 9 31.347792 13 9 31.347792 11800
    409 13 9 31.357814 13 9 31.357814 11800
    410 13 9 31.367819 13 9 31.367819 11800
    411 13 9 31.377721 13 9 31.377721 11800
    412 13 9 31.387685 13 9 31.387685 11800
    413 13 9 31.397743 13 9 31.397743 11800
    414 13 9 31.407748 13 9 31.407748 11800
    415 13 9 31.417739 13 9 31.417739 11800
    416 13 9 31.427738 13 9 31.427738 11800
    417 13 9 31.437737 13 9 31.437737 11800
    418 13 9 31.447728 13 9 31.447728 11800
    419 13 9 31.457733 13 9 31.457733 11800
    420 13 9 31.467788 13 9 31.467788 11800
    421 13 9 31.477824 13 9 31.477824 11800
    422 13 9 31.487739 13 9 31.487739 11800
    423 13 9 31.497941 13 9 31.497941 11800
    424 13 9 31.507735 13 9 31.507735 11800
    425 13 9 31.517983 13 9 31.517983 11800
    426 13 9 31.527848 13 9 31.527848 11800
    427 13 9 31.537796 13 9 31.537796 11800
    428 13 9 31.547840 13 9 31.547840 11800
    429 13 9 31.557809 13 9 31.557809 11800
    430 13 9 31.567872 13 9 31.567872 11800
    431 13 9 31.577754 13 9 31.577754 11800
    432 13 9 31.587810 13 9 31.587810 11800
    433 13 9 31.597740 13 9 31.597740 11800
    434 13 9 31.607732 13 9 31.607732 11800
    435 13 9 31.617741 13 9 31.617741 11800
    436 13 9 31.627738 13 9 31.627738 11800
    437 13 9 31.637741 13 9 31.637741 11800
    438 13 9 31.647819 13 9 31.647819 11800
    439 13 9 31.658076 13 9 31.658076 11800
    440 13 9 31.667736 13 9 31.667736 11800
    441 13 9 31.677862 13 9 31.677862 11800
    442 13 9 31.687792 13 9 31.687792 11800
    443 13 9 31.697749 13 9 31.697749 11800
    444 13 9 31.707774 13 9 31.707774 11800
    445 13 9 31.717800 13 9 31.717800 11800
    446 13 9 31.727738 13 9 31.727738 11800
    447 13 9 31.737804 13 9 31.737804 11800
    448 13 9 31.747804 13 9 31.747804 11800
    449 13 9 31.757822 13 9 31.757822 11800
    450 13 9 31.767799 13 9 31.767799 11800
    451 13 9 31.777808 13 9 31.777808 11800
    452 13 9 31.787732 13 9 31.787732 11800
    453 13 9 31.797729 13 9 31.797729 11800
    454 13 9 31.807736 13 9 31.807736 11800
    455 13 9 31.817758 13 9 31.817758 11800
    456 13 9 31.827736 13 9 31.827736 11800
    457 13 9 31.837769 13 9 31.837769 11800
    458 13 9 31.847737 13 9 31.847737 11800
    459 13 9 31.857742 13 9 31.857742 11800
    460 13 9 31.867779 13 9 31.867779 11800
    461 13 9 31.877835 13 9 31.877835 11800
    462 13 9 31.888253 13 9 31.888253 11800
    463 13 9 31.897853 13 9 31.897853 11800
    464 13 9 31.907806 13 9 31.907806 11800
    465 13 9 31.917732 13 9 31.917732 11800
    466 13 9 31.927765 13 9 31.927765 11800
    467 13 9 31.937820 13 9 31.937820 11800
    468 13 9 31.947798 13 9 31.947798 11800
    469 13 9 31.957892 13 9 31.957892 11800
    470 13 9 31.967801 13 9 31.967801 11800
    471 13 9 31.977814 13 9 31.977814 11800
    472 13 9 31.987805 13 9 31.987805 11800
    473 13 9 31.997742 13 9 31.997742 11800
    474 13 9 32.007728 13 9 32.007728 11800
    475 13 9 32.017743 13 9 32.017743 11800
    476 13 9 32.027703 13 9 32.027703 11800
    477 13 9 32.037739 13 9 32.037739 11800
    478 13 9 32.047732 13 9 32.047732 11800
    479 13 9 32.057743 13 9 32.057743 11800
    480 13 9 32.067751 13 9 32.067751 11800
    481 13 9 32.077854 13 9 32.077854 11800
    482 13 9 32.087794 13 9 32.087794 11800
    483 13 9 32.098345 13 9 32.098345 11800
    484 13 9 32.107762 13 9 32.107762 11800
    485 13 9 32.118647 13 9 32.118647 11800
    486 13 9 32.127749 13 9 32.127749 11800
    487 13 9 32.137805 13 9 32.137805 11800
    488 13 9 32.147804 13 9 32.147804 11800
    489 13 9 32.157913 13 9 32.157913 11800
    490 13 9 32.167819 13 9 32.167819 11800
    491 13 9 32.177810 13 9 32.177810 11800
    492 13 9 32.187814 13 9 32.187814 11800
    493 13 9 32.197755 13 9 32.197755 11800
    494 13 9 32.207732 13 9 32.207732 11800
    495 13 9 32.217751 13 9 32.217751 11800
    496 13 9 32.227733 13 9 32.227733 11800
    497 13 9 32.237738 13 9 32.237738 11800
    498 13 9 32.247732 13 9 32.247732 11800
    499 13 9 32.257739 13 9 32.257739 11800
    500 13 9 32.267719 13 9 32.267719 11800
    501 13 9 32.277822 13 9 32.277822 11800
    502 13 9 32.287761 13 9 32.287761 11800
    503 13 9 32.297795 13 9 32.297795 11800
    504 13 9 32.307730 13 9 32.307730 11800
    505 13 9 32.317776 13 9 32.317776 11800
    506 13 9 32.327831 13 9 32.327831 11800
    507 13 9 32.337769 13 9 32.337769 11800
    508 13 9 32.347799 13 9 32.347799 11800
    509 13 9 32.357823 13 9 32.357823 11800
    510 13 9 32.367749 13 9 32.367749 11800
    511 13 9 32.377715 13 9 32.377715 11800
    512 13 9 32.387751 13 9 32.387751 11800
    513 13 9 32.397871 13 9 32.397871 11800
    514 13 9 32.407735 13 9 32.407735 11800
    515 13 9 32.417741 13 9 32.417741 11800
    516 13 9 32.427737 13 9 32.427737 11800
    517 13 9 32.437722 13 9 32.437722 11800
    518 13 9 32.447757 13 9 32.447757 11800
    519 13 9 32.457746 13 9 32.457746 11800
    520 13 9 32.467739 13 9 32.467739 11800
    521 13 9 32.477763 13 9 32.477763 11800
    522 13 9 32.487796 13 9 32.487796 11800
    523 13 9 32.497830 13 9 32.497830 11800
    524 13 9 32.507823 13 9 32.507823 11800
    525 13 9 32.517879 13 9 32.517879 11800
    526 13 9 32.527755 13 9 32.527755 11800
    527 13 9 32.537796 13 9 32.537796 11800
    528 13 9 32.547854 13 9 32.547854 11800
    529 13 9 32.557848 13 9 32.557848 11800
    530 13 9 32.567802 13 9 32.567802 11800
    531 13 9 32.577803 13 9 32.577803 11800
    532 13 9 32.587794 13 9 32.587794 11800
    533 13 9 32.597740 13 9 32.597740 11800
    534 13 9 32.607756 13 9 32.607756 11800
    535 13 9 32.617741 13 9 32.617741 11800
    536 13 9 32.627733 13 9 32.627733 11800
    537 13 9 32.637743 13 9 32.637743 11800
    538 13 9 32.647719 13 9 32.647719 11800
    539 13 9 32.657724 13 9 32.657724 11800
    540 13 9 32.667735 13 9 32.667735 11800
    541 13 9 32.677739 13 9 32.677739 11800
    542 13 9 32.687801 13 9 32.687801 11800
    543 13 9 32.697802 13 9 32.697802 11800
    544 13 9 32.708294 13 9 32.708294 11800
    545 13 9 32.717764 13 9 32.717764 11800
    546 13 9 32.727801 13 9 32.727801 11800
    547 13 9 32.737802 13 9 32.737802 11800
    548 13 9 32.747805 13 9 32.747805 11800
    549 13 9 32.758611 13 9 32.758611 11800
    550 13 9 32.767856 13 9 32.767856 11800
    551 13 9 32.777791 13 9 32.777791 11800
    552 13 9 32.787816 13 9 32.787816 11800
    553 13 9 32.797742 13 9 32.797742 11800
    554 13 9 32.807737 13 9 32.807737 11800
    555 13 9 32.817737 13 9 32.817737 11800
    556 13 9 32.827739 13 9 32.827739 11800
    557 13 9 32.837761 13 9 32.837761 11800
    558 13 9 32.847748 13 9 32.847748 11800
    559 13 9 32.857824 13 9 32.857824 11800
    560 13 9 32.867762 13 9 32.867762 11800
    561 13 9 32.877825 13 9 32.877825 11800
    562 13 9 32.887846 13 9 32.887846 11800
    563 13 9 32.897675 13 9 32.897675 11800
    564 13 9 32.907803 13 9 32.907803 11800
    565 13 9 32.917799 13 9 32.917799 11800
    566 13 9 32.927816 13 9 32.927816 11800
    567 13 9 32.937733 13 9 32.937733 11800
    568 13 9 32.947803 13 9 32.947803 11800
    569 13 9 32.957811 13 9 32.957811 11800
    570 13 9 32.967798 13 9 32.967798 11800
    571 13 9 32.977803 13 9 32.977803 11800
    572 13 9 32.987819 13 9 32.987819 11800
    573 13 9 32.997740 13 9 32.997740 11800
    574 13 9 33.007733 13 9 33.007733 11800
    575 13 9 33.017741 13 9 33.017741 11800
    576 13 9 33.027734 13 9 33.027734 11800
    577 13 9 33.037737 13 9 33.037737 11800
    578 13 9 33.047735 13 9 33.047735 11800
    579 13 9 33.057777 13 9 33.057777 11800
    580 13 9 33.067728 13 9 33.067728 11800
    581 13 9 33.078217 13 9 33.078217 11800
    582 13 9 33.087736 13 9 33.087736 11800
    583 13 9 33.097830 13 9 33.097830 11800
    584 13 9 33.108077 13 9 33.108077 11800
    585 13 9 33.117840 13 9 33.117840 11800
    586 13 9 33.127774 13 9 33.127774 11800
    587 13 9 33.137759 13 9 33.137759 11800
    588 13 9 33.147844 13 9 33.147844 11800
    589 13 9 33.158650 13 9 33.158650 11800
    590 13 9 33.167746 13 9 33.167746 11800
    591 13 9 33.177827 13 9 33.177827 11800
    592 13 9 33.187820 13 9 33.187820 11800
    593 13 9 33.197800 13 9 33.197800 11800
    594 13 9 33.207875 13 9 33.207875 11800
    595 13 9 33.217753 13 9 33.217753 11800
    596 13 9 33.227735 13 9 33.227735 11800
    597 13 9 33.237715 13 9 33.237715 11800
    598 13 9 33.247740 13 9 33.247740 11800
    599 13 9 33.257731 13 9 33.257731 11800
    600 13 9 33.268070 13 9 33.268070 11800
    601 13 9 33.278370 13 9 33.278370 11800
    602 13 9 33.287804 13 9 33.287804 11800
    603 13 9 33.297742 13 9 33.297742 11800
    604 13 9 33.307768 13 9 33.307768 11800
    605 13 9 33.317731 13 9 33.317731 11800
    606 13 9 33.328297 13 9 33.328297 11800
    607 13 9 33.337846 13 9 33.337846 11800
    608 13 9 33.347822 13 9 33.347822 11800
    609 13 9 33.357807 13 9 33.357807 11800
    610 13 9 33.367820 13 9 33.367820 11800
    611 13 9 33.377724 13 9 33.377724 11800
    612 13 9 33.387776 13 9 33.387776 11800
    613 13 9 33.397806 13 9 33.397806 11800
    614 13 9 33.407741 13 9 33.407741 11800
    615 13 9 33.417712 13 9 33.417712 11800
    616 13 9 33.427776 13 9 33.427776 11800
    617 13 9 33.437769 13 9 33.437769 11800
    618 13 9 33.447743 13 9 33.447743 11800
    619 13 9 33.457709 13 9 33.457709 11800
    620 13 9 33.467751 13 9 33.467751 11800
    621 13 9 33.477992 13 9 33.477992 11800
    622 13 9 33.487797 13 9 33.487797 11800
    623 13 9 33.497742 13 9 33.497742 11800
    624 13 9 33.507796 13 9 33.507796 11800
    625 13 9 33.517727 13 9 33.517727 11800
    626 13 9 33.527771 13 9 33.527771 11800
    627 13 9 33.537782 13 9 33.537782 11800
    628 13 9 33.547798 13 9 33.547798 11800
    629 13 9 33.557738 13 9 33.557738 11800
    630 13 9 33.567804 13 9 33.567804 11800
    631 13 9 33.577812 13 9 33.577812 11800
    632 13 9 33.587755 13 9 33.587755 11800
    633 13 9 33.597862 13 9 33.597862 11800
    634 13 9 33.607736 13 9 33.607736 11800
    635 13 9 33.617770 13 9 33.617770 11800
    636 13 9 33.627735 13 9 33.627735 11800
    637 13 9 33.637721 13 9 33.637721 11800
    638 13 9 33.647739 13 9 33.647739 11800
    639 13 9 33.657750 13 9 33.657750 11800
    640 13 9 33.667735 13 9 33.667735 11800
    641 13 9 33.677774 13 9 33.677774 11800
    642 13 9 33.687846 13 9 33.687846 11800
    643 13 9 33.697806 13 9 33.697806 11800
    644 13 9 33.707802 13 9 33.707802 11800
    645 13 9 33.717798 13 9 33.717798 11800
    646 13 9 33.727814 13 9 33.727814 11800
    647 13 9 33.737808 13 9 33.737808 11800
    648 13 9 33.747805 13 9 33.747805 11800
    649 13 9 33.757810 13 9 33.757810 11800
    650 13 9 33.767819 13 9 33.767819 11800
    651 13 9 33.777859 13 9 33.777859 11800
    652 13 9 33.787756 13 9 33.787756 11800
    653 13 9 33.797817 13 9 33.797817 11800
    654 13 9 33.807735 13 9 33.807735 11800
    655 13 9 33.817686 13 9 33.817686 11800
    656 13 9 33.827733 13 9 33.827733 11800
    657 13 9 33.837735 13 9 33.837735 11800
    658 13 9 33.847898 13 9 33.847898 11800
    659 13 9 33.857804 13 9 33.857804 11800
    660 13 9 33.867781 13 9 33.867781 11800
    661 13 9 33.878120 13 9 33.878120 11800
    662 13 9 33.887897 13 9 33.887897 11800
    663 13 9 33.897789 13 9 33.897789 11800
    664 13 9 33.907803 13 9 33.907803 11800
    665 13 9 33.917744 13 9 33.917744 11800
    666 13 9 33.928196 13 9 33.928196 11800
    667 13 9 33.938589 13 9 33.938589 11800
    668 13 9 33.947800 13 9 33.947800 11800
    669 13 9 33.957751 13 9 33.957751 11800
    670 13 9 33.967840 13 9 33.967840 11800
    671 13 9 33.977809 13 9 33.977809 11800
    672 13 9 33.987797 13 9 33.987797 11800
    673 13 9 33.997990 13 9 33.997990 11800
    674 13 9 34.007810 13 9 34.007810 11800
    675 13 9 34.017792 13 9 34.017792 11800
    676 13 9 34.027734 13 9 34.027734 11800
    677 13 9 34.037739 13 9 34.037739 11800
    678 13 9 34.047735 13 9 34.047735 11800
    679 13 9 34.057738 13 9 34.057738 11800
    680 13 9 34.067735 13 9 34.067735 11800
    681 13 9 34.078377 13 9 34.078377 11800
    682 13 9 34.087744 13 9 34.087744 11800
    683 13 9 34.097810 13 9 34.097810 11800
    684 13 9 34.107799 13 9 34.107799 11800
    685 13 9 34.117730 13 9 34.117730 11800
    686 13 9 34.128137 13 9 34.128137 11800
    687 13 9 34.137740 13 9 34.137740 11800
    688 13 9 34.147799 13 9 34.147799 11800
    689 13 9 34.157809 13 9 34.157809 11800
    690 13 9 34.167807 13 9 34.167807 11800
    691 13 9 34.177742 13 9 34.177742 11800
    692 13 9 34.187803 13 9 34.187803 11800
    693 13 9 34.197826 13 9 34.197826 11800
    694 13 9 34.207743 13 9 34.207743 11800
    695 13 9 34.217740 13 9 34.217740 11800
    696 13 9 34.227733 13 9 34.227733 11800
    697 13 9 34.237740 13 9 34.237740 11800
    698 13 9 34.247748 13 9 34.247748 11800
    699 13 9 34.257733 13 9 34.257733 11800
    700 13 9 34.267732 13 9 34.267732 11800
    701 13 9 34.277929 13 9 34.277929 11800
    702 13 9 34.287773 13 9 34.287773 11800
    703 13 9 34.297817 13 9 34.297817 11800
    704 13 9 34.307791 13 9 34.307791 11800
    705 13 9 34.317756 13 9 34.317756 11800
    706 13 9 34.327716 13 9 34.327716 11800
    707 13 9 34.337727 13 9 34.337727 11800
    708 13 9 34.347799 13 9 34.347799 11800
    709 13 9 34.357796 13 9 34.357796 11800
    710 13 9 34.367803 13 9 34.367803 11800
    711 13 9 34.377740 13 9 34.377740 11800
    712 13 9 34.387918 13 9 34.387918 11800
    713 13 9 34.397756 13 9 34.397756 11800
    714 13 9 34.407854 13 9 34.407854 11800
    715 13 9 34.417738 13 9 34.417738 11800
    716 13 9 34.427736 13 9 34.427736 11800
    717 13 9 34.437761 13 9 34.437761 11800
    718 13 9 34.447822 13 9 34.447822 11800
    719 13 9 34.457765 13 9 34.457765 11800
    720 13 9 34.467759 13 9 34.467759 11800
    721 13 9 34.478684 13 9 34.478684 11800
    722 13 9 34.487735 13 9 34.487735 11800
    723 13 9 34.497798 13 9 34.497798 11800
    724 13 9 34.507809 13 9 34.507809 11800
    725 13 9 34.517761 13 9 34.517761 11800
    726 13 9 34.527734 13 9 34.527734 11800
    727 13 9 34.537798 13 9 34.537798 11800
    728 13 9 34.547817 13 9 34.547817 11800
    729 13 9 34.557819 13 9 34.557819 11800
    730 13 9 34.567796 13 9 34.567796 11800
    731 13 9 34.577810 13 9 34.577810 11800
    732 13 9 34.587797 13 9 34.587797 11800
    733 13 9 34.597803 13 9 34.597803 11800
    734 13 9 34.607790 13 9 34.607790 11800
    735 13 9 34.617741 13 9 34.617741 11800
    736 13 9 34.627733 13 9 34.627733 11800
    737 13 9 34.637742 13 9 34.637742 11800
    738 13 9 34.647731 13 9 34.647731 11800
    739 13 9 34.657744 13 9 34.657744 11800
    740 13 9 34.667734 13 9 34.667734 11800
    741 13 9 34.677737 13 9 34.677737 11800
    742 13 9 34.687795 13 9 34.687795 11800
    743 13 9 34.698030 13 9 34.698030 11800
    744 13 9 34.707752 13 9 34.707752 11800
    745 13 9 34.717826 13 9 34.717826 11800
    746 13 9 34.727783 13 9 34.727783 11800
    747 13 9 34.737800 13 9 34.737800 11800
    748 13 9 34.747911 13 9 34.747911 11800
    749 13 9 34.757809 13 9 34.757809 11800
    750 13 9 34.767800 13 9 34.767800 11800
    751 13 9 34.777791 13 9 34.777791 11800
    752 13 9 34.787855 13 9 34.787855 11800
    753 13 9 34.797775 13 9 34.797775 11800
    754 13 9 34.808599 13 9 34.808599 11800
    755 13 9 34.817735 13 9 34.817735 11800
    756 13 9 34.827669 13 9 34.827669 11800
    757 13 9 34.837743 13 9 34.837743 11800
    758 13 9 34.847737 13 9 34.847737 11800
    759 13 9 34.857742 13 9 34.857742 11800
    760 13 9 34.867690 13 9 34.867690 11800
    761 13 9 34.877822 13 9 34.877822 11800
    762 13 9 34.887796 13 9 34.887796 11800
    763 13 9 34.897798 13 9 34.897798 11800
    764 13 9 34.907716 13 9 34.907716 11800
    765 13 9 34.917864 13 9 34.917864 11800
    766 13 9 34.927864 13 9 34.927864 11800
    767 13 9 34.937789 13 9 34.937789 11800
    768 13 9 34.947721 13 9 34.947721 11800
    769 13 9 34.957760 13 9 34.957760 11800
    770 13 9 34.967832 13 9 34.967832 11800
    771 13 9 34.977798 13 9 34.977798 11800
    772 13 9 34.987802 13 9 34.987802 11800
    773 13 9 34.997723 13 9 34.997723 11800
    774 13 9 35.007736 13 9 35.007736 11800
    775 13 9 35.017741 13 9 35.017741 11800
    776 13 9 35.027734 13 9 35.027734 11800
    777 13 9 35.037739 13 9 35.037739 11800
    778 13 9 35.047736 13 9 35.047736 11800
    779 13 9 35.057760 13 9 35.057760 11800
    780 13 9 35.068677 13 9 35.068677 11800
    781 13 9 35.077756 13 9 35.077756 11800
    782 13 9 35.087741 13 9 35.087741 11800
    783 13 9 35.097802 13 9 35.097802 11800
    784 13 9 35.107799 13 9 35.107799 11800
    785 13 9 35.117806 13 9 35.117806 11800
    786 13 9 35.127802 13 9 35.127802 11800
    787 13 9 35.138010 13 9 35.138010 11800
    788 13 9 35.147793 13 9 35.147793 11800
    789 13 9 35.157781 13 9 35.157781 11800
    790 13 9 35.167842 13 9 35.167842 11800
    791 13 9 35.177804 13 9 35.177804 11800
    792 13 9 35.187793 13 9 35.187793 11800
    793 13 9 35.197814 13 9 35.197814 11800
    794 13 9 35.207737 13 9 35.207737 11800
    795 13 9 35.217736 13 9 35.217736 11800
    796 13 9 35.227736 13 9 35.227736 11800
    797 13 9 35.237743 13 9 35.237743 11800
    798 13 9 35.247745 13 9 35.247745 11800
    799 13 9 35.257756 13 9 35.257756 11800
    800 13 9 35.267710 13 9 35.267710 11800
    801 13 9 35.278334 13 9 35.278334 11800
    802 13 9 35.287844 13 9 35.287844 11800
    803 13 9 35.297829 13 9 35.297829 11800
    804 13 9 35.307788 13 9 35.307788 11800
    805 13 9 35.317937 13 9 35.317937 11800
    806 13 9 35.327852 13 9 35.327852 11800
    807 13 9 35.338037 13 9 35.338037 11800
    808 13 9 35.347788 13 9 35.347788 11800
    809 13 9 35.357864 13 9 35.357864 11800
    810 13 9 35.367784 13 9 35.367784 11800
    811 13 9 35.378523 13 9 35.378523 11800
    812 13 9 35.387768 13 9 35.387768 11800
    813 13 9 35.397818 13 9 35.397818 11800
    814 13 9 35.407781 13 9 35.407781 11800
    815 13 9 35.417746 13 9 35.417746 11800
    816 13 9 35.427737 13 9 35.427737 11800
    817 13 9 35.437733 13 9 35.437733 11800
    818 13 9 35.447673 13 9 35.447673 11800
    819 13 9 35.457743 13 9 35.457743 11800
    820 13 9 35.468083 13 9 35.468083 11800
    821 13 9 35.478037 13 9 35.478037 11800
    822 13 9 35.487811 13 9 35.487811 11800
    823 13 9 35.497774 13 9 35.497774 11800
    824 13 9 35.507705 13 9 35.507705 11800
    825 13 9 35.517806 13 9 35.517806 11800
    826 13 9 35.527734 13 9 35.527734 11800
    827 13 9 35.538348 13 9 35.538348 11800
    828 13 9 35.548547 13 9 35.548547 11800
    829 13 9 35.557772 13 9 35.557772 11800
    830 13 9 35.568568 13 9 35.568568 11800
    831 13 9 35.577832 13 9 35.577832 11800
    832 13 9 35.587795 13 9 35.587795 11800
    833 13 9 35.597816 13 9 35.597816 11800
    834 13 9 35.607756 13 9 35.607756 11800
    835 13 9 35.617736 13 9 35.617736 11800
    836 13 9 35.627718 13 9 35.627718 11800
    837 13 9 35.637742 13 9 35.637742 11800
    838 13 9 35.647733 13 9 35.647733 11800
    839 13 9 35.657741 13 9 35.657741 11800
    840 13 9 35.667720 13 9 35.667720 11800
    841 13 9 35.678006 13 9 35.678006 11800
    842 13 9 35.687739 13 9 35.687739 11800
    843 13 9 35.697724 13 9 35.697724 11800
    844 13 9 35.707818 13 9 35.707818 11800
    845 13 9 35.717806 13 9 35.717806 11800
    846 13 9 35.727795 13 9 35.727795 11800
    847 13 9 35.737703 13 9 35.737703 11800
    848 13 9 35.747805 13 9 35.747805 11800
    849 13 9 35.757804 13 9 35.757804 11800
    850 13 9 35.767795 13 9 35.767795 11800
    851 13 9 35.777838 13 9 35.777838 11800
    852 13 9 35.787855 13 9 35.787855 11800
    853 13 9 35.797929 13 9 35.797929 11800
    854 13 9 35.807817 13 9 35.807817 11800
    855 13 9 35.817821 13 9 35.817821 11800
    856 13 9 35.827716 13 9 35.827716 11800
    857 13 9 35.837749 13 9 35.837749 11800
    858 13 9 35.847748 13 9 35.847748 11800
    859 13 9 35.857747 13 9 35.857747 11800
    860 13 9 35.867728 13 9 35.867728 11800
    861 13 9 35.877743 13 9 35.877743 11800
    862 13 9 35.887825 13 9 35.887825 11800
    863 13 9 35.897869 13 9 35.897869 11800
    864 13 9 35.907732 13 9 35.907732 11800
    865 13 9 35.918736 13 9 35.918736 11800
    866 13 9 35.927720 13 9 35.927720 11800
    867 13 9 35.937790 13 9 35.937790 11800
    868 13 9 35.947893 13 9 35.947893 11800
    869 13 9 35.957836 13 9 35.957836 11800
    870 13 9 35.967776 13 9 35.967776 11800
    871 13 9 35.977778 13 9 35.977778 11800
    872 13 9 35.987766 13 9 35.987766 11800
    873 13 9 35.997850 13 9 35.997850 11800
    874 13 9 36.007807 13 9 36.007807 11800
    875 13 9 36.017735 13 9 36.017735 11800
    876 13 9 36.027734 13 9 36.027734 11800
    877 13 9 36.037739 13 9 36.037739 11800
    878 13 9 36.047733 13 9 36.047733 11800
    879 13 9 36.057743 13 9 36.057743 11800
    880 13 9 36.067720 13 9 36.067720 11800
    881 13 9 36.077806 13 9 36.077806 11800
    882 13 9 36.087791 13 9 36.087791 11800
    883 13 9 36.097800 13 9 36.097800 11800
    884 13 9 36.107897 13 9 36.107897 11800
    885 13 9 36.117849 13 9 36.117849 11800
    886 13 9 36.127830 13 9 36.127830 11800
    887 13 9 36.138002 13 9 36.138002 11800
    888 13 9 36.147863 13 9 36.147863 11800
    889 13 9 36.157764 13 9 36.157764 11800
    890 13 9 36.167785 13 9 36.167785 11800
    891 13 9 36.177731 13 9 36.177731 11800
    892 13 9 36.187868 13 9 36.187868 11800
    893 13 9 36.197806 13 9 36.197806 11800
    894 13 9 36.207732 13 9 36.207732 11800
    895 13 9 36.217730 13 9 36.217730 11800
    896 13 9 36.227735 13 9 36.227735 11800
    897 13 9 36.237743 13 9 36.237743 11800
    898 13 9 36.247737 13 9 36.247737 11800
    899 13 9 36.257742 13 9 36.257742 11800
    900 13 9 36.267747 13 9 36.267747 11800
    901 13 9 36.277755 13 9 36.277755 11800
    902 13 9 36.287790 13 9 36.287790 11800
    903 13 9 36.297935 13 9 36.297935 11800
    904 13 9 36.307817 13 9 36.307817 11800
    905 13 9 36.317832 13 9 36.317832 11800
    906 13 9 36.327767 13 9 36.327767 11800
    907 13 9 36.338650 13 9 36.338650 11800
    908 13 9 36.347839 13 9 36.347839 11800
    909 13 9 36.357754 13 9 36.357754 11800
    910 13 9 36.367835 13 9 36.367835 11800
    911 13 9 36.377803 13 9 36.377803 11800
    912 13 9 36.387737 13 9 36.387737 11800
    913 13 9 36.397753 13 9 36.397753 11800
    914 13 9 36.407840 13 9 36.407840 11800
    915 13 9 36.417735 13 9 36.417735 11800
    916 13 9 36.427672 13 9 36.427672 11800
    917 13 9 36.437744 13 9 36.437744 11800
    918 13 9 36.447735 13 9 36.447735 11800
    919 13 9 36.457743 13 9 36.457743 11800
    920 13 9 36.467691 13 9 36.467691 11800
    921 13 9 36.477812 13 9 36.477812 11800
    922 13 9 36.487796 13 9 36.487796 11800
    923 13 9 36.497807 13 9 36.497807 11800
    924 13 9 36.507888 13 9 36.507888 11800
    925 13 9 36.517831 13 9 36.517831 11800
    926 13 9 36.527794 13 9 36.527794 11800
    927 13 9 36.538271 13 9 36.538271 11800
    928 13 9 36.547792 13 9 36.547792 11800
    929 13 9 36.557746 13 9 36.557746 11800
    930 13 9 36.567864 13 9 36.567864 11800
    931 13 9 36.577927 13 9 36.577927 11800
    932 13 9 36.587811 13 9 36.587811 11800
    933 13 9 36.597813 13 9 36.597813 11800
    934 13 9 36.607810 13 9 36.607810 11800
    935 13 9 36.617744 13 9 36.617744 11800
    936 13 9 36.627732 13 9 36.627732 11800
    937 13 9 36.637743 13 9 36.637743 11800
    938 13 9 36.647731 13 9 36.647731 11800
    939 13 9 36.657738 13 9 36.657738 11800
    940 13 9 36.667727 13 9 36.667727 11800
    941 13 9 36.677813 13 9 36.677813 11800
    942 13 9 36.687806 13 9 36.687806 11800
    943 13 9 36.697805 13 9 36.697805 11800
    944 13 9 36.707774 13 9 36.707774 11800
    945 13 9 36.717775 13 9 36.717775 11800
    946 13 9 36.727755 13 9 36.727755 11800
    947 13 9 36.737822 13 9 36.737822 11800
    948 13 9 36.747822 13 9 36.747822 11800
    949 13 9 36.757747 13 9 36.757747 11800
    950 13 9 36.767812 13 9 36.767812 11800
    951 13 9 36.777757 13 9 36.777757 11800
    952 13 9 36.787788 13 9 36.787788 11800
    953 13 9 36.797860 13 9 36.797860 11800
    954 13 9 36.807752 13 9 36.807752 11800
    955 13 9 36.817745 13 9 36.817745 11800
    956 13 9 36.827744 13 9 36.827744 11800
    957 13 9 36.837747 13 9 36.837747 11800
    958 13 9 36.847737 13 9 36.847737 11800
    959 13 9 36.857748 13 9 36.857748 11800
    960 13 9 36.867762 13 9 36.867762 11800
    961 13 9 36.877797 13 9 36.877797 11800
    962 13 9 36.887757 13 9 36.887757 11800
    963 13 9 36.897804 13 9 36.897804 11800
    964 13 9 36.907806 13 9 36.907806 11800
    965 13 9 36.917794 13 9 36.917794 11800
    966 13 9 36.927680 13 9 36.927680 11800
    967 13 9 36.937750 13 9 36.937750 11800
    968 13 9 36.947803 13 9 36.947803 11800
    969 13 9 36.957805 13 9 36.957805 11800
    970 13 9 36.967806 13 9 36.967806 11800
    971 13 9 36.977806 13 9 36.977806 11800
    972 13 9 36.987791 13 9 36.987791 11800
    973 13 9 36.997804 13 9 36.997804 11800
    974 13 9 37.007823 13 9 37.007823 11800
    975 13 9 37.017808 13 9 37.017808 11800
    976 13 9 37.027791 13 9 37.027791 11800
    977 13 9 37.037725 13 9 37.037725 11800
    978 13 9 37.047781 13 9 37.047781 11800
    979 13 9 37.057811 13 9 37.057811 11800
    980 13 9 37.067720 13 9 37.067720 11800
    981 13 9 37.077741 13 9 37.077741 11800
    982 13 9 37.087803 13 9 37.087803 11800
    983 13 9 37.097766 13 9 37.097766 11800
    984 13 9 37.107801 13 9 37.107801 11800
    985 13 9 37.117790 13 9 37.117790 11800
    986 13 9 37.127766 13 9 37.127766 11800
    987 13 9 37.138032 13 9 37.138032 11800
    988 13 9 37.147854 13 9 37.147854 11800
    989 13 9 37.157820 13 9 37.157820 11800
    990 13 9 37.167839 13 9 37.167839 11800
    991 13 9 37.177804 13 9 37.177804 11800
    992 13 9 37.187800 13 9 37.187800 11800
    993 13 9 37.197811 13 9 37.197811 11800
    994 13 9 37.207788 13 9 37.207788 11800
    995 13 9 37.217740 13 9 37.217740 11800
    996 13 9 37.227732 13 9 37.227732 11800
    997 13 9 37.237741 13 9 37.237741 11800
    998 13 9 37.247759 13 9 37.247759 11800
    999 13 9 37.257705 13 9 37.257705 11800
   1000 13 9 37.267733 13 9 37.267733 11800
