      1 13 13 6.188081 13 13 6.199095 9500
      2 13 13 6.198272 13 13 6.208395 9500
      3 13 13 6.208229 13 13 6.217624 9500
      4 13 13 6.218194 13 13 6.227479 9500
      5 13 13 6.228226 13 13 6.237486 9500
      6 13 13 6.238191 13 13 6.247658 9500
      7 13 13 6.248197 13 13 6.258868 9500
      8 13 13 6.258244 13 13 6.267726 9500
      9 13 13 6.268208 13 13 6.277598 9500
     10 13 13 6.278257 13 13 6.287628 9500
     11 13 13 6.288236 13 13 6.297998 9500
     12 13 13 6.298201 13 13 6.307424 9500
     13 13 13 6.308230 13 13 6.318477 9500
     14 13 13 6.318188 13 13 6.327551 9500
     15 13 13 6.328262 13 13 6.338017 9500
     16 13 13 6.338172 13 13 6.349019 9500
     17 13 13 6.348668 13 13 6.358901 9500
     18 13 13 6.358198 13 13 6.367842 9500
     19 13 13 6.368276 13 13 6.377686 9500
     20 13 13 6.378236 13 13 6.387622 9500
     21 13 13 6.388551 13 13 6.398061 9500
     22 13 13 6.398183 13 13 6.407675 9500
     23 13 13 6.408266 13 13 6.417713 9500
     24 13 13 6.418307 13 13 6.428590 9500
     25 13 13 6.428251 13 13 6.437489 9500
     26 13 13 6.438265 13 13 6.447620 9500
     27 13 13 6.448268 13 13 6.457841 9500
     28 13 13 6.458244 13 13 6.468023 9500
     29 13 13 6.468301 13 13 6.477636 9500
     30 13 13 6.478246 13 13 6.487682 9500
     31 13 13 6.488260 13 13 6.498694 9500
     32 13 13 6.498599 13 13 6.507820 9500
     33 13 13 6.508192 13 13 6.517417 9500
     34 13 13 6.518187 13 13 6.527384 9500
     35 13 13 6.528183 13 13 6.538166 9500
     36 13 13 6.538278 13 13 6.548435 9500
     37 13 13 6.548288 13 13 6.557696 9500
     38 13 13 6.558176 13 13 6.567617 9500
     39 13 13 6.568238 13 13 6.577720 9500
     40 13 13 6.578243 13 13 6.587669 9500
     41 13 13 6.588248 13 13 6.597814 9500
     42 13 13 6.598188 13 13 6.607490 9500
     43 13 13 6.608240 13 13 6.617776 9500
     44 13 13 6.618184 13 13 6.627411 9500
     45 13 13 6.628275 13 13 6.637522 9500
     46 13 13 6.638183 13 13 6.647477 9500
     47 13 13 6.648321 13 13 6.658311 9500
     48 13 13 6.658240 13 13 6.667728 9500
     49 13 13 6.668179 13 13 6.677506 9500
     50 13 13 6.678249 13 13 6.693513 9500
     51 13 13 6.688251 13 13 6.701427 9500
     52 13 13 6.698389 13 13 6.709441 9500
     53 13 13 6.708180 13 13 6.717406 9500
     54 13 13 6.718339 13 13 6.728626 9500
     55 13 13 6.728189 13 13 6.737897 9500
     56 13 13 6.738146 13 13 6.748953 9500
     57 13 13 6.748213 13 13 6.758500 9500
     58 13 13 6.758313 13 13 6.768355 9500
     59 13 13 6.768269 13 13 6.778017 9500
     60 13 13 6.778271 13 13 6.787702 9500
     61 13 13 6.788242 13 13 6.797714 9500
     62 13 13 6.798249 13 13 6.807694 9500
     63 13 13 6.808241 13 13 6.817638 9500
     64 13 13 6.818184 13 13 6.827398 9500
     65 13 13 6.828177 13 13 6.837393 9500
     66 13 13 6.838313 13 13 6.848618 9500
     67 13 13 6.848376 13 13 6.859270 9500
     68 13 13 6.858242 13 13 6.867885 9500
     69 13 13 6.868247 13 13 6.878187 9500
     70 13 13 6.878215 13 13 6.887718 9500
     71 13 13 6.888242 13 13 6.898182 9500
     72 13 13 6.898213 13 13 6.907442 9500
     73 13 13 6.908255 13 13 6.917501 9500
     74 13 13 6.918141 13 13 6.927413 9500
     75 13 13 6.928181 13 13 6.938538 9500
     76 13 13 6.938214 13 13 6.947740 9500
     77 13 13 6.948184 13 13 6.958755 9500
     78 13 13 6.958503 13 13 6.968137 9500
     79 13 13 6.968294 13 13 6.977795 9500
     80 13 13 6.978250 13 13 6.987706 9500
     81 13 13 6.988300 13 13 6.997751 9500
     82 13 13 6.998284 13 13 7.007729 9500
     83 13 13 7.008263 13 13 7.017686 9500
     84 13 13 7.018189 13 13 7.027421 9500
     85 13 13 7.028185 13 13 7.037411 9500
     86 13 13 7.038185 13 13 7.047462 9500
     87 13 13 7.048206 13 13 7.057718 9500
     88 13 13 7.058245 13 13 7.067712 9500
     89 13 13 7.068243 13 13 7.078439 9500
     90 13 13 7.078272 13 13 7.087667 9500
     91 13 13 7.088269 13 13 7.097643 9500
     92 13 13 7.098181 13 13 7.107383 9500
     93 13 13 7.108177 13 13 7.117421 9500
     94 13 13 7.118186 13 13 7.127391 9500
     95 13 13 7.128182 13 13 7.138791 9500
     96 13 13 7.138194 13 13 7.148284 9500
     97 13 13 7.148214 13 13 7.157890 9500
     98 13 13 7.158273 13 13 7.168063 9500
     99 13 13 7.168247 13 13 7.178528 9500
    100 13 13 7.178228 13 13 7.193814 9500
    101 13 13 7.188286 13 13 7.201567 9500
    102 13 13 7.198224 13 13 7.211411 9500
    103 13 13 7.208283 13 13 7.218482 9500
    104 13 13 7.218338 13 13 7.227943 9500
    105 13 13 7.228227 13 13 7.237680 9500
    106 13 13 7.238213 13 13 7.247949 9500
    107 13 13 7.248291 13 13 7.259427 9500
    108 13 13 7.258275 13 13 7.268609 9500
    109 13 13 7.268322 13 13 7.277800 9500
    110 13 13 7.278265 13 13 7.287757 9500
    111 13 13 7.288270 13 13 7.297782 9500
    112 13 13 7.298316 13 13 7.307750 9500
    113 13 13 7.308199 13 13 7.317491 9500
    114 13 13 7.318189 13 13 7.327407 9500
    115 13 13 7.328184 13 13 7.339148 9500
    116 13 13 7.338816 13 13 7.348507 9500
    117 13 13 7.348372 13 13 7.358933 9500
    118 13 13 7.358391 13 13 7.367981 9500
    119 13 13 7.368134 13 13 7.378224 9500
    120 13 13 7.378239 13 13 7.389235 9500
    121 13 13 7.388314 13 13 7.397831 9500
    122 13 13 7.398201 13 13 7.408633 9500
    123 13 13 7.408313 13 13 7.417988 9500
    124 13 13 7.418383 13 13 7.427919 9500
    125 13 13 7.428187 13 13 7.438219 9500
    126 13 13 7.438233 13 13 7.448898 9500
    127 13 13 7.448565 13 13 7.458263 9500
    128 13 13 7.458153 13 13 7.468351 9500
    129 13 13 7.468296 13 13 7.477835 9500
    130 13 13 7.478313 13 13 7.487639 9500
    131 13 13 7.488307 13 13 7.497658 9500
    132 13 13 7.498247 13 13 7.507799 9500
    133 13 13 7.508257 13 13 7.517624 9500
    134 13 13 7.518184 13 13 7.527368 9500
    135 13 13 7.528208 13 13 7.537576 9500
    136 13 13 7.538183 13 13 7.547388 9500
    137 13 13 7.548179 13 13 7.557528 9500
    138 13 13 7.558186 13 13 7.568187 9500
    139 13 13 7.568226 13 13 7.578599 9500
    140 13 13 7.578354 13 13 7.588714 9500
    141 13 13 7.588307 13 13 7.597936 9500
    142 13 13 7.598245 13 13 7.607656 9500
    143 13 13 7.608244 13 13 7.617727 9500
    144 13 13 7.618249 13 13 7.627767 9500
    145 13 13 7.628235 13 13 7.637716 9500
    146 13 13 7.638238 13 13 7.648634 9500
    147 13 13 7.648587 13 13 7.658591 9500
    148 13 13 7.658114 13 13 7.667592 9500
    149 13 13 7.668300 13 13 7.679331 9500
    150 13 13 7.678221 13 13 7.693597 9500
    151 13 13 7.688329 13 13 7.702493 9500
    152 13 13 7.698208 13 13 7.709768 9500
    153 13 13 7.708375 13 13 7.717966 9500
    154 13 13 7.718348 13 13 7.727875 9500
    155 13 13 7.728210 13 13 7.737595 9500
    156 13 13 7.738214 13 13 7.747531 9500
    157 13 13 7.748212 13 13 7.757544 9500
    158 13 13 7.758193 13 13 7.767521 9500
    159 13 13 7.768201 13 13 7.779181 9500
    160 13 13 7.778674 13 13 7.788634 9500
    161 13 13 7.788204 13 13 7.797771 9500
    162 13 13 7.798282 13 13 7.807984 9500
    163 13 13 7.808227 13 13 7.818609 9500
    164 13 13 7.818221 13 13 7.827594 9500
    165 13 13 7.828332 13 13 7.837745 9500
    166 13 13 7.838247 13 13 7.847713 9500
    167 13 13 7.848339 13 13 7.859284 9500
    168 13 13 7.858107 13 13 7.867655 9500
    169 13 13 7.868313 13 13 7.877715 9500
    170 13 13 7.878326 13 13 7.887827 9500
    171 13 13 7.888180 13 13 7.897553 9500
    172 13 13 7.898239 13 13 7.907614 9500
    173 13 13 7.908250 13 13 7.917709 9500
    174 13 13 7.919037 13 13 7.928526 9500
    175 13 13 7.928174 13 13 7.937319 9500
    176 13 13 7.938176 13 13 7.947454 9500
    177 13 13 7.948204 13 13 7.957506 9500
    178 13 13 7.958185 13 13 7.967463 9500
    179 13 13 7.968180 13 13 7.977445 9500
    180 13 13 7.978182 13 13 7.987505 9500
    181 13 13 7.988178 13 13 7.997446 9500
    182 13 13 7.998141 13 13 8.007882 9500
    183 13 13 8.008252 13 13 8.017628 9500
    184 13 13 8.019035 13 13 8.028613 9500
    185 13 13 8.028316 13 13 8.037750 9500
    186 13 13 8.038232 13 13 8.047594 9500
    187 13 13 8.048258 13 13 8.057843 9500
    188 13 13 8.058745 13 13 8.068887 9500
    189 13 13 8.068253 13 13 8.077735 9500
    190 13 13 8.078813 13 13 8.088599 9500
    191 13 13 8.088326 13 13 8.098064 9500
    192 13 13 8.098269 13 13 8.107647 9500
    193 13 13 8.108181 13 13 8.117473 9500
    194 13 13 8.118183 13 13 8.127376 9500
    195 13 13 8.128180 13 13 8.137401 9500
    196 13 13 8.138182 13 13 8.147379 9500
    197 13 13 8.148180 13 13 8.157436 9500
    198 13 13 8.158182 13 13 8.167367 9500
    199 13 13 8.168179 13 13 8.177611 9500
    200 13 13 8.178193 13 13 8.193447 9500
    201 13 13 8.188193 13 13 8.201601 9500
    202 13 13 8.198176 13 13 8.209668 9500
    203 13 13 8.208218 13 13 8.217862 9500
    204 13 13 8.218249 13 13 8.228564 9500
    205 13 13 8.228275 13 13 8.237602 9500
    206 13 13 8.238263 13 13 8.247571 9500
    207 13 13 8.248234 13 13 8.258641 9500
    208 13 13 8.258558 13 13 8.268352 9500
    209 13 13 8.268257 13 13 8.279166 9500
    210 13 13 8.278753 13 13 8.289519 9500
    211 13 13 8.289142 13 13 8.299177 9500
    212 13 13 8.298351 13 13 8.308011 9500
    213 13 13 8.308211 13 13 8.317631 9500
    214 13 13 8.318201 13 13 8.327578 9500
    215 13 13 8.328182 13 13 8.337367 9500
    216 13 13 8.338181 13 13 8.347416 9500
    217 13 13 8.348179 13 13 8.357374 9500
    218 13 13 8.358181 13 13 8.367502 9500
    219 13 13 8.368180 13 13 8.377387 9500
    220 13 13 8.378190 13 13 8.387409 9500
    221 13 13 8.388175 13 13 8.397591 9500
    222 13 13 8.398250 13 13 8.407750 9500
    223 13 13 8.408241 13 13 8.417737 9500
    224 13 13 8.418233 13 13 8.427566 9500
    225 13 13 8.428179 13 13 8.437575 9500
    226 13 13 8.438231 13 13 8.447639 9500
    227 13 13 8.448238 13 13 8.457705 9500
    228 13 13 8.459066 13 13 8.469492 9500
    229 13 13 8.469091 13 13 8.478552 9500
    230 13 13 8.478256 13 13 8.487743 9500
    231 13 13 8.488239 13 13 8.498300 9500
    232 13 13 8.498241 13 13 8.507580 9500
    233 13 13 8.508143 13 13 8.517414 9500
    234 13 13 8.518183 13 13 8.527371 9500
    235 13 13 8.528150 13 13 8.537337 9500
    236 13 13 8.538211 13 13 8.547397 9500
    237 13 13 8.548180 13 13 8.557397 9500
    238 13 13 8.558180 13 13 8.567365 9500
    239 13 13 8.568179 13 13 8.577384 9500
    240 13 13 8.578181 13 13 8.587372 9500
    241 13 13 8.588177 13 13 8.597443 9500
    242 13 13 8.598250 13 13 8.607639 9500
    243 13 13 8.608727 13 13 8.618159 9500
    244 13 13 8.618216 13 13 8.627684 9500
    245 13 13 8.628211 13 13 8.637655 9500
    246 13 13 8.638251 13 13 8.647726 9500
    247 13 13 8.648258 13 13 8.658113 9500
    248 13 13 8.658186 13 13 8.668431 9500
    249 13 13 8.668210 13 13 8.677587 9500
    250 13 13 8.678262 13 13 8.693642 9500
    251 13 13 8.688242 13 13 8.701627 9500
    252 13 13 8.698192 13 13 8.710651 9500
    253 13 13 8.708275 13 13 8.717658 9500
    254 13 13 8.718173 13 13 8.727380 9500
    255 13 13 8.728170 13 13 8.737403 9500
    256 13 13 8.738172 13 13 8.747375 9500
    257 13 13 8.748169 13 13 8.757440 9500
    258 13 13 8.758172 13 13 8.767374 9500
    259 13 13 8.768167 13 13 8.777435 9500
    260 13 13 8.778183 13 13 8.787378 9500
    261 13 13 8.788183 13 13 8.798431 9500
    262 13 13 8.798242 13 13 8.807812 9500
    263 13 13 8.808230 13 13 8.817653 9500
    264 13 13 8.818241 13 13 8.827648 9500
    265 13 13 8.828248 13 13 8.837726 9500
    266 13 13 8.838240 13 13 8.847808 9500
    267 13 13 8.848238 13 13 8.858389 9500
    268 13 13 8.858285 13 13 8.868373 9500
    269 13 13 8.868306 13 13 8.877746 9500
    270 13 13 8.878282 13 13 8.887705 9500
    271 13 13 8.888222 13 13 8.897567 9500
    272 13 13 8.898246 13 13 8.907648 9500
    273 13 13 8.908243 13 13 8.917618 9500
    274 13 13 8.918184 13 13 8.927372 9500
    275 13 13 8.928177 13 13 8.938380 9500
    276 13 13 8.938183 13 13 8.947449 9500
    277 13 13 8.948180 13 13 8.957385 9500
    278 13 13 8.958182 13 13 8.967371 9500
    279 13 13 8.968182 13 13 8.978412 9500
    280 13 13 8.978175 13 13 8.987676 9500
    281 13 13 8.988186 13 13 8.997370 9500
    282 13 13 8.998319 13 13 9.008411 9500
    283 13 13 9.008347 13 13 9.018311 9500
    284 13 13 9.018266 13 13 9.027658 9500
    285 13 13 9.028247 13 13 9.037663 9500
    286 13 13 9.038182 13 13 9.047610 9500
    287 13 13 9.048246 13 13 9.057961 9500
    288 13 13 9.058198 13 13 9.069181 9500
    289 13 13 9.068695 13 13 9.078758 9500
    290 13 13 9.078174 13 13 9.088195 9500
    291 13 13 9.088222 13 13 9.098480 9500
    292 13 13 9.098314 13 13 9.108691 9500
    293 13 13 9.108418 13 13 9.118771 9500
    294 13 13 9.118600 13 13 9.128519 9500
    295 13 13 9.128263 13 13 9.138085 9500
    296 13 13 9.138210 13 13 9.147427 9500
    297 13 13 9.148182 13 13 9.157379 9500
    298 13 13 9.158181 13 13 9.167389 9500
    299 13 13 9.168181 13 13 9.177455 9500
    300 13 13 9.178181 13 13 9.193346 9500
    301 13 13 9.188181 13 13 9.201472 9500
    302 13 13 9.198183 13 13 9.209367 9500
    303 13 13 9.208185 13 13 9.217380 9500
    304 13 13 9.218180 13 13 9.228294 9500
    305 13 13 9.228229 13 13 9.238652 9500
    306 13 13 9.238433 13 13 9.247839 9500
    307 13 13 9.248319 13 13 9.258597 9500
    308 13 13 9.258245 13 13 9.267865 9500
    309 13 13 9.268264 13 13 9.278943 9500
    310 13 13 9.278259 13 13 9.287779 9500
    311 13 13 9.288213 13 13 9.297656 9500
    312 13 13 9.298268 13 13 9.308175 9500
    313 13 13 9.308203 13 13 9.318528 9500
    314 13 13 9.318435 13 13 9.327835 9500
    315 13 13 9.328272 13 13 9.337948 9500
    316 13 13 9.338186 13 13 9.347405 9500
    317 13 13 9.348190 13 13 9.357466 9500
    318 13 13 9.358183 13 13 9.367373 9500
    319 13 13 9.368180 13 13 9.377406 9500
    320 13 13 9.378182 13 13 9.387551 9500
    321 13 13 9.388184 13 13 9.397603 9500
    322 13 13 9.398184 13 13 9.407377 9500
    323 13 13 9.408179 13 13 9.417419 9500
    324 13 13 9.418191 13 13 9.427374 9500
    325 13 13 9.428179 13 13 9.437473 9500
    326 13 13 9.438266 13 13 9.448752 9500
    327 13 13 9.448610 13 13 9.459388 9500
    328 13 13 9.458156 13 13 9.467900 9500
    329 13 13 9.468260 13 13 9.478037 9500
    330 13 13 9.478275 13 13 9.488274 9500
    331 13 13 9.488305 13 13 9.497780 9500
    332 13 13 9.498262 13 13 9.507583 9500
    333 13 13 9.508186 13 13 9.518390 9500
    334 13 13 9.518236 13 13 9.528109 9500
    335 13 13 9.528294 13 13 9.537929 9500
    336 13 13 9.538230 13 13 9.548522 9500
    337 13 13 9.548259 13 13 9.557869 9500
    338 13 13 9.558203 13 13 9.567430 9500
    339 13 13 9.568194 13 13 9.577384 9500
    340 13 13 9.578184 13 13 9.587402 9500
    341 13 13 9.588181 13 13 9.597364 9500
    342 13 13 9.598186 13 13 9.608420 9500
    343 13 13 9.608178 13 13 9.617406 9500
    344 13 13 9.618152 13 13 9.627335 9500
    345 13 13 9.628194 13 13 9.637422 9500
    346 13 13 9.638180 13 13 9.647368 9500
    347 13 13 9.648177 13 13 9.658585 9500
    348 13 13 9.658521 13 13 9.668096 9500
    349 13 13 9.668257 13 13 9.678112 9500
    350 13 13 9.678283 13 13 9.693735 9500
    351 13 13 9.688219 13 13 9.701511 9500
    352 13 13 9.698209 13 13 9.709645 9500
    353 13 13 9.708216 13 13 9.717676 9500
    354 13 13 9.718864 13 13 9.728614 9500
    355 13 13 9.728339 13 13 9.737736 9500
    356 13 13 9.738184 13 13 9.747507 9500
    357 13 13 9.748227 13 13 9.757635 9500
    358 13 13 9.758205 13 13 9.767680 9500
    359 13 13 9.768183 13 13 9.777402 9500
    360 13 13 9.778188 13 13 9.787368 9500
    361 13 13 9.788180 13 13 9.797672 9500
    362 13 13 9.798213 13 13 9.807677 9500
    363 13 13 9.808213 13 13 9.817456 9500
    364 13 13 9.818189 13 13 9.827422 9500
    365 13 13 9.828201 13 13 9.837465 9500
    366 13 13 9.838214 13 13 9.847398 9500
    367 13 13 9.848179 13 13 9.858959 9500
    368 13 13 9.858867 13 13 9.869161 9500
    369 13 13 9.868494 13 13 9.879377 9500
    370 13 13 9.878228 13 13 9.888346 9500
    371 13 13 9.888294 13 13 9.897923 9500
    372 13 13 9.898250 13 13 9.907674 9500
    373 13 13 9.908200 13 13 9.917564 9500
    374 13 13 9.918243 13 13 9.927825 9500
    375 13 13 9.928181 13 13 9.939323 9500
    376 13 13 9.938898 13 13 9.953623 9500
    377 13 13 9.948342 13 13 9.961741 9500
    378 13 13 9.958318 13 13 9.969675 9500
    379 13 13 9.968256 13 13 9.978020 9500
    380 13 13 9.978229 13 13 9.987724 9500
    381 13 13 9.988184 13 13 9.997557 9500
    382 13 13 9.998193 13 13 10.007369 9500
    383 13 13 10.008245 13 13 10.017461 9500
    384 13 13 10.018197 13 13 10.027366 9500
    385 13 13 10.028178 13 13 10.037390 9500
    386 13 13 10.038195 13 13 10.047371 9500
    387 13 13 10.048192 13 13 10.059184 9500
    388 13 13 10.058438 13 13 10.068381 9500
    389 13 13 10.068319 13 13 10.077842 9500
    390 13 13 10.078250 13 13 10.087680 9500
    391 13 13 10.088240 13 13 10.099964 9500
    392 13 13 10.098375 13 13 10.108743 9500
    393 13 13 10.108252 13 13 10.118349 9500
    394 13 13 10.118285 13 13 10.127860 9500
    395 13 13 10.128239 13 13 10.137658 9500
    396 13 13 10.138242 13 13 10.148042 9500
    397 13 13 10.148358 13 13 10.157894 9500
    398 13 13 10.158258 13 13 10.167730 9500
    399 13 13 10.168250 13 13 10.177692 9500
    400 13 13 10.178250 13 13 10.193476 9500
    401 13 13 10.188183 13 13 10.201660 9500
    402 13 13 10.198150 13 13 10.209450 9500
    403 13 13 10.208218 13 13 10.217430 9500
    404 13 13 10.218180 13 13 10.227372 9500
    405 13 13 10.228272 13 13 10.238561 9500
    406 13 13 10.238200 13 13 10.247393 9500
    407 13 13 10.248179 13 13 10.258392 9500
    408 13 13 10.258324 13 13 10.268414 9500
    409 13 13 10.268245 13 13 10.277789 9500
    410 13 13 10.278249 13 13 10.287725 9500
    411 13 13 10.288202 13 13 10.297810 9500
    412 13 13 10.298298 13 13 10.308731 9500
    413 13 13 10.308211 13 13 10.318317 9500
    414 13 13 10.318255 13 13 10.327904 9500
    415 13 13 10.328314 13 13 10.337726 9500
    416 13 13 10.338288 13 13 10.348198 9500
    417 13 13 10.348229 13 13 10.357642 9500
    418 13 13 10.358316 13 13 10.368793 9500
    419 13 13 10.368254 13 13 10.377788 9500
    420 13 13 10.378301 13 13 10.387596 9500
    421 13 13 10.388286 13 13 10.398512 9500
    422 13 13 10.398192 13 13 10.408277 9500
    423 13 13 10.408210 13 13 10.417445 9500
    424 13 13 10.418236 13 13 10.427452 9500
    425 13 13 10.428181 13 13 10.437381 9500
    426 13 13 10.438181 13 13 10.448441 9500
    427 13 13 10.448195 13 13 10.458574 9500
    428 13 13 10.458462 13 13 10.469293 9500
    429 13 13 10.468208 13 13 10.477679 9500
    430 13 13 10.478263 13 13 10.487764 9500
    431 13 13 10.488281 13 13 10.497811 9500
    432 13 13 10.498253 13 13 10.507939 9500
    433 13 13 10.508160 13 13 10.518193 9500
    434 13 13 10.518122 13 13 10.527644 9500
    435 13 13 10.528271 13 13 10.537734 9500
    436 13 13 10.538332 13 13 10.547962 9500
    437 13 13 10.548251 13 13 10.557726 9500
    438 13 13 10.558251 13 13 10.567643 9500
    439 13 13 10.568334 13 13 10.577849 9500
    440 13 13 10.578265 13 13 10.588053 9500
    441 13 13 10.588259 13 13 10.597723 9500
    442 13 13 10.598228 13 13 10.607723 9500
    443 13 13 10.609033 13 13 10.618493 9500
    444 13 13 10.618197 13 13 10.627383 9500
    445 13 13 10.628260 13 13 10.637482 9500
    446 13 13 10.638182 13 13 10.647425 9500
    447 13 13 10.648180 13 13 10.658542 9500
    448 13 13 10.658350 13 13 10.669219 9500
    449 13 13 10.668222 13 13 10.677604 9500
    450 13 13 10.678796 13 13 10.694385 9500
    451 13 13 10.688254 13 13 10.702068 9500
    452 13 13 10.698264 13 13 10.710098 9500
    453 13 13 10.708323 13 13 10.718999 9500
    454 13 13 10.718234 13 13 10.728676 9500
    455 13 13 10.728396 13 13 10.739228 9500
    456 13 13 10.738837 13 13 10.748423 9500
    457 13 13 10.748329 13 13 10.757683 9500
    458 13 13 10.758226 13 13 10.768034 9500
    459 13 13 10.768283 13 13 10.778897 9500
    460 13 13 10.778674 13 13 10.788413 9500
    461 13 13 10.788308 13 13 10.799139 9500
    462 13 13 10.798583 13 13 10.808080 9500
    463 13 13 10.808258 13 13 10.819862 9500
    464 13 13 10.818256 13 13 10.828072 9500
    465 13 13 10.828220 13 13 10.837616 9500
    466 13 13 10.838167 13 13 10.847364 9500
    467 13 13 10.848171 13 13 10.858639 9500
    468 13 13 10.858548 13 13 10.868631 9500
    469 13 13 10.868247 13 13 10.877713 9500
    470 13 13 10.878204 13 13 10.887582 9500
    471 13 13 10.888239 13 13 10.897715 9500
    472 13 13 10.898255 13 13 10.907581 9500
    473 13 13 10.908169 13 13 10.917377 9500
    474 13 13 10.918193 13 13 10.928556 9500
    475 13 13 10.928193 13 13 10.939560 9500
    476 13 13 10.938423 13 13 10.963815 9500
    477 13 13 10.963478 13 13 10.974074 9500
    478 13 13 10.963568 13 13 10.982449 9500
    479 13 13 10.968367 13 13 10.990937 9500
    480 13 13 10.978828 13 13 10.999302 9500
    481 13 13 10.988336 13 13 11.006240 9500
    482 13 13 10.998315 13 13 11.015313 9500
    483 13 13 11.008240 13 13 11.022904 9500
    484 13 13 11.018504 13 13 11.030355 9500
    485 13 13 11.028394 13 13 11.040191 9500
    486 13 13 11.039479 13 13 11.051121 9500
    487 13 13 11.048420 13 13 11.059447 9500
    488 13 13 11.058253 13 13 11.068262 9500
    489 13 13 11.068191 13 13 11.077818 9500
    490 13 13 11.078884 13 13 11.088390 9500
    491 13 13 11.088328 13 13 11.098627 9500
    492 13 13 11.098212 13 13 11.107642 9500
    493 13 13 11.108301 13 13 11.117724 9500
    494 13 13 11.118285 13 13 11.127556 9500
    495 13 13 11.128118 13 13 11.137328 9500
    496 13 13 11.138184 13 13 11.147503 9500
    497 13 13 11.148158 13 13 11.157365 9500
    498 13 13 11.158217 13 13 11.167419 9500
    499 13 13 11.168179 13 13 11.177376 9500
    500 13 13 11.178164 13 13 11.193388 9500
    501 13 13 11.188179 13 13 11.203300 9500
    502 13 13 11.198309 13 13 11.209860 9500
    503 13 13 11.208290 13 13 11.217838 9500
    504 13 13 11.218382 13 13 11.227771 9500
    505 13 13 11.228249 13 13 11.237838 9500
    506 13 13 11.238288 13 13 11.247923 9500
    507 13 13 11.248309 13 13 11.258679 9500
    508 13 13 11.258345 13 13 11.269458 9500
    509 13 13 11.269019 13 13 11.279071 9500
    510 13 13 11.278190 13 13 11.288423 9500
    511 13 13 11.288258 13 13 11.298536 9500
    512 13 13 11.298249 13 13 11.307776 9500
    513 13 13 11.308206 13 13 11.318365 9500
    514 13 13 11.318286 13 13 11.328761 9500
    515 13 13 11.328222 13 13 11.337675 9500
    516 13 13 11.338248 13 13 11.347632 9500
    517 13 13 11.348181 13 13 11.357402 9500
    518 13 13 11.358181 13 13 11.367563 9500
    519 13 13 11.368207 13 13 11.377586 9500
    520 13 13 11.378182 13 13 11.387368 9500
    521 13 13 11.388177 13 13 11.397387 9500
    522 13 13 11.398180 13 13 11.407534 9500
    523 13 13 11.408189 13 13 11.417636 9500
    524 13 13 11.418240 13 13 11.428058 9500
    525 13 13 11.428207 13 13 11.438807 9500
    526 13 13 11.438375 13 13 11.448173 9500
    527 13 13 11.448292 13 13 11.457864 9500
    528 13 13 11.458370 13 13 11.469222 9500
    529 13 13 11.468769 13 13 11.479283 9500
    530 13 13 11.478937 13 13 11.488435 9500
    531 13 13 11.488329 13 13 11.497756 9500
    532 13 13 11.498226 13 13 11.508760 9500
    533 13 13 11.508475 13 13 11.517989 9500
    534 13 13 11.518249 13 13 11.528283 9500
    535 13 13 11.528221 13 13 11.537534 9500
    536 13 13 11.538185 13 13 11.547570 9500
    537 13 13 11.548362 13 13 11.557698 9500
    538 13 13 11.558187 13 13 11.567380 9500
    539 13 13 11.568179 13 13 11.577375 9500
    540 13 13 11.578181 13 13 11.587402 9500
    541 13 13 11.588179 13 13 11.597381 9500
    542 13 13 11.598181 13 13 11.607385 9500
    543 13 13 11.608180 13 13 11.617371 9500
    544 13 13 11.618180 13 13 11.627475 9500
    545 13 13 11.628285 13 13 11.638056 9500
    546 13 13 11.638951 13 13 11.648429 9500
    547 13 13 11.648239 13 13 11.657621 9500
    548 13 13 11.658250 13 13 11.668905 9500
    549 13 13 11.668210 13 13 11.677652 9500
    550 13 13 11.678210 13 13 11.693661 9500
    551 13 13 11.688255 13 13 11.701669 9500
    552 13 13 11.698278 13 13 11.710108 9500
    553 13 13 11.708337 13 13 11.718768 9500
    554 13 13 11.718239 13 13 11.727781 9500
    555 13 13 11.728262 13 13 11.737717 9500
    556 13 13 11.738189 13 13 11.747386 9500
    557 13 13 11.748184 13 13 11.757431 9500
    558 13 13 11.758196 13 13 11.767426 9500
    559 13 13 11.768179 13 13 11.777378 9500
    560 13 13 11.778181 13 13 11.787390 9500
    561 13 13 11.788180 13 13 11.797385 9500
    562 13 13 11.798180 13 13 11.807365 9500
    563 13 13 11.808165 13 13 11.817368 9500
    564 13 13 11.818213 13 13 11.827469 9500
    565 13 13 11.828269 13 13 11.838086 9500
    566 13 13 11.838264 13 13 11.847794 9500
    567 13 13 11.848242 13 13 11.857766 9500
    568 13 13 11.858223 13 13 11.868128 9500
    569 13 13 11.868213 13 13 11.877682 9500
    570 13 13 11.878204 13 13 11.888754 9500
    571 13 13 11.888210 13 13 11.897550 9500
    572 13 13 11.898203 13 13 11.907773 9500
    573 13 13 11.908312 13 13 11.918611 9500
    574 13 13 11.918444 13 13 11.928318 9500
    575 13 13 11.928252 13 13 11.938402 9500
    576 13 13 11.938242 13 13 11.948505 9500
    577 13 13 11.948183 13 13 11.957395 9500
    578 13 13 11.958171 13 13 11.967340 9500
    579 13 13 11.968173 13 13 11.977441 9500
    580 13 13 11.978168 13 13 11.987477 9500
    581 13 13 11.988165 13 13 11.997353 9500
    582 13 13 11.998205 13 13 12.007440 9500
    583 13 13 12.008183 13 13 12.019019 9500
    584 13 13 12.018183 13 13 12.027414 9500
    585 13 13 12.028181 13 13 12.037392 9500
    586 13 13 12.038182 13 13 12.047368 9500
    587 13 13 12.048284 13 13 12.058583 9500
    588 13 13 12.058194 13 13 12.068412 9500
    589 13 13 12.068251 13 13 12.077985 9500
    590 13 13 12.078224 13 13 12.087835 9500
    591 13 13 12.088193 13 13 12.098556 9500
    592 13 13 12.098437 13 13 12.107893 9500
    593 13 13 12.108268 13 13 12.118785 9500
    594 13 13 12.118275 13 13 12.127793 9500
    595 13 13 12.128202 13 13 12.137710 9500
    596 13 13 12.138260 13 13 12.148811 9500
    597 13 13 12.148289 13 13 12.158709 9500
    598 13 13 12.158300 13 13 12.167851 9500
    599 13 13 12.168264 13 13 12.177514 9500
    600 13 13 12.178191 13 13 12.193699 9500
    601 13 13 12.188211 13 13 12.201708 9500
    602 13 13 12.198176 13 13 12.209659 9500
    603 13 13 12.208185 13 13 12.217653 9500
    604 13 13 12.218184 13 13 12.227370 9500
    605 13 13 12.228180 13 13 12.238403 9500
    606 13 13 12.238219 13 13 12.247550 9500
    607 13 13 12.248184 13 13 12.257388 9500
    608 13 13 12.258188 13 13 12.268489 9500
    609 13 13 12.268295 13 13 12.278821 9500
    610 13 13 12.278233 13 13 12.288123 9500
    611 13 13 12.288710 13 13 12.298524 9500
    612 13 13 12.298230 13 13 12.307601 9500
    613 13 13 12.309124 13 13 12.318545 9500
    614 13 13 12.318203 13 13 12.328265 9500
    615 13 13 12.328203 13 13 12.337619 9500
    616 13 13 12.338115 13 13 12.347569 9500
    617 13 13 12.348247 13 13 12.357663 9500
    618 13 13 12.358230 13 13 12.367708 9500
    619 13 13 12.368244 13 13 12.377653 9500
    620 13 13 12.378182 13 13 12.387420 9500
    621 13 13 12.388180 13 13 12.397389 9500
    622 13 13 12.398180 13 13 12.407405 9500
    623 13 13 12.408205 13 13 12.417576 9500
    624 13 13 12.418186 13 13 12.427426 9500
    625 13 13 12.428200 13 13 12.437404 9500
    626 13 13 12.438185 13 13 12.447450 9500
    627 13 13 12.448180 13 13 12.457402 9500
    628 13 13 12.458183 13 13 12.467938 9500
    629 13 13 12.468284 13 13 12.477854 9500
    630 13 13 12.478206 13 13 12.488614 9500
    631 13 13 12.488179 13 13 12.498089 9500
    632 13 13 12.498217 13 13 12.508176 9500
    633 13 13 12.508210 13 13 12.518420 9500
    634 13 13 12.518211 13 13 12.527613 9500
    635 13 13 12.528202 13 13 12.537648 9500
    636 13 13 12.538247 13 13 12.547722 9500
    637 13 13 12.548177 13 13 12.557577 9500
    638 13 13 12.558249 13 13 12.567596 9500
    639 13 13 12.568179 13 13 12.577567 9500
    640 13 13 12.578248 13 13 12.587514 9500
    641 13 13 12.588177 13 13 12.597379 9500
    642 13 13 12.598181 13 13 12.607395 9500
    643 13 13 12.608176 13 13 12.617326 9500
    644 13 13 12.618192 13 13 12.628389 9500
    645 13 13 12.628185 13 13 12.638073 9500
    646 13 13 12.638185 13 13 12.647380 9500
    647 13 13 12.648179 13 13 12.657439 9500
    648 13 13 12.658181 13 13 12.667949 9500
    649 13 13 12.668262 13 13 12.677683 9500
    650 13 13 12.678245 13 13 12.693842 9500
    651 13 13 12.688271 13 13 12.702045 9500
    652 13 13 12.698696 13 13 12.709887 9500
    653 13 13 12.708316 13 13 12.717781 9500
    654 13 13 12.718296 13 13 12.728550 9500
    655 13 13 12.728367 13 13 12.737641 9500
    656 13 13 12.738253 13 13 12.747764 9500
    657 13 13 12.748288 13 13 12.757873 9500
    658 13 13 12.758262 13 13 12.767690 9500
    659 13 13 12.768261 13 13 12.777998 9500
    660 13 13 12.778252 13 13 12.787568 9500
    661 13 13 12.788180 13 13 12.797382 9500
    662 13 13 12.798182 13 13 12.807404 9500
    663 13 13 12.808180 13 13 12.817380 9500
    664 13 13 12.818180 13 13 12.827398 9500
    665 13 13 12.828179 13 13 12.837365 9500
    666 13 13 12.838181 13 13 12.847381 9500
    667 13 13 12.848185 13 13 12.857386 9500
    668 13 13 12.858180 13 13 12.867915 9500
    669 13 13 12.868214 13 13 12.877810 9500
    670 13 13 12.879120 13 13 12.888605 9500
    671 13 13 12.888277 13 13 12.898884 9500
    672 13 13 12.898262 13 13 12.907683 9500
    673 13 13 12.908219 13 13 12.917680 9500
    674 13 13 12.918744 13 13 12.928063 9500
    675 13 13 12.928183 13 13 12.937585 9500
    676 13 13 12.938264 13 13 12.947656 9500
    677 13 13 12.948273 13 13 12.957566 9500
    678 13 13 12.958251 13 13 12.967667 9500
    679 13 13 12.968246 13 13 12.977674 9500
    680 13 13 12.978310 13 13 12.987766 9500
    681 13 13 12.988184 13 13 12.997395 9500
    682 13 13 12.998179 13 13 13.007362 9500
    683 13 13 13.008177 13 13 13.018532 9500
    684 13 13 13.018181 13 13 13.027371 9500
    685 13 13 13.028178 13 13 13.037354 9500
    686 13 13 13.038176 13 13 13.047344 9500
    687 13 13 13.048194 13 13 13.057413 9500
    688 13 13 13.058170 13 13 13.067807 9500
    689 13 13 13.068248 13 13 13.078471 9500
    690 13 13 13.078267 13 13 13.087759 9500
    691 13 13 13.088262 13 13 13.098297 9500
    692 13 13 13.098155 13 13 13.108271 9500
    693 13 13 13.108209 13 13 13.118368 9500
    694 13 13 13.118306 13 13 13.127824 9500
    695 13 13 13.128247 13 13 13.137612 9500
    696 13 13 13.138272 13 13 13.148588 9500
    697 13 13 13.148485 13 13 13.157906 9500
    698 13 13 13.158205 13 13 13.167645 9500
    699 13 13 13.168246 13 13 13.177735 9500
    700 13 13 13.178245 13 13 13.193723 9500
    701 13 13 13.188185 13 13 13.201771 9500
    702 13 13 13.198214 13 13 13.209711 9500
    703 13 13 13.208135 13 13 13.217700 9500
    704 13 13 13.218184 13 13 13.227370 9500
    705 13 13 13.228182 13 13 13.237394 9500
    706 13 13 13.238181 13 13 13.247360 9500
    707 13 13 13.248179 13 13 13.258644 9500
    708 13 13 13.258513 13 13 13.268302 9500
    709 13 13 13.268226 13 13 13.277618 9500
    710 13 13 13.278240 13 13 13.287665 9500
    711 13 13 13.289113 13 13 13.298617 9500
    712 13 13 13.298280 13 13 13.308006 9500
    713 13 13 13.308738 13 13 13.319164 9500
    714 13 13 13.318830 13 13 13.328260 9500
    715 13 13 13.328198 13 13 13.337744 9500
    716 13 13 13.338205 13 13 13.347625 9500
    717 13 13 13.348186 13 13 13.357485 9500
    718 13 13 13.358197 13 13 13.367689 9500
    719 13 13 13.368252 13 13 13.377731 9500
    720 13 13 13.378242 13 13 13.387603 9500
    721 13 13 13.388301 13 13 13.397717 9500
    722 13 13 13.398189 13 13 13.407391 9500
    723 13 13 13.408205 13 13 13.418511 9500
    724 13 13 13.418179 13 13 13.427376 9500
    725 13 13 13.428179 13 13 13.437455 9500
    726 13 13 13.438200 13 13 13.447390 9500
    727 13 13 13.448178 13 13 13.457383 9500
    728 13 13 13.458180 13 13 13.467895 9500
    729 13 13 13.468232 13 13 13.477769 9500
    730 13 13 13.478251 13 13 13.487600 9500
    731 13 13 13.488182 13 13 13.498060 9500
    732 13 13 13.498250 13 13 13.508945 9500
    733 13 13 13.508191 13 13 13.517770 9500
    734 13 13 13.518209 13 13 13.528180 9500
    735 13 13 13.528211 13 13 13.537765 9500
    736 13 13 13.538252 13 13 13.547743 9500
    737 13 13 13.548242 13 13 13.557684 9500
    738 13 13 13.558249 13 13 13.567581 9500
    739 13 13 13.568236 13 13 13.577671 9500
    740 13 13 13.578281 13 13 13.587640 9500
    741 13 13 13.588226 13 13 13.597457 9500
    742 13 13 13.598183 13 13 13.607364 9500
    743 13 13 13.608180 13 13 13.617418 9500
    744 13 13 13.618237 13 13 13.628526 9500
    745 13 13 13.628175 13 13 13.637396 9500
    746 13 13 13.638180 13 13 13.647363 9500
    747 13 13 13.648177 13 13 13.657393 9500
    748 13 13 13.658181 13 13 13.667809 9500
    749 13 13 13.668241 13 13 13.678413 9500
    750 13 13 13.678188 13 13 13.693578 9500
    751 13 13 13.688247 13 13 13.701378 9500
    752 13 13 13.698190 13 13 13.710826 9500
    753 13 13 13.708254 13 13 13.719417 9500
    754 13 13 13.718258 13 13 13.728764 9500
    755 13 13 13.728184 13 13 13.738331 9500
    756 13 13 13.738381 13 13 13.748004 9500
    757 13 13 13.748326 13 13 13.758732 9500
    758 13 13 13.758293 13 13 13.767856 9500
    759 13 13 13.768387 13 13 13.777929 9500
    760 13 13 13.778254 13 13 13.787677 9500
    761 13 13 13.788266 13 13 13.797826 9500
    762 13 13 13.798313 13 13 13.807719 9500
    763 13 13 13.808249 13 13 13.817804 9500
    764 13 13 13.818186 13 13 13.827382 9500
    765 13 13 13.828167 13 13 13.837415 9500
    766 13 13 13.838169 13 13 13.847364 9500
    767 13 13 13.848167 13 13 13.857433 9500
    768 13 13 13.858190 13 13 13.868567 9500
    769 13 13 13.868259 13 13 13.877724 9500
    770 13 13 13.878173 13 13 13.887724 9500
    771 13 13 13.888242 13 13 13.897631 9500
    772 13 13 13.898281 13 13 13.907735 9500
    773 13 13 13.908241 13 13 13.917562 9500
    774 13 13 13.918179 13 13 13.927930 9500
    775 13 13 13.928250 13 13 13.937590 9500
    776 13 13 13.938199 13 13 13.947839 9500
    777 13 13 13.948188 13 13 13.957774 9500
    778 13 13 13.958176 13 13 13.967600 9500
    779 13 13 13.968235 13 13 13.977933 9500
    780 13 13 13.978246 13 13 13.987844 9500
    781 13 13 13.988246 13 13 13.997636 9500
    782 13 13 13.998245 13 13 14.008615 9500
    783 13 13 14.008300 13 13 14.017530 9500
    784 13 13 14.018224 13 13 14.027416 9500
    785 13 13 14.028180 13 13 14.037404 9500
    786 13 13 14.038282 13 13 14.048510 9500
    787 13 13 14.048189 13 13 14.057394 9500
    788 13 13 14.058182 13 13 14.067802 9500
    789 13 13 14.068296 13 13 14.077688 9500
    790 13 13 14.078253 13 13 14.087630 9500
    791 13 13 14.088243 13 13 14.097573 9500
    792 13 13 14.098210 13 13 14.107609 9500
    793 13 13 14.108180 13 13 14.117485 9500
    794 13 13 14.118280 13 13 14.128683 9500
    795 13 13 14.128225 13 13 14.137809 9500
    796 13 13 14.138251 13 13 14.148281 9500
    797 13 13 14.148208 13 13 14.158433 9500
    798 13 13 14.158291 13 13 14.167690 9500
    799 13 13 14.168246 13 13 14.177647 9500
    800 13 13 14.178247 13 13 14.193678 9500
    801 13 13 14.188290 13 13 14.201380 9500
    802 13 13 14.198145 13 13 14.209419 9500
    803 13 13 14.208176 13 13 14.217487 9500
    804 13 13 14.218184 13 13 14.227491 9500
    805 13 13 14.228180 13 13 14.237391 9500
    806 13 13 14.238198 13 13 14.247389 9500
    807 13 13 14.248182 13 13 14.257405 9500
    808 13 13 14.258181 13 13 14.267886 9500
    809 13 13 14.268290 13 13 14.277907 9500
    810 13 13 14.278264 13 13 14.287689 9500
    811 13 13 14.288256 13 13 14.297717 9500
    812 13 13 14.298251 13 13 14.307639 9500
    813 13 13 14.308180 13 13 14.317427 9500
    814 13 13 14.318253 13 13 14.329371 9500
    815 13 13 14.328291 13 13 14.337680 9500
    816 13 13 14.338276 13 13 14.347701 9500
    817 13 13 14.348238 13 13 14.357746 9500
    818 13 13 14.358240 13 13 14.367680 9500
    819 13 13 14.368182 13 13 14.377573 9500
    820 13 13 14.378242 13 13 14.387620 9500
    821 13 13 14.388234 13 13 14.397617 9500
    822 13 13 14.398262 13 13 14.407434 9500
    823 13 13 14.408179 13 13 14.417377 9500
    824 13 13 14.418177 13 13 14.427403 9500
    825 13 13 14.428181 13 13 14.437378 9500
    826 13 13 14.438181 13 13 14.448520 9500
    827 13 13 14.448176 13 13 14.457385 9500
    828 13 13 14.458256 13 13 14.468669 9500
    829 13 13 14.468209 13 13 14.477550 9500
    830 13 13 14.478184 13 13 14.487645 9500
    831 13 13 14.488243 13 13 14.497842 9500
    832 13 13 14.498281 13 13 14.507657 9500
    833 13 13 14.508245 13 13 14.518340 9500
    834 13 13 14.518283 13 13 14.528513 9500
    835 13 13 14.528292 13 13 14.538671 9500
    836 13 13 14.538202 13 13 14.547767 9500
    837 13 13 14.548254 13 13 14.557857 9500
    838 13 13 14.558310 13 13 14.567707 9500
    839 13 13 14.568236 13 13 14.577788 9500
    840 13 13 14.578317 13 13 14.588582 9500
    841 13 13 14.588295 13 13 14.597751 9500
    842 13 13 14.598300 13 13 14.607856 9500
    843 13 13 14.608346 13 13 14.617820 9500
    844 13 13 14.618316 13 13 14.628296 9500
    845 13 13 14.628394 13 13 14.637750 9500
    846 13 13 14.638237 13 13 14.647491 9500
    847 13 13 14.648180 13 13 14.657467 9500
    848 13 13 14.658182 13 13 14.668390 9500
    849 13 13 14.668245 13 13 14.677896 9500
    850 13 13 14.678345 13 13 14.693801 9500
    851 13 13 14.688216 13 13 14.701705 9500
    852 13 13 14.698342 13 13 14.709806 9500
    853 13 13 14.708273 13 13 14.717788 9500
    854 13 13 14.718251 13 13 14.727553 9500
    855 13 13 14.728170 13 13 14.737977 9500
    856 13 13 14.738516 13 13 14.748449 9500
    857 13 13 14.748326 13 13 14.758751 9500
    858 13 13 14.758480 13 13 14.768724 9500
    859 13 13 14.768311 13 13 14.778140 9500
    860 13 13 14.778226 13 13 14.788126 9500
    861 13 13 14.788197 13 13 14.797826 9500
    862 13 13 14.798287 13 13 14.807919 9500
    863 13 13 14.808282 13 13 14.817655 9500
    864 13 13 14.818256 13 13 14.827709 9500
    865 13 13 14.828357 13 13 14.837814 9500
    866 13 13 14.838250 13 13 14.848706 9500
    867 13 13 14.848380 13 13 14.857632 9500
    868 13 13 14.858193 13 13 14.869457 9500
    869 13 13 14.868290 13 13 14.878645 9500
    870 13 13 14.878472 13 13 14.888567 9500
    871 13 13 14.888305 13 13 14.897729 9500
    872 13 13 14.898421 13 13 14.907852 9500
    873 13 13 14.908246 13 13 14.917747 9500
    874 13 13 14.918252 13 13 14.927654 9500
    875 13 13 14.928243 13 13 14.937500 9500
    876 13 13 14.938183 13 13 14.947376 9500
    877 13 13 14.948181 13 13 14.959042 9500
    878 13 13 14.958636 13 13 14.968282 9500
    879 13 13 14.968229 13 13 14.977767 9500
    880 13 13 14.979129 13 13 14.988611 9500
    881 13 13 14.988284 13 13 14.997878 9500
    882 13 13 14.998336 13 13 15.008279 9500
    883 13 13 15.008217 13 13 15.017851 9500
    884 13 13 15.018252 13 13 15.027649 9500
    885 13 13 15.028207 13 13 15.037717 9500
    886 13 13 15.038265 13 13 15.047819 9500
    887 13 13 15.048270 13 13 15.058346 9500
    888 13 13 15.058256 13 13 15.068046 9500
    889 13 13 15.068258 13 13 15.078402 9500
    890 13 13 15.078215 13 13 15.087930 9500
    891 13 13 15.088990 13 13 15.098589 9500
    892 13 13 15.098202 13 13 15.107658 9500
    893 13 13 15.108238 13 13 15.117679 9500
    894 13 13 15.118204 13 13 15.127622 9500
    895 13 13 15.128180 13 13 15.137387 9500
    896 13 13 15.138182 13 13 15.147462 9500
    897 13 13 15.148210 13 13 15.157602 9500
    898 13 13 15.158212 13 13 15.169375 9500
    899 13 13 15.168881 13 13 15.179187 9500
    900 13 13 15.178260 13 13 15.193733 9500
    901 13 13 15.188185 13 13 15.201691 9500
    902 13 13 15.198216 13 13 15.209581 9500
    903 13 13 15.208228 13 13 15.217658 9500
    904 13 13 15.218254 13 13 15.230453 9500
    905 13 13 15.230377 13 13 15.239822 9500
    906 13 13 15.238184 13 13 15.247821 9500
    907 13 13 15.248243 13 13 15.257701 9500
    908 13 13 15.258209 13 13 15.267794 9500
    909 13 13 15.268271 13 13 15.278047 9500
    910 13 13 15.278244 13 13 15.288470 9500
    911 13 13 15.288361 13 13 15.297924 9500
    912 13 13 15.298282 13 13 15.307629 9500
    913 13 13 15.308256 13 13 15.317814 9500
    914 13 13 15.318244 13 13 15.327695 9500
    915 13 13 15.328371 13 13 15.337754 9500
    916 13 13 15.338184 13 13 15.347395 9500
    917 13 13 15.348179 13 13 15.357386 9500
    918 13 13 15.358181 13 13 15.367665 9500
    919 13 13 15.368335 13 13 15.378436 9500
    920 13 13 15.378211 13 13 15.387788 9500
    921 13 13 15.388289 13 13 15.398168 9500
    922 13 13 15.398334 13 13 15.408521 9500
    923 13 13 15.408241 13 13 15.418490 9500
    924 13 13 15.418243 13 13 15.427735 9500
    925 13 13 15.428245 13 13 15.437633 9500
    926 13 13 15.438197 13 13 15.448664 9500
    927 13 13 15.448603 13 13 15.457824 9500
    928 13 13 15.458185 13 13 15.467397 9500
    929 13 13 15.468258 13 13 15.478929 9500
    930 13 13 15.478248 13 13 15.487636 9500
    931 13 13 15.488250 13 13 15.497676 9500
    932 13 13 15.498245 13 13 15.507676 9500
    933 13 13 15.508262 13 13 15.517642 9500
    934 13 13 15.518181 13 13 15.527350 9500
    935 13 13 15.528145 13 13 15.537492 9500
    936 13 13 15.538173 13 13 15.549544 9500
    937 13 13 15.549391 13 13 15.558609 9500
    938 13 13 15.558173 13 13 15.567510 9500
    939 13 13 15.568244 13 13 15.578312 9500
    940 13 13 15.578248 13 13 15.588843 9500
    941 13 13 15.588509 13 13 15.598006 9500
    942 13 13 15.598202 13 13 15.607867 9500
    943 13 13 15.608242 13 13 15.617663 9500
    944 13 13 15.618252 13 13 15.627914 9500
    945 13 13 15.628240 13 13 15.637653 9500
    946 13 13 15.638182 13 13 15.647634 9500
    947 13 13 15.648244 13 13 15.657541 9500
    948 13 13 15.658184 13 13 15.667498 9500
    949 13 13 15.668291 13 13 15.677678 9500
    950 13 13 15.678245 13 13 15.693616 9500
    951 13 13 15.688181 13 13 15.701544 9500
    952 13 13 15.698133 13 13 15.709562 9500
    953 13 13 15.708290 13 13 15.718429 9500
    954 13 13 15.718218 13 13 15.727415 9500
    955 13 13 15.728179 13 13 15.737358 9500
    956 13 13 15.738213 13 13 15.747424 9500
    957 13 13 15.748179 13 13 15.757377 9500
    958 13 13 15.758181 13 13 15.767827 9500
    959 13 13 15.768309 13 13 15.779700 9500
    960 13 13 15.779040 13 13 15.788790 9500
    961 13 13 15.788252 13 13 15.798033 9500
    962 13 13 15.798256 13 13 15.807686 9500
    963 13 13 15.808246 13 13 15.817703 9500
    964 13 13 15.818248 13 13 15.827676 9500
    965 13 13 15.828245 13 13 15.837664 9500
    966 13 13 15.838240 13 13 15.847702 9500
    967 13 13 15.848259 13 13 15.857696 9500
    968 13 13 15.858273 13 13 15.867729 9500
    969 13 13 15.868131 13 13 15.878075 9500
    970 13 13 15.878194 13 13 15.888275 9500
    971 13 13 15.888206 13 13 15.897729 9500
    972 13 13 15.898212 13 13 15.907638 9500
    973 13 13 15.908239 13 13 15.917619 9500
    974 13 13 15.918247 13 13 15.927599 9500
    975 13 13 15.928181 13 13 15.937371 9500
    976 13 13 15.938181 13 13 15.947393 9500
    977 13 13 15.948180 13 13 15.957392 9500
    978 13 13 15.958182 13 13 15.968394 9500
    979 13 13 15.968171 13 13 15.978351 9500
    980 13 13 15.978282 13 13 15.988307 9500
    981 13 13 15.988248 13 13 15.997583 9500
    982 13 13 15.998248 13 13 16.007691 9500
    983 13 13 16.008241 13 13 16.017801 9500
    984 13 13 16.018246 13 13 16.027598 9500
    985 13 13 16.028242 13 13 16.037620 9500
    986 13 13 16.038183 13 13 16.047654 9500
    987 13 13 16.048244 13 13 16.057643 9500
    988 13 13 16.058285 13 13 16.067485 9500
    989 13 13 16.068208 13 13 16.078040 9500
    990 13 13 16.078251 13 13 16.088325 9500
    991 13 13 16.088271 13 13 16.097595 9500
    992 13 13 16.098234 13 13 16.107610 9500
    993 13 13 16.108263 13 13 16.117702 9500
    994 13 13 16.118251 13 13 16.127756 9500
    995 13 13 16.128184 13 13 16.137405 9500
    996 13 13 16.138183 13 13 16.147373 9500
    997 13 13 16.148179 13 13 16.157412 9500
    998 13 13 16.158183 13 13 16.168366 9500
    999 13 13 16.168306 13 13 16.178960 9500
   1000 13 13 16.178255 13 13 16.194203 9500
