      1 13 16 8.455638 13 16 8.455638 11000
      2 13 16 8.465683 13 16 8.465683 11000
      3 13 16 8.475894 13 16 8.475894 11000
      4 13 16 8.485787 13 16 8.485787 11000
      5 13 16 8.495725 13 16 8.495725 11000
      6 13 16 8.505712 13 16 8.505712 11000
      7 13 16 8.515720 13 16 8.515720 11000
      8 13 16 8.525745 13 16 8.525745 11000
      9 13 16 8.535736 13 16 8.535736 11000
     10 13 16 8.545721 13 16 8.545721 11000
     11 13 16 8.555723 13 16 8.555723 11000
     12 13 16 8.565747 13 16 8.565747 11000
     13 13 16 8.575739 13 16 8.575739 11000
     14 13 16 8.585741 13 16 8.585741 11000
     15 13 16 8.595736 13 16 8.595736 11000
     16 13 16 8.605743 13 16 8.605743 11000
     17 13 16 8.615726 13 16 8.615726 11000
     18 13 16 8.625740 13 16 8.625740 11000
     19 13 16 8.635747 13 16 8.635747 11000
     20 13 16 8.645675 13 16 8.645675 11000
     21 13 16 8.655780 13 16 8.655780 11000
     22 13 16 8.665739 13 16 8.665739 11000
     23 13 16 8.675734 13 16 8.675734 11000
     24 13 16 8.685736 13 16 8.685736 11000
     25 13 16 8.696901 13 16 8.696901 11000
     26 13 16 8.705738 13 16 8.705738 11000
     27 13 16 8.715704 13 16 8.715704 11000
     28 13 16 8.725735 13 16 8.725735 11000
     29 13 16 8.735737 13 16 8.735737 11000
     30 13 16 8.745739 13 16 8.745739 11000
     31 13 16 8.759311 13 16 8.759311 11000
     32 13 16 8.765774 13 16 8.765774 11000
     33 13 16 8.775731 13 16 8.775731 11000
     34 13 16 8.785740 13 16 8.785740 11000
     35 13 16 8.795740 13 16 8.795740 11000
     36 13 16 8.805775 13 16 8.805775 11000
     37 13 16 8.815737 13 16 8.815737 11000
     38 13 16 8.825737 13 16 8.825737 11000
     39 13 16 8.835734 13 16 8.835734 11000
     40 13 16 8.845738 13 16 8.845738 11000
     41 13 16 8.855736 13 16 8.855736 11000
     42 13 16 8.865743 13 16 8.865743 11000
     43 13 16 8.875754 13 16 8.875754 11000
     44 13 16 8.885790 13 16 8.885790 11000
     45 13 16 8.895780 13 16 8.895780 11000
     46 13 16 8.905742 13 16 8.905742 11000
     47 13 16 8.915736 13 16 8.915736 11000
     48 13 16 8.925732 13 16 8.925732 11000
     49 13 16 8.935736 13 16 8.935736 11000
     50 13 16 8.945778 13 16 8.945778 11000
     51 13 16 8.955752 13 16 8.955752 11000
     52 13 16 8.965752 13 16 8.965752 11000
     53 13 16 8.975742 13 16 8.975742 11000
     54 13 16 8.985768 13 16 8.985768 11000
     55 13 16 8.995768 13 16 8.995768 11000
     56 13 16 9.005741 13 16 9.005741 11000
     57 13 16 9.015741 13 16 9.015741 11000
     58 13 16 9.025750 13 16 9.025750 11000
     59 13 16 9.035748 13 16 9.035748 11000
     60 13 16 9.045743 13 16 9.045743 11000
     61 13 16 9.055740 13 16 9.055740 11000
     62 13 16 9.065747 13 16 9.065747 11000
     63 13 16 9.075737 13 16 9.075737 11000
     64 13 16 9.085736 13 16 9.085736 11000
     65 13 16 9.095736 13 16 9.095736 11000
     66 13 16 9.105793 13 16 9.105793 11000
     67 13 16 9.115740 13 16 9.115740 11000
     68 13 16 9.125738 13 16 9.125738 11000
     69 13 16 9.135783 13 16 9.135783 11000
     70 13 16 9.145737 13 16 9.145737 11000
     71 13 16 9.155737 13 16 9.155737 11000
     72 13 16 9.165744 13 16 9.165744 11000
     73 13 16 9.175758 13 16 9.175758 11000
     74 13 16 9.185738 13 16 9.185738 11000
     75 13 16 9.195736 13 16 9.195736 11000
     76 13 16 9.205724 13 16 9.205724 11000
     77 13 16 9.215721 13 16 9.215721 11000
     78 13 16 9.225756 13 16 9.225756 11000
     79 13 16 9.235735 13 16 9.235735 11000
     80 13 16 9.245741 13 16 9.245741 11000
     81 13 16 9.255734 13 16 9.255734 11000
     82 13 16 9.265810 13 16 9.265810 11000
     83 13 16 9.275736 13 16 9.275736 11000
     84 13 16 9.285738 13 16 9.285738 11000
     85 13 16 9.295735 13 16 9.295735 11000
     86 13 16 9.305740 13 16 9.305740 11000
     87 13 16 9.315735 13 16 9.315735 11000
     88 13 16 9.325789 13 16 9.325789 11000
     89 13 16 9.335779 13 16 9.335779 11000
     90 13 16 9.345760 13 16 9.345760 11000
     91 13 16 9.355736 13 16 9.355736 11000
     92 13 16 9.365740 13 16 9.365740 11000
     93 13 16 9.375737 13 16 9.375737 11000
     94 13 16 9.385738 13 16 9.385738 11000
     95 13 16 9.395735 13 16 9.395735 11000
     96 13 16 9.405735 13 16 9.405735 11000
     97 13 16 9.415736 13 16 9.415736 11000
     98 13 16 9.425736 13 16 9.425736 11000
     99 13 16 9.435727 13 16 9.435727 11000
    100 13 16 9.445722 13 16 9.445722 11000
    101 13 16 9.455745 13 16 9.455745 11000
    102 13 16 9.465725 13 16 9.465725 11000
    103 13 16 9.475690 13 16 9.475690 11000
    104 13 16 9.485727 13 16 9.485727 11000
    105 13 16 9.495673 13 16 9.495673 11000
    106 13 16 9.505725 13 16 9.505725 11000
    107 13 16 9.515739 13 16 9.515739 11000
    108 13 16 9.525741 13 16 9.525741 11000
    109 13 16 9.535724 13 16 9.535724 11000
    110 13 16 9.545745 13 16 9.545745 11000
    111 13 16 9.555735 13 16 9.555735 11000
    112 13 16 9.565753 13 16 9.565753 11000
    113 13 16 9.575710 13 16 9.575710 11000
    114 13 16 9.585687 13 16 9.585687 11000
    115 13 16 9.595736 13 16 9.595736 11000
    116 13 16 9.605738 13 16 9.605738 11000
    117 13 16 9.615736 13 16 9.615736 11000
    118 13 16 9.625738 13 16 9.625738 11000
    119 13 16 9.635737 13 16 9.635737 11000
    120 13 16 9.645740 13 16 9.645740 11000
    121 13 16 9.655739 13 16 9.655739 11000
    122 13 16 9.665739 13 16 9.665739 11000
    123 13 16 9.675736 13 16 9.675736 11000
    124 13 16 9.685736 13 16 9.685736 11000
    125 13 16 9.695736 13 16 9.695736 11000
    126 13 16 9.705735 13 16 9.705735 11000
    127 13 16 9.715737 13 16 9.715737 11000
    128 13 16 9.725737 13 16 9.725737 11000
    129 13 16 9.735735 13 16 9.735735 11000
    130 13 16 9.745739 13 16 9.745739 11000
    131 13 16 9.755736 13 16 9.755736 11000
    132 13 16 9.765739 13 16 9.765739 11000
    133 13 16 9.775741 13 16 9.775741 11000
    134 13 16 9.785766 13 16 9.785766 11000
    135 13 16 9.795738 13 16 9.795738 11000
    136 13 16 9.805737 13 16 9.805737 11000
    137 13 16 9.815735 13 16 9.815735 11000
    138 13 16 9.825735 13 16 9.825735 11000
    139 13 16 9.835734 13 16 9.835734 11000
    140 13 16 9.845765 13 16 9.845765 11000
    141 13 16 9.855741 13 16 9.855741 11000
    142 13 16 9.865738 13 16 9.865738 11000
    143 13 16 9.875737 13 16 9.875737 11000
    144 13 16 9.885735 13 16 9.885735 11000
    145 13 16 9.895735 13 16 9.895735 11000
    146 13 16 9.905737 13 16 9.905737 11000
    147 13 16 9.915736 13 16 9.915736 11000
    148 13 16 9.925736 13 16 9.925736 11000
    149 13 16 9.935748 13 16 9.935748 11000
    150 13 16 9.945740 13 16 9.945740 11000
    151 13 16 9.955738 13 16 9.955738 11000
    152 13 16 9.965740 13 16 9.965740 11000
    153 13 16 9.975752 13 16 9.975752 11000
    154 13 16 9.985742 13 16 9.985742 11000
    155 13 16 9.995739 13 16 9.995739 11000
    156 13 16 10.005753 13 16 10.005753 11000
    157 13 16 10.015738 13 16 10.015738 11000
    158 13 16 10.025684 13 16 10.025684 11000
    159 13 16 10.035735 13 16 10.035735 11000
    160 13 16 10.045738 13 16 10.045738 11000
    161 13 16 10.055735 13 16 10.055735 11000
    162 13 16 10.065813 13 16 10.065813 11000
    163 13 16 10.075758 13 16 10.075758 11000
    164 13 16 10.085722 13 16 10.085722 11000
    165 13 16 10.095736 13 16 10.095736 11000
    166 13 16 10.105736 13 16 10.105736 11000
    167 13 16 10.115736 13 16 10.115736 11000
    168 13 16 10.125809 13 16 10.125809 11000
    169 13 16 10.135794 13 16 10.135794 11000
    170 13 16 10.145742 13 16 10.145742 11000
    171 13 16 10.155798 13 16 10.155798 11000
    172 13 16 10.165739 13 16 10.165739 11000
    173 13 16 10.175741 13 16 10.175741 11000
    174 13 16 10.185743 13 16 10.185743 11000
    175 13 16 10.195745 13 16 10.195745 11000
    176 13 16 10.205740 13 16 10.205740 11000
    177 13 16 10.215737 13 16 10.215737 11000
    178 13 16 10.225792 13 16 10.225792 11000
    179 13 16 10.235732 13 16 10.235732 11000
    180 13 16 10.245737 13 16 10.245737 11000
    181 13 16 10.255736 13 16 10.255736 11000
    182 13 16 10.265738 13 16 10.265738 11000
    183 13 16 10.275748 13 16 10.275748 11000
    184 13 16 10.285742 13 16 10.285742 11000
    185 13 16 10.295742 13 16 10.295742 11000
    186 13 16 10.305733 13 16 10.305733 11000
    187 13 16 10.315725 13 16 10.315725 11000
    188 13 16 10.325727 13 16 10.325727 11000
    189 13 16 10.335722 13 16 10.335722 11000
    190 13 16 10.345727 13 16 10.345727 11000
    191 13 16 10.355729 13 16 10.355729 11000
    192 13 16 10.365738 13 16 10.365738 11000
    193 13 16 10.375740 13 16 10.375740 11000
    194 13 16 10.385740 13 16 10.385740 11000
    195 13 16 10.395789 13 16 10.395789 11000
    196 13 16 10.405739 13 16 10.405739 11000
    197 13 16 10.415722 13 16 10.415722 11000
    198 13 16 10.425750 13 16 10.425750 11000
    199 13 16 10.435722 13 16 10.435722 11000
    200 13 16 10.445745 13 16 10.445745 11000
    201 13 16 10.455724 13 16 10.455724 11000
    202 13 16 10.465740 13 16 10.465740 11000
    203 13 16 10.475733 13 16 10.475733 11000
    204 13 16 10.485725 13 16 10.485725 11000
    205 13 16 10.495739 13 16 10.495739 11000
    206 13 16 10.505750 13 16 10.505750 11000
    207 13 16 10.515727 13 16 10.515727 11000
    208 13 16 10.525786 13 16 10.525786 11000
    209 13 16 10.535736 13 16 10.535736 11000
    210 13 16 10.545723 13 16 10.545723 11000
    211 13 16 10.555721 13 16 10.555721 11000
    212 13 16 10.565727 13 16 10.565727 11000
    213 13 16 10.575749 13 16 10.575749 11000
    214 13 16 10.585741 13 16 10.585741 11000
    215 13 16 10.595738 13 16 10.595738 11000
    216 13 16 10.605740 13 16 10.605740 11000
    217 13 16 10.615738 13 16 10.615738 11000
    218 13 16 10.625747 13 16 10.625747 11000
    219 13 16 10.635737 13 16 10.635737 11000
    220 13 16 10.645737 13 16 10.645737 11000
    221 13 16 10.655737 13 16 10.655737 11000
    222 13 16 10.665756 13 16 10.665756 11000
    223 13 16 10.675737 13 16 10.675737 11000
    224 13 16 10.685736 13 16 10.685736 11000
    225 13 16 10.695745 13 16 10.695745 11000
    226 13 16 10.705738 13 16 10.705738 11000
    227 13 16 10.715737 13 16 10.715737 11000
    228 13 16 10.725744 13 16 10.725744 11000
    229 13 16 10.735737 13 16 10.735737 11000
    230 13 16 10.745737 13 16 10.745737 11000
    231 13 16 10.755736 13 16 10.755736 11000
    232 13 16 10.765741 13 16 10.765741 11000
    233 13 16 10.782934 13 16 10.782934 11000
    234 13 16 10.785875 13 16 10.785875 11000
    235 13 16 10.795743 13 16 10.795743 11000
    236 13 16 10.805846 13 16 10.805846 11000
    237 13 16 10.815737 13 16 10.815737 11000
    238 13 16 10.825739 13 16 10.825739 11000
    239 13 16 10.835734 13 16 10.835734 11000
    240 13 16 10.845739 13 16 10.845739 11000
    241 13 16 10.855741 13 16 10.855741 11000
    242 13 16 10.865707 13 16 10.865707 11000
    243 13 16 10.875764 13 16 10.875764 11000
    244 13 16 10.885742 13 16 10.885742 11000
    245 13 16 10.895761 13 16 10.895761 11000
    246 13 16 10.905737 13 16 10.905737 11000
    247 13 16 10.915734 13 16 10.915734 11000
    248 13 16 10.925739 13 16 10.925739 11000
    249 13 16 10.935750 13 16 10.935750 11000
    250 13 16 10.945755 13 16 10.945755 11000
    251 13 16 10.955752 13 16 10.955752 11000
    252 13 16 10.965728 13 16 10.965728 11000
    253 13 16 10.975733 13 16 10.975733 11000
    254 13 16 10.985754 13 16 10.985754 11000
    255 13 16 10.995729 13 16 10.995729 11000
    256 13 16 11.006109 13 16 11.006109 11000
    257 13 16 11.015755 13 16 11.015755 11000
    258 13 16 11.025696 13 16 11.025696 11000
    259 13 16 11.035750 13 16 11.035750 11000
    260 13 16 11.045816 13 16 11.045816 11000
    261 13 16 11.055806 13 16 11.055806 11000
    262 13 16 11.065725 13 16 11.065725 11000
    263 13 16 11.075735 13 16 11.075735 11000
    264 13 16 11.085914 13 16 11.085914 11000
    265 13 16 11.095738 13 16 11.095738 11000
    266 13 16 11.105764 13 16 11.105764 11000
    267 13 16 11.115736 13 16 11.115736 11000
    268 13 16 11.125735 13 16 11.125735 11000
    269 13 16 11.135735 13 16 11.135735 11000
    270 13 16 11.145759 13 16 11.145759 11000
    271 13 16 11.155737 13 16 11.155737 11000
    272 13 16 11.165706 13 16 11.165706 11000
    273 13 16 11.175739 13 16 11.175739 11000
    274 13 16 11.185750 13 16 11.185750 11000
    275 13 16 11.195748 13 16 11.195748 11000
    276 13 16 11.205806 13 16 11.205806 11000
    277 13 16 11.215737 13 16 11.215737 11000
    278 13 16 11.225737 13 16 11.225737 11000
    279 13 16 11.235735 13 16 11.235735 11000
    280 13 16 11.245723 13 16 11.245723 11000
    281 13 16 11.255724 13 16 11.255724 11000
    282 13 16 11.265738 13 16 11.265738 11000
    283 13 16 11.275736 13 16 11.275736 11000
    284 13 16 11.285738 13 16 11.285738 11000
    285 13 16 11.295749 13 16 11.295749 11000
    286 13 16 11.305742 13 16 11.305742 11000
    287 13 16 11.315739 13 16 11.315739 11000
    288 13 16 11.325737 13 16 11.325737 11000
    289 13 16 11.335751 13 16 11.335751 11000
    290 13 16 11.345736 13 16 11.345736 11000
    291 13 16 11.355736 13 16 11.355736 11000
    292 13 16 11.365738 13 16 11.365738 11000
    293 13 16 11.375737 13 16 11.375737 11000
    294 13 16 11.385737 13 16 11.385737 11000
    295 13 16 11.395737 13 16 11.395737 11000
    296 13 16 11.405739 13 16 11.405739 11000
    297 13 16 11.415736 13 16 11.415736 11000
    298 13 16 11.425736 13 16 11.425736 11000
    299 13 16 11.435741 13 16 11.435741 11000
    300 13 16 11.445736 13 16 11.445736 11000
    301 13 16 11.455738 13 16 11.455738 11000
    302 13 16 11.465740 13 16 11.465740 11000
    303 13 16 11.475737 13 16 11.475737 11000
    304 13 16 11.485685 13 16 11.485685 11000
    305 13 16 11.495739 13 16 11.495739 11000
    306 13 16 11.505739 13 16 11.505739 11000
    307 13 16 11.515739 13 16 11.515739 11000
    308 13 16 11.525752 13 16 11.525752 11000
    309 13 16 11.535736 13 16 11.535736 11000
    310 13 16 11.545737 13 16 11.545737 11000
    311 13 16 11.555735 13 16 11.555735 11000
    312 13 16 11.565739 13 16 11.565739 11000
    313 13 16 11.575741 13 16 11.575741 11000
    314 13 16 11.585741 13 16 11.585741 11000
    315 13 16 11.595732 13 16 11.595732 11000
    316 13 16 11.605736 13 16 11.605736 11000
    317 13 16 11.615738 13 16 11.615738 11000
    318 13 16 11.625737 13 16 11.625737 11000
    319 13 16 11.635737 13 16 11.635737 11000
    320 13 16 11.645737 13 16 11.645737 11000
    321 13 16 11.655735 13 16 11.655735 11000
    322 13 16 11.665737 13 16 11.665737 11000
    323 13 16 11.675736 13 16 11.675736 11000
    324 13 16 11.685800 13 16 11.685800 11000
    325 13 16 11.695738 13 16 11.695738 11000
    326 13 16 11.705738 13 16 11.705738 11000
    327 13 16 11.715735 13 16 11.715735 11000
    328 13 16 11.725737 13 16 11.725737 11000
    329 13 16 11.735739 13 16 11.735739 11000
    330 13 16 11.745737 13 16 11.745737 11000
    331 13 16 11.755736 13 16 11.755736 11000
    332 13 16 11.765741 13 16 11.765741 11000
    333 13 16 11.775738 13 16 11.775738 11000
    334 13 16 11.785738 13 16 11.785738 11000
    335 13 16 11.795735 13 16 11.795735 11000
    336 13 16 11.805740 13 16 11.805740 11000
    337 13 16 11.818756 13 16 11.818756 11000
    338 13 16 11.825749 13 16 11.825749 11000
    339 13 16 11.835751 13 16 11.835751 11000
    340 13 16 11.845753 13 16 11.845753 11000
    341 13 16 11.855753 13 16 11.855753 11000
    342 13 16 11.865743 13 16 11.865743 11000
    343 13 16 11.875742 13 16 11.875742 11000
    344 13 16 11.885739 13 16 11.885739 11000
    345 13 16 11.895742 13 16 11.895742 11000
    346 13 16 11.905737 13 16 11.905737 11000
    347 13 16 11.915741 13 16 11.915741 11000
    348 13 16 11.925743 13 16 11.925743 11000
    349 13 16 11.935738 13 16 11.935738 11000
    350 13 16 11.945855 13 16 11.945855 11000
    351 13 16 11.955757 13 16 11.955757 11000
    352 13 16 11.965806 13 16 11.965806 11000
    353 13 16 11.975832 13 16 11.975832 11000
    354 13 16 11.985742 13 16 11.985742 11000
    355 13 16 11.995734 13 16 11.995734 11000
    356 13 16 12.005703 13 16 12.005703 11000
    357 13 16 12.015743 13 16 12.015743 11000
    358 13 16 12.025764 13 16 12.025764 11000
    359 13 16 12.035743 13 16 12.035743 11000
    360 13 16 12.045738 13 16 12.045738 11000
    361 13 16 12.055730 13 16 12.055730 11000
    362 13 16 12.065887 13 16 12.065887 11000
    363 13 16 12.075735 13 16 12.075735 11000
    364 13 16 12.085737 13 16 12.085737 11000
    365 13 16 12.095738 13 16 12.095738 11000
    366 13 16 12.105734 13 16 12.105734 11000
    367 13 16 12.115736 13 16 12.115736 11000
    368 13 16 12.125737 13 16 12.125737 11000
    369 13 16 12.135735 13 16 12.135735 11000
    370 13 16 12.145735 13 16 12.145735 11000
    371 13 16 12.155735 13 16 12.155735 11000
    372 13 16 12.165739 13 16 12.165739 11000
    373 13 16 12.175748 13 16 12.175748 11000
    374 13 16 12.185741 13 16 12.185741 11000
    375 13 16 12.195738 13 16 12.195738 11000
    376 13 16 12.205735 13 16 12.205735 11000
    377 13 16 12.215764 13 16 12.215764 11000
    378 13 16 12.225737 13 16 12.225737 11000
    379 13 16 12.235735 13 16 12.235735 11000
    380 13 16 12.245722 13 16 12.245722 11000
    381 13 16 12.255952 13 16 12.255952 11000
    382 13 16 12.265741 13 16 12.265741 11000
    383 13 16 12.275736 13 16 12.275736 11000
    384 13 16 12.285738 13 16 12.285738 11000
    385 13 16 12.295737 13 16 12.295737 11000
    386 13 16 12.305737 13 16 12.305737 11000
    387 13 16 12.315735 13 16 12.315735 11000
    388 13 16 12.325734 13 16 12.325734 11000
    389 13 16 12.335746 13 16 12.335746 11000
    390 13 16 12.345739 13 16 12.345739 11000
    391 13 16 12.355738 13 16 12.355738 11000
    392 13 16 12.365738 13 16 12.365738 11000
    393 13 16 12.375735 13 16 12.375735 11000
    394 13 16 12.385737 13 16 12.385737 11000
    395 13 16 12.395739 13 16 12.395739 11000
    396 13 16 12.405761 13 16 12.405761 11000
    397 13 16 12.415736 13 16 12.415736 11000
    398 13 16 12.425746 13 16 12.425746 11000
    399 13 16 12.435736 13 16 12.435736 11000
    400 13 16 12.445729 13 16 12.445729 11000
    401 13 16 12.455795 13 16 12.455795 11000
    402 13 16 12.465726 13 16 12.465726 11000
    403 13 16 12.475706 13 16 12.475706 11000
    404 13 16 12.485727 13 16 12.485727 11000
    405 13 16 12.495725 13 16 12.495725 11000
    406 13 16 12.505741 13 16 12.505741 11000
    407 13 16 12.515726 13 16 12.515726 11000
    408 13 16 12.525741 13 16 12.525741 11000
    409 13 16 12.535736 13 16 12.535736 11000
    410 13 16 12.545747 13 16 12.545747 11000
    411 13 16 12.555723 13 16 12.555723 11000
    412 13 16 12.565754 13 16 12.565754 11000
    413 13 16 12.575725 13 16 12.575725 11000
    414 13 16 12.585746 13 16 12.585746 11000
    415 13 16 12.595741 13 16 12.595741 11000
    416 13 16 12.605736 13 16 12.605736 11000
    417 13 16 12.615736 13 16 12.615736 11000
    418 13 16 12.625737 13 16 12.625737 11000
    419 13 16 12.635726 13 16 12.635726 11000
    420 13 16 12.645737 13 16 12.645737 11000
    421 13 16 12.655737 13 16 12.655737 11000
    422 13 16 12.665737 13 16 12.665737 11000
    423 13 16 12.675736 13 16 12.675736 11000
    424 13 16 12.685738 13 16 12.685738 11000
    425 13 16 12.695736 13 16 12.695736 11000
    426 13 16 12.705738 13 16 12.705738 11000
    427 13 16 12.715737 13 16 12.715737 11000
    428 13 16 12.725737 13 16 12.725737 11000
    429 13 16 12.735737 13 16 12.735737 11000
    430 13 16 12.745737 13 16 12.745737 11000
    431 13 16 12.755736 13 16 12.755736 11000
    432 13 16 12.765751 13 16 12.765751 11000
    433 13 16 12.775778 13 16 12.775778 11000
    434 13 16 12.785745 13 16 12.785745 11000
    435 13 16 12.795806 13 16 12.795806 11000
    436 13 16 12.805738 13 16 12.805738 11000
    437 13 16 12.815749 13 16 12.815749 11000
    438 13 16 12.825818 13 16 12.825818 11000
    439 13 16 12.835806 13 16 12.835806 11000
    440 13 16 12.845763 13 16 12.845763 11000
    441 13 16 12.855757 13 16 12.855757 11000
    442 13 16 12.865759 13 16 12.865759 11000
    443 13 16 12.875759 13 16 12.875759 11000
    444 13 16 12.885835 13 16 12.885835 11000
    445 13 16 12.895759 13 16 12.895759 11000
    446 13 16 12.905741 13 16 12.905741 11000
    447 13 16 12.915739 13 16 12.915739 11000
    448 13 16 12.925767 13 16 12.925767 11000
    449 13 16 12.935681 13 16 12.935681 11000
    450 13 16 12.945747 13 16 12.945747 11000
    451 13 16 12.955738 13 16 12.955738 11000
    452 13 16 12.965740 13 16 12.965740 11000
    453 13 16 12.975737 13 16 12.975737 11000
    454 13 16 12.985758 13 16 12.985758 11000
    455 13 16 12.995779 13 16 12.995779 11000
    456 13 16 13.005812 13 16 13.005812 11000
    457 13 16 13.015738 13 16 13.015738 11000
    458 13 16 13.025766 13 16 13.025766 11000
    459 13 16 13.035735 13 16 13.035735 11000
    460 13 16 13.046165 13 16 13.046165 11000
    461 13 16 13.055739 13 16 13.055739 11000
    462 13 16 13.065735 13 16 13.065735 11000
    463 13 16 13.075737 13 16 13.075737 11000
    464 13 16 13.085782 13 16 13.085782 11000
    465 13 16 13.095738 13 16 13.095738 11000
    466 13 16 13.105738 13 16 13.105738 11000
    467 13 16 13.115736 13 16 13.115736 11000
    468 13 16 13.125738 13 16 13.125738 11000
    469 13 16 13.135821 13 16 13.135821 11000
    470 13 16 13.145761 13 16 13.145761 11000
    471 13 16 13.155758 13 16 13.155758 11000
    472 13 16 13.165934 13 16 13.165934 11000
    473 13 16 13.175739 13 16 13.175739 11000
    474 13 16 13.185741 13 16 13.185741 11000
    475 13 16 13.195738 13 16 13.195738 11000
    476 13 16 13.205736 13 16 13.205736 11000
    477 13 16 13.215735 13 16 13.215735 11000
    478 13 16 13.225737 13 16 13.225737 11000
    479 13 16 13.235735 13 16 13.235735 11000
    480 13 16 13.245734 13 16 13.245734 11000
    481 13 16 13.255734 13 16 13.255734 11000
    482 13 16 13.265736 13 16 13.265736 11000
    483 13 16 13.275736 13 16 13.275736 11000
    484 13 16 13.285747 13 16 13.285747 11000
    485 13 16 13.295738 13 16 13.295738 11000
    486 13 16 13.305737 13 16 13.305737 11000
    487 13 16 13.315735 13 16 13.315735 11000
    488 13 16 13.325730 13 16 13.325730 11000
    489 13 16 13.335739 13 16 13.335739 11000
    490 13 16 13.345767 13 16 13.345767 11000
    491 13 16 13.355748 13 16 13.355748 11000
    492 13 16 13.365740 13 16 13.365740 11000
    493 13 16 13.375735 13 16 13.375735 11000
    494 13 16 13.385735 13 16 13.385735 11000
    495 13 16 13.395739 13 16 13.395739 11000
    496 13 16 13.405749 13 16 13.405749 11000
    497 13 16 13.415737 13 16 13.415737 11000
    498 13 16 13.425738 13 16 13.425738 11000
    499 13 16 13.435736 13 16 13.435736 11000
    500 13 16 13.445740 13 16 13.445740 11000
    501 13 16 13.455738 13 16 13.455738 11000
    502 13 16 13.465740 13 16 13.465740 11000
    503 13 16 13.475739 13 16 13.475739 11000
    504 13 16 13.485699 13 16 13.485699 11000
    505 13 16 13.495739 13 16 13.495739 11000
    506 13 16 13.505739 13 16 13.505739 11000
    507 13 16 13.515727 13 16 13.515727 11000
    508 13 16 13.525676 13 16 13.525676 11000
    509 13 16 13.535723 13 16 13.535723 11000
    510 13 16 13.545726 13 16 13.545726 11000
    511 13 16 13.555723 13 16 13.555723 11000
    512 13 16 13.565727 13 16 13.565727 11000
    513 13 16 13.575734 13 16 13.575734 11000
    514 13 16 13.585737 13 16 13.585737 11000
    515 13 16 13.595736 13 16 13.595736 11000
    516 13 16 13.605738 13 16 13.605738 11000
    517 13 16 13.615735 13 16 13.615735 11000
    518 13 16 13.625747 13 16 13.625747 11000
    519 13 16 13.635740 13 16 13.635740 11000
    520 13 16 13.645749 13 16 13.645749 11000
    521 13 16 13.655737 13 16 13.655737 11000
    522 13 16 13.665739 13 16 13.665739 11000
    523 13 16 13.675750 13 16 13.675750 11000
    524 13 16 13.685736 13 16 13.685736 11000
    525 13 16 13.695779 13 16 13.695779 11000
    526 13 16 13.705738 13 16 13.705738 11000
    527 13 16 13.715738 13 16 13.715738 11000
    528 13 16 13.725737 13 16 13.725737 11000
    529 13 16 13.735820 13 16 13.735820 11000
    530 13 16 13.745739 13 16 13.745739 11000
    531 13 16 13.755736 13 16 13.755736 11000
    532 13 16 13.765739 13 16 13.765739 11000
    533 13 16 13.775734 13 16 13.775734 11000
    534 13 16 13.785736 13 16 13.785736 11000
    535 13 16 13.795778 13 16 13.795778 11000
    536 13 16 13.805763 13 16 13.805763 11000
    537 13 16 13.815751 13 16 13.815751 11000
    538 13 16 13.825777 13 16 13.825777 11000
    539 13 16 13.835767 13 16 13.835767 11000
    540 13 16 13.845743 13 16 13.845743 11000
    541 13 16 13.855738 13 16 13.855738 11000
    542 13 16 13.865852 13 16 13.865852 11000
    543 13 16 13.875737 13 16 13.875737 11000
    544 13 16 13.885764 13 16 13.885764 11000
    545 13 16 13.895763 13 16 13.895763 11000
    546 13 16 13.905741 13 16 13.905741 11000
    547 13 16 13.915737 13 16 13.915737 11000
    548 13 16 13.925758 13 16 13.925758 11000
    549 13 16 13.935736 13 16 13.935736 11000
    550 13 16 13.945724 13 16 13.945724 11000
    551 13 16 13.955752 13 16 13.955752 11000
    552 13 16 13.965688 13 16 13.965688 11000
    553 13 16 13.975737 13 16 13.975737 11000
    554 13 16 13.985782 13 16 13.985782 11000
    555 13 16 13.995723 13 16 13.995723 11000
    556 13 16 14.005682 13 16 14.005682 11000
    557 13 16 14.015727 13 16 14.015727 11000
    558 13 16 14.025733 13 16 14.025733 11000
    559 13 16 14.035740 13 16 14.035740 11000
    560 13 16 14.045721 13 16 14.045721 11000
    561 13 16 14.055745 13 16 14.055745 11000
    562 13 16 14.065680 13 16 14.065680 11000
    563 13 16 14.075742 13 16 14.075742 11000
    564 13 16 14.085741 13 16 14.085741 11000
    565 13 16 14.095741 13 16 14.095741 11000
    566 13 16 14.105743 13 16 14.105743 11000
    567 13 16 14.115724 13 16 14.115724 11000
    568 13 16 14.125731 13 16 14.125731 11000
    569 13 16 14.135721 13 16 14.135721 11000
    570 13 16 14.145728 13 16 14.145728 11000
    571 13 16 14.155725 13 16 14.155725 11000
    572 13 16 14.165756 13 16 14.165756 11000
    573 13 16 14.175736 13 16 14.175736 11000
    574 13 16 14.185738 13 16 14.185738 11000
    575 13 16 14.195762 13 16 14.195762 11000
    576 13 16 14.205762 13 16 14.205762 11000
    577 13 16 14.215737 13 16 14.215737 11000
    578 13 16 14.225737 13 16 14.225737 11000
    579 13 16 14.235735 13 16 14.235735 11000
    580 13 16 14.245739 13 16 14.245739 11000
    581 13 16 14.255736 13 16 14.255736 11000
    582 13 16 14.265722 13 16 14.265722 11000
    583 13 16 14.275736 13 16 14.275736 11000
    584 13 16 14.285724 13 16 14.285724 11000
    585 13 16 14.295761 13 16 14.295761 11000
    586 13 16 14.305725 13 16 14.305725 11000
    587 13 16 14.315728 13 16 14.315728 11000
    588 13 16 14.326354 13 16 14.326354 11000
    589 13 16 14.335722 13 16 14.335722 11000
    590 13 16 14.345746 13 16 14.345746 11000
    591 13 16 14.355738 13 16 14.355738 11000
    592 13 16 14.365897 13 16 14.365897 11000
    593 13 16 14.375738 13 16 14.375738 11000
    594 13 16 14.385740 13 16 14.385740 11000
    595 13 16 14.395761 13 16 14.395761 11000
    596 13 16 14.405761 13 16 14.405761 11000
    597 13 16 14.415748 13 16 14.415748 11000
    598 13 16 14.425739 13 16 14.425739 11000
    599 13 16 14.435736 13 16 14.435736 11000
    600 13 16 14.445745 13 16 14.445745 11000
    601 13 16 14.455736 13 16 14.455736 11000
    602 13 16 14.465726 13 16 14.465726 11000
    603 13 16 14.475725 13 16 14.475725 11000
    604 13 16 14.485709 13 16 14.485709 11000
    605 13 16 14.495739 13 16 14.495739 11000
    606 13 16 14.505741 13 16 14.505741 11000
    607 13 16 14.515738 13 16 14.515738 11000
    608 13 16 14.525693 13 16 14.525693 11000
    609 13 16 14.535736 13 16 14.535736 11000
    610 13 16 14.545735 13 16 14.545735 11000
    611 13 16 14.555735 13 16 14.555735 11000
    612 13 16 14.565739 13 16 14.565739 11000
    613 13 16 14.575779 13 16 14.575779 11000
    614 13 16 14.585737 13 16 14.585737 11000
    615 13 16 14.595736 13 16 14.595736 11000
    616 13 16 14.605736 13 16 14.605736 11000
    617 13 16 14.615736 13 16 14.615736 11000
    618 13 16 14.625737 13 16 14.625737 11000
    619 13 16 14.635747 13 16 14.635747 11000
    620 13 16 14.645739 13 16 14.645739 11000
    621 13 16 14.655741 13 16 14.655741 11000
    622 13 16 14.665796 13 16 14.665796 11000
    623 13 16 14.675764 13 16 14.675764 11000
    624 13 16 14.685738 13 16 14.685738 11000
    625 13 16 14.695734 13 16 14.695734 11000
    626 13 16 14.705736 13 16 14.705736 11000
    627 13 16 14.715842 13 16 14.715842 11000
    628 13 16 14.725756 13 16 14.725756 11000
    629 13 16 14.735756 13 16 14.735756 11000
    630 13 16 14.745753 13 16 14.745753 11000
    631 13 16 14.755736 13 16 14.755736 11000
    632 13 16 14.765800 13 16 14.765800 11000
    633 13 16 14.775734 13 16 14.775734 11000
    634 13 16 14.785736 13 16 14.785736 11000
    635 13 16 14.795750 13 16 14.795750 11000
    636 13 16 14.805737 13 16 14.805737 11000
    637 13 16 14.815735 13 16 14.815735 11000
    638 13 16 14.825739 13 16 14.825739 11000
    639 13 16 14.835737 13 16 14.835737 11000
    640 13 16 14.845739 13 16 14.845739 11000
    641 13 16 14.855738 13 16 14.855738 11000
    642 13 16 14.865755 13 16 14.865755 11000
    643 13 16 14.875742 13 16 14.875742 11000
    644 13 16 14.885828 13 16 14.885828 11000
    645 13 16 14.895742 13 16 14.895742 11000
    646 13 16 14.905739 13 16 14.905739 11000
    647 13 16 14.915734 13 16 14.915734 11000
    648 13 16 14.925736 13 16 14.925736 11000
    649 13 16 14.935722 13 16 14.935722 11000
    650 13 16 14.945748 13 16 14.945748 11000
    651 13 16 14.955757 13 16 14.955757 11000
    652 13 16 14.965685 13 16 14.965685 11000
    653 13 16 14.975725 13 16 14.975725 11000
    654 13 16 14.985704 13 16 14.985704 11000
    655 13 16 14.995703 13 16 14.995703 11000
    656 13 16 15.005731 13 16 15.005731 11000
    657 13 16 15.015738 13 16 15.015738 11000
    658 13 16 15.025693 13 16 15.025693 11000
    659 13 16 15.035735 13 16 15.035735 11000
    660 13 16 15.045737 13 16 15.045737 11000
    661 13 16 15.055735 13 16 15.055735 11000
    662 13 16 15.065737 13 16 15.065737 11000
    663 13 16 15.075737 13 16 15.075737 11000
    664 13 16 15.085724 13 16 15.085724 11000
    665 13 16 15.095731 13 16 15.095731 11000
    666 13 16 15.105724 13 16 15.105724 11000
    667 13 16 15.115740 13 16 15.115740 11000
    668 13 16 15.125740 13 16 15.125740 11000
    669 13 16 15.135681 13 16 15.135681 11000
    670 13 16 15.145739 13 16 15.145739 11000
    671 13 16 15.155737 13 16 15.155737 11000
    672 13 16 15.165739 13 16 15.165739 11000
    673 13 16 15.175738 13 16 15.175738 11000
    674 13 16 15.185762 13 16 15.185762 11000
    675 13 16 15.195785 13 16 15.195785 11000
    676 13 16 15.205738 13 16 15.205738 11000
    677 13 16 15.215737 13 16 15.215737 11000
    678 13 16 15.225739 13 16 15.225739 11000
    679 13 16 15.235735 13 16 15.235735 11000
    680 13 16 15.245737 13 16 15.245737 11000
    681 13 16 15.255734 13 16 15.255734 11000
    682 13 16 15.265736 13 16 15.265736 11000
    683 13 16 15.275734 13 16 15.275734 11000
    684 13 16 15.285736 13 16 15.285736 11000
    685 13 16 15.295735 13 16 15.295735 11000
    686 13 16 15.305737 13 16 15.305737 11000
    687 13 16 15.315737 13 16 15.315737 11000
    688 13 16 15.325737 13 16 15.325737 11000
    689 13 16 15.335746 13 16 15.335746 11000
    690 13 16 15.345738 13 16 15.345738 11000
    691 13 16 15.355736 13 16 15.355736 11000
    692 13 16 15.365766 13 16 15.365766 11000
    693 13 16 15.375738 13 16 15.375738 11000
    694 13 16 15.385737 13 16 15.385737 11000
    695 13 16 15.395735 13 16 15.395735 11000
    696 13 16 15.405737 13 16 15.405737 11000
    697 13 16 15.415741 13 16 15.415741 11000
    698 13 16 15.425738 13 16 15.425738 11000
    699 13 16 15.435734 13 16 15.435734 11000
    700 13 16 15.445738 13 16 15.445738 11000
    701 13 16 15.455723 13 16 15.455723 11000
    702 13 16 15.465678 13 16 15.465678 11000
    703 13 16 15.475749 13 16 15.475749 11000
    704 13 16 15.485690 13 16 15.485690 11000
    705 13 16 15.495741 13 16 15.495741 11000
    706 13 16 15.505715 13 16 15.505715 11000
    707 13 16 15.515727 13 16 15.515727 11000
    708 13 16 15.525698 13 16 15.525698 11000
    709 13 16 15.535723 13 16 15.535723 11000
    710 13 16 15.545743 13 16 15.545743 11000
    711 13 16 15.555728 13 16 15.555728 11000
    712 13 16 15.565742 13 16 15.565742 11000
    713 13 16 15.575737 13 16 15.575737 11000
    714 13 16 15.585741 13 16 15.585741 11000
    715 13 16 15.595739 13 16 15.595739 11000
    716 13 16 15.605738 13 16 15.605738 11000
    717 13 16 15.615743 13 16 15.615743 11000
    718 13 16 15.625737 13 16 15.625737 11000
    719 13 16 15.635739 13 16 15.635739 11000
    720 13 16 15.645739 13 16 15.645739 11000
    721 13 16 15.655737 13 16 15.655737 11000
    722 13 16 15.665746 13 16 15.665746 11000
    723 13 16 15.675736 13 16 15.675736 11000
    724 13 16 15.685736 13 16 15.685736 11000
    725 13 16 15.695745 13 16 15.695745 11000
    726 13 16 15.705747 13 16 15.705747 11000
    727 13 16 15.715745 13 16 15.715745 11000
    728 13 16 15.725790 13 16 15.725790 11000
    729 13 16 15.735759 13 16 15.735759 11000
    730 13 16 15.745743 13 16 15.745743 11000
    731 13 16 15.755736 13 16 15.755736 11000
    732 13 16 15.765741 13 16 15.765741 11000
    733 13 16 15.775734 13 16 15.775734 11000
    734 13 16 15.785738 13 16 15.785738 11000
    735 13 16 15.795740 13 16 15.795740 11000
    736 13 16 15.805816 13 16 15.805816 11000
    737 13 16 15.815780 13 16 15.815780 11000
    738 13 16 15.825737 13 16 15.825737 11000
    739 13 16 15.835810 13 16 15.835810 11000
    740 13 16 15.846195 13 16 15.846195 11000
    741 13 16 15.855750 13 16 15.855750 11000
    742 13 16 15.865755 13 16 15.865755 11000
    743 13 16 15.875738 13 16 15.875738 11000
    744 13 16 15.885740 13 16 15.885740 11000
    745 13 16 15.895747 13 16 15.895747 11000
    746 13 16 15.905739 13 16 15.905739 11000
    747 13 16 15.915736 13 16 15.915736 11000
    748 13 16 15.925748 13 16 15.925748 11000
    749 13 16 15.935746 13 16 15.935746 11000
    750 13 16 15.945793 13 16 15.945793 11000
    751 13 16 15.955733 13 16 15.955733 11000
    752 13 16 15.965837 13 16 15.965837 11000
    753 13 16 15.975726 13 16 15.975726 11000
    754 13 16 15.985922 13 16 15.985922 11000
    755 13 16 15.995701 13 16 15.995701 11000
    756 13 16 16.005732 13 16 16.005732 11000
    757 13 16 16.015731 13 16 16.015731 11000
    758 13 16 16.025728 13 16 16.025728 11000
    759 13 16 16.035737 13 16 16.035737 11000
    760 13 16 16.045725 13 16 16.045725 11000
    761 13 16 16.055725 13 16 16.055725 11000
    762 13 16 16.065729 13 16 16.065729 11000
    763 13 16 16.075748 13 16 16.075748 11000
    764 13 16 16.085746 13 16 16.085746 11000
    765 13 16 16.095727 13 16 16.095727 11000
    766 13 16 16.105727 13 16 16.105727 11000
    767 13 16 16.115725 13 16 16.115725 11000
    768 13 16 16.125744 13 16 16.125744 11000
    769 13 16 16.135757 13 16 16.135757 11000
    770 13 16 16.145762 13 16 16.145762 11000
    771 13 16 16.155739 13 16 16.155739 11000
    772 13 16 16.165738 13 16 16.165738 11000
    773 13 16 16.175761 13 16 16.175761 11000
    774 13 16 16.185750 13 16 16.185750 11000
    775 13 16 16.195679 13 16 16.195679 11000
    776 13 16 16.205736 13 16 16.205736 11000
    777 13 16 16.215731 13 16 16.215731 11000
    778 13 16 16.225733 13 16 16.225733 11000
    779 13 16 16.235730 13 16 16.235730 11000
    780 13 16 16.245749 13 16 16.245749 11000
    781 13 16 16.255742 13 16 16.255742 11000
    782 13 16 16.265737 13 16 16.265737 11000
    783 13 16 16.275735 13 16 16.275735 11000
    784 13 16 16.285737 13 16 16.285737 11000
    785 13 16 16.295781 13 16 16.295781 11000
    786 13 16 16.305740 13 16 16.305740 11000
    787 13 16 16.315730 13 16 16.315730 11000
    788 13 16 16.325738 13 16 16.325738 11000
    789 13 16 16.335737 13 16 16.335737 11000
    790 13 16 16.345741 13 16 16.345741 11000
    791 13 16 16.355736 13 16 16.355736 11000
    792 13 16 16.365739 13 16 16.365739 11000
    793 13 16 16.375737 13 16 16.375737 11000
    794 13 16 16.385736 13 16 16.385736 11000
    795 13 16 16.395742 13 16 16.395742 11000
    796 13 16 16.405739 13 16 16.405739 11000
    797 13 16 16.415738 13 16 16.415738 11000
    798 13 16 16.425737 13 16 16.425737 11000
    799 13 16 16.435735 13 16 16.435735 11000
    800 13 16 16.445737 13 16 16.445737 11000
    801 13 16 16.455738 13 16 16.455738 11000
    802 13 16 16.465740 13 16 16.465740 11000
    803 13 16 16.475705 13 16 16.475705 11000
    804 13 16 16.485703 13 16 16.485703 11000
    805 13 16 16.495740 13 16 16.495740 11000
    806 13 16 16.505742 13 16 16.505742 11000
    807 13 16 16.515741 13 16 16.515741 11000
    808 13 16 16.525698 13 16 16.525698 11000
    809 13 16 16.535738 13 16 16.535738 11000
    810 13 16 16.545784 13 16 16.545784 11000
    811 13 16 16.555756 13 16 16.555756 11000
    812 13 16 16.565760 13 16 16.565760 11000
    813 13 16 16.575741 13 16 16.575741 11000
    814 13 16 16.585737 13 16 16.585737 11000
    815 13 16 16.595736 13 16 16.595736 11000
    816 13 16 16.605737 13 16 16.605737 11000
    817 13 16 16.615748 13 16 16.615748 11000
    818 13 16 16.625810 13 16 16.625810 11000
    819 13 16 16.635737 13 16 16.635737 11000
    820 13 16 16.645737 13 16 16.645737 11000
    821 13 16 16.655735 13 16 16.655735 11000
    822 13 16 16.665738 13 16 16.665738 11000
    823 13 16 16.675753 13 16 16.675753 11000
    824 13 16 16.685742 13 16 16.685742 11000
    825 13 16 16.695758 13 16 16.695758 11000
    826 13 16 16.705740 13 16 16.705740 11000
    827 13 16 16.715737 13 16 16.715737 11000
    828 13 16 16.725737 13 16 16.725737 11000
    829 13 16 16.735813 13 16 16.735813 11000
    830 13 16 16.745736 13 16 16.745736 11000
    831 13 16 16.755738 13 16 16.755738 11000
    832 13 16 16.765799 13 16 16.765799 11000
    833 13 16 16.775742 13 16 16.775742 11000
    834 13 16 16.785750 13 16 16.785750 11000
    835 13 16 16.795774 13 16 16.795774 11000
    836 13 16 16.805761 13 16 16.805761 11000
    837 13 16 16.815747 13 16 16.815747 11000
    838 13 16 16.825799 13 16 16.825799 11000
    839 13 16 16.835763 13 16 16.835763 11000
    840 13 16 16.845731 13 16 16.845731 11000
    841 13 16 16.855738 13 16 16.855738 11000
    842 13 16 16.865738 13 16 16.865738 11000
    843 13 16 16.875740 13 16 16.875740 11000
    844 13 16 16.885730 13 16 16.885730 11000
    845 13 16 16.895738 13 16 16.895738 11000
    846 13 16 16.905736 13 16 16.905736 11000
    847 13 16 16.915729 13 16 16.915729 11000
    848 13 16 16.925774 13 16 16.925774 11000
    849 13 16 16.935735 13 16 16.935735 11000
    850 13 16 16.945723 13 16 16.945723 11000
    851 13 16 16.955762 13 16 16.955762 11000
    852 13 16 16.965748 13 16 16.965748 11000
    853 13 16 16.975730 13 16 16.975730 11000
    854 13 16 16.985746 13 16 16.985746 11000
    855 13 16 16.995701 13 16 16.995701 11000
    856 13 16 17.005728 13 16 17.005728 11000
    857 13 16 17.015820 13 16 17.015820 11000
    858 13 16 17.025726 13 16 17.025726 11000
    859 13 16 17.035744 13 16 17.035744 11000
    860 13 16 17.045725 13 16 17.045725 11000
    861 13 16 17.055745 13 16 17.055745 11000
    862 13 16 17.065729 13 16 17.065729 11000
    863 13 16 17.075777 13 16 17.075777 11000
    864 13 16 17.085740 13 16 17.085740 11000
    865 13 16 17.095735 13 16 17.095735 11000
    866 13 16 17.105729 13 16 17.105729 11000
    867 13 16 17.115739 13 16 17.115739 11000
    868 13 16 17.125741 13 16 17.125741 11000
    869 13 16 17.135721 13 16 17.135721 11000
    870 13 16 17.145738 13 16 17.145738 11000
    871 13 16 17.155723 13 16 17.155723 11000
    872 13 16 17.165734 13 16 17.165734 11000
    873 13 16 17.175737 13 16 17.175737 11000
    874 13 16 17.185741 13 16 17.185741 11000
    875 13 16 17.195743 13 16 17.195743 11000
    876 13 16 17.205724 13 16 17.205724 11000
    877 13 16 17.215724 13 16 17.215724 11000
    878 13 16 17.225729 13 16 17.225729 11000
    879 13 16 17.235730 13 16 17.235730 11000
    880 13 16 17.245743 13 16 17.245743 11000
    881 13 16 17.255735 13 16 17.255735 11000
    882 13 16 17.265736 13 16 17.265736 11000
    883 13 16 17.275735 13 16 17.275735 11000
    884 13 16 17.285740 13 16 17.285740 11000
    885 13 16 17.295736 13 16 17.295736 11000
    886 13 16 17.305738 13 16 17.305738 11000
    887 13 16 17.315735 13 16 17.315735 11000
    888 13 16 17.325737 13 16 17.325737 11000
    889 13 16 17.335734 13 16 17.335734 11000
    890 13 16 17.345739 13 16 17.345739 11000
    891 13 16 17.355747 13 16 17.355747 11000
    892 13 16 17.365739 13 16 17.365739 11000
    893 13 16 17.375765 13 16 17.375765 11000
    894 13 16 17.385739 13 16 17.385739 11000
    895 13 16 17.395738 13 16 17.395738 11000
    896 13 16 17.405737 13 16 17.405737 11000
    897 13 16 17.416295 13 16 17.416295 11000
    898 13 16 17.425737 13 16 17.425737 11000
    899 13 16 17.435736 13 16 17.435736 11000
    900 13 16 17.445737 13 16 17.445737 11000
    901 13 16 17.455739 13 16 17.455739 11000
    902 13 16 17.465727 13 16 17.465727 11000
    903 13 16 17.475718 13 16 17.475718 11000
    904 13 16 17.485741 13 16 17.485741 11000
    905 13 16 17.495753 13 16 17.495753 11000
    906 13 16 17.505742 13 16 17.505742 11000
    907 13 16 17.515737 13 16 17.515737 11000
    908 13 16 17.525684 13 16 17.525684 11000
    909 13 16 17.535734 13 16 17.535734 11000
    910 13 16 17.545749 13 16 17.545749 11000
    911 13 16 17.555737 13 16 17.555737 11000
    912 13 16 17.565739 13 16 17.565739 11000
    913 13 16 17.575749 13 16 17.575749 11000
    914 13 16 17.585743 13 16 17.585743 11000
    915 13 16 17.595738 13 16 17.595738 11000
    916 13 16 17.605737 13 16 17.605737 11000
    917 13 16 17.615736 13 16 17.615736 11000
    918 13 16 17.625750 13 16 17.625750 11000
    919 13 16 17.635735 13 16 17.635735 11000
    920 13 16 17.645748 13 16 17.645748 11000
    921 13 16 17.655747 13 16 17.655747 11000
    922 13 16 17.665735 13 16 17.665735 11000
    923 13 16 17.675748 13 16 17.675748 11000
    924 13 16 17.685752 13 16 17.685752 11000
    925 13 16 17.695747 13 16 17.695747 11000
    926 13 16 17.705736 13 16 17.705736 11000
    927 13 16 17.715735 13 16 17.715735 11000
    928 13 16 17.725736 13 16 17.725736 11000
    929 13 16 17.735735 13 16 17.735735 11000
    930 13 16 17.745740 13 16 17.745740 11000
    931 13 16 17.755735 13 16 17.755735 11000
    932 13 16 17.765724 13 16 17.765724 11000
    933 13 16 17.775735 13 16 17.775735 11000
    934 13 16 17.785737 13 16 17.785737 11000
    935 13 16 17.795808 13 16 17.795808 11000
    936 13 16 17.805748 13 16 17.805748 11000
    937 13 16 17.815737 13 16 17.815737 11000
    938 13 16 17.825738 13 16 17.825738 11000
    939 13 16 17.835734 13 16 17.835734 11000
    940 13 16 17.845735 13 16 17.845735 11000
    941 13 16 17.855754 13 16 17.855754 11000
    942 13 16 17.865739 13 16 17.865739 11000
    943 13 16 17.875737 13 16 17.875737 11000
    944 13 16 17.885750 13 16 17.885750 11000
    945 13 16 17.895738 13 16 17.895738 11000
    946 13 16 17.905740 13 16 17.905740 11000
    947 13 16 17.915735 13 16 17.915735 11000
    948 13 16 17.925736 13 16 17.925736 11000
    949 13 16 17.935781 13 16 17.935781 11000
    950 13 16 17.945738 13 16 17.945738 11000
    951 13 16 17.955722 13 16 17.955722 11000
    952 13 16 17.965747 13 16 17.965747 11000
    953 13 16 17.975735 13 16 17.975735 11000
    954 13 16 17.985728 13 16 17.985728 11000
    955 13 16 17.995725 13 16 17.995725 11000
    956 13 16 18.005728 13 16 18.005728 11000
    957 13 16 18.015740 13 16 18.015740 11000
    958 13 16 18.025687 13 16 18.025687 11000
    959 13 16 18.035734 13 16 18.035734 11000
    960 13 16 18.045736 13 16 18.045736 11000
    961 13 16 18.055737 13 16 18.055737 11000
    962 13 16 18.065736 13 16 18.065736 11000
    963 13 16 18.075721 13 16 18.075721 11000
    964 13 16 18.085765 13 16 18.085765 11000
    965 13 16 18.095735 13 16 18.095735 11000
    966 13 16 18.105737 13 16 18.105737 11000
    967 13 16 18.115739 13 16 18.115739 11000
    968 13 16 18.125745 13 16 18.125745 11000
    969 13 16 18.135736 13 16 18.135736 11000
    970 13 16 18.145741 13 16 18.145741 11000
    971 13 16 18.155740 13 16 18.155740 11000
    972 13 16 18.165810 13 16 18.165810 11000
    973 13 16 18.175750 13 16 18.175750 11000
    974 13 16 18.185752 13 16 18.185752 11000
    975 13 16 18.195747 13 16 18.195747 11000
    976 13 16 18.205747 13 16 18.205747 11000
    977 13 16 18.215744 13 16 18.215744 11000
    978 13 16 18.225737 13 16 18.225737 11000
    979 13 16 18.235734 13 16 18.235734 11000
    980 13 16 18.245750 13 16 18.245750 11000
    981 13 16 18.255749 13 16 18.255749 11000
    982 13 16 18.265737 13 16 18.265737 11000
    983 13 16 18.275733 13 16 18.275733 11000
    984 13 16 18.285727 13 16 18.285727 11000
    985 13 16 18.295753 13 16 18.295753 11000
    986 13 16 18.305731 13 16 18.305731 11000
    987 13 16 18.315767 13 16 18.315767 11000
    988 13 16 18.325738 13 16 18.325738 11000
    989 13 16 18.335739 13 16 18.335739 11000
    990 13 16 18.345722 13 16 18.345722 11000
    991 13 16 18.355744 13 16 18.355744 11000
    992 13 16 18.365739 13 16 18.365739 11000
    993 13 16 18.375765 13 16 18.375765 11000
    994 13 16 18.385760 13 16 18.385760 11000
    995 13 16 18.395751 13 16 18.395751 11000
    996 13 16 18.405751 13 16 18.405751 11000
    997 13 16 18.415739 13 16 18.415739 11000
    998 13 16 18.425737 13 16 18.425737 11000
    999 13 16 18.437984 13 16 18.437984 11000
   1000 13 16 18.445741 13 16 18.445741 11000
