      1 13 12 54.033532 13 12 54.044826 9400
      2 13 12 54.043685 13 12 54.054186 9400
      3 13 12 54.053821 13 12 54.064791 9400
      4 13 12 54.063716 13 12 54.074525 9400
      5 13 12 54.073695 13 12 54.083669 9400
      6 13 12 54.083717 13 12 54.094034 9400
      7 13 12 54.093859 13 12 54.103579 9400
      8 13 12 54.103808 13 12 54.114111 9400
      9 13 12 54.113652 13 12 54.123206 9400
     10 13 12 54.123635 13 12 54.132854 9400
     11 13 12 54.133637 13 12 54.142876 9400
     12 13 12 54.143636 13 12 54.152872 9400
     13 13 12 54.153644 13 12 54.162866 9400
     14 13 12 54.163635 13 12 54.172873 9400
     15 13 12 54.173654 13 12 54.182985 9400
     16 13 12 54.183644 13 12 54.195610 9400
     17 13 12 54.193660 13 12 54.203758 9400
     18 13 12 54.203696 13 12 54.213186 9400
     19 13 12 54.213777 13 12 54.225011 9400
     20 13 12 54.223765 13 12 54.234009 9400
     21 13 12 54.233719 13 12 54.244377 9400
     22 13 12 54.243769 13 12 54.253951 9400
     23 13 12 54.253686 13 12 54.263300 9400
     24 13 12 54.263776 13 12 54.273277 9400
     25 13 12 54.273739 13 12 54.284199 9400
     26 13 12 54.283763 13 12 54.294254 9400
     27 13 12 54.293779 13 12 54.303226 9400
     28 13 12 54.303688 13 12 54.314520 9400
     29 13 12 54.313805 13 12 54.323708 9400
     30 13 12 54.323585 13 12 54.332859 9400
     31 13 12 54.333634 13 12 54.343068 9400
     32 13 12 54.343639 13 12 54.352840 9400
     33 13 12 54.353620 13 12 54.362881 9400
     34 13 12 54.363639 13 12 54.372939 9400
     35 13 12 54.373640 13 12 54.382871 9400
     36 13 12 54.383637 13 12 54.392848 9400
     37 13 12 54.393630 13 12 54.402853 9400
     38 13 12 54.403654 13 12 54.412998 9400
     39 13 12 54.413713 13 12 54.424405 9400
     40 13 12 54.423768 13 12 54.434328 9400
     41 13 12 54.433779 13 12 54.443765 9400
     42 13 12 54.443702 13 12 54.453932 9400
     43 13 12 54.453687 13 12 54.463132 9400
     44 13 12 54.463650 13 12 54.473028 9400
     45 13 12 54.473702 13 12 54.483195 9400
     46 13 12 54.483671 13 12 54.493397 9400
     47 13 12 54.493651 13 12 54.503141 9400
     48 13 12 54.503695 13 12 54.513185 9400
     49 13 12 54.513708 13 12 54.523049 9400
     50 13 12 54.523695 13 12 54.538871 9400
     51 13 12 54.533625 13 12 54.546931 9400
     52 13 12 54.543861 13 12 54.554673 9400
     53 13 12 54.553641 13 12 54.562880 9400
     54 13 12 54.563628 13 12 54.572797 9400
     55 13 12 54.573632 13 12 54.582886 9400
     56 13 12 54.583630 13 12 54.592835 9400
     57 13 12 54.593634 13 12 54.602826 9400
     58 13 12 54.603642 13 12 54.612839 9400
     59 13 12 54.613632 13 12 54.622889 9400
     60 13 12 54.623744 13 12 54.633527 9400
     61 13 12 54.633713 13 12 54.644534 9400
     62 13 12 54.644466 13 12 54.654041 9400
     63 13 12 54.653702 13 12 54.663870 9400
     64 13 12 54.663784 13 12 54.673433 9400
     65 13 12 54.673648 13 12 54.683137 9400
     66 13 12 54.683695 13 12 54.693179 9400
     67 13 12 54.693761 13 12 54.703144 9400
     68 13 12 54.703696 13 12 54.713020 9400
     69 13 12 54.713700 13 12 54.723047 9400
     70 13 12 54.723697 13 12 54.733043 9400
     71 13 12 54.733634 13 12 54.742848 9400
     72 13 12 54.743631 13 12 54.752853 9400
     73 13 12 54.753630 13 12 54.762824 9400
     74 13 12 54.763629 13 12 54.772866 9400
     75 13 12 54.773629 13 12 54.782820 9400
     76 13 12 54.783698 13 12 54.792946 9400
     77 13 12 54.793630 13 12 54.802815 9400
     78 13 12 54.803629 13 12 54.813809 9400
     79 13 12 54.813639 13 12 54.822943 9400
     80 13 12 54.823644 13 12 54.834516 9400
     81 13 12 54.833747 13 12 54.844045 9400
     82 13 12 54.843836 13 12 54.855682 9400
     83 13 12 54.855792 13 12 54.865799 9400
     84 13 12 54.863714 13 12 54.873775 9400
     85 13 12 54.873713 13 12 54.883893 9400
     86 13 12 54.883611 13 12 54.893261 9400
     87 13 12 54.893678 13 12 54.903137 9400
     88 13 12 54.903703 13 12 54.912981 9400
     89 13 12 54.913682 13 12 54.923008 9400
     90 13 12 54.923628 13 12 54.933055 9400
     91 13 12 54.933630 13 12 54.943229 9400
     92 13 12 54.943691 13 12 54.952945 9400
     93 13 12 54.953629 13 12 54.962876 9400
     94 13 12 54.963628 13 12 54.972807 9400
     95 13 12 54.973627 13 12 54.982835 9400
     96 13 12 54.983631 13 12 54.992817 9400
     97 13 12 54.993634 13 12 55.002839 9400
     98 13 12 55.003630 13 12 55.012808 9400
     99 13 12 55.013627 13 12 55.022868 9400
    100 13 12 55.023650 13 12 55.038949 9400
    101 13 12 55.033704 13 12 55.047007 9400
    102 13 12 55.043644 13 12 55.055087 9400
    103 13 12 55.053980 13 12 55.063467 9400
    104 13 12 55.063709 13 12 55.073169 9400
    105 13 12 55.073692 13 12 55.083032 9400
    106 13 12 55.083723 13 12 55.093218 9400
    107 13 12 55.093704 13 12 55.103354 9400
    108 13 12 55.103647 13 12 55.113076 9400
    109 13 12 55.113692 13 12 55.123077 9400
    110 13 12 55.123674 13 12 55.134177 9400
    111 13 12 55.133775 13 12 55.143402 9400
    112 13 12 55.144379 13 12 55.153922 9400
    113 13 12 55.153637 13 12 55.162852 9400
    114 13 12 55.163631 13 12 55.172924 9400
    115 13 12 55.173631 13 12 55.182819 9400
    116 13 12 55.183632 13 12 55.192838 9400
    117 13 12 55.193632 13 12 55.202837 9400
    118 13 12 55.203701 13 12 55.212874 9400
    119 13 12 55.213634 13 12 55.223056 9400
    120 13 12 55.223695 13 12 55.234385 9400
    121 13 12 55.233941 13 12 55.244790 9400
    122 13 12 55.244520 13 12 55.254213 9400
    123 13 12 55.254145 13 12 55.264918 9400
    124 13 12 55.263826 13 12 55.274113 9400
    125 13 12 55.274053 13 12 55.284775 9400
    126 13 12 55.283729 13 12 55.294190 9400
    127 13 12 55.293756 13 12 55.303579 9400
    128 13 12 55.304848 13 12 55.314413 9400
    129 13 12 55.313848 13 12 55.324843 9400
    130 13 12 55.323708 13 12 55.333208 9400
    131 13 12 55.334847 13 12 55.344389 9400
    132 13 12 55.343698 13 12 55.354218 9400
    133 13 12 55.353735 13 12 55.363123 9400
    134 13 12 55.363635 13 12 55.373030 9400
    135 13 12 55.373700 13 12 55.383259 9400
    136 13 12 55.383698 13 12 55.393095 9400
    137 13 12 55.393649 13 12 55.402997 9400
    138 13 12 55.403641 13 12 55.412844 9400
    139 13 12 55.413629 13 12 55.423005 9400
    140 13 12 55.423636 13 12 55.434007 9400
    141 13 12 55.433751 13 12 55.443952 9400
    142 13 12 55.443631 13 12 55.452934 9400
    143 13 12 55.453629 13 12 55.463008 9400
    144 13 12 55.463693 13 12 55.473089 9400
    145 13 12 55.473709 13 12 55.483136 9400
    146 13 12 55.483618 13 12 55.492789 9400
    147 13 12 55.493622 13 12 55.503025 9400
    148 13 12 55.504184 13 12 55.514777 9400
    149 13 12 55.513668 13 12 55.523586 9400
    150 13 12 55.523860 13 12 55.539378 9400
    151 13 12 55.533698 13 12 55.547134 9400
    152 13 12 55.543736 13 12 55.555249 9400
    153 13 12 55.553848 13 12 55.563715 9400
    154 13 12 55.564549 13 12 55.574843 9400
    155 13 12 55.573684 13 12 55.583041 9400
    156 13 12 55.583719 13 12 55.593083 9400
    157 13 12 55.593682 13 12 55.603844 9400
    158 13 12 55.603769 13 12 55.613452 9400
    159 13 12 55.613697 13 12 55.623255 9400
    160 13 12 55.623713 13 12 55.633858 9400
    161 13 12 55.633781 13 12 55.643327 9400
    162 13 12 55.643690 13 12 55.653556 9400
    163 13 12 55.653638 13 12 55.663595 9400
    164 13 12 55.663705 13 12 55.673307 9400
    165 13 12 55.673732 13 12 55.683120 9400
    166 13 12 55.683697 13 12 55.693361 9400
    167 13 12 55.693643 13 12 55.704721 9400
    168 13 12 55.703636 13 12 55.712837 9400
    169 13 12 55.713630 13 12 55.722842 9400
    170 13 12 55.723630 13 12 55.732813 9400
    171 13 12 55.733629 13 12 55.743082 9400
    172 13 12 55.744039 13 12 55.754168 9400
    173 13 12 55.753698 13 12 55.763151 9400
    174 13 12 55.763719 13 12 55.773234 9400
    175 13 12 55.773713 13 12 55.783109 9400
    176 13 12 55.783700 13 12 55.793143 9400
    177 13 12 55.793703 13 12 55.803145 9400
    178 13 12 55.803691 13 12 55.813195 9400
    179 13 12 55.813679 13 12 55.823436 9400
    180 13 12 55.823641 13 12 55.833742 9400
    181 13 12 55.833677 13 12 55.843103 9400
    182 13 12 55.843701 13 12 55.853307 9400
    183 13 12 55.853746 13 12 55.863993 9400
    184 13 12 55.863702 13 12 55.873089 9400
    185 13 12 55.873714 13 12 55.883046 9400
    186 13 12 55.883620 13 12 55.892861 9400
    187 13 12 55.893611 13 12 55.902923 9400
    188 13 12 55.903629 13 12 55.912810 9400
    189 13 12 55.913615 13 12 55.922829 9400
    190 13 12 55.923628 13 12 55.934035 9400
    191 13 12 55.933633 13 12 55.943004 9400
    192 13 12 55.943657 13 12 55.954233 9400
    193 13 12 55.953646 13 12 55.962926 9400
    194 13 12 55.963703 13 12 55.973168 9400
    195 13 12 55.973747 13 12 55.983224 9400
    196 13 12 55.983696 13 12 55.993042 9400
    197 13 12 55.993701 13 12 56.003103 9400
    198 13 12 56.003700 13 12 56.013066 9400
    199 13 12 56.013638 13 12 56.023527 9400
    200 13 12 56.023694 13 12 56.039298 9400
    201 13 12 56.033749 13 12 56.046875 9400
    202 13 12 56.044182 13 12 56.054949 9400
    203 13 12 56.053762 13 12 56.063156 9400
    204 13 12 56.063710 13 12 56.073087 9400
    205 13 12 56.073687 13 12 56.083452 9400
    206 13 12 56.083624 13 12 56.092857 9400
    207 13 12 56.093631 13 12 56.102851 9400
    208 13 12 56.103653 13 12 56.112932 9400
    209 13 12 56.113657 13 12 56.122917 9400
    210 13 12 56.123657 13 12 56.132793 9400
    211 13 12 56.133628 13 12 56.143192 9400
    212 13 12 56.143737 13 12 56.153851 9400
    213 13 12 56.153709 13 12 56.164115 9400
    214 13 12 56.163612 13 12 56.173813 9400
    215 13 12 56.173709 13 12 56.183970 9400
    216 13 12 56.183886 13 12 56.193879 9400
    217 13 12 56.193747 13 12 56.203262 9400
    218 13 12 56.203651 13 12 56.213202 9400
    219 13 12 56.213681 13 12 56.223165 9400
    220 13 12 56.223697 13 12 56.234223 9400
    221 13 12 56.233755 13 12 56.243189 9400
    222 13 12 56.243726 13 12 56.253503 9400
    223 13 12 56.253711 13 12 56.263207 9400
    224 13 12 56.263734 13 12 56.273124 9400
    225 13 12 56.273643 13 12 56.283017 9400
    226 13 12 56.283633 13 12 56.293135 9400
    227 13 12 56.293745 13 12 56.304166 9400
    228 13 12 56.304116 13 12 56.313326 9400
    229 13 12 56.313640 13 12 56.322836 9400
    230 13 12 56.323628 13 12 56.332827 9400
    231 13 12 56.333629 13 12 56.342897 9400
    232 13 12 56.343634 13 12 56.352966 9400
    233 13 12 56.353636 13 12 56.362886 9400
    234 13 12 56.363652 13 12 56.372990 9400
    235 13 12 56.373691 13 12 56.383307 9400
    236 13 12 56.383634 13 12 56.393106 9400
    237 13 12 56.393693 13 12 56.403111 9400
    238 13 12 56.403669 13 12 56.413218 9400
    239 13 12 56.413718 13 12 56.423146 9400
    240 13 12 56.423630 13 12 56.433655 9400
    241 13 12 56.433590 13 12 56.443052 9400
    242 13 12 56.443638 13 12 56.453045 9400
    243 13 12 56.453724 13 12 56.463602 9400
    244 13 12 56.463662 13 12 56.473722 9400
    245 13 12 56.473652 13 12 56.484189 9400
    246 13 12 56.483986 13 12 56.493445 9400
    247 13 12 56.493631 13 12 56.503917 9400
    248 13 12 56.503835 13 12 56.513950 9400
    249 13 12 56.513626 13 12 56.522795 9400
    250 13 12 56.523640 13 12 56.538756 9400
    251 13 12 56.533636 13 12 56.546739 9400
    252 13 12 56.543635 13 12 56.554589 9400
    253 13 12 56.553643 13 12 56.562843 9400
    254 13 12 56.563619 13 12 56.572814 9400
    255 13 12 56.573616 13 12 56.582818 9400
    256 13 12 56.583643 13 12 56.594090 9400
    257 13 12 56.593788 13 12 56.603960 9400
    258 13 12 56.603709 13 12 56.613458 9400
    259 13 12 56.613635 13 12 56.623555 9400
    260 13 12 56.623719 13 12 56.635055 9400
    261 13 12 56.634641 13 12 56.644027 9400
    262 13 12 56.643735 13 12 56.653745 9400
    263 13 12 56.653683 13 12 56.663063 9400
    264 13 12 56.663772 13 12 56.674224 9400
    265 13 12 56.673704 13 12 56.683734 9400
    266 13 12 56.683672 13 12 56.693333 9400
    267 13 12 56.693629 13 12 56.703690 9400
    268 13 12 56.703623 13 12 56.712817 9400
    269 13 12 56.713630 13 12 56.722838 9400
    270 13 12 56.723630 13 12 56.732852 9400
    271 13 12 56.733629 13 12 56.742821 9400
    272 13 12 56.743631 13 12 56.752828 9400
    273 13 12 56.753632 13 12 56.762844 9400
    274 13 12 56.763630 13 12 56.772818 9400
    275 13 12 56.773631 13 12 56.782822 9400
    276 13 12 56.783630 13 12 56.792839 9400
    277 13 12 56.793632 13 12 56.804170 9400
    278 13 12 56.804107 13 12 56.813827 9400
    279 13 12 56.813763 13 12 56.823109 9400
    280 13 12 56.823687 13 12 56.834195 9400
    281 13 12 56.833716 13 12 56.843206 9400
    282 13 12 56.844093 13 12 56.853462 9400
    283 13 12 56.853717 13 12 56.864114 9400
    284 13 12 56.863674 13 12 56.873081 9400
    285 13 12 56.873722 13 12 56.883184 9400
    286 13 12 56.883702 13 12 56.893621 9400
    287 13 12 56.893718 13 12 56.903120 9400
    288 13 12 56.903635 13 12 56.912824 9400
    289 13 12 56.913668 13 12 56.923012 9400
    290 13 12 56.923639 13 12 56.932810 9400
    291 13 12 56.933627 13 12 56.942782 9400
    292 13 12 56.943631 13 12 56.953823 9400
    293 13 12 56.953636 13 12 56.962944 9400
    294 13 12 56.963633 13 12 56.972802 9400
    295 13 12 56.973658 13 12 56.982858 9400
    296 13 12 56.983629 13 12 56.992812 9400
    297 13 12 56.993633 13 12 57.002946 9400
    298 13 12 57.003666 13 12 57.014251 9400
    299 13 12 57.013719 13 12 57.023159 9400
    300 13 12 57.023718 13 12 57.039034 9400
    301 13 12 57.033617 13 12 57.047992 9400
    302 13 12 57.043652 13 12 57.055352 9400
    303 13 12 57.053686 13 12 57.063161 9400
    304 13 12 57.063679 13 12 57.073103 9400
    305 13 12 57.073704 13 12 57.083635 9400
    306 13 12 57.083669 13 12 57.093139 9400
    307 13 12 57.093699 13 12 57.103163 9400
    308 13 12 57.103704 13 12 57.113115 9400
    309 13 12 57.113680 13 12 57.123809 9400
    310 13 12 57.123638 13 12 57.133020 9400
    311 13 12 57.133629 13 12 57.142817 9400
    312 13 12 57.143628 13 12 57.152858 9400
    313 13 12 57.153629 13 12 57.162815 9400
    314 13 12 57.163907 13 12 57.173093 9400
    315 13 12 57.173636 13 12 57.182844 9400
    316 13 12 57.183627 13 12 57.192880 9400
    317 13 12 57.193629 13 12 57.202809 9400
    318 13 12 57.203631 13 12 57.212822 9400
    319 13 12 57.213630 13 12 57.223013 9400
    320 13 12 57.223722 13 12 57.238258 9400
    321 13 12 57.234659 13 12 57.246707 9400
    322 13 12 57.243763 13 12 57.255465 9400
    323 13 12 57.253723 13 12 57.263491 9400
    324 13 12 57.263635 13 12 57.273958 9400
    325 13 12 57.273898 13 12 57.283223 9400
    326 13 12 57.283712 13 12 57.293177 9400
    327 13 12 57.293700 13 12 57.303204 9400
    328 13 12 57.303691 13 12 57.313104 9400
    329 13 12 57.313698 13 12 57.323191 9400
    330 13 12 57.323630 13 12 57.332875 9400
    331 13 12 57.333632 13 12 57.342813 9400
    332 13 12 57.343634 13 12 57.352853 9400
    333 13 12 57.353630 13 12 57.362817 9400
    334 13 12 57.363627 13 12 57.372855 9400
    335 13 12 57.373627 13 12 57.382815 9400
    336 13 12 57.383628 13 12 57.392845 9400
    337 13 12 57.393628 13 12 57.402827 9400
    338 13 12 57.403630 13 12 57.413826 9400
    339 13 12 57.413640 13 12 57.422884 9400
    340 13 12 57.423630 13 12 57.433580 9400
    341 13 12 57.433672 13 12 57.444029 9400
    342 13 12 57.443711 13 12 57.453352 9400
    343 13 12 57.454430 13 12 57.464745 9400
    344 13 12 57.464359 13 12 57.473787 9400
    345 13 12 57.473655 13 12 57.484037 9400
    346 13 12 57.483716 13 12 57.493119 9400
    347 13 12 57.493656 13 12 57.503239 9400
    348 13 12 57.503703 13 12 57.513224 9400
    349 13 12 57.513663 13 12 57.523173 9400
    350 13 12 57.523691 13 12 57.539096 9400
    351 13 12 57.533704 13 12 57.546829 9400
    352 13 12 57.543660 13 12 57.554761 9400
    353 13 12 57.553708 13 12 57.562987 9400
    354 13 12 57.563651 13 12 57.572840 9400
    355 13 12 57.573632 13 12 57.582819 9400
    356 13 12 57.583630 13 12 57.592840 9400
    357 13 12 57.593631 13 12 57.602812 9400
    358 13 12 57.603628 13 12 57.612951 9400
    359 13 12 57.613629 13 12 57.622816 9400
    360 13 12 57.623627 13 12 57.632995 9400
    361 13 12 57.633730 13 12 57.643853 9400
    362 13 12 57.643641 13 12 57.653955 9400
    363 13 12 57.653762 13 12 57.663167 9400
    364 13 12 57.663744 13 12 57.673130 9400
    365 13 12 57.673698 13 12 57.683171 9400
    366 13 12 57.683633 13 12 57.693074 9400
    367 13 12 57.693705 13 12 57.703149 9400
    368 13 12 57.703709 13 12 57.713088 9400
    369 13 12 57.713650 13 12 57.723078 9400
    370 13 12 57.723660 13 12 57.733102 9400
    371 13 12 57.733710 13 12 57.743060 9400
    372 13 12 57.743636 13 12 57.752828 9400
    373 13 12 57.753630 13 12 57.762847 9400
    374 13 12 57.763641 13 12 57.772874 9400
    375 13 12 57.773631 13 12 57.782859 9400
    376 13 12 57.783630 13 12 57.792810 9400
    377 13 12 57.793629 13 12 57.802844 9400
    378 13 12 57.803631 13 12 57.812821 9400
    379 13 12 57.813628 13 12 57.822851 9400
    380 13 12 57.823630 13 12 57.834276 9400
    381 13 12 57.834212 13 12 57.844299 9400
    382 13 12 57.843649 13 12 57.854201 9400
    383 13 12 57.853738 13 12 57.863134 9400
    384 13 12 57.863703 13 12 57.873159 9400
    385 13 12 57.873986 13 12 57.884200 9400
    386 13 12 57.883974 13 12 57.894106 9400
    387 13 12 57.893701 13 12 57.903098 9400
    388 13 12 57.903697 13 12 57.914008 9400
    389 13 12 57.913657 13 12 57.923141 9400
    390 13 12 57.923695 13 12 57.933138 9400
    391 13 12 57.933701 13 12 57.942971 9400
    392 13 12 57.943694 13 12 57.952998 9400
    393 13 12 57.953645 13 12 57.962794 9400
    394 13 12 57.963636 13 12 57.972875 9400
    395 13 12 57.973632 13 12 57.982819 9400
    396 13 12 57.983629 13 12 57.992832 9400
    397 13 12 57.993644 13 12 58.002898 9400
    398 13 12 58.003649 13 12 58.012951 9400
    399 13 12 58.013632 13 12 58.022817 9400
    400 13 12 58.023628 13 12 58.038856 9400
    401 13 12 58.033544 13 12 58.047007 9400
    402 13 12 58.043689 13 12 58.054749 9400
    403 13 12 58.053694 13 12 58.063267 9400
    404 13 12 58.063695 13 12 58.073734 9400
    405 13 12 58.073675 13 12 58.083578 9400
    406 13 12 58.083649 13 12 58.093747 9400
    407 13 12 58.093685 13 12 58.103197 9400
    408 13 12 58.103690 13 12 58.113095 9400
    409 13 12 58.113706 13 12 58.123142 9400
    410 13 12 58.123691 13 12 58.133189 9400
    411 13 12 58.133707 13 12 58.143019 9400
    412 13 12 58.143644 13 12 58.152867 9400
    413 13 12 58.153644 13 12 58.162837 9400
    414 13 12 58.163632 13 12 58.172831 9400
    415 13 12 58.173687 13 12 58.183762 9400
    416 13 12 58.183576 13 12 58.192790 9400
    417 13 12 58.193641 13 12 58.202902 9400
    418 13 12 58.203631 13 12 58.212902 9400
    419 13 12 58.213630 13 12 58.222850 9400
    420 13 12 58.223635 13 12 58.233040 9400
    421 13 12 58.233859 13 12 58.244311 9400
    422 13 12 58.243724 13 12 58.253706 9400
    423 13 12 58.253642 13 12 58.264324 9400
    424 13 12 58.263725 13 12 58.274036 9400
    425 13 12 58.273870 13 12 58.283349 9400
    426 13 12 58.283653 13 12 58.292965 9400
    427 13 12 58.293692 13 12 58.303162 9400
    428 13 12 58.303708 13 12 58.313183 9400
    429 13 12 58.313670 13 12 58.323152 9400
    430 13 12 58.323721 13 12 58.333134 9400
    431 13 12 58.333706 13 12 58.343055 9400
    432 13 12 58.343719 13 12 58.353102 9400
    433 13 12 58.353634 13 12 58.362845 9400
    434 13 12 58.363630 13 12 58.372816 9400
    435 13 12 58.373700 13 12 58.382958 9400
    436 13 12 58.383634 13 12 58.392867 9400
    437 13 12 58.393641 13 12 58.402886 9400
    438 13 12 58.403716 13 12 58.412945 9400
    439 13 12 58.413652 13 12 58.422975 9400
    440 13 12 58.423656 13 12 58.433917 9400
    441 13 12 58.433815 13 12 58.444099 9400
    442 13 12 58.443677 13 12 58.453764 9400
    443 13 12 58.453701 13 12 58.463625 9400
    444 13 12 58.463653 13 12 58.473647 9400
    445 13 12 58.473668 13 12 58.483738 9400
    446 13 12 58.483693 13 12 58.493188 9400
    447 13 12 58.493695 13 12 58.504347 9400
    448 13 12 58.503810 13 12 58.513257 9400
    449 13 12 58.513703 13 12 58.523242 9400
    450 13 12 58.523693 13 12 58.539256 9400
    451 13 12 58.533726 13 12 58.547274 9400
    452 13 12 58.543683 13 12 58.554898 9400
    453 13 12 58.554761 13 12 58.564236 9400
    454 13 12 58.563634 13 12 58.572834 9400
    455 13 12 58.573633 13 12 58.582842 9400
    456 13 12 58.583629 13 12 58.592886 9400
    457 13 12 58.593656 13 12 58.602836 9400
    458 13 12 58.603631 13 12 58.613542 9400
    459 13 12 58.613723 13 12 58.622999 9400
    460 13 12 58.623631 13 12 58.633006 9400
    461 13 12 58.633938 13 12 58.645009 9400
    462 13 12 58.643735 13 12 58.653354 9400
    463 13 12 58.653626 13 12 58.663941 9400
    464 13 12 58.663660 13 12 58.673349 9400
    465 13 12 58.673647 13 12 58.683911 9400
    466 13 12 58.683827 13 12 58.693933 9400
    467 13 12 58.693764 13 12 58.703339 9400
    468 13 12 58.703721 13 12 58.713068 9400
    469 13 12 58.713687 13 12 58.723588 9400
    470 13 12 58.723649 13 12 58.732948 9400
    471 13 12 58.733657 13 12 58.743119 9400
    472 13 12 58.743707 13 12 58.753163 9400
    473 13 12 58.753711 13 12 58.763181 9400
    474 13 12 58.763652 13 12 58.772984 9400
    475 13 12 58.773632 13 12 58.782837 9400
    476 13 12 58.783633 13 12 58.792856 9400
    477 13 12 58.793641 13 12 58.802849 9400
    478 13 12 58.803716 13 12 58.812927 9400
    479 13 12 58.813637 13 12 58.822845 9400
    480 13 12 58.823636 13 12 58.833004 9400
    481 13 12 58.833739 13 12 58.845005 9400
    482 13 12 58.843721 13 12 58.853237 9400
    483 13 12 58.853720 13 12 58.863067 9400
    484 13 12 58.863688 13 12 58.873908 9400
    485 13 12 58.873674 13 12 58.883924 9400
    486 13 12 58.883746 13 12 58.893929 9400
    487 13 12 58.893636 13 12 58.903925 9400
    488 13 12 58.903765 13 12 58.913859 9400
    489 13 12 58.913719 13 12 58.923259 9400
    490 13 12 58.923729 13 12 58.933324 9400
    491 13 12 58.933723 13 12 58.943202 9400
    492 13 12 58.943837 13 12 58.953592 9400
    493 13 12 58.953668 13 12 58.963295 9400
    494 13 12 58.963650 13 12 58.973677 9400
    495 13 12 58.973717 13 12 58.984056 9400
    496 13 12 58.983975 13 12 58.993383 9400
    497 13 12 58.993662 13 12 59.002882 9400
    498 13 12 59.003625 13 12 59.012911 9400
    499 13 12 59.013629 13 12 59.022883 9400
    500 13 12 59.023637 13 12 59.039700 9400
    501 13 12 59.033838 13 12 59.047230 9400
    502 13 12 59.043720 13 12 59.054794 9400
    503 13 12 59.053758 13 12 59.063251 9400
    504 13 12 59.063718 13 12 59.073256 9400
    505 13 12 59.073695 13 12 59.083821 9400
    506 13 12 59.083723 13 12 59.094287 9400
    507 13 12 59.093893 13 12 59.104981 9400
    508 13 12 59.103774 13 12 59.113961 9400
    509 13 12 59.113821 13 12 59.124743 9400
    510 13 12 59.123789 13 12 59.133178 9400
    511 13 12 59.133684 13 12 59.143202 9400
    512 13 12 59.144035 13 12 59.153984 9400
    513 13 12 59.153697 13 12 59.163186 9400
    514 13 12 59.163747 13 12 59.173734 9400
    515 13 12 59.173673 13 12 59.183112 9400
    516 13 12 59.183700 13 12 59.193140 9400
    517 13 12 59.193913 13 12 59.204042 9400
    518 13 12 59.203634 13 12 59.212829 9400
    519 13 12 59.213628 13 12 59.222872 9400
    520 13 12 59.223636 13 12 59.232911 9400
    521 13 12 59.233625 13 12 59.243940 9400
    522 13 12 59.243693 13 12 59.253126 9400
    523 13 12 59.253706 13 12 59.263133 9400
    524 13 12 59.263696 13 12 59.273046 9400
    525 13 12 59.273704 13 12 59.283278 9400
    526 13 12 59.283726 13 12 59.292931 9400
    527 13 12 59.293618 13 12 59.303075 9400
    528 13 12 59.303694 13 12 59.313777 9400
    529 13 12 59.313716 13 12 59.323157 9400
    530 13 12 59.323635 13 12 59.333019 9400
    531 13 12 59.333710 13 12 59.343023 9400
    532 13 12 59.343674 13 12 59.353031 9400
    533 13 12 59.353704 13 12 59.363052 9400
    534 13 12 59.363725 13 12 59.372999 9400
    535 13 12 59.373694 13 12 59.384160 9400
    536 13 12 59.383757 13 12 59.393346 9400
    537 13 12 59.393645 13 12 59.402943 9400
    538 13 12 59.403641 13 12 59.412968 9400
    539 13 12 59.413634 13 12 59.422902 9400
    540 13 12 59.423653 13 12 59.433062 9400
    541 13 12 59.433644 13 12 59.443595 9400
    542 13 12 59.443680 13 12 59.453184 9400
    543 13 12 59.453643 13 12 59.463427 9400
    544 13 12 59.463639 13 12 59.473281 9400
    545 13 12 59.473708 13 12 59.483375 9400
    546 13 12 59.483701 13 12 59.493340 9400
    547 13 12 59.493996 13 12 59.504072 9400
    548 13 12 59.503624 13 12 59.513764 9400
    549 13 12 59.513702 13 12 59.523392 9400
    550 13 12 59.523707 13 12 59.539093 9400
    551 13 12 59.533740 13 12 59.547035 9400
    552 13 12 59.543638 13 12 59.554924 9400
    553 13 12 59.553708 13 12 59.563271 9400
    554 13 12 59.563856 13 12 59.573768 9400
    555 13 12 59.573703 13 12 59.583379 9400
    556 13 12 59.583711 13 12 59.593254 9400
    557 13 12 59.593702 13 12 59.603099 9400
    558 13 12 59.603875 13 12 59.613821 9400
    559 13 12 59.613663 13 12 59.622894 9400
    560 13 12 59.623629 13 12 59.633032 9400
    561 13 12 59.633723 13 12 59.643588 9400
    562 13 12 59.643641 13 12 59.653008 9400
    563 13 12 59.653756 13 12 59.664275 9400
    564 13 12 59.664141 13 12 59.673917 9400
    565 13 12 59.673847 13 12 59.683408 9400
    566 13 12 59.683709 13 12 59.693041 9400
    567 13 12 59.693665 13 12 59.702987 9400
    568 13 12 59.703632 13 12 59.713368 9400
    569 13 12 59.713706 13 12 59.723112 9400
    570 13 12 59.723694 13 12 59.733032 9400
    571 13 12 59.733704 13 12 59.743259 9400
    572 13 12 59.743724 13 12 59.753357 9400
    573 13 12 59.753647 13 12 59.763179 9400
    574 13 12 59.763741 13 12 59.773437 9400
    575 13 12 59.773792 13 12 59.783279 9400
    576 13 12 59.783695 13 12 59.793098 9400
    577 13 12 59.793652 13 12 59.803052 9400
    578 13 12 59.803736 13 12 59.813144 9400
    579 13 12 59.813640 13 12 59.822859 9400
    580 13 12 59.823628 13 12 59.832833 9400
    581 13 12 59.833685 13 12 59.843497 9400
    582 13 12 59.843741 13 12 59.855586 9400
    583 13 12 59.855640 13 12 59.865243 9400
    584 13 12 59.863754 13 12 59.873175 9400
    585 13 12 59.873697 13 12 59.883316 9400
    586 13 12 59.883707 13 12 59.893067 9400
    587 13 12 59.893631 13 12 59.902828 9400
    588 13 12 59.903633 13 12 59.913742 9400
    589 13 12 59.913648 13 12 59.922956 9400
    590 13 12 59.923715 13 12 59.933168 9400
    591 13 12 59.933691 13 12 59.943038 9400
    592 13 12 59.943697 13 12 59.953192 9400
    593 13 12 59.953640 13 12 59.964053 9400
    594 13 12 59.963700 13 12 59.973123 9400
    595 13 12 59.973728 13 12 59.982996 9400
    596 13 12 59.983696 13 12 59.993274 9400
    597 13 12 59.993729 13 13 0.003981 9400
    598 13 13 0.003632 13 13 0.012919 9400
    599 13 13 0.013630 13 13 0.022849 9400
    600 13 13 0.023630 13 13 0.039781 9400
    601 13 13 0.033626 13 13 0.046758 9400
    602 13 13 0.043635 13 13 0.054861 9400
    603 13 13 0.053743 13 13 0.063276 9400
    604 13 13 0.063695 13 13 0.073118 9400
    605 13 13 0.073680 13 13 0.083127 9400
    606 13 13 0.083651 13 13 0.093098 9400
    607 13 13 0.093664 13 13 0.103033 9400
    608 13 13 0.103633 13 13 0.114027 9400
    609 13 13 0.113925 13 13 0.123894 9400
    610 13 13 0.123730 13 13 0.133336 9400
    611 13 13 0.133747 13 13 0.143194 9400
    612 13 13 0.143651 13 13 0.153096 9400
    613 13 13 0.153748 13 13 0.163289 9400
    614 13 13 0.163660 13 13 0.173076 9400
    615 13 13 0.173651 13 13 0.183091 9400
    616 13 13 0.183752 13 13 0.193231 9400
    617 13 13 0.193703 13 13 0.203034 9400
    618 13 13 0.203634 13 13 0.212838 9400
    619 13 13 0.213631 13 13 0.222823 9400
    620 13 13 0.223633 13 13 0.232917 9400
    621 13 13 0.233631 13 13 0.243167 9400
    622 13 13 0.243807 13 13 0.253311 9400
    623 13 13 0.253703 13 13 0.263229 9400
    624 13 13 0.263702 13 13 0.273147 9400
    625 13 13 0.273692 13 13 0.283262 9400
    626 13 13 0.283734 13 13 0.293064 9400
    627 13 13 0.293636 13 13 0.302846 9400
    628 13 13 0.303636 13 13 0.313610 9400
    629 13 13 0.313664 13 13 0.323458 9400
    630 13 13 0.323643 13 13 0.332981 9400
    631 13 13 0.333726 13 13 0.343945 9400
    632 13 13 0.343706 13 13 0.353376 9400
    633 13 13 0.353748 13 13 0.363993 9400
    634 13 13 0.363656 13 13 0.373247 9400
    635 13 13 0.373793 13 13 0.383320 9400
    636 13 13 0.383711 13 13 0.393205 9400
    637 13 13 0.393637 13 13 0.403019 9400
    638 13 13 0.403649 13 13 0.412983 9400
    639 13 13 0.413633 13 13 0.422821 9400
    640 13 13 0.423657 13 13 0.433124 9400
    641 13 13 0.433641 13 13 0.443641 9400
    642 13 13 0.443673 13 13 0.453519 9400
    643 13 13 0.453583 13 13 0.463077 9400
    644 13 13 0.463627 13 13 0.473216 9400
    645 13 13 0.473694 13 13 0.483199 9400
    646 13 13 0.483715 13 13 0.494048 9400
    647 13 13 0.493674 13 13 0.503351 9400
    648 13 13 0.503646 13 13 0.513521 9400
    649 13 13 0.513955 13 13 0.524812 9400
    650 13 13 0.523676 13 13 0.538896 9400
    651 13 13 0.533734 13 13 0.547076 9400
    652 13 13 0.543706 13 13 0.554929 9400
    653 13 13 0.553741 13 13 0.563266 9400
    654 13 13 0.563697 13 13 0.573063 9400
    655 13 13 0.573695 13 13 0.583169 9400
    656 13 13 0.583731 13 13 0.593553 9400
    657 13 13 0.593667 13 13 0.602901 9400
    658 13 13 0.603631 13 13 0.612826 9400
    659 13 13 0.613629 13 13 0.623791 9400
    660 13 13 0.623629 13 13 0.634181 9400
    661 13 13 0.633889 13 13 0.644278 9400
    662 13 13 0.643920 13 13 0.653470 9400
    663 13 13 0.653638 13 13 0.663136 9400
    664 13 13 0.663709 13 13 0.673919 9400
    665 13 13 0.673717 13 13 0.683164 9400
    666 13 13 0.683705 13 13 0.693212 9400
    667 13 13 0.693708 13 13 0.703038 9400
    668 13 13 0.703634 13 13 0.713199 9400
    669 13 13 0.714644 13 13 0.724313 9400
    670 13 13 0.723701 13 13 0.733157 9400
    671 13 13 0.733643 13 13 0.743116 9400
    672 13 13 0.743635 13 13 0.753087 9400
    673 13 13 0.753697 13 13 0.763023 9400
    674 13 13 0.763699 13 13 0.773086 9400
    675 13 13 0.773701 13 13 0.783126 9400
    676 13 13 0.784528 13 13 0.793759 9400
    677 13 13 0.793592 13 13 0.805261 9400
    678 13 13 0.803656 13 13 0.813058 9400
    679 13 13 0.813657 13 13 0.822858 9400
    680 13 13 0.823655 13 13 0.832882 9400
    681 13 13 0.833783 13 13 0.844320 9400
    682 13 13 0.843734 13 13 0.853223 9400
    683 13 13 0.853815 13 13 0.863374 9400
    684 13 13 0.863708 13 13 0.873078 9400
    685 13 13 0.873697 13 13 0.883072 9400
    686 13 13 0.883631 13 13 0.892834 9400
    687 13 13 0.893629 13 13 0.902842 9400
    688 13 13 0.903630 13 13 0.914241 9400
    689 13 13 0.914263 13 13 0.923784 9400
    690 13 13 0.923691 13 13 0.933040 9400
    691 13 13 0.933710 13 13 0.943067 9400
    692 13 13 0.943692 13 13 0.953119 9400
    693 13 13 0.953644 13 13 0.962979 9400
    694 13 13 0.963720 13 13 0.973203 9400
    695 13 13 0.973705 13 13 0.983223 9400
    696 13 13 0.983632 13 13 0.993076 9400
    697 13 13 0.993647 13 13 1.003217 9400
    698 13 13 1.003635 13 13 1.012826 9400
    699 13 13 1.013628 13 13 1.022863 9400
    700 13 13 1.023630 13 13 1.040167 9400
    701 13 13 1.033630 13 13 1.047881 9400
    702 13 13 1.043697 13 13 1.054132 9400
    703 13 13 1.053701 13 13 1.063134 9400
    704 13 13 1.063693 13 13 1.073099 9400
    705 13 13 1.073698 13 13 1.083029 9400
    706 13 13 1.083696 13 13 1.092997 9400
    707 13 13 1.093631 13 13 1.102870 9400
    708 13 13 1.103615 13 13 1.112932 9400
    709 13 13 1.113672 13 13 1.124498 9400
    710 13 13 1.123839 13 13 1.133437 9400
    711 13 13 1.133709 13 13 1.143111 9400
    712 13 13 1.143639 13 13 1.152968 9400
    713 13 13 1.153688 13 13 1.163173 9400
    714 13 13 1.163713 13 13 1.173024 9400
    715 13 13 1.173712 13 13 1.183168 9400
    716 13 13 1.183696 13 13 1.193121 9400
    717 13 13 1.193691 13 13 1.202890 9400
    718 13 13 1.203635 13 13 1.212822 9400
    719 13 13 1.213630 13 13 1.222865 9400
    720 13 13 1.223632 13 13 1.232809 9400
    721 13 13 1.233627 13 13 1.243230 9400
    722 13 13 1.243700 13 13 1.253624 9400
    723 13 13 1.253668 13 13 1.263161 9400
    724 13 13 1.263698 13 13 1.273115 9400
    725 13 13 1.273700 13 13 1.283115 9400
    726 13 13 1.283633 13 13 1.292826 9400
    727 13 13 1.293628 13 13 1.304349 9400
    728 13 13 1.303640 13 13 1.312901 9400
    729 13 13 1.313736 13 13 1.323417 9400
    730 13 13 1.323633 13 13 1.332989 9400
    731 13 13 1.333648 13 13 1.343106 9400
    732 13 13 1.343704 13 13 1.353188 9400
    733 13 13 1.353725 13 13 1.363369 9400
    734 13 13 1.363701 13 13 1.373019 9400
    735 13 13 1.373702 13 13 1.383154 9400
    736 13 13 1.383718 13 13 1.393119 9400
    737 13 13 1.393695 13 13 1.404093 9400
    738 13 13 1.403655 13 13 1.413126 9400
    739 13 13 1.413626 13 13 1.422843 9400
    740 13 13 1.423637 13 13 1.432857 9400
    741 13 13 1.433632 13 13 1.443829 9400
    742 13 13 1.443709 13 13 1.454032 9400
    743 13 13 1.453767 13 13 1.463222 9400
    744 13 13 1.463697 13 13 1.473141 9400
    745 13 13 1.473632 13 13 1.483058 9400
    746 13 13 1.483697 13 13 1.493079 9400
    747 13 13 1.493630 13 13 1.502797 9400
    748 13 13 1.503627 13 13 1.512887 9400
    749 13 13 1.513706 13 13 1.524754 9400
    750 13 13 1.524201 13 13 1.539571 9400
    751 13 13 1.533688 13 13 1.547463 9400
    752 13 13 1.543708 13 13 1.555417 9400
    753 13 13 1.553700 13 13 1.563422 9400
    754 13 13 1.563695 13 13 1.573081 9400
    755 13 13 1.573725 13 13 1.583146 9400
    756 13 13 1.583642 13 13 1.593176 9400
    757 13 13 1.593642 13 13 1.602832 9400
    758 13 13 1.603644 13 13 1.612860 9400
    759 13 13 1.613630 13 13 1.622876 9400
    760 13 13 1.623629 13 13 1.632809 9400
    761 13 13 1.633630 13 13 1.643160 9400
    762 13 13 1.643737 13 13 1.653900 9400
    763 13 13 1.653840 13 13 1.663157 9400
    764 13 13 1.663694 13 13 1.673157 9400
    765 13 13 1.673691 13 13 1.683181 9400
    766 13 13 1.683711 13 13 1.693439 9400
    767 13 13 1.693643 13 13 1.702881 9400
    768 13 13 1.703621 13 13 1.712998 9400
    769 13 13 1.713681 13 13 1.724101 9400
    770 13 13 1.723641 13 13 1.733147 9400
    771 13 13 1.733658 13 13 1.743047 9400
    772 13 13 1.743704 13 13 1.753197 9400
    773 13 13 1.753709 13 13 1.763148 9400
    774 13 13 1.763730 13 13 1.774081 9400
    775 13 13 1.773814 13 13 1.783374 9400
    776 13 13 1.783717 13 13 1.793166 9400
    777 13 13 1.793725 13 13 1.803213 9400
    778 13 13 1.803698 13 13 1.815166 9400
    779 13 13 1.814843 13 13 1.824098 9400
    780 13 13 1.823631 13 13 1.832815 9400
    781 13 13 1.833638 13 13 1.844161 9400
    782 13 13 1.843580 13 13 1.853123 9400
    783 13 13 1.853975 13 13 1.863414 9400
    784 13 13 1.863709 13 13 1.873102 9400
    785 13 13 1.873696 13 13 1.883134 9400
    786 13 13 1.883696 13 13 1.893200 9400
    787 13 13 1.893692 13 13 1.902890 9400
    788 13 13 1.903637 13 13 1.912923 9400
    789 13 13 1.913653 13 13 1.924027 9400
    790 13 13 1.923711 13 13 1.933246 9400
    791 13 13 1.933650 13 13 1.943162 9400
    792 13 13 1.943638 13 13 1.953088 9400
    793 13 13 1.953695 13 13 1.963123 9400
    794 13 13 1.963689 13 13 1.973006 9400
    795 13 13 1.973706 13 13 1.983241 9400
    796 13 13 1.983646 13 13 1.993155 9400
    797 13 13 1.993657 13 13 2.003033 9400
    798 13 13 2.003635 13 13 2.012833 9400
    799 13 13 2.013631 13 13 2.022831 9400
    800 13 13 2.023632 13 13 2.038915 9400
    801 13 13 2.033633 13 13 2.047388 9400
    802 13 13 2.044019 13 13 2.054885 9400
    803 13 13 2.053659 13 13 2.063273 9400
    804 13 13 2.063702 13 13 2.073093 9400
    805 13 13 2.073637 13 13 2.083168 9400
    806 13 13 2.083699 13 13 2.093821 9400
    807 13 13 2.093653 13 13 2.102895 9400
    808 13 13 2.103692 13 13 2.113157 9400
    809 13 13 2.113729 13 13 2.124067 9400
    810 13 13 2.123724 13 13 2.133843 9400
    811 13 13 2.133726 13 13 2.143294 9400
    812 13 13 2.143726 13 13 2.153995 9400
    813 13 13 2.153912 13 13 2.163794 9400
    814 13 13 2.163702 13 13 2.174268 9400
    815 13 13 2.174065 13 13 2.185011 9400
    816 13 13 2.184486 13 13 2.194163 9400
    817 13 13 2.193696 13 13 2.203365 9400
    818 13 13 2.203717 13 13 2.213222 9400
    819 13 13 2.213642 13 13 2.222894 9400
    820 13 13 2.223631 13 13 2.232835 9400
    821 13 13 2.233629 13 13 2.244187 9400
    822 13 13 2.243841 13 13 2.253165 9400
    823 13 13 2.253715 13 13 2.263094 9400
    824 13 13 2.263687 13 13 2.273118 9400
    825 13 13 2.273701 13 13 2.283145 9400
    826 13 13 2.283634 13 13 2.292847 9400
    827 13 13 2.293645 13 13 2.302890 9400
    828 13 13 2.303630 13 13 2.312911 9400
    829 13 13 2.313705 13 13 2.323869 9400
    830 13 13 2.323668 13 13 2.333044 9400
    831 13 13 2.333696 13 13 2.343074 9400
    832 13 13 2.343694 13 13 2.353098 9400
    833 13 13 2.353701 13 13 2.363211 9400
    834 13 13 2.363699 13 13 2.373100 9400
    835 13 13 2.373692 13 13 2.383159 9400
    836 13 13 2.383747 13 13 2.393206 9400
    837 13 13 2.393698 13 13 2.402962 9400
    838 13 13 2.403637 13 13 2.412831 9400
    839 13 13 2.413629 13 13 2.422836 9400
    840 13 13 2.423630 13 13 2.432874 9400
    841 13 13 2.433698 13 13 2.443376 9400
    842 13 13 2.443852 13 13 2.453329 9400
    843 13 13 2.453698 13 13 2.463155 9400
    844 13 13 2.463727 13 13 2.473208 9400
    845 13 13 2.473711 13 13 2.483080 9400
    846 13 13 2.483630 13 13 2.492830 9400
    847 13 13 2.493631 13 13 2.502838 9400
    848 13 13 2.503630 13 13 2.512928 9400
    849 13 13 2.513697 13 13 2.524386 9400
    850 13 13 2.523695 13 13 2.539024 9400
    851 13 13 2.533701 13 13 2.546996 9400
    852 13 13 2.543737 13 13 2.554891 9400
    853 13 13 2.553687 13 13 2.563925 9400
    854 13 13 2.563664 13 13 2.573143 9400
    855 13 13 2.573691 13 13 2.583073 9400
    856 13 13 2.583686 13 13 2.593831 9400
    857 13 13 2.593640 13 13 2.602841 9400
    858 13 13 2.603628 13 13 2.612810 9400
    859 13 13 2.613626 13 13 2.622857 9400
    860 13 13 2.623643 13 13 2.632830 9400
    861 13 13 2.633630 13 13 2.643869 9400
    862 13 13 2.643710 13 13 2.653335 9400
    863 13 13 2.653750 13 13 2.663923 9400
    864 13 13 2.663721 13 13 2.673184 9400
    865 13 13 2.673668 13 13 2.684283 9400
    866 13 13 2.683786 13 13 2.694072 9400
    867 13 13 2.693645 13 13 2.702843 9400
    868 13 13 2.703654 13 13 2.712931 9400
    869 13 13 2.713695 13 13 2.723939 9400
    870 13 13 2.723722 13 13 2.733085 9400
    871 13 13 2.733660 13 13 2.743250 9400
    872 13 13 2.743742 13 13 2.753261 9400
    873 13 13 2.753744 13 13 2.763218 9400
    874 13 13 2.763720 13 13 2.773235 9400
    875 13 13 2.773711 13 13 2.783158 9400
    876 13 13 2.783641 13 13 2.793140 9400
    877 13 13 2.793698 13 13 2.802966 9400
    878 13 13 2.803618 13 13 2.812806 9400
    879 13 13 2.813628 13 13 2.822849 9400
    880 13 13 2.823631 13 13 2.832882 9400
    881 13 13 2.833651 13 13 2.844815 9400
    882 13 13 2.844177 13 13 2.853920 9400
    883 13 13 2.853857 13 13 2.864329 9400
    884 13 13 2.864170 13 13 2.873472 9400
    885 13 13 2.873660 13 13 2.883182 9400
    886 13 13 2.883743 13 13 2.893098 9400
    887 13 13 2.893632 13 13 2.902829 9400
    888 13 13 2.903629 13 13 2.912992 9400
    889 13 13 2.913625 13 13 2.923849 9400
    890 13 13 2.923783 13 13 2.933422 9400
    891 13 13 2.933714 13 13 2.943786 9400
    892 13 13 2.943693 13 13 2.953069 9400
    893 13 13 2.953698 13 13 2.963013 9400
    894 13 13 2.963645 13 13 2.973100 9400
    895 13 13 2.973700 13 13 2.983271 9400
    896 13 13 2.983708 13 13 2.993101 9400
    897 13 13 2.993700 13 13 3.003185 9400
    898 13 13 3.003635 13 13 3.012875 9400
    899 13 13 3.013634 13 13 3.022927 9400
    900 13 13 3.023620 13 13 3.038911 9400
    901 13 13 3.033647 13 13 3.047079 9400
    902 13 13 3.043604 13 13 3.055012 9400
    903 13 13 3.053713 13 13 3.063292 9400
    904 13 13 3.063712 13 13 3.073176 9400
    905 13 13 3.073704 13 13 3.083162 9400
    906 13 13 3.083698 13 13 3.093088 9400
    907 13 13 3.093637 13 13 3.102844 9400
    908 13 13 3.103600 13 13 3.112791 9400
    909 13 13 3.113691 13 13 3.123216 9400
    910 13 13 3.123655 13 13 3.133089 9400
    911 13 13 3.133702 13 13 3.143060 9400
    912 13 13 3.143653 13 13 3.153045 9400
    913 13 13 3.153694 13 13 3.163009 9400
    914 13 13 3.163692 13 13 3.173197 9400
    915 13 13 3.173699 13 13 3.183190 9400
    916 13 13 3.183689 13 13 3.193133 9400
    917 13 13 3.193690 13 13 3.203554 9400
    918 13 13 3.203641 13 13 3.212844 9400
    919 13 13 3.213630 13 13 3.222812 9400
    920 13 13 3.223631 13 13 3.232822 9400
    921 13 13 3.233630 13 13 3.243466 9400
    922 13 13 3.244181 13 13 3.253775 9400
    923 13 13 3.253715 13 13 3.263361 9400
    924 13 13 3.263701 13 13 3.273072 9400
    925 13 13 3.273703 13 13 3.283182 9400
    926 13 13 3.283681 13 13 3.292879 9400
    927 13 13 3.293629 13 13 3.302821 9400
    928 13 13 3.303630 13 13 3.312847 9400
    929 13 13 3.313741 13 13 3.323888 9400
    930 13 13 3.323697 13 13 3.333126 9400
    931 13 13 3.333695 13 13 3.343179 9400
    932 13 13 3.343652 13 13 3.353015 9400
    933 13 13 3.353692 13 13 3.363033 9400
    934 13 13 3.363694 13 13 3.373079 9400
    935 13 13 3.373698 13 13 3.383077 9400
    936 13 13 3.383693 13 13 3.393518 9400
    937 13 13 3.393637 13 13 3.403026 9400
    938 13 13 3.403652 13 13 3.413041 9400
    939 13 13 3.413631 13 13 3.422826 9400
    940 13 13 3.423629 13 13 3.432872 9400
    941 13 13 3.433631 13 13 3.443417 9400
    942 13 13 3.443735 13 13 3.453320 9400
    943 13 13 3.453665 13 13 3.463115 9400
    944 13 13 3.463716 13 13 3.473155 9400
    945 13 13 3.473650 13 13 3.483525 9400
    946 13 13 3.483697 13 13 3.493091 9400
    947 13 13 3.493694 13 13 3.502955 9400
    948 13 13 3.503630 13 13 3.512836 9400
    949 13 13 3.513805 13 13 3.523890 9400
    950 13 13 3.523795 13 13 3.539165 9400
    951 13 13 3.533700 13 13 3.547079 9400
    952 13 13 3.543698 13 13 3.555304 9400
    953 13 13 3.553739 13 13 3.563193 9400
    954 13 13 3.563698 13 13 3.573204 9400
    955 13 13 3.573767 13 13 3.583153 9400
    956 13 13 3.583765 13 13 3.593258 9400
    957 13 13 3.593721 13 13 3.603066 9400
    958 13 13 3.603622 13 13 3.612899 9400
    959 13 13 3.613664 13 13 3.622990 9400
    960 13 13 3.623623 13 13 3.632851 9400
    961 13 13 3.633670 13 13 3.642879 9400
    962 13 13 3.644528 13 13 3.653903 9400
    963 13 13 3.653762 13 13 3.663165 9400
    964 13 13 3.663654 13 13 3.673305 9400
    965 13 13 3.673664 13 13 3.683041 9400
    966 13 13 3.683702 13 13 3.693023 9400
    967 13 13 3.693633 13 13 3.702818 9400
    968 13 13 3.703631 13 13 3.712880 9400
    969 13 13 3.713617 13 13 3.723936 9400
    970 13 13 3.723654 13 13 3.733177 9400
    971 13 13 3.733712 13 13 3.743765 9400
    972 13 13 3.743695 13 13 3.753115 9400
    973 13 13 3.753702 13 13 3.763210 9400
    974 13 13 3.763698 13 13 3.773143 9400
    975 13 13 3.773693 13 13 3.783129 9400
    976 13 13 3.783738 13 13 3.793133 9400
    977 13 13 3.793632 13 13 3.802821 9400
    978 13 13 3.803630 13 13 3.812879 9400
    979 13 13 3.813635 13 13 3.822887 9400
    980 13 13 3.823636 13 13 3.832970 9400
    981 13 13 3.833641 13 13 3.843237 9400
    982 13 13 3.843633 13 13 3.853384 9400
    983 13 13 3.853726 13 13 3.863900 9400
    984 13 13 3.863769 13 13 3.873279 9400
    985 13 13 3.873743 13 13 3.883294 9400
    986 13 13 3.883661 13 13 3.894079 9400
    987 13 13 3.893659 13 13 3.902981 9400
    988 13 13 3.903637 13 13 3.912860 9400
    989 13 13 3.913634 13 13 3.923852 9400
    990 13 13 3.923772 13 13 3.934998 9400
    991 13 13 3.934606 13 13 3.944122 9400
    992 13 13 3.943708 13 13 3.953110 9400
    993 13 13 3.953713 13 13 3.963277 9400
    994 13 13 3.963709 13 13 3.973101 9400
    995 13 13 3.973780 13 13 3.983419 9400
    996 13 13 3.983706 13 13 3.993106 9400
    997 13 13 3.993726 13 13 4.003322 9400
    998 13 13 4.003790 13 13 4.013163 9400
    999 13 13 4.013658 13 13 4.023689 9400
   1000 13 13 4.023598 13 13 4.038909 9400
