      1 13 5 36.709048 13 5 36.709048 9900
      2 13 5 36.719225 13 5 36.719225 9900
      3 13 5 36.729202 13 5 36.729202 9900
      4 13 5 36.739204 13 5 36.739204 9900
      5 13 5 36.749133 13 5 36.749133 9900
      6 13 5 36.759152 13 5 36.759152 9900
      7 13 5 36.769154 13 5 36.769154 9900
      8 13 5 36.779158 13 5 36.779158 9900
      9 13 5 36.789152 13 5 36.789152 9900
     10 13 5 36.799200 13 5 36.799200 9900
     11 13 5 36.809204 13 5 36.809204 9900
     12 13 5 36.819203 13 5 36.819203 9900
     13 13 5 36.829253 13 5 36.829253 9900
     14 13 5 36.839168 13 5 36.839168 9900
     15 13 5 36.849342 13 5 36.849342 9900
     16 13 5 36.859208 13 5 36.859208 9900
     17 13 5 36.869365 13 5 36.869365 9900
     18 13 5 36.879175 13 5 36.879175 9900
     19 13 5 36.889220 13 5 36.889220 9900
     20 13 5 36.899172 13 5 36.899172 9900
     21 13 5 36.909168 13 5 36.909168 9900
     22 13 5 36.919223 13 5 36.919223 9900
     23 13 5 36.929220 13 5 36.929220 9900
     24 13 5 36.939216 13 5 36.939216 9900
     25 13 5 36.949159 13 5 36.949159 9900
     26 13 5 36.959155 13 5 36.959155 9900
     27 13 5 36.969375 13 5 36.969375 9900
     28 13 5 36.979387 13 5 36.979387 9900
     29 13 5 36.989232 13 5 36.989232 9900
     30 13 5 36.999223 13 5 36.999223 9900
     31 13 5 37.009314 13 5 37.009314 9900
     32 13 5 37.019179 13 5 37.019179 9900
     33 13 5 37.029231 13 5 37.029231 9900
     34 13 5 37.039177 13 5 37.039177 9900
     35 13 5 37.049157 13 5 37.049157 9900
     36 13 5 37.059148 13 5 37.059148 9900
     37 13 5 37.069789 13 5 37.069789 9900
     38 13 5 37.079295 13 5 37.079295 9900
     39 13 5 37.089294 13 5 37.089294 9900
     40 13 5 37.099232 13 5 37.099232 9900
     41 13 5 37.109217 13 5 37.109217 9900
     42 13 5 37.119270 13 5 37.119270 9900
     43 13 5 37.129224 13 5 37.129224 9900
     44 13 5 37.139178 13 5 37.139178 9900
     45 13 5 37.149169 13 5 37.149169 9900
     46 13 5 37.159153 13 5 37.159153 9900
     47 13 5 37.169207 13 5 37.169207 9900
     48 13 5 37.179200 13 5 37.179200 9900
     49 13 5 37.189200 13 5 37.189200 9900
     50 13 5 37.199154 13 5 37.199154 9900
     51 13 5 37.209201 13 5 37.209201 9900
     52 13 5 37.219258 13 5 37.219258 9900
     53 13 5 37.229219 13 5 37.229219 9900
     54 13 5 37.239150 13 5 37.239150 9900
     55 13 5 37.249155 13 5 37.249155 9900
     56 13 5 37.259149 13 5 37.259149 9900
     57 13 5 37.269193 13 5 37.269193 9900
     58 13 5 37.279223 13 5 37.279223 9900
     59 13 5 37.289223 13 5 37.289223 9900
     60 13 5 37.299166 13 5 37.299166 9900
     61 13 5 37.309266 13 5 37.309266 9900
     62 13 5 37.319211 13 5 37.319211 9900
     63 13 5 37.329225 13 5 37.329225 9900
     64 13 5 37.339252 13 5 37.339252 9900
     65 13 5 37.349144 13 5 37.349144 9900
     66 13 5 37.359231 13 5 37.359231 9900
     67 13 5 37.369180 13 5 37.369180 9900
     68 13 5 37.379170 13 5 37.379170 9900
     69 13 5 37.389237 13 5 37.389237 9900
     70 13 5 37.399174 13 5 37.399174 9900
     71 13 5 37.409247 13 5 37.409247 9900
     72 13 5 37.419373 13 5 37.419373 9900
     73 13 5 37.429183 13 5 37.429183 9900
     74 13 5 37.439185 13 5 37.439185 9900
     75 13 5 37.449420 13 5 37.449420 9900
     76 13 5 37.459159 13 5 37.459159 9900
     77 13 5 37.469624 13 5 37.469624 9900
     78 13 5 37.479238 13 5 37.479238 9900
     79 13 5 37.489154 13 5 37.489154 9900
     80 13 5 37.499211 13 5 37.499211 9900
     81 13 5 37.509219 13 5 37.509219 9900
     82 13 5 37.519218 13 5 37.519218 9900
     83 13 5 37.529220 13 5 37.529220 9900
     84 13 5 37.539214 13 5 37.539214 9900
     85 13 5 37.549171 13 5 37.549171 9900
     86 13 5 37.559150 13 5 37.559150 9900
     87 13 5 37.569166 13 5 37.569166 9900
     88 13 5 37.579140 13 5 37.579140 9900
     89 13 5 37.589153 13 5 37.589153 9900
     90 13 5 37.599254 13 5 37.599254 9900
     91 13 5 37.609234 13 5 37.609234 9900
     92 13 5 37.619213 13 5 37.619213 9900
     93 13 5 37.629153 13 5 37.629153 9900
     94 13 5 37.639203 13 5 37.639203 9900
     95 13 5 37.649157 13 5 37.649157 9900
     96 13 5 37.659156 13 5 37.659156 9900
     97 13 5 37.669753 13 5 37.669753 9900
     98 13 5 37.679240 13 5 37.679240 9900
     99 13 5 37.689157 13 5 37.689157 9900
    100 13 5 37.699230 13 5 37.699230 9900
    101 13 5 37.709094 13 5 37.709094 9900
    102 13 5 37.719180 13 5 37.719180 9900
    103 13 5 37.729179 13 5 37.729179 9900
    104 13 5 37.739316 13 5 37.739316 9900
    105 13 5 37.749169 13 5 37.749169 9900
    106 13 5 37.759152 13 5 37.759152 9900
    107 13 5 37.769146 13 5 37.769146 9900
    108 13 5 37.779361 13 5 37.779361 9900
    109 13 5 37.789147 13 5 37.789147 9900
    110 13 5 37.799214 13 5 37.799214 9900
    111 13 5 37.809224 13 5 37.809224 9900
    112 13 5 37.819204 13 5 37.819204 9900
    113 13 5 37.829144 13 5 37.829144 9900
    114 13 5 37.839219 13 5 37.839219 9900
    115 13 5 37.849139 13 5 37.849139 9900
    116 13 5 37.859147 13 5 37.859147 9900
    117 13 5 37.869233 13 5 37.869233 9900
    118 13 5 37.879221 13 5 37.879221 9900
    119 13 5 37.889218 13 5 37.889218 9900
    120 13 5 37.899217 13 5 37.899217 9900
    121 13 5 37.909225 13 5 37.909225 9900
    122 13 5 37.919204 13 5 37.919204 9900
    123 13 5 37.929153 13 5 37.929153 9900
    124 13 5 37.939221 13 5 37.939221 9900
    125 13 5 37.949164 13 5 37.949164 9900
    126 13 5 37.959172 13 5 37.959172 9900
    127 13 5 37.969150 13 5 37.969150 9900
    128 13 5 37.980226 13 5 37.980226 9900
    129 13 5 37.989159 13 5 37.989159 9900
    130 13 5 37.999217 13 5 37.999217 9900
    131 13 5 38.009267 13 5 38.009267 9900
    132 13 5 38.019222 13 5 38.019222 9900
    133 13 5 38.029286 13 5 38.029286 9900
    134 13 5 38.039178 13 5 38.039178 9900
    135 13 5 38.049157 13 5 38.049157 9900
    136 13 5 38.059150 13 5 38.059150 9900
    137 13 5 38.069155 13 5 38.069155 9900
    138 13 5 38.079169 13 5 38.079169 9900
    139 13 5 38.089266 13 5 38.089266 9900
    140 13 5 38.099224 13 5 38.099224 9900
    141 13 5 38.109248 13 5 38.109248 9900
    142 13 5 38.119177 13 5 38.119177 9900
    143 13 5 38.129216 13 5 38.129216 9900
    144 13 5 38.139228 13 5 38.139228 9900
    145 13 5 38.149740 13 5 38.149740 9900
    146 13 5 38.159159 13 5 38.159159 9900
    147 13 5 38.169417 13 5 38.169417 9900
    148 13 5 38.179149 13 5 38.179149 9900
    149 13 5 38.189168 13 5 38.189168 9900
    150 13 5 38.199218 13 5 38.199218 9900
    151 13 5 38.209139 13 5 38.209139 9900
    152 13 5 38.219164 13 5 38.219164 9900
    153 13 5 38.229291 13 5 38.229291 9900
    154 13 5 38.239193 13 5 38.239193 9900
    155 13 5 38.249305 13 5 38.249305 9900
    156 13 5 38.259141 13 5 38.259141 9900
    157 13 5 38.269244 13 5 38.269244 9900
    158 13 5 38.279220 13 5 38.279220 9900
    159 13 5 38.289243 13 5 38.289243 9900
    160 13 5 38.299249 13 5 38.299249 9900
    161 13 5 38.309223 13 5 38.309223 9900
    162 13 5 38.319212 13 5 38.319212 9900
    163 13 5 38.329217 13 5 38.329217 9900
    164 13 5 38.339202 13 5 38.339202 9900
    165 13 5 38.349150 13 5 38.349150 9900
    166 13 5 38.359253 13 5 38.359253 9900
    167 13 5 38.369185 13 5 38.369185 9900
    168 13 5 38.379154 13 5 38.379154 9900
    169 13 5 38.389156 13 5 38.389156 9900
    170 13 5 38.399216 13 5 38.399216 9900
    171 13 5 38.409261 13 5 38.409261 9900
    172 13 5 38.419215 13 5 38.419215 9900
    173 13 5 38.429209 13 5 38.429209 9900
    174 13 5 38.439149 13 5 38.439149 9900
    175 13 5 38.449150 13 5 38.449150 9900
    176 13 5 38.459150 13 5 38.459150 9900
    177 13 5 38.469256 13 5 38.469256 9900
    178 13 5 38.479241 13 5 38.479241 9900
    179 13 5 38.489153 13 5 38.489153 9900
    180 13 5 38.499273 13 5 38.499273 9900
    181 13 5 38.509220 13 5 38.509220 9900
    182 13 5 38.519215 13 5 38.519215 9900
    183 13 5 38.529209 13 5 38.529209 9900
    184 13 5 38.539205 13 5 38.539205 9900
    185 13 5 38.549154 13 5 38.549154 9900
    186 13 5 38.559263 13 5 38.559263 9900
    187 13 5 38.569158 13 5 38.569158 9900
    188 13 5 38.579146 13 5 38.579146 9900
    189 13 5 38.589154 13 5 38.589154 9900
    190 13 5 38.599246 13 5 38.599246 9900
    191 13 5 38.609220 13 5 38.609220 9900
    192 13 5 38.619165 13 5 38.619165 9900
    193 13 5 38.629201 13 5 38.629201 9900
    194 13 5 38.639693 13 5 38.639693 9900
    195 13 5 38.649149 13 5 38.649149 9900
    196 13 5 38.659157 13 5 38.659157 9900
    197 13 5 38.669168 13 5 38.669168 9900
    198 13 5 38.679203 13 5 38.679203 9900
    199 13 5 38.689236 13 5 38.689236 9900
    200 13 5 38.699216 13 5 38.699216 9900
    201 13 5 38.709212 13 5 38.709212 9900
    202 13 5 38.719276 13 5 38.719276 9900
    203 13 5 38.729221 13 5 38.729221 9900
    204 13 5 38.739226 13 5 38.739226 9900
    205 13 5 38.749222 13 5 38.749222 9900
    206 13 5 38.759183 13 5 38.759183 9900
    207 13 5 38.769148 13 5 38.769148 9900
    208 13 5 38.779155 13 5 38.779155 9900
    209 13 5 38.789157 13 5 38.789157 9900
    210 13 5 38.799149 13 5 38.799149 9900
    211 13 5 38.809263 13 5 38.809263 9900
    212 13 5 38.819223 13 5 38.819223 9900
    213 13 5 38.829219 13 5 38.829219 9900
    214 13 5 38.839148 13 5 38.839148 9900
    215 13 5 38.849153 13 5 38.849153 9900
    216 13 5 38.859147 13 5 38.859147 9900
    217 13 5 38.869157 13 5 38.869157 9900
    218 13 5 38.879162 13 5 38.879162 9900
    219 13 5 38.889221 13 5 38.889221 9900
    220 13 5 38.899203 13 5 38.899203 9900
    221 13 5 38.909168 13 5 38.909168 9900
    222 13 5 38.919179 13 5 38.919179 9900
    223 13 5 38.929245 13 5 38.929245 9900
    224 13 5 38.939168 13 5 38.939168 9900
    225 13 5 38.949154 13 5 38.949154 9900
    226 13 5 38.959144 13 5 38.959144 9900
    227 13 5 38.969172 13 5 38.969172 9900
    228 13 5 38.979151 13 5 38.979151 9900
    229 13 5 38.989156 13 5 38.989156 9900
    230 13 5 38.999566 13 5 38.999566 9900
    231 13 5 39.009270 13 5 39.009270 9900
    232 13 5 39.019213 13 5 39.019213 9900
    233 13 5 39.029215 13 5 39.029215 9900
    234 13 5 39.039256 13 5 39.039256 9900
    235 13 5 39.049210 13 5 39.049210 9900
    236 13 5 39.059153 13 5 39.059153 9900
    237 13 5 39.069189 13 5 39.069189 9900
    238 13 5 39.079251 13 5 39.079251 9900
    239 13 5 39.089224 13 5 39.089224 9900
    240 13 5 39.099246 13 5 39.099246 9900
    241 13 5 39.109175 13 5 39.109175 9900
    242 13 5 39.119202 13 5 39.119202 9900
    243 13 5 39.129221 13 5 39.129221 9900
    244 13 5 39.139204 13 5 39.139204 9900
    245 13 5 39.149213 13 5 39.149213 9900
    246 13 5 39.159151 13 5 39.159151 9900
    247 13 5 39.169150 13 5 39.169150 9900
    248 13 5 39.179164 13 5 39.179164 9900
    249 13 5 39.189157 13 5 39.189157 9900
    250 13 5 39.199182 13 5 39.199182 9900
    251 13 5 39.209221 13 5 39.209221 9900
    252 13 5 39.219248 13 5 39.219248 9900
    253 13 5 39.229255 13 5 39.229255 9900
    254 13 5 39.239226 13 5 39.239226 9900
    255 13 5 39.249636 13 5 39.249636 9900
    256 13 5 39.259152 13 5 39.259152 9900
    257 13 5 39.269187 13 5 39.269187 9900
    258 13 5 39.279223 13 5 39.279223 9900
    259 13 5 39.289169 13 5 39.289169 9900
    260 13 5 39.299219 13 5 39.299219 9900
    261 13 5 39.309198 13 5 39.309198 9900
    262 13 5 39.319212 13 5 39.319212 9900
    263 13 5 39.329227 13 5 39.329227 9900
    264 13 5 39.339230 13 5 39.339230 9900
    265 13 5 39.349151 13 5 39.349151 9900
    266 13 5 39.359175 13 5 39.359175 9900
    267 13 5 39.369146 13 5 39.369146 9900
    268 13 5 39.379207 13 5 39.379207 9900
    269 13 5 39.389147 13 5 39.389147 9900
    270 13 5 39.399196 13 5 39.399196 9900
    271 13 5 39.409208 13 5 39.409208 9900
    272 13 5 39.419213 13 5 39.419213 9900
    273 13 5 39.429211 13 5 39.429211 9900
    274 13 5 39.439160 13 5 39.439160 9900
    275 13 5 39.449156 13 5 39.449156 9900
    276 13 5 39.459170 13 5 39.459170 9900
    277 13 5 39.469191 13 5 39.469191 9900
    278 13 5 39.479252 13 5 39.479252 9900
    279 13 5 39.489226 13 5 39.489226 9900
    280 13 5 39.499099 13 5 39.499099 9900
    281 13 5 39.509222 13 5 39.509222 9900
    282 13 5 39.519154 13 5 39.519154 9900
    283 13 5 39.529217 13 5 39.529217 9900
    284 13 5 39.539223 13 5 39.539223 9900
    285 13 5 39.549169 13 5 39.549169 9900
    286 13 5 39.559097 13 5 39.559097 9900
    287 13 5 39.569135 13 5 39.569135 9900
    288 13 5 39.579138 13 5 39.579138 9900
    289 13 5 39.589145 13 5 39.589145 9900
    290 13 5 39.599435 13 5 39.599435 9900
    291 13 5 39.609211 13 5 39.609211 9900
    292 13 5 39.619211 13 5 39.619211 9900
    293 13 5 39.629207 13 5 39.629207 9900
    294 13 5 39.639207 13 5 39.639207 9900
    295 13 5 39.649526 13 5 39.649526 9900
    296 13 5 39.659154 13 5 39.659154 9900
    297 13 5 39.669170 13 5 39.669170 9900
    298 13 5 39.679209 13 5 39.679209 9900
    299 13 5 39.689219 13 5 39.689219 9900
    300 13 5 39.699204 13 5 39.699204 9900
    301 13 5 39.709251 13 5 39.709251 9900
    302 13 5 39.719168 13 5 39.719168 9900
    303 13 5 39.729213 13 5 39.729213 9900
    304 13 5 39.739173 13 5 39.739173 9900
    305 13 5 39.749192 13 5 39.749192 9900
    306 13 5 39.759152 13 5 39.759152 9900
    307 13 5 39.769201 13 5 39.769201 9900
    308 13 5 39.779144 13 5 39.779144 9900
    309 13 5 39.789180 13 5 39.789180 9900
    310 13 5 39.799183 13 5 39.799183 9900
    311 13 5 39.809215 13 5 39.809215 9900
    312 13 5 39.819211 13 5 39.819211 9900
    313 13 5 39.829211 13 5 39.829211 9900
    314 13 5 39.839176 13 5 39.839176 9900
    315 13 5 39.849153 13 5 39.849153 9900
    316 13 5 39.859343 13 5 39.859343 9900
    317 13 5 39.869396 13 5 39.869396 9900
    318 13 5 39.879185 13 5 39.879185 9900
    319 13 5 39.889220 13 5 39.889220 9900
    320 13 5 39.899151 13 5 39.899151 9900
    321 13 5 39.909165 13 5 39.909165 9900
    322 13 5 39.919151 13 5 39.919151 9900
    323 13 5 39.929268 13 5 39.929268 9900
    324 13 5 39.939228 13 5 39.939228 9900
    325 13 5 39.949165 13 5 39.949165 9900
    326 13 5 39.959156 13 5 39.959156 9900
    327 13 5 39.969155 13 5 39.969155 9900
    328 13 5 39.979477 13 5 39.979477 9900
    329 13 5 39.989203 13 5 39.989203 9900
    330 13 5 39.999181 13 5 39.999181 9900
    331 13 5 40.009219 13 5 40.009219 9900
    332 13 5 40.019218 13 5 40.019218 9900
    333 13 5 40.029142 13 5 40.029142 9900
    334 13 5 40.039147 13 5 40.039147 9900
    335 13 5 40.049146 13 5 40.049146 9900
    336 13 5 40.059159 13 5 40.059159 9900
    337 13 5 40.069150 13 5 40.069150 9900
    338 13 5 40.079160 13 5 40.079160 9900
    339 13 5 40.089230 13 5 40.089230 9900
    340 13 5 40.099204 13 5 40.099204 9900
    341 13 5 40.109506 13 5 40.109506 9900
    342 13 5 40.119216 13 5 40.119216 9900
    343 13 5 40.129196 13 5 40.129196 9900
    344 13 5 40.139263 13 5 40.139263 9900
    345 13 5 40.149160 13 5 40.149160 9900
    346 13 5 40.159159 13 5 40.159159 9900
    347 13 5 40.169155 13 5 40.169155 9900
    348 13 5 40.179146 13 5 40.179146 9900
    349 13 5 40.189092 13 5 40.189092 9900
    350 13 5 40.199401 13 5 40.199401 9900
    351 13 5 40.209242 13 5 40.209242 9900
    352 13 5 40.219276 13 5 40.219276 9900
    353 13 5 40.229211 13 5 40.229211 9900
    354 13 5 40.239192 13 5 40.239192 9900
    355 13 5 40.249158 13 5 40.249158 9900
    356 13 5 40.259143 13 5 40.259143 9900
    357 13 5 40.269150 13 5 40.269150 9900
    358 13 5 40.279420 13 5 40.279420 9900
    359 13 5 40.289240 13 5 40.289240 9900
    360 13 5 40.299205 13 5 40.299205 9900
    361 13 5 40.309209 13 5 40.309209 9900
    362 13 5 40.319161 13 5 40.319161 9900
    363 13 5 40.329239 13 5 40.329239 9900
    364 13 5 40.339148 13 5 40.339148 9900
    365 13 5 40.349224 13 5 40.349224 9900
    366 13 5 40.359184 13 5 40.359184 9900
    367 13 5 40.369202 13 5 40.369202 9900
    368 13 5 40.379165 13 5 40.379165 9900
    369 13 5 40.389166 13 5 40.389166 9900
    370 13 5 40.400469 13 5 40.400469 9900
    371 13 5 40.409218 13 5 40.409218 9900
    372 13 5 40.419243 13 5 40.419243 9900
    373 13 5 40.429225 13 5 40.429225 9900
    374 13 5 40.439458 13 5 40.439458 9900
    375 13 5 40.449168 13 5 40.449168 9900
    376 13 5 40.459150 13 5 40.459150 9900
    377 13 5 40.469154 13 5 40.469154 9900
    378 13 5 40.479185 13 5 40.479185 9900
    379 13 5 40.489297 13 5 40.489297 9900
    380 13 5 40.499158 13 5 40.499158 9900
    381 13 5 40.509222 13 5 40.509222 9900
    382 13 5 40.519216 13 5 40.519216 9900
    383 13 5 40.529150 13 5 40.529150 9900
    384 13 5 40.539146 13 5 40.539146 9900
    385 13 5 40.549168 13 5 40.549168 9900
    386 13 5 40.559151 13 5 40.559151 9900
    387 13 5 40.569149 13 5 40.569149 9900
    388 13 5 40.579155 13 5 40.579155 9900
    389 13 5 40.589148 13 5 40.589148 9900
    390 13 5 40.599446 13 5 40.599446 9900
    391 13 5 40.609161 13 5 40.609161 9900
    392 13 5 40.619255 13 5 40.619255 9900
    393 13 5 40.629224 13 5 40.629224 9900
    394 13 5 40.639673 13 5 40.639673 9900
    395 13 5 40.649222 13 5 40.649222 9900
    396 13 5 40.659137 13 5 40.659137 9900
    397 13 5 40.669153 13 5 40.669153 9900
    398 13 5 40.679265 13 5 40.679265 9900
    399 13 5 40.689230 13 5 40.689230 9900
    400 13 5 40.699150 13 5 40.699150 9900
    401 13 5 40.709217 13 5 40.709217 9900
    402 13 5 40.719208 13 5 40.719208 9900
    403 13 5 40.729202 13 5 40.729202 9900
    404 13 5 40.739156 13 5 40.739156 9900
    405 13 5 40.749220 13 5 40.749220 9900
    406 13 5 40.759222 13 5 40.759222 9900
    407 13 5 40.769173 13 5 40.769173 9900
    408 13 5 40.779166 13 5 40.779166 9900
    409 13 5 40.789155 13 5 40.789155 9900
    410 13 5 40.799942 13 5 40.799942 9900
    411 13 5 40.809204 13 5 40.809204 9900
    412 13 5 40.819209 13 5 40.819209 9900
    413 13 5 40.829206 13 5 40.829206 9900
    414 13 5 40.839154 13 5 40.839154 9900
    415 13 5 40.849159 13 5 40.849159 9900
    416 13 5 40.859169 13 5 40.859169 9900
    417 13 5 40.869154 13 5 40.869154 9900
    418 13 5 40.879215 13 5 40.879215 9900
    419 13 5 40.889217 13 5 40.889217 9900
    420 13 5 40.899217 13 5 40.899217 9900
    421 13 5 40.909221 13 5 40.909221 9900
    422 13 5 40.919151 13 5 40.919151 9900
    423 13 5 40.929211 13 5 40.929211 9900
    424 13 5 40.939168 13 5 40.939168 9900
    425 13 5 40.949215 13 5 40.949215 9900
    426 13 5 40.959153 13 5 40.959153 9900
    427 13 5 40.969146 13 5 40.969146 9900
    428 13 5 40.979506 13 5 40.979506 9900
    429 13 5 40.989161 13 5 40.989161 9900
    430 13 5 40.999161 13 5 40.999161 9900
    431 13 5 41.009220 13 5 41.009220 9900
    432 13 5 41.019210 13 5 41.019210 9900
    433 13 5 41.029214 13 5 41.029214 9900
    434 13 5 41.039248 13 5 41.039248 9900
    435 13 5 41.049247 13 5 41.049247 9900
    436 13 5 41.059117 13 5 41.059117 9900
    437 13 5 41.069156 13 5 41.069156 9900
    438 13 5 41.079293 13 5 41.079293 9900
    439 13 5 41.089224 13 5 41.089224 9900
    440 13 5 41.099153 13 5 41.099153 9900
    441 13 5 41.109205 13 5 41.109205 9900
    442 13 5 41.119146 13 5 41.119146 9900
    443 13 5 41.129210 13 5 41.129210 9900
    444 13 5 41.139204 13 5 41.139204 9900
    445 13 5 41.149222 13 5 41.149222 9900
    446 13 5 41.159162 13 5 41.159162 9900
    447 13 5 41.169162 13 5 41.169162 9900
    448 13 5 41.179147 13 5 41.179147 9900
    449 13 5 41.189154 13 5 41.189154 9900
    450 13 5 41.199165 13 5 41.199165 9900
    451 13 5 41.209148 13 5 41.209148 9900
    452 13 5 41.219200 13 5 41.219200 9900
    453 13 5 41.229162 13 5 41.229162 9900
    454 13 5 41.239150 13 5 41.239150 9900
    455 13 5 41.249352 13 5 41.249352 9900
    456 13 5 41.259157 13 5 41.259157 9900
    457 13 5 41.269202 13 5 41.269202 9900
    458 13 5 41.279164 13 5 41.279164 9900
    459 13 5 41.289225 13 5 41.289225 9900
    460 13 5 41.299211 13 5 41.299211 9900
    461 13 5 41.309223 13 5 41.309223 9900
    462 13 5 41.319217 13 5 41.319217 9900
    463 13 5 41.329213 13 5 41.329213 9900
    464 13 5 41.339233 13 5 41.339233 9900
    465 13 5 41.349221 13 5 41.349221 9900
    466 13 5 41.359153 13 5 41.359153 9900
    467 13 5 41.369523 13 5 41.369523 9900
    468 13 5 41.379156 13 5 41.379156 9900
    469 13 5 41.389656 13 5 41.389656 9900
    470 13 5 41.399700 13 5 41.399700 9900
    471 13 5 41.409829 13 5 41.409829 9900
    472 13 5 41.419207 13 5 41.419207 9900
    473 13 5 41.429217 13 5 41.429217 9900
    474 13 5 41.439171 13 5 41.439171 9900
    475 13 5 41.449159 13 5 41.449159 9900
    476 13 5 41.459150 13 5 41.459150 9900
    477 13 5 41.469160 13 5 41.469160 9900
    478 13 5 41.479193 13 5 41.479193 9900
    479 13 5 41.489215 13 5 41.489215 9900
    480 13 5 41.499240 13 5 41.499240 9900
    481 13 5 41.509248 13 5 41.509248 9900
    482 13 5 41.519221 13 5 41.519221 9900
    483 13 5 41.529220 13 5 41.529220 9900
    484 13 5 41.539217 13 5 41.539217 9900
    485 13 5 41.549224 13 5 41.549224 9900
    486 13 5 41.559148 13 5 41.559148 9900
    487 13 5 41.569167 13 5 41.569167 9900
    488 13 5 41.579151 13 5 41.579151 9900
    489 13 5 41.589168 13 5 41.589168 9900
    490 13 5 41.599192 13 5 41.599192 9900
    491 13 5 41.609268 13 5 41.609268 9900
    492 13 5 41.619211 13 5 41.619211 9900
    493 13 5 41.629219 13 5 41.629219 9900
    494 13 5 41.639211 13 5 41.639211 9900
    495 13 5 41.649166 13 5 41.649166 9900
    496 13 5 41.659492 13 5 41.659492 9900
    497 13 5 41.669161 13 5 41.669161 9900
    498 13 5 41.679166 13 5 41.679166 9900
    499 13 5 41.689225 13 5 41.689225 9900
    500 13 5 41.699154 13 5 41.699154 9900
    501 13 5 41.709144 13 5 41.709144 9900
    502 13 5 41.719242 13 5 41.719242 9900
    503 13 5 41.729222 13 5 41.729222 9900
    504 13 5 41.739212 13 5 41.739212 9900
    505 13 5 41.749231 13 5 41.749231 9900
    506 13 5 41.759149 13 5 41.759149 9900
    507 13 5 41.769126 13 5 41.769126 9900
    508 13 5 41.779361 13 5 41.779361 9900
    509 13 5 41.789174 13 5 41.789174 9900
    510 13 5 41.799173 13 5 41.799173 9900
    511 13 5 41.809215 13 5 41.809215 9900
    512 13 5 41.819240 13 5 41.819240 9900
    513 13 5 41.829245 13 5 41.829245 9900
    514 13 5 41.839247 13 5 41.839247 9900
    515 13 5 41.849134 13 5 41.849134 9900
    516 13 5 41.859575 13 5 41.859575 9900
    517 13 5 41.869560 13 5 41.869560 9900
    518 13 5 41.879438 13 5 41.879438 9900
    519 13 5 41.889246 13 5 41.889246 9900
    520 13 5 41.899211 13 5 41.899211 9900
    521 13 5 41.909343 13 5 41.909343 9900
    522 13 5 41.919226 13 5 41.919226 9900
    523 13 5 41.929245 13 5 41.929245 9900
    524 13 5 41.939211 13 5 41.939211 9900
    525 13 5 41.949176 13 5 41.949176 9900
    526 13 5 41.959130 13 5 41.959130 9900
    527 13 5 41.969155 13 5 41.969155 9900
    528 13 5 41.979419 13 5 41.979419 9900
    529 13 5 41.989150 13 5 41.989150 9900
    530 13 5 41.999226 13 5 41.999226 9900
    531 13 5 42.009225 13 5 42.009225 9900
    532 13 5 42.019219 13 5 42.019219 9900
    533 13 5 42.029226 13 5 42.029226 9900
    534 13 5 42.039228 13 5 42.039228 9900
    535 13 5 42.049146 13 5 42.049146 9900
    536 13 5 42.059119 13 5 42.059119 9900
    537 13 5 42.069153 13 5 42.069153 9900
    538 13 5 42.079146 13 5 42.079146 9900
    539 13 5 42.089213 13 5 42.089213 9900
    540 13 5 42.099240 13 5 42.099240 9900
    541 13 5 42.109217 13 5 42.109217 9900
    542 13 5 42.119227 13 5 42.119227 9900
    543 13 5 42.129219 13 5 42.129219 9900
    544 13 5 42.139223 13 5 42.139223 9900
    545 13 5 42.149149 13 5 42.149149 9900
    546 13 5 42.159219 13 5 42.159219 9900
    547 13 5 42.169158 13 5 42.169158 9900
    548 13 5 42.179169 13 5 42.179169 9900
    549 13 5 42.189157 13 5 42.189157 9900
    550 13 5 42.199223 13 5 42.199223 9900
    551 13 5 42.209156 13 5 42.209156 9900
    552 13 5 42.219271 13 5 42.219271 9900
    553 13 5 42.229168 13 5 42.229168 9900
    554 13 5 42.239240 13 5 42.239240 9900
    555 13 5 42.249155 13 5 42.249155 9900
    556 13 5 42.259146 13 5 42.259146 9900
    557 13 5 42.269182 13 5 42.269182 9900
    558 13 5 42.279310 13 5 42.279310 9900
    559 13 5 42.289189 13 5 42.289189 9900
    560 13 5 42.299267 13 5 42.299267 9900
    561 13 5 42.309198 13 5 42.309198 9900
    562 13 5 42.319208 13 5 42.319208 9900
    563 13 5 42.329205 13 5 42.329205 9900
    564 13 5 42.339145 13 5 42.339145 9900
    565 13 5 42.349203 13 5 42.349203 9900
    566 13 5 42.359152 13 5 42.359152 9900
    567 13 5 42.370007 13 5 42.370007 9900
    568 13 5 42.380102 13 5 42.380102 9900
    569 13 5 42.389152 13 5 42.389152 9900
    570 13 5 42.399214 13 5 42.399214 9900
    571 13 5 42.409221 13 5 42.409221 9900
    572 13 5 42.419170 13 5 42.419170 9900
    573 13 5 42.429222 13 5 42.429222 9900
    574 13 5 42.439227 13 5 42.439227 9900
    575 13 5 42.449646 13 5 42.449646 9900
    576 13 5 42.459158 13 5 42.459158 9900
    577 13 5 42.469149 13 5 42.469149 9900
    578 13 5 42.479179 13 5 42.479179 9900
    579 13 5 42.489215 13 5 42.489215 9900
    580 13 5 42.499212 13 5 42.499212 9900
    581 13 5 42.509211 13 5 42.509211 9900
    582 13 5 42.519218 13 5 42.519218 9900
    583 13 5 42.529226 13 5 42.529226 9900
    584 13 5 42.539172 13 5 42.539172 9900
    585 13 5 42.549166 13 5 42.549166 9900
    586 13 5 42.559154 13 5 42.559154 9900
    587 13 5 42.569149 13 5 42.569149 9900
    588 13 5 42.579115 13 5 42.579115 9900
    589 13 5 42.589153 13 5 42.589153 9900
    590 13 5 42.599210 13 5 42.599210 9900
    591 13 5 42.609219 13 5 42.609219 9900
    592 13 5 42.619219 13 5 42.619219 9900
    593 13 5 42.629165 13 5 42.629165 9900
    594 13 5 42.639212 13 5 42.639212 9900
    595 13 5 42.649149 13 5 42.649149 9900
    596 13 5 42.659154 13 5 42.659154 9900
    597 13 5 42.669153 13 5 42.669153 9900
    598 13 5 42.679355 13 5 42.679355 9900
    599 13 5 42.689217 13 5 42.689217 9900
    600 13 5 42.699221 13 5 42.699221 9900
    601 13 5 42.709223 13 5 42.709223 9900
    602 13 5 42.719172 13 5 42.719172 9900
    603 13 5 42.729227 13 5 42.729227 9900
    604 13 5 42.739243 13 5 42.739243 9900
    605 13 5 42.749240 13 5 42.749240 9900
    606 13 5 42.759157 13 5 42.759157 9900
    607 13 5 42.769156 13 5 42.769156 9900
    608 13 5 42.779147 13 5 42.779147 9900
    609 13 5 42.789183 13 5 42.789183 9900
    610 13 5 42.799210 13 5 42.799210 9900
    611 13 5 42.809148 13 5 42.809148 9900
    612 13 5 42.819234 13 5 42.819234 9900
    613 13 5 42.829217 13 5 42.829217 9900
    614 13 5 42.839221 13 5 42.839221 9900
    615 13 5 42.849214 13 5 42.849214 9900
    616 13 5 42.859222 13 5 42.859222 9900
    617 13 5 42.869157 13 5 42.869157 9900
    618 13 5 42.879137 13 5 42.879137 9900
    619 13 5 42.889201 13 5 42.889201 9900
    620 13 5 42.899211 13 5 42.899211 9900
    621 13 5 42.909205 13 5 42.909205 9900
    622 13 5 42.919145 13 5 42.919145 9900
    623 13 5 42.929152 13 5 42.929152 9900
    624 13 5 42.939242 13 5 42.939242 9900
    625 13 5 42.949157 13 5 42.949157 9900
    626 13 5 42.959147 13 5 42.959147 9900
    627 13 5 42.969349 13 5 42.969349 9900
    628 13 5 42.981872 13 5 42.981872 9900
    629 13 5 42.989162 13 5 42.989162 9900
    630 13 5 42.999205 13 5 42.999205 9900
    631 13 5 43.009213 13 5 43.009213 9900
    632 13 5 43.019156 13 5 43.019156 9900
    633 13 5 43.029221 13 5 43.029221 9900
    634 13 5 43.039217 13 5 43.039217 9900
    635 13 5 43.049160 13 5 43.049160 9900
    636 13 5 43.059159 13 5 43.059159 9900
    637 13 5 43.069147 13 5 43.069147 9900
    638 13 5 43.079273 13 5 43.079273 9900
    639 13 5 43.089224 13 5 43.089224 9900
    640 13 5 43.099220 13 5 43.099220 9900
    641 13 5 43.109217 13 5 43.109217 9900
    642 13 5 43.119216 13 5 43.119216 9900
    643 13 5 43.129226 13 5 43.129226 9900
    644 13 5 43.139245 13 5 43.139245 9900
    645 13 5 43.149472 13 5 43.149472 9900
    646 13 5 43.159154 13 5 43.159154 9900
    647 13 5 43.169144 13 5 43.169144 9900
    648 13 5 43.179146 13 5 43.179146 9900
    649 13 5 43.189154 13 5 43.189154 9900
    650 13 5 43.199202 13 5 43.199202 9900
    651 13 5 43.209257 13 5 43.209257 9900
    652 13 5 43.219164 13 5 43.219164 9900
    653 13 5 43.229221 13 5 43.229221 9900
    654 13 5 43.239232 13 5 43.239232 9900
    655 13 5 43.249161 13 5 43.249161 9900
    656 13 5 43.259146 13 5 43.259146 9900
    657 13 5 43.269154 13 5 43.269154 9900
    658 13 5 43.279161 13 5 43.279161 9900
    659 13 5 43.289231 13 5 43.289231 9900
    660 13 5 43.299238 13 5 43.299238 9900
    661 13 5 43.309223 13 5 43.309223 9900
    662 13 5 43.319208 13 5 43.319208 9900
    663 13 5 43.329219 13 5 43.329219 9900
    664 13 5 43.339148 13 5 43.339148 9900
    665 13 5 43.349224 13 5 43.349224 9900
    666 13 5 43.359149 13 5 43.359149 9900
    667 13 5 43.369182 13 5 43.369182 9900
    668 13 5 43.379165 13 5 43.379165 9900
    669 13 5 43.389159 13 5 43.389159 9900
    670 13 5 43.399222 13 5 43.399222 9900
    671 13 5 43.409309 13 5 43.409309 9900
    672 13 5 43.419263 13 5 43.419263 9900
    673 13 5 43.429236 13 5 43.429236 9900
    674 13 5 43.439177 13 5 43.439177 9900
    675 13 5 43.449219 13 5 43.449219 9900
    676 13 5 43.459148 13 5 43.459148 9900
    677 13 5 43.469147 13 5 43.469147 9900
    678 13 5 43.479393 13 5 43.479393 9900
    679 13 5 43.489280 13 5 43.489280 9900
    680 13 5 43.499262 13 5 43.499262 9900
    681 13 5 43.509227 13 5 43.509227 9900
    682 13 5 43.519247 13 5 43.519247 9900
    683 13 5 43.529223 13 5 43.529223 9900
    684 13 5 43.539146 13 5 43.539146 9900
    685 13 5 43.549154 13 5 43.549154 9900
    686 13 5 43.565254 13 5 43.565254 9900
    687 13 5 43.569218 13 5 43.569218 9900
    688 13 5 43.579154 13 5 43.579154 9900
    689 13 5 43.589153 13 5 43.589153 9900
    690 13 5 43.599173 13 5 43.599173 9900
    691 13 5 43.609206 13 5 43.609206 9900
    692 13 5 43.619249 13 5 43.619249 9900
    693 13 5 43.629235 13 5 43.629235 9900
    694 13 5 43.639190 13 5 43.639190 9900
    695 13 5 43.649439 13 5 43.649439 9900
    696 13 5 43.659453 13 5 43.659453 9900
    697 13 5 43.669153 13 5 43.669153 9900
    698 13 5 43.679279 13 5 43.679279 9900
    699 13 5 43.689317 13 5 43.689317 9900
    700 13 5 43.699227 13 5 43.699227 9900
    701 13 5 43.709474 13 5 43.709474 9900
    702 13 5 43.719155 13 5 43.719155 9900
    703 13 5 43.729308 13 5 43.729308 9900
    704 13 5 43.739280 13 5 43.739280 9900
    705 13 5 43.749228 13 5 43.749228 9900
    706 13 5 43.759149 13 5 43.759149 9900
    707 13 5 43.769218 13 5 43.769218 9900
    708 13 5 43.779198 13 5 43.779198 9900
    709 13 5 43.789245 13 5 43.789245 9900
    710 13 5 43.799177 13 5 43.799177 9900
    711 13 5 43.809204 13 5 43.809204 9900
    712 13 5 43.819274 13 5 43.819274 9900
    713 13 5 43.829231 13 5 43.829231 9900
    714 13 5 43.839154 13 5 43.839154 9900
    715 13 5 43.849153 13 5 43.849153 9900
    716 13 5 43.859163 13 5 43.859163 9900
    717 13 5 43.869326 13 5 43.869326 9900
    718 13 5 43.879151 13 5 43.879151 9900
    719 13 5 43.889161 13 5 43.889161 9900
    720 13 5 43.899239 13 5 43.899239 9900
    721 13 5 43.909266 13 5 43.909266 9900
    722 13 5 43.919176 13 5 43.919176 9900
    723 13 5 43.929228 13 5 43.929228 9900
    724 13 5 43.939228 13 5 43.939228 9900
    725 13 5 43.949204 13 5 43.949204 9900
    726 13 5 43.959206 13 5 43.959206 9900
    727 13 5 43.969265 13 5 43.969265 9900
    728 13 5 43.979287 13 5 43.979287 9900
    729 13 5 43.989556 13 5 43.989556 9900
    730 13 5 43.999242 13 5 43.999242 9900
    731 13 5 44.009284 13 5 44.009284 9900
    732 13 5 44.019218 13 5 44.019218 9900
    733 13 5 44.029237 13 5 44.029237 9900
    734 13 5 44.039234 13 5 44.039234 9900
    735 13 5 44.049162 13 5 44.049162 9900
    736 13 5 44.059165 13 5 44.059165 9900
    737 13 5 44.069228 13 5 44.069228 9900
    738 13 5 44.079521 13 5 44.079521 9900
    739 13 5 44.089165 13 5 44.089165 9900
    740 13 5 44.099710 13 5 44.099710 9900
    741 13 5 44.109184 13 5 44.109184 9900
    742 13 5 44.119444 13 5 44.119444 9900
    743 13 5 44.129224 13 5 44.129224 9900
    744 13 5 44.139214 13 5 44.139214 9900
    745 13 5 44.149220 13 5 44.149220 9900
    746 13 5 44.159232 13 5 44.159232 9900
    747 13 5 44.169293 13 5 44.169293 9900
    748 13 5 44.179209 13 5 44.179209 9900
    749 13 5 44.189160 13 5 44.189160 9900
    750 13 5 44.199081 13 5 44.199081 9900
    751 13 5 44.209234 13 5 44.209234 9900
    752 13 5 44.219195 13 5 44.219195 9900
    753 13 5 44.229230 13 5 44.229230 9900
    754 13 5 44.239221 13 5 44.239221 9900
    755 13 5 44.249156 13 5 44.249156 9900
    756 13 5 44.259155 13 5 44.259155 9900
    757 13 5 44.269159 13 5 44.269159 9900
    758 13 5 44.279147 13 5 44.279147 9900
    759 13 5 44.289161 13 5 44.289161 9900
    760 13 5 44.299269 13 5 44.299269 9900
    761 13 5 44.309894 13 5 44.309894 9900
    762 13 5 44.319164 13 5 44.319164 9900
    763 13 5 44.329228 13 5 44.329228 9900
    764 13 5 44.339222 13 5 44.339222 9900
    765 13 5 44.349175 13 5 44.349175 9900
    766 13 5 44.359223 13 5 44.359223 9900
    767 13 5 44.369200 13 5 44.369200 9900
    768 13 5 44.379140 13 5 44.379140 9900
    769 13 5 44.389145 13 5 44.389145 9900
    770 13 5 44.399135 13 5 44.399135 9900
    771 13 5 44.409182 13 5 44.409182 9900
    772 13 5 44.419147 13 5 44.419147 9900
    773 13 5 44.429375 13 5 44.429375 9900
    774 13 5 44.439227 13 5 44.439227 9900
    775 13 5 44.449578 13 5 44.449578 9900
    776 13 5 44.459153 13 5 44.459153 9900
    777 13 5 44.469161 13 5 44.469161 9900
    778 13 5 44.479183 13 5 44.479183 9900
    779 13 5 44.489519 13 5 44.489519 9900
    780 13 5 44.499217 13 5 44.499217 9900
    781 13 5 44.509217 13 5 44.509217 9900
    782 13 5 44.519219 13 5 44.519219 9900
    783 13 5 44.529220 13 5 44.529220 9900
    784 13 5 44.539267 13 5 44.539267 9900
    785 13 5 44.549256 13 5 44.549256 9900
    786 13 5 44.559213 13 5 44.559213 9900
    787 13 5 44.569316 13 5 44.569316 9900
    788 13 5 44.579160 13 5 44.579160 9900
    789 13 5 44.589182 13 5 44.589182 9900
    790 13 5 44.599150 13 5 44.599150 9900
    791 13 5 44.609223 13 5 44.609223 9900
    792 13 5 44.619218 13 5 44.619218 9900
    793 13 5 44.629232 13 5 44.629232 9900
    794 13 5 44.639239 13 5 44.639239 9900
    795 13 5 44.649163 13 5 44.649163 9900
    796 13 5 44.659153 13 5 44.659153 9900
    797 13 5 44.669294 13 5 44.669294 9900
    798 13 5 44.679178 13 5 44.679178 9900
    799 13 5 44.689210 13 5 44.689210 9900
    800 13 5 44.699210 13 5 44.699210 9900
    801 13 5 44.709204 13 5 44.709204 9900
    802 13 5 44.719185 13 5 44.719185 9900
    803 13 5 44.729402 13 5 44.729402 9900
    804 13 5 44.739212 13 5 44.739212 9900
    805 13 5 44.749459 13 5 44.749459 9900
    806 13 5 44.759225 13 5 44.759225 9900
    807 13 5 44.769218 13 5 44.769218 9900
    808 13 5 44.779204 13 5 44.779204 9900
    809 13 5 44.789157 13 5 44.789157 9900
    810 13 5 44.799152 13 5 44.799152 9900
    811 13 5 44.809218 13 5 44.809218 9900
    812 13 5 44.819228 13 5 44.819228 9900
    813 13 5 44.829214 13 5 44.829214 9900
    814 13 5 44.839221 13 5 44.839221 9900
    815 13 5 44.849105 13 5 44.849105 9900
    816 13 5 44.859150 13 5 44.859150 9900
    817 13 5 44.869157 13 5 44.869157 9900
    818 13 5 44.879147 13 5 44.879147 9900
    819 13 5 44.889170 13 5 44.889170 9900
    820 13 5 44.899236 13 5 44.899236 9900
    821 13 5 44.909111 13 5 44.909111 9900
    822 13 5 44.919454 13 5 44.919454 9900
    823 13 5 44.929372 13 5 44.929372 9900
    824 13 5 44.939224 13 5 44.939224 9900
    825 13 5 44.949221 13 5 44.949221 9900
    826 13 5 44.959169 13 5 44.959169 9900
    827 13 5 44.969250 13 5 44.969250 9900
    828 13 5 44.979185 13 5 44.979185 9900
    829 13 5 44.989162 13 5 44.989162 9900
    830 13 5 44.999150 13 5 44.999150 9900
    831 13 5 45.009264 13 5 45.009264 9900
    832 13 5 45.019213 13 5 45.019213 9900
    833 13 5 45.029223 13 5 45.029223 9900
    834 13 5 45.039295 13 5 45.039295 9900
    835 13 5 45.049159 13 5 45.049159 9900
    836 13 5 45.059167 13 5 45.059167 9900
    837 13 5 45.069170 13 5 45.069170 9900
    838 13 5 45.079141 13 5 45.079141 9900
    839 13 5 45.089218 13 5 45.089218 9900
    840 13 5 45.099181 13 5 45.099181 9900
    841 13 5 45.109139 13 5 45.109139 9900
    842 13 5 45.119211 13 5 45.119211 9900
    843 13 5 45.129227 13 5 45.129227 9900
    844 13 5 45.139217 13 5 45.139217 9900
    845 13 5 45.149175 13 5 45.149175 9900
    846 13 5 45.159215 13 5 45.159215 9900
    847 13 5 45.169244 13 5 45.169244 9900
    848 13 5 45.179152 13 5 45.179152 9900
    849 13 5 45.189172 13 5 45.189172 9900
    850 13 5 45.199178 13 5 45.199178 9900
    851 13 5 45.209181 13 5 45.209181 9900
    852 13 5 45.219188 13 5 45.219188 9900
    853 13 5 45.229219 13 5 45.229219 9900
    854 13 5 45.239220 13 5 45.239220 9900
    855 13 5 45.249152 13 5 45.249152 9900
    856 13 5 45.259146 13 5 45.259146 9900
    857 13 5 45.269151 13 5 45.269151 9900
    858 13 5 45.279147 13 5 45.279147 9900
    859 13 5 45.289158 13 5 45.289158 9900
    860 13 5 45.299222 13 5 45.299222 9900
    861 13 5 45.309234 13 5 45.309234 9900
    862 13 5 45.319150 13 5 45.319150 9900
    863 13 5 45.329217 13 5 45.329217 9900
    864 13 5 45.339182 13 5 45.339182 9900
    865 13 5 45.349217 13 5 45.349217 9900
    866 13 5 45.359169 13 5 45.359169 9900
    867 13 5 45.369241 13 5 45.369241 9900
    868 13 5 45.379150 13 5 45.379150 9900
    869 13 5 45.389158 13 5 45.389158 9900
    870 13 5 45.399197 13 5 45.399197 9900
    871 13 5 45.409278 13 5 45.409278 9900
    872 13 5 45.419220 13 5 45.419220 9900
    873 13 5 45.429197 13 5 45.429197 9900
    874 13 5 45.439287 13 5 45.439287 9900
    875 13 5 45.449162 13 5 45.449162 9900
    876 13 5 45.459166 13 5 45.459166 9900
    877 13 5 45.469177 13 5 45.469177 9900
    878 13 5 45.479154 13 5 45.479154 9900
    879 13 5 45.489153 13 5 45.489153 9900
    880 13 5 45.499243 13 5 45.499243 9900
    881 13 5 45.509359 13 5 45.509359 9900
    882 13 5 45.519201 13 5 45.519201 9900
    883 13 5 45.529170 13 5 45.529170 9900
    884 13 5 45.539212 13 5 45.539212 9900
    885 13 5 45.549216 13 5 45.549216 9900
    886 13 5 45.559157 13 5 45.559157 9900
    887 13 5 45.569220 13 5 45.569220 9900
    888 13 5 45.579214 13 5 45.579214 9900
    889 13 5 45.589212 13 5 45.589212 9900
    890 13 5 45.599145 13 5 45.599145 9900
    891 13 5 45.609709 13 5 45.609709 9900
    892 13 5 45.619301 13 5 45.619301 9900
    893 13 5 45.629176 13 5 45.629176 9900
    894 13 5 45.639218 13 5 45.639218 9900
    895 13 5 45.649306 13 5 45.649306 9900
    896 13 5 45.659174 13 5 45.659174 9900
    897 13 5 45.669144 13 5 45.669144 9900
    898 13 5 45.679158 13 5 45.679158 9900
    899 13 5 45.689166 13 5 45.689166 9900
    900 13 5 45.699125 13 5 45.699125 9900
    901 13 5 45.709220 13 5 45.709220 9900
    902 13 5 45.719245 13 5 45.719245 9900
    903 13 5 45.729224 13 5 45.729224 9900
    904 13 5 45.739154 13 5 45.739154 9900
    905 13 5 45.749236 13 5 45.749236 9900
    906 13 5 45.759483 13 5 45.759483 9900
    907 13 5 45.769232 13 5 45.769232 9900
    908 13 5 45.779144 13 5 45.779144 9900
    909 13 5 45.789150 13 5 45.789150 9900
    910 13 5 45.799151 13 5 45.799151 9900
    911 13 5 45.809175 13 5 45.809175 9900
    912 13 5 45.819152 13 5 45.819152 9900
    913 13 5 45.829216 13 5 45.829216 9900
    914 13 5 45.839225 13 5 45.839225 9900
    915 13 5 45.849158 13 5 45.849158 9900
    916 13 5 45.859155 13 5 45.859155 9900
    917 13 5 45.869154 13 5 45.869154 9900
    918 13 5 45.879148 13 5 45.879148 9900
    919 13 5 45.889153 13 5 45.889153 9900
    920 13 5 45.899211 13 5 45.899211 9900
    921 13 5 45.909227 13 5 45.909227 9900
    922 13 5 45.919210 13 5 45.919210 9900
    923 13 5 45.929217 13 5 45.929217 9900
    924 13 5 45.939168 13 5 45.939168 9900
    925 13 5 45.949218 13 5 45.949218 9900
    926 13 5 45.959235 13 5 45.959235 9900
    927 13 5 45.969208 13 5 45.969208 9900
    928 13 5 45.979149 13 5 45.979149 9900
    929 13 5 45.989153 13 5 45.989153 9900
    930 13 5 45.999316 13 5 45.999316 9900
    931 13 5 46.009197 13 5 46.009197 9900
    932 13 5 46.019205 13 5 46.019205 9900
    933 13 5 46.029234 13 5 46.029234 9900
    934 13 5 46.039219 13 5 46.039219 9900
    935 13 5 46.049438 13 5 46.049438 9900
    936 13 5 46.059150 13 5 46.059150 9900
    937 13 5 46.069186 13 5 46.069186 9900
    938 13 5 46.079149 13 5 46.079149 9900
    939 13 5 46.089368 13 5 46.089368 9900
    940 13 5 46.099235 13 5 46.099235 9900
    941 13 5 46.109205 13 5 46.109205 9900
    942 13 5 46.119224 13 5 46.119224 9900
    943 13 5 46.129221 13 5 46.129221 9900
    944 13 5 46.139212 13 5 46.139212 9900
    945 13 5 46.149227 13 5 46.149227 9900
    946 13 5 46.159219 13 5 46.159219 9900
    947 13 5 46.169147 13 5 46.169147 9900
    948 13 5 46.179279 13 5 46.179279 9900
    949 13 5 46.189146 13 5 46.189146 9900
    950 13 5 46.199168 13 5 46.199168 9900
    951 13 5 46.209172 13 5 46.209172 9900
    952 13 5 46.219234 13 5 46.219234 9900
    953 13 5 46.229146 13 5 46.229146 9900
    954 13 5 46.239221 13 5 46.239221 9900
    955 13 5 46.249245 13 5 46.249245 9900
    956 13 5 46.259149 13 5 46.259149 9900
    957 13 5 46.269154 13 5 46.269154 9900
    958 13 5 46.279164 13 5 46.279164 9900
    959 13 5 46.289140 13 5 46.289140 9900
    960 13 5 46.299208 13 5 46.299208 9900
    961 13 5 46.309237 13 5 46.309237 9900
    962 13 5 46.319218 13 5 46.319218 9900
    963 13 5 46.329149 13 5 46.329149 9900
    964 13 5 46.339216 13 5 46.339216 9900
    965 13 5 46.349221 13 5 46.349221 9900
    966 13 5 46.359226 13 5 46.359226 9900
    967 13 5 46.369225 13 5 46.369225 9900
    968 13 5 46.379178 13 5 46.379178 9900
    969 13 5 46.389163 13 5 46.389163 9900
    970 13 5 46.399155 13 5 46.399155 9900
    971 13 5 46.409744 13 5 46.409744 9900
    972 13 5 46.419288 13 5 46.419288 9900
    973 13 5 46.429214 13 5 46.429214 9900
    974 13 5 46.439270 13 5 46.439270 9900
    975 13 5 46.449236 13 5 46.449236 9900
    976 13 5 46.459153 13 5 46.459153 9900
    977 13 5 46.469149 13 5 46.469149 9900
    978 13 5 46.479191 13 5 46.479191 9900
    979 13 5 46.489156 13 5 46.489156 9900
    980 13 5 46.499147 13 5 46.499147 9900
    981 13 5 46.509239 13 5 46.509239 9900
    982 13 5 46.519218 13 5 46.519218 9900
    983 13 5 46.529218 13 5 46.529218 9900
    984 13 5 46.539202 13 5 46.539202 9900
    985 13 5 46.549159 13 5 46.549159 9900
    986 13 5 46.559223 13 5 46.559223 9900
    987 13 5 46.569220 13 5 46.569220 9900
    988 13 5 46.579149 13 5 46.579149 9900
    989 13 5 46.589154 13 5 46.589154 9900
    990 13 5 46.599440 13 5 46.599440 9900
    991 13 5 46.609112 13 5 46.609112 9900
    992 13 5 46.619208 13 5 46.619208 9900
    993 13 5 46.629210 13 5 46.629210 9900
    994 13 5 46.639209 13 5 46.639209 9900
    995 13 5 46.649166 13 5 46.649166 9900
    996 13 5 46.659103 13 5 46.659103 9900
    997 13 5 46.669156 13 5 46.669156 9900
    998 13 5 46.679188 13 5 46.679188 9900
    999 13 5 46.689556 13 5 46.689556 9900
   1000 13 5 46.699156 13 5 46.699156 9900
