      1 13 6 49.547088 13 6 49.547088 10500
      2 13 6 49.557296 13 6 49.557296 10500
      3 13 6 49.567264 13 6 49.567264 10500
      4 13 6 49.577573 13 6 49.577573 10500
      5 13 6 49.587184 13 6 49.587184 10500
      6 13 6 49.597189 13 6 49.597189 10500
      7 13 6 49.607188 13 6 49.607188 10500
      8 13 6 49.617218 13 6 49.617218 10500
      9 13 6 49.627195 13 6 49.627195 10500
     10 13 6 49.637194 13 6 49.637194 10500
     11 13 6 49.647188 13 6 49.647188 10500
     12 13 6 49.657190 13 6 49.657190 10500
     13 13 6 49.667789 13 6 49.667789 10500
     14 13 6 49.677382 13 6 49.677382 10500
     15 13 6 49.687254 13 6 49.687254 10500
     16 13 6 49.697262 13 6 49.697262 10500
     17 13 6 49.707251 13 6 49.707251 10500
     18 13 6 49.717342 13 6 49.717342 10500
     19 13 6 49.727272 13 6 49.727272 10500
     20 13 6 49.738098 13 6 49.738098 10500
     21 13 6 49.747225 13 6 49.747225 10500
     22 13 6 49.757227 13 6 49.757227 10500
     23 13 6 49.767209 13 6 49.767209 10500
     24 13 6 49.777712 13 6 49.777712 10500
     25 13 6 49.787278 13 6 49.787278 10500
     26 13 6 49.797280 13 6 49.797280 10500
     27 13 6 49.807209 13 6 49.807209 10500
     28 13 6 49.817405 13 6 49.817405 10500
     29 13 6 49.827188 13 6 49.827188 10500
     30 13 6 49.837220 13 6 49.837220 10500
     31 13 6 49.847191 13 6 49.847191 10500
     32 13 6 49.857213 13 6 49.857213 10500
     33 13 6 49.867902 13 6 49.867902 10500
     34 13 6 49.877352 13 6 49.877352 10500
     35 13 6 49.887248 13 6 49.887248 10500
     36 13 6 49.897255 13 6 49.897255 10500
     37 13 6 49.907251 13 6 49.907251 10500
     38 13 6 49.917245 13 6 49.917245 10500
     39 13 6 49.927249 13 6 49.927249 10500
     40 13 6 49.937210 13 6 49.937210 10500
     41 13 6 49.947287 13 6 49.947287 10500
     42 13 6 49.957262 13 6 49.957262 10500
     43 13 6 49.967270 13 6 49.967270 10500
     44 13 6 49.977243 13 6 49.977243 10500
     45 13 6 49.987188 13 6 49.987188 10500
     46 13 6 49.997188 13 6 49.997188 10500
     47 13 6 50.007185 13 6 50.007185 10500
     48 13 6 50.017186 13 6 50.017186 10500
     49 13 6 50.027213 13 6 50.027213 10500
     50 13 6 50.037199 13 6 50.037199 10500
     51 13 6 50.047212 13 6 50.047212 10500
     52 13 6 50.057192 13 6 50.057192 10500
     53 13 6 50.067334 13 6 50.067334 10500
     54 13 6 50.077306 13 6 50.077306 10500
     55 13 6 50.087161 13 6 50.087161 10500
     56 13 6 50.097265 13 6 50.097265 10500
     57 13 6 50.107199 13 6 50.107199 10500
     58 13 6 50.117190 13 6 50.117190 10500
     59 13 6 50.127243 13 6 50.127243 10500
     60 13 6 50.137270 13 6 50.137270 10500
     61 13 6 50.147314 13 6 50.147314 10500
     62 13 6 50.157291 13 6 50.157291 10500
     63 13 6 50.167299 13 6 50.167299 10500
     64 13 6 50.177247 13 6 50.177247 10500
     65 13 6 50.187195 13 6 50.187195 10500
     66 13 6 50.197189 13 6 50.197189 10500
     67 13 6 50.207191 13 6 50.207191 10500
     68 13 6 50.217187 13 6 50.217187 10500
     69 13 6 50.227187 13 6 50.227187 10500
     70 13 6 50.237188 13 6 50.237188 10500
     71 13 6 50.247186 13 6 50.247186 10500
     72 13 6 50.257226 13 6 50.257226 10500
     73 13 6 50.267158 13 6 50.267158 10500
     74 13 6 50.277281 13 6 50.277281 10500
     75 13 6 50.287289 13 6 50.287289 10500
     76 13 6 50.297316 13 6 50.297316 10500
     77 13 6 50.307223 13 6 50.307223 10500
     78 13 6 50.317315 13 6 50.317315 10500
     79 13 6 50.327255 13 6 50.327255 10500
     80 13 6 50.337547 13 6 50.337547 10500
     81 13 6 50.347352 13 6 50.347352 10500
     82 13 6 50.357303 13 6 50.357303 10500
     83 13 6 50.367300 13 6 50.367300 10500
     84 13 6 50.377294 13 6 50.377294 10500
     85 13 6 50.387259 13 6 50.387259 10500
     86 13 6 50.397278 13 6 50.397278 10500
     87 13 6 50.407198 13 6 50.407198 10500
     88 13 6 50.417194 13 6 50.417194 10500
     89 13 6 50.427211 13 6 50.427211 10500
     90 13 6 50.437190 13 6 50.437190 10500
     91 13 6 50.447189 13 6 50.447189 10500
     92 13 6 50.457191 13 6 50.457191 10500
     93 13 6 50.467193 13 6 50.467193 10500
     94 13 6 50.477715 13 6 50.477715 10500
     95 13 6 50.487192 13 6 50.487192 10500
     96 13 6 50.497154 13 6 50.497154 10500
     97 13 6 50.507282 13 6 50.507282 10500
     98 13 6 50.517251 13 6 50.517251 10500
     99 13 6 50.527188 13 6 50.527188 10500
    100 13 6 50.537210 13 6 50.537210 10500
    101 13 6 50.547172 13 6 50.547172 10500
    102 13 6 50.557369 13 6 50.557369 10500
    103 13 6 50.567303 13 6 50.567303 10500
    104 13 6 50.577205 13 6 50.577205 10500
    105 13 6 50.587293 13 6 50.587293 10500
    106 13 6 50.597273 13 6 50.597273 10500
    107 13 6 50.607199 13 6 50.607199 10500
    108 13 6 50.617189 13 6 50.617189 10500
    109 13 6 50.627189 13 6 50.627189 10500
    110 13 6 50.637193 13 6 50.637193 10500
    111 13 6 50.647193 13 6 50.647193 10500
    112 13 6 50.657187 13 6 50.657187 10500
    113 13 6 50.667439 13 6 50.667439 10500
    114 13 6 50.677258 13 6 50.677258 10500
    115 13 6 50.687263 13 6 50.687263 10500
    116 13 6 50.697181 13 6 50.697181 10500
    117 13 6 50.707273 13 6 50.707273 10500
    118 13 6 50.717188 13 6 50.717188 10500
    119 13 6 50.727257 13 6 50.727257 10500
    120 13 6 50.737267 13 6 50.737267 10500
    121 13 6 50.747272 13 6 50.747272 10500
    122 13 6 50.757187 13 6 50.757187 10500
    123 13 6 50.767183 13 6 50.767183 10500
    124 13 6 50.777290 13 6 50.777290 10500
    125 13 6 50.787188 13 6 50.787188 10500
    126 13 6 50.797263 13 6 50.797263 10500
    127 13 6 50.807189 13 6 50.807189 10500
    128 13 6 50.817188 13 6 50.817188 10500
    129 13 6 50.827187 13 6 50.827187 10500
    130 13 6 50.837212 13 6 50.837212 10500
    131 13 6 50.847189 13 6 50.847189 10500
    132 13 6 50.857205 13 6 50.857205 10500
    133 13 6 50.867190 13 6 50.867190 10500
    134 13 6 50.877163 13 6 50.877163 10500
    135 13 6 50.887290 13 6 50.887290 10500
    136 13 6 50.897368 13 6 50.897368 10500
    137 13 6 50.907207 13 6 50.907207 10500
    138 13 6 50.917245 13 6 50.917245 10500
    139 13 6 50.927191 13 6 50.927191 10500
    140 13 6 50.937252 13 6 50.937252 10500
    141 13 6 50.947235 13 6 50.947235 10500
    142 13 6 50.957194 13 6 50.957194 10500
    143 13 6 50.967326 13 6 50.967326 10500
    144 13 6 50.977274 13 6 50.977274 10500
    145 13 6 50.987246 13 6 50.987246 10500
    146 13 6 50.997261 13 6 50.997261 10500
    147 13 6 51.007187 13 6 51.007187 10500
    148 13 6 51.017187 13 6 51.017187 10500
    149 13 6 51.027188 13 6 51.027188 10500
    150 13 6 51.037190 13 6 51.037190 10500
    151 13 6 51.047195 13 6 51.047195 10500
    152 13 6 51.057187 13 6 51.057187 10500
    153 13 6 51.067210 13 6 51.067210 10500
    154 13 6 51.078108 13 6 51.078108 10500
    155 13 6 51.087200 13 6 51.087200 10500
    156 13 6 51.097253 13 6 51.097253 10500
    157 13 6 51.107314 13 6 51.107314 10500
    158 13 6 51.117266 13 6 51.117266 10500
    159 13 6 51.127257 13 6 51.127257 10500
    160 13 6 51.137213 13 6 51.137213 10500
    161 13 6 51.147226 13 6 51.147226 10500
    162 13 6 51.157268 13 6 51.157268 10500
    163 13 6 51.167285 13 6 51.167285 10500
    164 13 6 51.177245 13 6 51.177245 10500
    165 13 6 51.187238 13 6 51.187238 10500
    166 13 6 51.197187 13 6 51.197187 10500
    167 13 6 51.207188 13 6 51.207188 10500
    168 13 6 51.217188 13 6 51.217188 10500
    169 13 6 51.227190 13 6 51.227190 10500
    170 13 6 51.237189 13 6 51.237189 10500
    171 13 6 51.247188 13 6 51.247188 10500
    172 13 6 51.257330 13 6 51.257330 10500
    173 13 6 51.267190 13 6 51.267190 10500
    174 13 6 51.277188 13 6 51.277188 10500
    175 13 6 51.287216 13 6 51.287216 10500
    176 13 6 51.297249 13 6 51.297249 10500
    177 13 6 51.307250 13 6 51.307250 10500
    178 13 6 51.317253 13 6 51.317253 10500
    179 13 6 51.327250 13 6 51.327250 10500
    180 13 6 51.337255 13 6 51.337255 10500
    181 13 6 51.347256 13 6 51.347256 10500
    182 13 6 51.357193 13 6 51.357193 10500
    183 13 6 51.367223 13 6 51.367223 10500
    184 13 6 51.377257 13 6 51.377257 10500
    185 13 6 51.387253 13 6 51.387253 10500
    186 13 6 51.397253 13 6 51.397253 10500
    187 13 6 51.407187 13 6 51.407187 10500
    188 13 6 51.417200 13 6 51.417200 10500
    189 13 6 51.427213 13 6 51.427213 10500
    190 13 6 51.437190 13 6 51.437190 10500
    191 13 6 51.447189 13 6 51.447189 10500
    192 13 6 51.457205 13 6 51.457205 10500
    193 13 6 51.467210 13 6 51.467210 10500
    194 13 6 51.477187 13 6 51.477187 10500
    195 13 6 51.487467 13 6 51.487467 10500
    196 13 6 51.497233 13 6 51.497233 10500
    197 13 6 51.507244 13 6 51.507244 10500
    198 13 6 51.517308 13 6 51.517308 10500
    199 13 6 51.527189 13 6 51.527189 10500
    200 13 6 51.537255 13 6 51.537255 10500
    201 13 6 51.547244 13 6 51.547244 10500
    202 13 6 51.557257 13 6 51.557257 10500
    203 13 6 51.567248 13 6 51.567248 10500
    204 13 6 51.577311 13 6 51.577311 10500
    205 13 6 51.587307 13 6 51.587307 10500
    206 13 6 51.597253 13 6 51.597253 10500
    207 13 6 51.607191 13 6 51.607191 10500
    208 13 6 51.617477 13 6 51.617477 10500
    209 13 6 51.627191 13 6 51.627191 10500
    210 13 6 51.637269 13 6 51.637269 10500
    211 13 6 51.647194 13 6 51.647194 10500
    212 13 6 51.657192 13 6 51.657192 10500
    213 13 6 51.667274 13 6 51.667274 10500
    214 13 6 51.677196 13 6 51.677196 10500
    215 13 6 51.687795 13 6 51.687795 10500
    216 13 6 51.697257 13 6 51.697257 10500
    217 13 6 51.707189 13 6 51.707189 10500
    218 13 6 51.717275 13 6 51.717275 10500
    219 13 6 51.727251 13 6 51.727251 10500
    220 13 6 51.737346 13 6 51.737346 10500
    221 13 6 51.747228 13 6 51.747228 10500
    222 13 6 51.757278 13 6 51.757278 10500
    223 13 6 51.767228 13 6 51.767228 10500
    224 13 6 51.777307 13 6 51.777307 10500
    225 13 6 51.787247 13 6 51.787247 10500
    226 13 6 51.797260 13 6 51.797260 10500
    227 13 6 51.807189 13 6 51.807189 10500
    228 13 6 51.817191 13 6 51.817191 10500
    229 13 6 51.827193 13 6 51.827193 10500
    230 13 6 51.837243 13 6 51.837243 10500
    231 13 6 51.847186 13 6 51.847186 10500
    232 13 6 51.857191 13 6 51.857191 10500
    233 13 6 51.867384 13 6 51.867384 10500
    234 13 6 51.877192 13 6 51.877192 10500
    235 13 6 51.887390 13 6 51.887390 10500
    236 13 6 51.897170 13 6 51.897170 10500
    237 13 6 51.907192 13 6 51.907192 10500
    238 13 6 51.917350 13 6 51.917350 10500
    239 13 6 51.927264 13 6 51.927264 10500
    240 13 6 51.937303 13 6 51.937303 10500
    241 13 6 51.947826 13 6 51.947826 10500
    242 13 6 51.957306 13 6 51.957306 10500
    243 13 6 51.967253 13 6 51.967253 10500
    244 13 6 51.977221 13 6 51.977221 10500
    245 13 6 51.987254 13 6 51.987254 10500
    246 13 6 51.997298 13 6 51.997298 10500
    247 13 6 52.007556 13 6 52.007556 10500
    248 13 6 52.017190 13 6 52.017190 10500
    249 13 6 52.027197 13 6 52.027197 10500
    250 13 6 52.037194 13 6 52.037194 10500
    251 13 6 52.047178 13 6 52.047178 10500
    252 13 6 52.057186 13 6 52.057186 10500
    253 13 6 52.067208 13 6 52.067208 10500
    254 13 6 52.077201 13 6 52.077201 10500
    255 13 6 52.087135 13 6 52.087135 10500
    256 13 6 52.097233 13 6 52.097233 10500
    257 13 6 52.107227 13 6 52.107227 10500
    258 13 6 52.117244 13 6 52.117244 10500
    259 13 6 52.127180 13 6 52.127180 10500
    260 13 6 52.137227 13 6 52.137227 10500
    261 13 6 52.147239 13 6 52.147239 10500
    262 13 6 52.157283 13 6 52.157283 10500
    263 13 6 52.167299 13 6 52.167299 10500
    264 13 6 52.177294 13 6 52.177294 10500
    265 13 6 52.187536 13 6 52.187536 10500
    266 13 6 52.197336 13 6 52.197336 10500
    267 13 6 52.207197 13 6 52.207197 10500
    268 13 6 52.217149 13 6 52.217149 10500
    269 13 6 52.227190 13 6 52.227190 10500
    270 13 6 52.237186 13 6 52.237186 10500
    271 13 6 52.247196 13 6 52.247196 10500
    272 13 6 52.257192 13 6 52.257192 10500
    273 13 6 52.267187 13 6 52.267187 10500
    274 13 6 52.277191 13 6 52.277191 10500
    275 13 6 52.287190 13 6 52.287190 10500
    276 13 6 52.297192 13 6 52.297192 10500
    277 13 6 52.307209 13 6 52.307209 10500
    278 13 6 52.317264 13 6 52.317264 10500
    279 13 6 52.327261 13 6 52.327261 10500
    280 13 6 52.337235 13 6 52.337235 10500
    281 13 6 52.347259 13 6 52.347259 10500
    282 13 6 52.357277 13 6 52.357277 10500
    283 13 6 52.367277 13 6 52.367277 10500
    284 13 6 52.377256 13 6 52.377256 10500
    285 13 6 52.387259 13 6 52.387259 10500
    286 13 6 52.397374 13 6 52.397374 10500
    287 13 6 52.407297 13 6 52.407297 10500
    288 13 6 52.417155 13 6 52.417155 10500
    289 13 6 52.427194 13 6 52.427194 10500
    290 13 6 52.437372 13 6 52.437372 10500
    291 13 6 52.447192 13 6 52.447192 10500
    292 13 6 52.457194 13 6 52.457194 10500
    293 13 6 52.467230 13 6 52.467230 10500
    294 13 6 52.477195 13 6 52.477195 10500
    295 13 6 52.487200 13 6 52.487200 10500
    296 13 6 52.497213 13 6 52.497213 10500
    297 13 6 52.507185 13 6 52.507185 10500
    298 13 6 52.517301 13 6 52.517301 10500
    299 13 6 52.527254 13 6 52.527254 10500
    300 13 6 52.537261 13 6 52.537261 10500
    301 13 6 52.547697 13 6 52.547697 10500
    302 13 6 52.557276 13 6 52.557276 10500
    303 13 6 52.567272 13 6 52.567272 10500
    304 13 6 52.577285 13 6 52.577285 10500
    305 13 6 52.587327 13 6 52.587327 10500
    306 13 6 52.597307 13 6 52.597307 10500
    307 13 6 52.607253 13 6 52.607253 10500
    308 13 6 52.617288 13 6 52.617288 10500
    309 13 6 52.627192 13 6 52.627192 10500
    310 13 6 52.637193 13 6 52.637193 10500
    311 13 6 52.647187 13 6 52.647187 10500
    312 13 6 52.657189 13 6 52.657189 10500
    313 13 6 52.667188 13 6 52.667188 10500
    314 13 6 52.677173 13 6 52.677173 10500
    315 13 6 52.687210 13 6 52.687210 10500
    316 13 6 52.697195 13 6 52.697195 10500
    317 13 6 52.707188 13 6 52.707188 10500
    318 13 6 52.717187 13 6 52.717187 10500
    319 13 6 52.727381 13 6 52.727381 10500
    320 13 6 52.737715 13 6 52.737715 10500
    321 13 6 52.747244 13 6 52.747244 10500
    322 13 6 52.757384 13 6 52.757384 10500
    323 13 6 52.767234 13 6 52.767234 10500
    324 13 6 52.777192 13 6 52.777192 10500
    325 13 6 52.787129 13 6 52.787129 10500
    326 13 6 52.797237 13 6 52.797237 10500
    327 13 6 52.807273 13 6 52.807273 10500
    328 13 6 52.817303 13 6 52.817303 10500
    329 13 6 52.827257 13 6 52.827257 10500
    330 13 6 52.837252 13 6 52.837252 10500
    331 13 6 52.847192 13 6 52.847192 10500
    332 13 6 52.857542 13 6 52.857542 10500
    333 13 6 52.867209 13 6 52.867209 10500
    334 13 6 52.877496 13 6 52.877496 10500
    335 13 6 52.887197 13 6 52.887197 10500
    336 13 6 52.897205 13 6 52.897205 10500
    337 13 6 52.907206 13 6 52.907206 10500
    338 13 6 52.917194 13 6 52.917194 10500
    339 13 6 52.927146 13 6 52.927146 10500
    340 13 6 52.937192 13 6 52.937192 10500
    341 13 6 52.947253 13 6 52.947253 10500
    342 13 6 52.957287 13 6 52.957287 10500
    343 13 6 52.967250 13 6 52.967250 10500
    344 13 6 52.977539 13 6 52.977539 10500
    345 13 6 52.987203 13 6 52.987203 10500
    346 13 6 52.997216 13 6 52.997216 10500
    347 13 6 53.007233 13 6 53.007233 10500
    348 13 6 53.017288 13 6 53.017288 10500
    349 13 6 53.027279 13 6 53.027279 10500
    350 13 6 53.037246 13 6 53.037246 10500
    351 13 6 53.047268 13 6 53.047268 10500
    352 13 6 53.057186 13 6 53.057186 10500
    353 13 6 53.067185 13 6 53.067185 10500
    354 13 6 53.077165 13 6 53.077165 10500
    355 13 6 53.087147 13 6 53.087147 10500
    356 13 6 53.097205 13 6 53.097205 10500
    357 13 6 53.107190 13 6 53.107190 10500
    358 13 6 53.117190 13 6 53.117190 10500
    359 13 6 53.127200 13 6 53.127200 10500
    360 13 6 53.137208 13 6 53.137208 10500
    361 13 6 53.147970 13 6 53.147970 10500
    362 13 6 53.157724 13 6 53.157724 10500
    363 13 6 53.167208 13 6 53.167208 10500
    364 13 6 53.177231 13 6 53.177231 10500
    365 13 6 53.187207 13 6 53.187207 10500
    366 13 6 53.197468 13 6 53.197468 10500
    367 13 6 53.207188 13 6 53.207188 10500
    368 13 6 53.217249 13 6 53.217249 10500
    369 13 6 53.227209 13 6 53.227209 10500
    370 13 6 53.237188 13 6 53.237188 10500
    371 13 6 53.247188 13 6 53.247188 10500
    372 13 6 53.257188 13 6 53.257188 10500
    373 13 6 53.267507 13 6 53.267507 10500
    374 13 6 53.277219 13 6 53.277219 10500
    375 13 6 53.287190 13 6 53.287190 10500
    376 13 6 53.297459 13 6 53.297459 10500
    377 13 6 53.307203 13 6 53.307203 10500
    378 13 6 53.317188 13 6 53.317188 10500
    379 13 6 53.327190 13 6 53.327190 10500
    380 13 6 53.337189 13 6 53.337189 10500
    381 13 6 53.347417 13 6 53.347417 10500
    382 13 6 53.357284 13 6 53.357284 10500
    383 13 6 53.367314 13 6 53.367314 10500
    384 13 6 53.377276 13 6 53.377276 10500
    385 13 6 53.387256 13 6 53.387256 10500
    386 13 6 53.397278 13 6 53.397278 10500
    387 13 6 53.407192 13 6 53.407192 10500
    388 13 6 53.417253 13 6 53.417253 10500
    389 13 6 53.427253 13 6 53.427253 10500
    390 13 6 53.437188 13 6 53.437188 10500
    391 13 6 53.447279 13 6 53.447279 10500
    392 13 6 53.457205 13 6 53.457205 10500
    393 13 6 53.467193 13 6 53.467193 10500
    394 13 6 53.477189 13 6 53.477189 10500
    395 13 6 53.488154 13 6 53.488154 10500
    396 13 6 53.497196 13 6 53.497196 10500
    397 13 6 53.507147 13 6 53.507147 10500
    398 13 6 53.517186 13 6 53.517186 10500
    399 13 6 53.527186 13 6 53.527186 10500
    400 13 6 53.537176 13 6 53.537176 10500
    401 13 6 53.547199 13 6 53.547199 10500
    402 13 6 53.557287 13 6 53.557287 10500
    403 13 6 53.567335 13 6 53.567335 10500
    404 13 6 53.578074 13 6 53.578074 10500
    405 13 6 53.587260 13 6 53.587260 10500
    406 13 6 53.597222 13 6 53.597222 10500
    407 13 6 53.607193 13 6 53.607193 10500
    408 13 6 53.618090 13 6 53.618090 10500
    409 13 6 53.627237 13 6 53.627237 10500
    410 13 6 53.637337 13 6 53.637337 10500
    411 13 6 53.647269 13 6 53.647269 10500
    412 13 6 53.657276 13 6 53.657276 10500
    413 13 6 53.667256 13 6 53.667256 10500
    414 13 6 53.677190 13 6 53.677190 10500
    415 13 6 53.687190 13 6 53.687190 10500
    416 13 6 53.697192 13 6 53.697192 10500
    417 13 6 53.707124 13 6 53.707124 10500
    418 13 6 53.717300 13 6 53.717300 10500
    419 13 6 53.727189 13 6 53.727189 10500
    420 13 6 53.737701 13 6 53.737701 10500
    421 13 6 53.747864 13 6 53.747864 10500
    422 13 6 53.757243 13 6 53.757243 10500
    423 13 6 53.767814 13 6 53.767814 10500
    424 13 6 53.777242 13 6 53.777242 10500
    425 13 6 53.787311 13 6 53.787311 10500
    426 13 6 53.797333 13 6 53.797333 10500
    427 13 6 53.807212 13 6 53.807212 10500
    428 13 6 53.817222 13 6 53.817222 10500
    429 13 6 53.827235 13 6 53.827235 10500
    430 13 6 53.837263 13 6 53.837263 10500
    431 13 6 53.847320 13 6 53.847320 10500
    432 13 6 53.857427 13 6 53.857427 10500
    433 13 6 53.867801 13 6 53.867801 10500
    434 13 6 53.877315 13 6 53.877315 10500
    435 13 6 53.887247 13 6 53.887247 10500
    436 13 6 53.897635 13 6 53.897635 10500
    437 13 6 53.907271 13 6 53.907271 10500
    438 13 6 53.917279 13 6 53.917279 10500
    439 13 6 53.928080 13 6 53.928080 10500
    440 13 6 53.937210 13 6 53.937210 10500
    441 13 6 53.947189 13 6 53.947189 10500
    442 13 6 53.957210 13 6 53.957210 10500
    443 13 6 53.967204 13 6 53.967204 10500
    444 13 6 53.977237 13 6 53.977237 10500
    445 13 6 53.987268 13 6 53.987268 10500
    446 13 6 53.997188 13 6 53.997188 10500
    447 13 6 54.007190 13 6 54.007190 10500
    448 13 6 54.017186 13 6 54.017186 10500
    449 13 6 54.027208 13 6 54.027208 10500
    450 13 6 54.037199 13 6 54.037199 10500
    451 13 6 54.047421 13 6 54.047421 10500
    452 13 6 54.057220 13 6 54.057220 10500
    453 13 6 54.067258 13 6 54.067258 10500
    454 13 6 54.077430 13 6 54.077430 10500
    455 13 6 54.087238 13 6 54.087238 10500
    456 13 6 54.097219 13 6 54.097219 10500
    457 13 6 54.107306 13 6 54.107306 10500
    458 13 6 54.117215 13 6 54.117215 10500
    459 13 6 54.127172 13 6 54.127172 10500
    460 13 6 54.137377 13 6 54.137377 10500
    461 13 6 54.147750 13 6 54.147750 10500
    462 13 6 54.157201 13 6 54.157201 10500
    463 13 6 54.167833 13 6 54.167833 10500
    464 13 6 54.177241 13 6 54.177241 10500
    465 13 6 54.187235 13 6 54.187235 10500
    466 13 6 54.197214 13 6 54.197214 10500
    467 13 6 54.207276 13 6 54.207276 10500
    468 13 6 54.217210 13 6 54.217210 10500
    469 13 6 54.227531 13 6 54.227531 10500
    470 13 6 54.237198 13 6 54.237198 10500
    471 13 6 54.247148 13 6 54.247148 10500
    472 13 6 54.257190 13 6 54.257190 10500
    473 13 6 54.267189 13 6 54.267189 10500
    474 13 6 54.277191 13 6 54.277191 10500
    475 13 6 54.287196 13 6 54.287196 10500
    476 13 6 54.297305 13 6 54.297305 10500
    477 13 6 54.307220 13 6 54.307220 10500
    478 13 6 54.317252 13 6 54.317252 10500
    479 13 6 54.327246 13 6 54.327246 10500
    480 13 6 54.337252 13 6 54.337252 10500
    481 13 6 54.347251 13 6 54.347251 10500
    482 13 6 54.357211 13 6 54.357211 10500
    483 13 6 54.367562 13 6 54.367562 10500
    484 13 6 54.377257 13 6 54.377257 10500
    485 13 6 54.387188 13 6 54.387188 10500
    486 13 6 54.397185 13 6 54.397185 10500
    487 13 6 54.407263 13 6 54.407263 10500
    488 13 6 54.417189 13 6 54.417189 10500
    489 13 6 54.427191 13 6 54.427191 10500
    490 13 6 54.437209 13 6 54.437209 10500
    491 13 6 54.447189 13 6 54.447189 10500
    492 13 6 54.457188 13 6 54.457188 10500
    493 13 6 54.467185 13 6 54.467185 10500
    494 13 6 54.477192 13 6 54.477192 10500
    495 13 6 54.487827 13 6 54.487827 10500
    496 13 6 54.497253 13 6 54.497253 10500
    497 13 6 54.507266 13 6 54.507266 10500
    498 13 6 54.517249 13 6 54.517249 10500
    499 13 6 54.527245 13 6 54.527245 10500
    500 13 6 54.537272 13 6 54.537272 10500
    501 13 6 54.547252 13 6 54.547252 10500
    502 13 6 54.557295 13 6 54.557295 10500
    503 13 6 54.567157 13 6 54.567157 10500
    504 13 6 54.577190 13 6 54.577190 10500
    505 13 6 54.587223 13 6 54.587223 10500
    506 13 6 54.597212 13 6 54.597212 10500
    507 13 6 54.607205 13 6 54.607205 10500
    508 13 6 54.617189 13 6 54.617189 10500
    509 13 6 54.627186 13 6 54.627186 10500
    510 13 6 54.637253 13 6 54.637253 10500
    511 13 6 54.647429 13 6 54.647429 10500
    512 13 6 54.657178 13 6 54.657178 10500
    513 13 6 54.667535 13 6 54.667535 10500
    514 13 6 54.677188 13 6 54.677188 10500
    515 13 6 54.687212 13 6 54.687212 10500
    516 13 6 54.697285 13 6 54.697285 10500
    517 13 6 54.707200 13 6 54.707200 10500
    518 13 6 54.717198 13 6 54.717198 10500
    519 13 6 54.727257 13 6 54.727257 10500
    520 13 6 54.737251 13 6 54.737251 10500
    521 13 6 54.747252 13 6 54.747252 10500
    522 13 6 54.757285 13 6 54.757285 10500
    523 13 6 54.767231 13 6 54.767231 10500
    524 13 6 54.778035 13 6 54.778035 10500
    525 13 6 54.787272 13 6 54.787272 10500
    526 13 6 54.797248 13 6 54.797248 10500
    527 13 6 54.807285 13 6 54.807285 10500
    528 13 6 54.817258 13 6 54.817258 10500
    529 13 6 54.827195 13 6 54.827195 10500
    530 13 6 54.837186 13 6 54.837186 10500
    531 13 6 54.847200 13 6 54.847200 10500
    532 13 6 54.857188 13 6 54.857188 10500
    533 13 6 54.867176 13 6 54.867176 10500
    534 13 6 54.877212 13 6 54.877212 10500
    535 13 6 54.887205 13 6 54.887205 10500
    536 13 6 54.897922 13 6 54.897922 10500
    537 13 6 54.907246 13 6 54.907246 10500
    538 13 6 54.917192 13 6 54.917192 10500
    539 13 6 54.927307 13 6 54.927307 10500
    540 13 6 54.937252 13 6 54.937252 10500
    541 13 6 54.947279 13 6 54.947279 10500
    542 13 6 54.957242 13 6 54.957242 10500
    543 13 6 54.967298 13 6 54.967298 10500
    544 13 6 54.977254 13 6 54.977254 10500
    545 13 6 54.987256 13 6 54.987256 10500
    546 13 6 54.997188 13 6 54.997188 10500
    547 13 6 55.007252 13 6 55.007252 10500
    548 13 6 55.017271 13 6 55.017271 10500
    549 13 6 55.027189 13 6 55.027189 10500
    550 13 6 55.037188 13 6 55.037188 10500
    551 13 6 55.047190 13 6 55.047190 10500
    552 13 6 55.057211 13 6 55.057211 10500
    553 13 6 55.067200 13 6 55.067200 10500
    554 13 6 55.077125 13 6 55.077125 10500
    555 13 6 55.087235 13 6 55.087235 10500
    556 13 6 55.097251 13 6 55.097251 10500
    557 13 6 55.107246 13 6 55.107246 10500
    558 13 6 55.117255 13 6 55.117255 10500
    559 13 6 55.127254 13 6 55.127254 10500
    560 13 6 55.137286 13 6 55.137286 10500
    561 13 6 55.147244 13 6 55.147244 10500
    562 13 6 55.157248 13 6 55.157248 10500
    563 13 6 55.167262 13 6 55.167262 10500
    564 13 6 55.177252 13 6 55.177252 10500
    565 13 6 55.187252 13 6 55.187252 10500
    566 13 6 55.197251 13 6 55.197251 10500
    567 13 6 55.207386 13 6 55.207386 10500
    568 13 6 55.217151 13 6 55.217151 10500
    569 13 6 55.227192 13 6 55.227192 10500
    570 13 6 55.237189 13 6 55.237189 10500
    571 13 6 55.247199 13 6 55.247199 10500
    572 13 6 55.257187 13 6 55.257187 10500
    573 13 6 55.267280 13 6 55.267280 10500
    574 13 6 55.277189 13 6 55.277189 10500
    575 13 6 55.287188 13 6 55.287188 10500
    576 13 6 55.297220 13 6 55.297220 10500
    577 13 6 55.307234 13 6 55.307234 10500
    578 13 6 55.317267 13 6 55.317267 10500
    579 13 6 55.327261 13 6 55.327261 10500
    580 13 6 55.337307 13 6 55.337307 10500
    581 13 6 55.347189 13 6 55.347189 10500
    582 13 6 55.357255 13 6 55.357255 10500
    583 13 6 55.367260 13 6 55.367260 10500
    584 13 6 55.377271 13 6 55.377271 10500
    585 13 6 55.387245 13 6 55.387245 10500
    586 13 6 55.397365 13 6 55.397365 10500
    587 13 6 55.407240 13 6 55.407240 10500
    588 13 6 55.417242 13 6 55.417242 10500
    589 13 6 55.427191 13 6 55.427191 10500
    590 13 6 55.437188 13 6 55.437188 10500
    591 13 6 55.447186 13 6 55.447186 10500
    592 13 6 55.457394 13 6 55.457394 10500
    593 13 6 55.467207 13 6 55.467207 10500
    594 13 6 55.477190 13 6 55.477190 10500
    595 13 6 55.487211 13 6 55.487211 10500
    596 13 6 55.497501 13 6 55.497501 10500
    597 13 6 55.507289 13 6 55.507289 10500
    598 13 6 55.517252 13 6 55.517252 10500
    599 13 6 55.527262 13 6 55.527262 10500
    600 13 6 55.537260 13 6 55.537260 10500
    601 13 6 55.547254 13 6 55.547254 10500
    602 13 6 55.557256 13 6 55.557256 10500
    603 13 6 55.567205 13 6 55.567205 10500
    604 13 6 55.577258 13 6 55.577258 10500
    605 13 6 55.587344 13 6 55.587344 10500
    606 13 6 55.597245 13 6 55.597245 10500
    607 13 6 55.607190 13 6 55.607190 10500
    608 13 6 55.617193 13 6 55.617193 10500
    609 13 6 55.627586 13 6 55.627586 10500
    610 13 6 55.637191 13 6 55.637191 10500
    611 13 6 55.647190 13 6 55.647190 10500
    612 13 6 55.657212 13 6 55.657212 10500
    613 13 6 55.667189 13 6 55.667189 10500
    614 13 6 55.677261 13 6 55.677261 10500
    615 13 6 55.687184 13 6 55.687184 10500
    616 13 6 55.697187 13 6 55.697187 10500
    617 13 6 55.707219 13 6 55.707219 10500
    618 13 6 55.717194 13 6 55.717194 10500
    619 13 6 55.727210 13 6 55.727210 10500
    620 13 6 55.737233 13 6 55.737233 10500
    621 13 6 55.747252 13 6 55.747252 10500
    622 13 6 55.757254 13 6 55.757254 10500
    623 13 6 55.767259 13 6 55.767259 10500
    624 13 6 55.777189 13 6 55.777189 10500
    625 13 6 55.787207 13 6 55.787207 10500
    626 13 6 55.797277 13 6 55.797277 10500
    627 13 6 55.807250 13 6 55.807250 10500
    628 13 6 55.817194 13 6 55.817194 10500
    629 13 6 55.827195 13 6 55.827195 10500
    630 13 6 55.837190 13 6 55.837190 10500
    631 13 6 55.847197 13 6 55.847197 10500
    632 13 6 55.857188 13 6 55.857188 10500
    633 13 6 55.867198 13 6 55.867198 10500
    634 13 6 55.877527 13 6 55.877527 10500
    635 13 6 55.887194 13 6 55.887194 10500
    636 13 6 55.897191 13 6 55.897191 10500
    637 13 6 55.907229 13 6 55.907229 10500
    638 13 6 55.917217 13 6 55.917217 10500
    639 13 6 55.927258 13 6 55.927258 10500
    640 13 6 55.937232 13 6 55.937232 10500
    641 13 6 55.947254 13 6 55.947254 10500
    642 13 6 55.957267 13 6 55.957267 10500
    643 13 6 55.967275 13 6 55.967275 10500
    644 13 6 55.977263 13 6 55.977263 10500
    645 13 6 55.987188 13 6 55.987188 10500
    646 13 6 55.997244 13 6 55.997244 10500
    647 13 6 56.007247 13 6 56.007247 10500
    648 13 6 56.017254 13 6 56.017254 10500
    649 13 6 56.027174 13 6 56.027174 10500
    650 13 6 56.037187 13 6 56.037187 10500
    651 13 6 56.047311 13 6 56.047311 10500
    652 13 6 56.057192 13 6 56.057192 10500
    653 13 6 56.067196 13 6 56.067196 10500
    654 13 6 56.077193 13 6 56.077193 10500
    655 13 6 56.087156 13 6 56.087156 10500
    656 13 6 56.097212 13 6 56.097212 10500
    657 13 6 56.107221 13 6 56.107221 10500
    658 13 6 56.117148 13 6 56.117148 10500
    659 13 6 56.127256 13 6 56.127256 10500
    660 13 6 56.137255 13 6 56.137255 10500
    661 13 6 56.147247 13 6 56.147247 10500
    662 13 6 56.157251 13 6 56.157251 10500
    663 13 6 56.167307 13 6 56.167307 10500
    664 13 6 56.177249 13 6 56.177249 10500
    665 13 6 56.187251 13 6 56.187251 10500
    666 13 6 56.197245 13 6 56.197245 10500
    667 13 6 56.207250 13 6 56.207250 10500
    668 13 6 56.217202 13 6 56.217202 10500
    669 13 6 56.227192 13 6 56.227192 10500
    670 13 6 56.237206 13 6 56.237206 10500
    671 13 6 56.247191 13 6 56.247191 10500
    672 13 6 56.257187 13 6 56.257187 10500
    673 13 6 56.267187 13 6 56.267187 10500
    674 13 6 56.277188 13 6 56.277188 10500
    675 13 6 56.287391 13 6 56.287391 10500
    676 13 6 56.297217 13 6 56.297217 10500
    677 13 6 56.307488 13 6 56.307488 10500
    678 13 6 56.317258 13 6 56.317258 10500
    679 13 6 56.327212 13 6 56.327212 10500
    680 13 6 56.337274 13 6 56.337274 10500
    681 13 6 56.347290 13 6 56.347290 10500
    682 13 6 56.357255 13 6 56.357255 10500
    683 13 6 56.367944 13 6 56.367944 10500
    684 13 6 56.377205 13 6 56.377205 10500
    685 13 6 56.387239 13 6 56.387239 10500
    686 13 6 56.397255 13 6 56.397255 10500
    687 13 6 56.407257 13 6 56.407257 10500
    688 13 6 56.417253 13 6 56.417253 10500
    689 13 6 56.427202 13 6 56.427202 10500
    690 13 6 56.437500 13 6 56.437500 10500
    691 13 6 56.447192 13 6 56.447192 10500
    692 13 6 56.457211 13 6 56.457211 10500
    693 13 6 56.467201 13 6 56.467201 10500
    694 13 6 56.477192 13 6 56.477192 10500
    695 13 6 56.487208 13 6 56.487208 10500
    696 13 6 56.497202 13 6 56.497202 10500
    697 13 6 56.507379 13 6 56.507379 10500
    698 13 6 56.517321 13 6 56.517321 10500
    699 13 6 56.527250 13 6 56.527250 10500
    700 13 6 56.537252 13 6 56.537252 10500
    701 13 6 56.547263 13 6 56.547263 10500
    702 13 6 56.557212 13 6 56.557212 10500
    703 13 6 56.567171 13 6 56.567171 10500
    704 13 6 56.577263 13 6 56.577263 10500
    705 13 6 56.587947 13 6 56.587947 10500
    706 13 6 56.597265 13 6 56.597265 10500
    707 13 6 56.607249 13 6 56.607249 10500
    708 13 6 56.617243 13 6 56.617243 10500
    709 13 6 56.627192 13 6 56.627192 10500
    710 13 6 56.637191 13 6 56.637191 10500
    711 13 6 56.647190 13 6 56.647190 10500
    712 13 6 56.657187 13 6 56.657187 10500
    713 13 6 56.667186 13 6 56.667186 10500
    714 13 6 56.677188 13 6 56.677188 10500
    715 13 6 56.687189 13 6 56.687189 10500
    716 13 6 56.697187 13 6 56.697187 10500
    717 13 6 56.707214 13 6 56.707214 10500
    718 13 6 56.717258 13 6 56.717258 10500
    719 13 6 56.727257 13 6 56.727257 10500
    720 13 6 56.737352 13 6 56.737352 10500
    721 13 6 56.747270 13 6 56.747270 10500
    722 13 6 56.757274 13 6 56.757274 10500
    723 13 6 56.767521 13 6 56.767521 10500
    724 13 6 56.777275 13 6 56.777275 10500
    725 13 6 56.787550 13 6 56.787550 10500
    726 13 6 56.797217 13 6 56.797217 10500
    727 13 6 56.807259 13 6 56.807259 10500
    728 13 6 56.817264 13 6 56.817264 10500
    729 13 6 56.827201 13 6 56.827201 10500
    730 13 6 56.837189 13 6 56.837189 10500
    731 13 6 56.847189 13 6 56.847189 10500
    732 13 6 56.857188 13 6 56.857188 10500
    733 13 6 56.867190 13 6 56.867190 10500
    734 13 6 56.877189 13 6 56.877189 10500
    735 13 6 56.887193 13 6 56.887193 10500
    736 13 6 56.897218 13 6 56.897218 10500
    737 13 6 56.907212 13 6 56.907212 10500
    738 13 6 56.917296 13 6 56.917296 10500
    739 13 6 56.927275 13 6 56.927275 10500
    740 13 6 56.937254 13 6 56.937254 10500
    741 13 6 56.947251 13 6 56.947251 10500
    742 13 6 56.957262 13 6 56.957262 10500
    743 13 6 56.967537 13 6 56.967537 10500
    744 13 6 56.977262 13 6 56.977262 10500
    745 13 6 56.987293 13 6 56.987293 10500
    746 13 6 56.997256 13 6 56.997256 10500
    747 13 6 57.007205 13 6 57.007205 10500
    748 13 6 57.017246 13 6 57.017246 10500
    749 13 6 57.027192 13 6 57.027192 10500
    750 13 6 57.037187 13 6 57.037187 10500
    751 13 6 57.047192 13 6 57.047192 10500
    752 13 6 57.057189 13 6 57.057189 10500
    753 13 6 57.068274 13 6 57.068274 10500
    754 13 6 57.077191 13 6 57.077191 10500
    755 13 6 57.087135 13 6 57.087135 10500
    756 13 6 57.097189 13 6 57.097189 10500
    757 13 6 57.107188 13 6 57.107188 10500
    758 13 6 57.117221 13 6 57.117221 10500
    759 13 6 57.127212 13 6 57.127212 10500
    760 13 6 57.137259 13 6 57.137259 10500
    761 13 6 57.147252 13 6 57.147252 10500
    762 13 6 57.157192 13 6 57.157192 10500
    763 13 6 57.167273 13 6 57.167273 10500
    764 13 6 57.177190 13 6 57.177190 10500
    765 13 6 57.187210 13 6 57.187210 10500
    766 13 6 57.197335 13 6 57.197335 10500
    767 13 6 57.207259 13 6 57.207259 10500
    768 13 6 57.217238 13 6 57.217238 10500
    769 13 6 57.227175 13 6 57.227175 10500
    770 13 6 57.237175 13 6 57.237175 10500
    771 13 6 57.247179 13 6 57.247179 10500
    772 13 6 57.257192 13 6 57.257192 10500
    773 13 6 57.267178 13 6 57.267178 10500
    774 13 6 57.277188 13 6 57.277188 10500
    775 13 6 57.287210 13 6 57.287210 10500
    776 13 6 57.297190 13 6 57.297190 10500
    777 13 6 57.307192 13 6 57.307192 10500
    778 13 6 57.317222 13 6 57.317222 10500
    779 13 6 57.327190 13 6 57.327190 10500
    780 13 6 57.337277 13 6 57.337277 10500
    781 13 6 57.347245 13 6 57.347245 10500
    782 13 6 57.357320 13 6 57.357320 10500
    783 13 6 57.367215 13 6 57.367215 10500
    784 13 6 57.377246 13 6 57.377246 10500
    785 13 6 57.387168 13 6 57.387168 10500
    786 13 6 57.397503 13 6 57.397503 10500
    787 13 6 57.407257 13 6 57.407257 10500
    788 13 6 57.417251 13 6 57.417251 10500
    789 13 6 57.427675 13 6 57.427675 10500
    790 13 6 57.437181 13 6 57.437181 10500
    791 13 6 57.447147 13 6 57.447147 10500
    792 13 6 57.457186 13 6 57.457186 10500
    793 13 6 57.467194 13 6 57.467194 10500
    794 13 6 57.477204 13 6 57.477204 10500
    795 13 6 57.488002 13 6 57.488002 10500
    796 13 6 57.497210 13 6 57.497210 10500
    797 13 6 57.507213 13 6 57.507213 10500
    798 13 6 57.517206 13 6 57.517206 10500
    799 13 6 57.527259 13 6 57.527259 10500
    800 13 6 57.537252 13 6 57.537252 10500
    801 13 6 57.547195 13 6 57.547195 10500
    802 13 6 57.557259 13 6 57.557259 10500
    803 13 6 57.567245 13 6 57.567245 10500
    804 13 6 57.577159 13 6 57.577159 10500
    805 13 6 57.587287 13 6 57.587287 10500
    806 13 6 57.597265 13 6 57.597265 10500
    807 13 6 57.607275 13 6 57.607275 10500
    808 13 6 57.617235 13 6 57.617235 10500
    809 13 6 57.627189 13 6 57.627189 10500
    810 13 6 57.637276 13 6 57.637276 10500
    811 13 6 57.647221 13 6 57.647221 10500
    812 13 6 57.657189 13 6 57.657189 10500
    813 13 6 57.667186 13 6 57.667186 10500
    814 13 6 57.677188 13 6 57.677188 10500
    815 13 6 57.687187 13 6 57.687187 10500
    816 13 6 57.697409 13 6 57.697409 10500
    817 13 6 57.707188 13 6 57.707188 10500
    818 13 6 57.717550 13 6 57.717550 10500
    819 13 6 57.727344 13 6 57.727344 10500
    820 13 6 57.738112 13 6 57.738112 10500
    821 13 6 57.747256 13 6 57.747256 10500
    822 13 6 57.757269 13 6 57.757269 10500
    823 13 6 57.767448 13 6 57.767448 10500
    824 13 6 57.777306 13 6 57.777306 10500
    825 13 6 57.787272 13 6 57.787272 10500
    826 13 6 57.797373 13 6 57.797373 10500
    827 13 6 57.807209 13 6 57.807209 10500
    828 13 6 57.817259 13 6 57.817259 10500
    829 13 6 57.827266 13 6 57.827266 10500
    830 13 6 57.837173 13 6 57.837173 10500
    831 13 6 57.847189 13 6 57.847189 10500
    832 13 6 57.857187 13 6 57.857187 10500
    833 13 6 57.867162 13 6 57.867162 10500
    834 13 6 57.877189 13 6 57.877189 10500
    835 13 6 57.887191 13 6 57.887191 10500
    836 13 6 57.897193 13 6 57.897193 10500
    837 13 6 57.907198 13 6 57.907198 10500
    838 13 6 57.917188 13 6 57.917188 10500
    839 13 6 57.927249 13 6 57.927249 10500
    840 13 6 57.937184 13 6 57.937184 10500
    841 13 6 57.947245 13 6 57.947245 10500
    842 13 6 57.957210 13 6 57.957210 10500
    843 13 6 57.967188 13 6 57.967188 10500
    844 13 6 57.977262 13 6 57.977262 10500
    845 13 6 57.987257 13 6 57.987257 10500
    846 13 6 57.997264 13 6 57.997264 10500
    847 13 6 58.007258 13 6 58.007258 10500
    848 13 6 58.017245 13 6 58.017245 10500
    849 13 6 58.027188 13 6 58.027188 10500
    850 13 6 58.037187 13 6 58.037187 10500
    851 13 6 58.047192 13 6 58.047192 10500
    852 13 6 58.057189 13 6 58.057189 10500
    853 13 6 58.067200 13 6 58.067200 10500
    854 13 6 58.077190 13 6 58.077190 10500
    855 13 6 58.087153 13 6 58.087153 10500
    856 13 6 58.097189 13 6 58.097189 10500
    857 13 6 58.107188 13 6 58.107188 10500
    858 13 6 58.117196 13 6 58.117196 10500
    859 13 6 58.127265 13 6 58.127265 10500
    860 13 6 58.137250 13 6 58.137250 10500
    861 13 6 58.147266 13 6 58.147266 10500
    862 13 6 58.157262 13 6 58.157262 10500
    863 13 6 58.167307 13 6 58.167307 10500
    864 13 6 58.177249 13 6 58.177249 10500
    865 13 6 58.187226 13 6 58.187226 10500
    866 13 6 58.197279 13 6 58.197279 10500
    867 13 6 58.207217 13 6 58.207217 10500
    868 13 6 58.217256 13 6 58.217256 10500
    869 13 6 58.227252 13 6 58.227252 10500
    870 13 6 58.237186 13 6 58.237186 10500
    871 13 6 58.247186 13 6 58.247186 10500
    872 13 6 58.257192 13 6 58.257192 10500
    873 13 6 58.267189 13 6 58.267189 10500
    874 13 6 58.277189 13 6 58.277189 10500
    875 13 6 58.287190 13 6 58.287190 10500
    876 13 6 58.297173 13 6 58.297173 10500
    877 13 6 58.307187 13 6 58.307187 10500
    878 13 6 58.317253 13 6 58.317253 10500
    879 13 6 58.327261 13 6 58.327261 10500
    880 13 6 58.337243 13 6 58.337243 10500
    881 13 6 58.347234 13 6 58.347234 10500
    882 13 6 58.357244 13 6 58.357244 10500
    883 13 6 58.367255 13 6 58.367255 10500
    884 13 6 58.377228 13 6 58.377228 10500
    885 13 6 58.387275 13 6 58.387275 10500
    886 13 6 58.397274 13 6 58.397274 10500
    887 13 6 58.407325 13 6 58.407325 10500
    888 13 6 58.417248 13 6 58.417248 10500
    889 13 6 58.427250 13 6 58.427250 10500
    890 13 6 58.437725 13 6 58.437725 10500
    891 13 6 58.447178 13 6 58.447178 10500
    892 13 6 58.457186 13 6 58.457186 10500
    893 13 6 58.467187 13 6 58.467187 10500
    894 13 6 58.477190 13 6 58.477190 10500
    895 13 6 58.487189 13 6 58.487189 10500
    896 13 6 58.497188 13 6 58.497188 10500
    897 13 6 58.507193 13 6 58.507193 10500
    898 13 6 58.517322 13 6 58.517322 10500
    899 13 6 58.527320 13 6 58.527320 10500
    900 13 6 58.537202 13 6 58.537202 10500
    901 13 6 58.547254 13 6 58.547254 10500
    902 13 6 58.557257 13 6 58.557257 10500
    903 13 6 58.567290 13 6 58.567290 10500
    904 13 6 58.577229 13 6 58.577229 10500
    905 13 6 58.587274 13 6 58.587274 10500
    906 13 6 58.597262 13 6 58.597262 10500
    907 13 6 58.607382 13 6 58.607382 10500
    908 13 6 58.617134 13 6 58.617134 10500
    909 13 6 58.627254 13 6 58.627254 10500
    910 13 6 58.637191 13 6 58.637191 10500
    911 13 6 58.647190 13 6 58.647190 10500
    912 13 6 58.657193 13 6 58.657193 10500
    913 13 6 58.667197 13 6 58.667197 10500
    914 13 6 58.677187 13 6 58.677187 10500
    915 13 6 58.687189 13 6 58.687189 10500
    916 13 6 58.697186 13 6 58.697186 10500
    917 13 6 58.707188 13 6 58.707188 10500
    918 13 6 58.717188 13 6 58.717188 10500
    919 13 6 58.727255 13 6 58.727255 10500
    920 13 6 58.737265 13 6 58.737265 10500
    921 13 6 58.747303 13 6 58.747303 10500
    922 13 6 58.757271 13 6 58.757271 10500
    923 13 6 58.767243 13 6 58.767243 10500
    924 13 6 58.777236 13 6 58.777236 10500
    925 13 6 58.787472 13 6 58.787472 10500
    926 13 6 58.797294 13 6 58.797294 10500
    927 13 6 58.807267 13 6 58.807267 10500
    928 13 6 58.817388 13 6 58.817388 10500
    929 13 6 58.827198 13 6 58.827198 10500
    930 13 6 58.837195 13 6 58.837195 10500
    931 13 6 58.847211 13 6 58.847211 10500
    932 13 6 58.857165 13 6 58.857165 10500
    933 13 6 58.867187 13 6 58.867187 10500
    934 13 6 58.877187 13 6 58.877187 10500
    935 13 6 58.887188 13 6 58.887188 10500
    936 13 6 58.897351 13 6 58.897351 10500
    937 13 6 58.907192 13 6 58.907192 10500
    938 13 6 58.917212 13 6 58.917212 10500
    939 13 6 58.927655 13 6 58.927655 10500
    940 13 6 58.937274 13 6 58.937274 10500
    941 13 6 58.947254 13 6 58.947254 10500
    942 13 6 58.957256 13 6 58.957256 10500
    943 13 6 58.967252 13 6 58.967252 10500
    944 13 6 58.977212 13 6 58.977212 10500
    945 13 6 58.987293 13 6 58.987293 10500
    946 13 6 58.997281 13 6 58.997281 10500
    947 13 6 59.007266 13 6 59.007266 10500
    948 13 6 59.017361 13 6 59.017361 10500
    949 13 6 59.027273 13 6 59.027273 10500
    950 13 6 59.037264 13 6 59.037264 10500
    951 13 6 59.047193 13 6 59.047193 10500
    952 13 6 59.057189 13 6 59.057189 10500
    953 13 6 59.067176 13 6 59.067176 10500
    954 13 6 59.077179 13 6 59.077179 10500
    955 13 6 59.087153 13 6 59.087153 10500
    956 13 6 59.097209 13 6 59.097209 10500
    957 13 6 59.107498 13 6 59.107498 10500
    958 13 6 59.117199 13 6 59.117199 10500
    959 13 6 59.127571 13 6 59.127571 10500
    960 13 6 59.137729 13 6 59.137729 10500
    961 13 6 59.147250 13 6 59.147250 10500
    962 13 6 59.157237 13 6 59.157237 10500
    963 13 6 59.167267 13 6 59.167267 10500
    964 13 6 59.177284 13 6 59.177284 10500
    965 13 6 59.187202 13 6 59.187202 10500
    966 13 6 59.197206 13 6 59.197206 10500
    967 13 6 59.207188 13 6 59.207188 10500
    968 13 6 59.217249 13 6 59.217249 10500
    969 13 6 59.227463 13 6 59.227463 10500
    970 13 6 59.237229 13 6 59.237229 10500
    971 13 6 59.247190 13 6 59.247190 10500
    972 13 6 59.257187 13 6 59.257187 10500
    973 13 6 59.267186 13 6 59.267186 10500
    974 13 6 59.277189 13 6 59.277189 10500
    975 13 6 59.287216 13 6 59.287216 10500
    976 13 6 59.297187 13 6 59.297187 10500
    977 13 6 59.307209 13 6 59.307209 10500
    978 13 6 59.317188 13 6 59.317188 10500
    979 13 6 59.327187 13 6 59.327187 10500
    980 13 6 59.337187 13 6 59.337187 10500
    981 13 6 59.348025 13 6 59.348025 10500
    982 13 6 59.357256 13 6 59.357256 10500
    983 13 6 59.367218 13 6 59.367218 10500
    984 13 6 59.377276 13 6 59.377276 10500
    985 13 6 59.387410 13 6 59.387410 10500
    986 13 6 59.397275 13 6 59.397275 10500
    987 13 6 59.407262 13 6 59.407262 10500
    988 13 6 59.417261 13 6 59.417261 10500
    989 13 6 59.427264 13 6 59.427264 10500
    990 13 6 59.437266 13 6 59.437266 10500
    991 13 6 59.447271 13 6 59.447271 10500
    992 13 6 59.457188 13 6 59.457188 10500
    993 13 6 59.467196 13 6 59.467196 10500
    994 13 6 59.477190 13 6 59.477190 10500
    995 13 6 59.487189 13 6 59.487189 10500
    996 13 6 59.497190 13 6 59.497190 10500
    997 13 6 59.507187 13 6 59.507187 10500
    998 13 6 59.517189 13 6 59.517189 10500
    999 13 6 59.527189 13 6 59.527189 10500
   1000 13 6 59.537218 13 6 59.537218 10500
