      1 13 3 35.364601 13 3 35.364601 8900
      2 13 3 35.374769 13 3 35.374769 8900
      3 13 3 35.384692 13 3 35.384692 8900
      4 13 3 35.394770 13 3 35.394770 8900
      5 13 3 35.404690 13 3 35.404690 8900
      6 13 3 35.414954 13 3 35.414954 8900
      7 13 3 35.424863 13 3 35.424863 8900
      8 13 3 35.434762 13 3 35.434762 8900
      9 13 3 35.444763 13 3 35.444763 8900
     10 13 3 35.454720 13 3 35.454720 8900
     11 13 3 35.464868 13 3 35.464868 8900
     12 13 3 35.474769 13 3 35.474769 8900
     13 13 3 35.484780 13 3 35.484780 8900
     14 13 3 35.494793 13 3 35.494793 8900
     15 13 3 35.504807 13 3 35.504807 8900
     16 13 3 35.514747 13 3 35.514747 8900
     17 13 3 35.524738 13 3 35.524738 8900
     18 13 3 35.534722 13 3 35.534722 8900
     19 13 3 35.544713 13 3 35.544713 8900
     20 13 3 35.554707 13 3 35.554707 8900
     21 13 3 35.564813 13 3 35.564813 8900
     22 13 3 35.574764 13 3 35.574764 8900
     23 13 3 35.584781 13 3 35.584781 8900
     24 13 3 35.594774 13 3 35.594774 8900
     25 13 3 35.604815 13 3 35.604815 8900
     26 13 3 35.614738 13 3 35.614738 8900
     27 13 3 35.624712 13 3 35.624712 8900
     28 13 3 35.634818 13 3 35.634818 8900
     29 13 3 35.644838 13 3 35.644838 8900
     30 13 3 35.655084 13 3 35.655084 8900
     31 13 3 35.664833 13 3 35.664833 8900
     32 13 3 35.674745 13 3 35.674745 8900
     33 13 3 35.684772 13 3 35.684772 8900
     34 13 3 35.694786 13 3 35.694786 8900
     35 13 3 35.704670 13 3 35.704670 8900
     36 13 3 35.715373 13 3 35.715373 8900
     37 13 3 35.724820 13 3 35.724820 8900
     38 13 3 35.734870 13 3 35.734870 8900
     39 13 3 35.744902 13 3 35.744902 8900
     40 13 3 35.754820 13 3 35.754820 8900
     41 13 3 35.764721 13 3 35.764721 8900
     42 13 3 35.774819 13 3 35.774819 8900
     43 13 3 35.785198 13 3 35.785198 8900
     44 13 3 35.794834 13 3 35.794834 8900
     45 13 3 35.804771 13 3 35.804771 8900
     46 13 3 35.814723 13 3 35.814723 8900
     47 13 3 35.825077 13 3 35.825077 8900
     48 13 3 35.834794 13 3 35.834794 8900
     49 13 3 35.845115 13 3 35.845115 8900
     50 13 3 35.854754 13 3 35.854754 8900
     51 13 3 35.864730 13 3 35.864730 8900
     52 13 3 35.874836 13 3 35.874836 8900
     53 13 3 35.884841 13 3 35.884841 8900
     54 13 3 35.894997 13 3 35.894997 8900
     55 13 3 35.905137 13 3 35.905137 8900
     56 13 3 35.914777 13 3 35.914777 8900
     57 13 3 35.925466 13 3 35.925466 8900
     58 13 3 35.935308 13 3 35.935308 8900
     59 13 3 35.944811 13 3 35.944811 8900
     60 13 3 35.954881 13 3 35.954881 8900
     61 13 3 35.964855 13 3 35.964855 8900
     62 13 3 35.974944 13 3 35.974944 8900
     63 13 3 35.984780 13 3 35.984780 8900
     64 13 3 35.995344 13 3 35.995344 8900
     65 13 3 36.004854 13 3 36.004854 8900
     66 13 3 36.014994 13 3 36.014994 8900
     67 13 3 36.025213 13 3 36.025213 8900
     68 13 3 36.034750 13 3 36.034750 8900
     69 13 3 36.045251 13 3 36.045251 8900
     70 13 3 36.054788 13 3 36.054788 8900
     71 13 3 36.064779 13 3 36.064779 8900
     72 13 3 36.074922 13 3 36.074922 8900
     73 13 3 36.084710 13 3 36.084710 8900
     74 13 3 36.094737 13 3 36.094737 8900
     75 13 3 36.105167 13 3 36.105167 8900
     76 13 3 36.115560 13 3 36.115560 8900
     77 13 3 36.124752 13 3 36.124752 8900
     78 13 3 36.134703 13 3 36.134703 8900
     79 13 3 36.144714 13 3 36.144714 8900
     80 13 3 36.154710 13 3 36.154710 8900
     81 13 3 36.164704 13 3 36.164704 8900
     82 13 3 36.174765 13 3 36.174765 8900
     83 13 3 36.185285 13 3 36.185285 8900
     84 13 3 36.194822 13 3 36.194822 8900
     85 13 3 36.204779 13 3 36.204779 8900
     86 13 3 36.214740 13 3 36.214740 8900
     87 13 3 36.224805 13 3 36.224805 8900
     88 13 3 36.235224 13 3 36.235224 8900
     89 13 3 36.244774 13 3 36.244774 8900
     90 13 3 36.254756 13 3 36.254756 8900
     91 13 3 36.264907 13 3 36.264907 8900
     92 13 3 36.274701 13 3 36.274701 8900
     93 13 3 36.284711 13 3 36.284711 8900
     94 13 3 36.294702 13 3 36.294702 8900
     95 13 3 36.304737 13 3 36.304737 8900
     96 13 3 36.314715 13 3 36.314715 8900
     97 13 3 36.324722 13 3 36.324722 8900
     98 13 3 36.334935 13 3 36.334935 8900
     99 13 3 36.344720 13 3 36.344720 8900
    100 13 3 36.354706 13 3 36.354706 8900
    101 13 3 36.364699 13 3 36.364699 8900
    102 13 3 36.375216 13 3 36.375216 8900
    103 13 3 36.384748 13 3 36.384748 8900
    104 13 3 36.394840 13 3 36.394840 8900
    105 13 3 36.404747 13 3 36.404747 8900
    106 13 3 36.415308 13 3 36.415308 8900
    107 13 3 36.425148 13 3 36.425148 8900
    108 13 3 36.434769 13 3 36.434769 8900
    109 13 3 36.444772 13 3 36.444772 8900
    110 13 3 36.454735 13 3 36.454735 8900
    111 13 3 36.464742 13 3 36.464742 8900
    112 13 3 36.474890 13 3 36.474890 8900
    113 13 3 36.484727 13 3 36.484727 8900
    114 13 3 36.495322 13 3 36.495322 8900
    115 13 3 36.505425 13 3 36.505425 8900
    116 13 3 36.514816 13 3 36.514816 8900
    117 13 3 36.524861 13 3 36.524861 8900
    118 13 3 36.535062 13 3 36.535062 8900
    119 13 3 36.544777 13 3 36.544777 8900
    120 13 3 36.554738 13 3 36.554738 8900
    121 13 3 36.564740 13 3 36.564740 8900
    122 13 3 36.574716 13 3 36.574716 8900
    123 13 3 36.584718 13 3 36.584718 8900
    124 13 3 36.594763 13 3 36.594763 8900
    125 13 3 36.604809 13 3 36.604809 8900
    126 13 3 36.614708 13 3 36.614708 8900
    127 13 3 36.624839 13 3 36.624839 8900
    128 13 3 36.634763 13 3 36.634763 8900
    129 13 3 36.644772 13 3 36.644772 8900
    130 13 3 36.654924 13 3 36.654924 8900
    131 13 3 36.664813 13 3 36.664813 8900
    132 13 3 36.674796 13 3 36.674796 8900
    133 13 3 36.684724 13 3 36.684724 8900
    134 13 3 36.694775 13 3 36.694775 8900
    135 13 3 36.704701 13 3 36.704701 8900
    136 13 3 36.714720 13 3 36.714720 8900
    137 13 3 36.724710 13 3 36.724710 8900
    138 13 3 36.734963 13 3 36.734963 8900
    139 13 3 36.744937 13 3 36.744937 8900
    140 13 3 36.754708 13 3 36.754708 8900
    141 13 3 36.764741 13 3 36.764741 8900
    142 13 3 36.774715 13 3 36.774715 8900
    143 13 3 36.784700 13 3 36.784700 8900
    144 13 3 36.794772 13 3 36.794772 8900
    145 13 3 36.804766 13 3 36.804766 8900
    146 13 3 36.814841 13 3 36.814841 8900
    147 13 3 36.824846 13 3 36.824846 8900
    148 13 3 36.834860 13 3 36.834860 8900
    149 13 3 36.844706 13 3 36.844706 8900
    150 13 3 36.854809 13 3 36.854809 8900
    151 13 3 36.864716 13 3 36.864716 8900
    152 13 3 36.874763 13 3 36.874763 8900
    153 13 3 36.884774 13 3 36.884774 8900
    154 13 3 36.894737 13 3 36.894737 8900
    155 13 3 36.904772 13 3 36.904772 8900
    156 13 3 36.914791 13 3 36.914791 8900
    157 13 3 36.924712 13 3 36.924712 8900
    158 13 3 36.934744 13 3 36.934744 8900
    159 13 3 36.944712 13 3 36.944712 8900
    160 13 3 36.954712 13 3 36.954712 8900
    161 13 3 36.964694 13 3 36.964694 8900
    162 13 3 36.974671 13 3 36.974671 8900
    163 13 3 36.985616 13 3 36.985616 8900
    164 13 3 36.994777 13 3 36.994777 8900
    165 13 3 37.004722 13 3 37.004722 8900
    166 13 3 37.014780 13 3 37.014780 8900
    167 13 3 37.024768 13 3 37.024768 8900
    168 13 3 37.034782 13 3 37.034782 8900
    169 13 3 37.044935 13 3 37.044935 8900
    170 13 3 37.054744 13 3 37.054744 8900
    171 13 3 37.064779 13 3 37.064779 8900
    172 13 3 37.074758 13 3 37.074758 8900
    173 13 3 37.084780 13 3 37.084780 8900
    174 13 3 37.094793 13 3 37.094793 8900
    175 13 3 37.104773 13 3 37.104773 8900
    176 13 3 37.114707 13 3 37.114707 8900
    177 13 3 37.124704 13 3 37.124704 8900
    178 13 3 37.134695 13 3 37.134695 8900
    179 13 3 37.144703 13 3 37.144703 8900
    180 13 3 37.154710 13 3 37.154710 8900
    181 13 3 37.164701 13 3 37.164701 8900
    182 13 3 37.174711 13 3 37.174711 8900
    183 13 3 37.184707 13 3 37.184707 8900
    184 13 3 37.194774 13 3 37.194774 8900
    185 13 3 37.204774 13 3 37.204774 8900
    186 13 3 37.214773 13 3 37.214773 8900
    187 13 3 37.224767 13 3 37.224767 8900
    188 13 3 37.234774 13 3 37.234774 8900
    189 13 3 37.244790 13 3 37.244790 8900
    190 13 3 37.254809 13 3 37.254809 8900
    191 13 3 37.264777 13 3 37.264777 8900
    192 13 3 37.274773 13 3 37.274773 8900
    193 13 3 37.284789 13 3 37.284789 8900
    194 13 3 37.294769 13 3 37.294769 8900
    195 13 3 37.304974 13 3 37.304974 8900
    196 13 3 37.314706 13 3 37.314706 8900
    197 13 3 37.324742 13 3 37.324742 8900
    198 13 3 37.334721 13 3 37.334721 8900
    199 13 3 37.344763 13 3 37.344763 8900
    200 13 3 37.356940 13 3 37.356940 8900
    201 13 3 37.364665 13 3 37.364665 8900
    202 13 3 37.374726 13 3 37.374726 8900
    203 13 3 37.384712 13 3 37.384712 8900
    204 13 3 37.394807 13 3 37.394807 8900
    205 13 3 37.404778 13 3 37.404778 8900
    206 13 3 37.414768 13 3 37.414768 8900
    207 13 3 37.424731 13 3 37.424731 8900
    208 13 3 37.434766 13 3 37.434766 8900
    209 13 3 37.444864 13 3 37.444864 8900
    210 13 3 37.454785 13 3 37.454785 8900
    211 13 3 37.464734 13 3 37.464734 8900
    212 13 3 37.474741 13 3 37.474741 8900
    213 13 3 37.484684 13 3 37.484684 8900
    214 13 3 37.494687 13 3 37.494687 8900
    215 13 3 37.504787 13 3 37.504787 8900
    216 13 3 37.514851 13 3 37.514851 8900
    217 13 3 37.524841 13 3 37.524841 8900
    218 13 3 37.534757 13 3 37.534757 8900
    219 13 3 37.544727 13 3 37.544727 8900
    220 13 3 37.555095 13 3 37.555095 8900
    221 13 3 37.564849 13 3 37.564849 8900
    222 13 3 37.574776 13 3 37.574776 8900
    223 13 3 37.584727 13 3 37.584727 8900
    224 13 3 37.594771 13 3 37.594771 8900
    225 13 3 37.604712 13 3 37.604712 8900
    226 13 3 37.614924 13 3 37.614924 8900
    227 13 3 37.624803 13 3 37.624803 8900
    228 13 3 37.634816 13 3 37.634816 8900
    229 13 3 37.644742 13 3 37.644742 8900
    230 13 3 37.655014 13 3 37.655014 8900
    231 13 3 37.664821 13 3 37.664821 8900
    232 13 3 37.674754 13 3 37.674754 8900
    233 13 3 37.685028 13 3 37.685028 8900
    234 13 3 37.694729 13 3 37.694729 8900
    235 13 3 37.704726 13 3 37.704726 8900
    236 13 3 37.714734 13 3 37.714734 8900
    237 13 3 37.724786 13 3 37.724786 8900
    238 13 3 37.734794 13 3 37.734794 8900
    239 13 3 37.744745 13 3 37.744745 8900
    240 13 3 37.754888 13 3 37.754888 8900
    241 13 3 37.764825 13 3 37.764825 8900
    242 13 3 37.774836 13 3 37.774836 8900
    243 13 3 37.784883 13 3 37.784883 8900
    244 13 3 37.794893 13 3 37.794893 8900
    245 13 3 37.804811 13 3 37.804811 8900
    246 13 3 37.814762 13 3 37.814762 8900
    247 13 3 37.825046 13 3 37.825046 8900
    248 13 3 37.834755 13 3 37.834755 8900
    249 13 3 37.844720 13 3 37.844720 8900
    250 13 3 37.854863 13 3 37.854863 8900
    251 13 3 37.864716 13 3 37.864716 8900
    252 13 3 37.874796 13 3 37.874796 8900
    253 13 3 37.884723 13 3 37.884723 8900
    254 13 3 37.895138 13 3 37.895138 8900
    255 13 3 37.905160 13 3 37.905160 8900
    256 13 3 37.914706 13 3 37.914706 8900
    257 13 3 37.924697 13 3 37.924697 8900
    258 13 3 37.934764 13 3 37.934764 8900
    259 13 3 37.944777 13 3 37.944777 8900
    260 13 3 37.954779 13 3 37.954779 8900
    261 13 3 37.964748 13 3 37.964748 8900
    262 13 3 37.974772 13 3 37.974772 8900
    263 13 3 37.985013 13 3 37.985013 8900
    264 13 3 37.994799 13 3 37.994799 8900
    265 13 3 38.004826 13 3 38.004826 8900
    266 13 3 38.014797 13 3 38.014797 8900
    267 13 3 38.024768 13 3 38.024768 8900
    268 13 3 38.034934 13 3 38.034934 8900
    269 13 3 38.045051 13 3 38.045051 8900
    270 13 3 38.055129 13 3 38.055129 8900
    271 13 3 38.064816 13 3 38.064816 8900
    272 13 3 38.074815 13 3 38.074815 8900
    273 13 3 38.084766 13 3 38.084766 8900
    274 13 3 38.094665 13 3 38.094665 8900
    275 13 3 38.113095 13 3 38.113095 8900
    276 13 3 38.117232 13 3 38.117232 8900
    277 13 3 38.124682 13 3 38.124682 8900
    278 13 3 38.134725 13 3 38.134725 8900
    279 13 3 38.144750 13 3 38.144750 8900
    280 13 3 38.154710 13 3 38.154710 8900
    281 13 3 38.165115 13 3 38.165115 8900
    282 13 3 38.174643 13 3 38.174643 8900
    283 13 3 38.184758 13 3 38.184758 8900
    284 13 3 38.194772 13 3 38.194772 8900
    285 13 3 38.204765 13 3 38.204765 8900
    286 13 3 38.214694 13 3 38.214694 8900
    287 13 3 38.225197 13 3 38.225197 8900
    288 13 3 38.234791 13 3 38.234791 8900
    289 13 3 38.244787 13 3 38.244787 8900
    290 13 3 38.254741 13 3 38.254741 8900
    291 13 3 38.264775 13 3 38.264775 8900
    292 13 3 38.274759 13 3 38.274759 8900
    293 13 3 38.284708 13 3 38.284708 8900
    294 13 3 38.294674 13 3 38.294674 8900
    295 13 3 38.304710 13 3 38.304710 8900
    296 13 3 38.315699 13 3 38.315699 8900
    297 13 3 38.324703 13 3 38.324703 8900
    298 13 3 38.334732 13 3 38.334732 8900
    299 13 3 38.344701 13 3 38.344701 8900
    300 13 3 38.354742 13 3 38.354742 8900
    301 13 3 38.364739 13 3 38.364739 8900
    302 13 3 38.375323 13 3 38.375323 8900
    303 13 3 38.384850 13 3 38.384850 8900
    304 13 3 38.394764 13 3 38.394764 8900
    305 13 3 38.404718 13 3 38.404718 8900
    306 13 3 38.414735 13 3 38.414735 8900
    307 13 3 38.424734 13 3 38.424734 8900
    308 13 3 38.435232 13 3 38.435232 8900
    309 13 3 38.445134 13 3 38.445134 8900
    310 13 3 38.454721 13 3 38.454721 8900
    311 13 3 38.464776 13 3 38.464776 8900
    312 13 3 38.474766 13 3 38.474766 8900
    313 13 3 38.484811 13 3 38.484811 8900
    314 13 3 38.494708 13 3 38.494708 8900
    315 13 3 38.504795 13 3 38.504795 8900
    316 13 3 38.514662 13 3 38.514662 8900
    317 13 3 38.524790 13 3 38.524790 8900
    318 13 3 38.534705 13 3 38.534705 8900
    319 13 3 38.544704 13 3 38.544704 8900
    320 13 3 38.554715 13 3 38.554715 8900
    321 13 3 38.565655 13 3 38.565655 8900
    322 13 3 38.574956 13 3 38.574956 8900
    323 13 3 38.584747 13 3 38.584747 8900
    324 13 3 38.594731 13 3 38.594731 8900
    325 13 3 38.605440 13 3 38.605440 8900
    326 13 3 38.614699 13 3 38.614699 8900
    327 13 3 38.625109 13 3 38.625109 8900
    328 13 3 38.634709 13 3 38.634709 8900
    329 13 3 38.645093 13 3 38.645093 8900
    330 13 3 38.654732 13 3 38.654732 8900
    331 13 3 38.664974 13 3 38.664974 8900
    332 13 3 38.674756 13 3 38.674756 8900
    333 13 3 38.685380 13 3 38.685380 8900
    334 13 3 38.694830 13 3 38.694830 8900
    335 13 3 38.704813 13 3 38.704813 8900
    336 13 3 38.714848 13 3 38.714848 8900
    337 13 3 38.724713 13 3 38.724713 8900
    338 13 3 38.734872 13 3 38.734872 8900
    339 13 3 38.745081 13 3 38.745081 8900
    340 13 3 38.754838 13 3 38.754838 8900
    341 13 3 38.764772 13 3 38.764772 8900
    342 13 3 38.775329 13 3 38.775329 8900
    343 13 3 38.784762 13 3 38.784762 8900
    344 13 3 38.794817 13 3 38.794817 8900
    345 13 3 38.804699 13 3 38.804699 8900
    346 13 3 38.814725 13 3 38.814725 8900
    347 13 3 38.825116 13 3 38.825116 8900
    348 13 3 38.834716 13 3 38.834716 8900
    349 13 3 38.844762 13 3 38.844762 8900
    350 13 3 38.854802 13 3 38.854802 8900
    351 13 3 38.864722 13 3 38.864722 8900
    352 13 3 38.874800 13 3 38.874800 8900
    353 13 3 38.884799 13 3 38.884799 8900
    354 13 3 38.894722 13 3 38.894722 8900
    355 13 3 38.904694 13 3 38.904694 8900
    356 13 3 38.914780 13 3 38.914780 8900
    357 13 3 38.925069 13 3 38.925069 8900
    358 13 3 38.934778 13 3 38.934778 8900
    359 13 3 38.944746 13 3 38.944746 8900
    360 13 3 38.954847 13 3 38.954847 8900
    361 13 3 38.964795 13 3 38.964795 8900
    362 13 3 38.974747 13 3 38.974747 8900
    363 13 3 38.984751 13 3 38.984751 8900
    364 13 3 38.994931 13 3 38.994931 8900
    365 13 3 39.004916 13 3 39.004916 8900
    366 13 3 39.014777 13 3 39.014777 8900
    367 13 3 39.024759 13 3 39.024759 8900
    368 13 3 39.034789 13 3 39.034789 8900
    369 13 3 39.044742 13 3 39.044742 8900
    370 13 3 39.055002 13 3 39.055002 8900
    371 13 3 39.065406 13 3 39.065406 8900
    372 13 3 39.074789 13 3 39.074789 8900
    373 13 3 39.084603 13 3 39.084603 8900
    374 13 3 39.095340 13 3 39.095340 8900
    375 13 3 39.104832 13 3 39.104832 8900
    376 13 3 39.114800 13 3 39.114800 8900
    377 13 3 39.125287 13 3 39.125287 8900
    378 13 3 39.136800 13 3 39.136800 8900
    379 13 3 39.144685 13 3 39.144685 8900
    380 13 3 39.154713 13 3 39.154713 8900
    381 13 3 39.164853 13 3 39.164853 8900
    382 13 3 39.174784 13 3 39.174784 8900
    383 13 3 39.184702 13 3 39.184702 8900
    384 13 3 39.194766 13 3 39.194766 8900
    385 13 3 39.204777 13 3 39.204777 8900
    386 13 3 39.214725 13 3 39.214725 8900
    387 13 3 39.224871 13 3 39.224871 8900
    388 13 3 39.234699 13 3 39.234699 8900
    389 13 3 39.244770 13 3 39.244770 8900
    390 13 3 39.254823 13 3 39.254823 8900
    391 13 3 39.264864 13 3 39.264864 8900
    392 13 3 39.274870 13 3 39.274870 8900
    393 13 3 39.284986 13 3 39.284986 8900
    394 13 3 39.294761 13 3 39.294761 8900
    395 13 3 39.304710 13 3 39.304710 8900
    396 13 3 39.314714 13 3 39.314714 8900
    397 13 3 39.324708 13 3 39.324708 8900
    398 13 3 39.334716 13 3 39.334716 8900
    399 13 3 39.344692 13 3 39.344692 8900
    400 13 3 39.355248 13 3 39.355248 8900
    401 13 3 39.364775 13 3 39.364775 8900
    402 13 3 39.374769 13 3 39.374769 8900
    403 13 3 39.384780 13 3 39.384780 8900
    404 13 3 39.394784 13 3 39.394784 8900
    405 13 3 39.404775 13 3 39.404775 8900
    406 13 3 39.414768 13 3 39.414768 8900
    407 13 3 39.424736 13 3 39.424736 8900
    408 13 3 39.434748 13 3 39.434748 8900
    409 13 3 39.444782 13 3 39.444782 8900
    410 13 3 39.454748 13 3 39.454748 8900
    411 13 3 39.465238 13 3 39.465238 8900
    412 13 3 39.474840 13 3 39.474840 8900
    413 13 3 39.484896 13 3 39.484896 8900
    414 13 3 39.495316 13 3 39.495316 8900
    415 13 3 39.504753 13 3 39.504753 8900
    416 13 3 39.514916 13 3 39.514916 8900
    417 13 3 39.524711 13 3 39.524711 8900
    418 13 3 39.535322 13 3 39.535322 8900
    419 13 3 39.545329 13 3 39.545329 8900
    420 13 3 39.554645 13 3 39.554645 8900
    421 13 3 39.565378 13 3 39.565378 8900
    422 13 3 39.574798 13 3 39.574798 8900
    423 13 3 39.584994 13 3 39.584994 8900
    424 13 3 39.594790 13 3 39.594790 8900
    425 13 3 39.604903 13 3 39.604903 8900
    426 13 3 39.614781 13 3 39.614781 8900
    427 13 3 39.624811 13 3 39.624811 8900
    428 13 3 39.634929 13 3 39.634929 8900
    429 13 3 39.644747 13 3 39.644747 8900
    430 13 3 39.654828 13 3 39.654828 8900
    431 13 3 39.664870 13 3 39.664870 8900
    432 13 3 39.674784 13 3 39.674784 8900
    433 13 3 39.684748 13 3 39.684748 8900
    434 13 3 39.694800 13 3 39.694800 8900
    435 13 3 39.704813 13 3 39.704813 8900
    436 13 3 39.714756 13 3 39.714756 8900
    437 13 3 39.724722 13 3 39.724722 8900
    438 13 3 39.735581 13 3 39.735581 8900
    439 13 3 39.744714 13 3 39.744714 8900
    440 13 3 39.754823 13 3 39.754823 8900
    441 13 3 39.764899 13 3 39.764899 8900
    442 13 3 39.774723 13 3 39.774723 8900
    443 13 3 39.784708 13 3 39.784708 8900
    444 13 3 39.794697 13 3 39.794697 8900
    445 13 3 39.804748 13 3 39.804748 8900
    446 13 3 39.814695 13 3 39.814695 8900
    447 13 3 39.825038 13 3 39.825038 8900
    448 13 3 39.834814 13 3 39.834814 8900
    449 13 3 39.844785 13 3 39.844785 8900
    450 13 3 39.855116 13 3 39.855116 8900
    451 13 3 39.864817 13 3 39.864817 8900
    452 13 3 39.875073 13 3 39.875073 8900
    453 13 3 39.884706 13 3 39.884706 8900
    454 13 3 39.894759 13 3 39.894759 8900
    455 13 3 39.904820 13 3 39.904820 8900
    456 13 3 39.914816 13 3 39.914816 8900
    457 13 3 39.924776 13 3 39.924776 8900
    458 13 3 39.934700 13 3 39.934700 8900
    459 13 3 39.944710 13 3 39.944710 8900
    460 13 3 39.954681 13 3 39.954681 8900
    461 13 3 39.964951 13 3 39.964951 8900
    462 13 3 39.974677 13 3 39.974677 8900
    463 13 3 39.984701 13 3 39.984701 8900
    464 13 3 39.994712 13 3 39.994712 8900
    465 13 3 40.004713 13 3 40.004713 8900
    466 13 3 40.014907 13 3 40.014907 8900
    467 13 3 40.025179 13 3 40.025179 8900
    468 13 3 40.034739 13 3 40.034739 8900
    469 13 3 40.044728 13 3 40.044728 8900
    470 13 3 40.055047 13 3 40.055047 8900
    471 13 3 40.064774 13 3 40.064774 8900
    472 13 3 40.074742 13 3 40.074742 8900
    473 13 3 40.085324 13 3 40.085324 8900
    474 13 3 40.094765 13 3 40.094765 8900
    475 13 3 40.105192 13 3 40.105192 8900
    476 13 3 40.114767 13 3 40.114767 8900
    477 13 3 40.124782 13 3 40.124782 8900
    478 13 3 40.134773 13 3 40.134773 8900
    479 13 3 40.144784 13 3 40.144784 8900
    480 13 3 40.154777 13 3 40.154777 8900
    481 13 3 40.164712 13 3 40.164712 8900
    482 13 3 40.174706 13 3 40.174706 8900
    483 13 3 40.184702 13 3 40.184702 8900
    484 13 3 40.194701 13 3 40.194701 8900
    485 13 3 40.204709 13 3 40.204709 8900
    486 13 3 40.214756 13 3 40.214756 8900
    487 13 3 40.224738 13 3 40.224738 8900
    488 13 3 40.234709 13 3 40.234709 8900
    489 13 3 40.244942 13 3 40.244942 8900
    490 13 3 40.255060 13 3 40.255060 8900
    491 13 3 40.264707 13 3 40.264707 8900
    492 13 3 40.274645 13 3 40.274645 8900
    493 13 3 40.284829 13 3 40.284829 8900
    494 13 3 40.294789 13 3 40.294789 8900
    495 13 3 40.304929 13 3 40.304929 8900
    496 13 3 40.314756 13 3 40.314756 8900
    497 13 3 40.324772 13 3 40.324772 8900
    498 13 3 40.334791 13 3 40.334791 8900
    499 13 3 40.344763 13 3 40.344763 8900
    500 13 3 40.354950 13 3 40.354950 8900
    501 13 3 40.365515 13 3 40.365515 8900
    502 13 3 40.374763 13 3 40.374763 8900
    503 13 3 40.384799 13 3 40.384799 8900
    504 13 3 40.395277 13 3 40.395277 8900
    505 13 3 40.404743 13 3 40.404743 8900
    506 13 3 40.415021 13 3 40.415021 8900
    507 13 3 40.424841 13 3 40.424841 8900
    508 13 3 40.434606 13 3 40.434606 8900
    509 13 3 40.444715 13 3 40.444715 8900
    510 13 3 40.454723 13 3 40.454723 8900
    511 13 3 40.465493 13 3 40.465493 8900
    512 13 3 40.474697 13 3 40.474697 8900
    513 13 3 40.484664 13 3 40.484664 8900
    514 13 3 40.494764 13 3 40.494764 8900
    515 13 3 40.505141 13 3 40.505141 8900
    516 13 3 40.514715 13 3 40.514715 8900
    517 13 3 40.524802 13 3 40.524802 8900
    518 13 3 40.534871 13 3 40.534871 8900
    519 13 3 40.544738 13 3 40.544738 8900
    520 13 3 40.554760 13 3 40.554760 8900
    521 13 3 40.564796 13 3 40.564796 8900
    522 13 3 40.574761 13 3 40.574761 8900
    523 13 3 40.584777 13 3 40.584777 8900
    524 13 3 40.594785 13 3 40.594785 8900
    525 13 3 40.604714 13 3 40.604714 8900
    526 13 3 40.614766 13 3 40.614766 8900
    527 13 3 40.624983 13 3 40.624983 8900
    528 13 3 40.634726 13 3 40.634726 8900
    529 13 3 40.644643 13 3 40.644643 8900
    530 13 3 40.656018 13 3 40.656018 8900
    531 13 3 40.664721 13 3 40.664721 8900
    532 13 3 40.674711 13 3 40.674711 8900
    533 13 3 40.684866 13 3 40.684866 8900
    534 13 3 40.694822 13 3 40.694822 8900
    535 13 3 40.704853 13 3 40.704853 8900
    536 13 3 40.714914 13 3 40.714914 8900
    537 13 3 40.724744 13 3 40.724744 8900
    538 13 3 40.734780 13 3 40.734780 8900
    539 13 3 40.744982 13 3 40.744982 8900
    540 13 3 40.754824 13 3 40.754824 8900
    541 13 3 40.764718 13 3 40.764718 8900
    542 13 3 40.774766 13 3 40.774766 8900
    543 13 3 40.784768 13 3 40.784768 8900
    544 13 3 40.794727 13 3 40.794727 8900
    545 13 3 40.804769 13 3 40.804769 8900
    546 13 3 40.814771 13 3 40.814771 8900
    547 13 3 40.824837 13 3 40.824837 8900
    548 13 3 40.836849 13 3 40.836849 8900
    549 13 3 40.844760 13 3 40.844760 8900
    550 13 3 40.854714 13 3 40.854714 8900
    551 13 3 40.864733 13 3 40.864733 8900
    552 13 3 40.875002 13 3 40.875002 8900
    553 13 3 40.884791 13 3 40.884791 8900
    554 13 3 40.895080 13 3 40.895080 8900
    555 13 3 40.905377 13 3 40.905377 8900
    556 13 3 40.914796 13 3 40.914796 8900
    557 13 3 40.924740 13 3 40.924740 8900
    558 13 3 40.934766 13 3 40.934766 8900
    559 13 3 40.945346 13 3 40.945346 8900
    560 13 3 40.954847 13 3 40.954847 8900
    561 13 3 40.964871 13 3 40.964871 8900
    562 13 3 40.974772 13 3 40.974772 8900
    563 13 3 40.984772 13 3 40.984772 8900
    564 13 3 40.994937 13 3 40.994937 8900
    565 13 3 41.004752 13 3 41.004752 8900
    566 13 3 41.015633 13 3 41.015633 8900
    567 13 3 41.025691 13 3 41.025691 8900
    568 13 3 41.034753 13 3 41.034753 8900
    569 13 3 41.044772 13 3 41.044772 8900
    570 13 3 41.054775 13 3 41.054775 8900
    571 13 3 41.064813 13 3 41.064813 8900
    572 13 3 41.074711 13 3 41.074711 8900
    573 13 3 41.084946 13 3 41.084946 8900
    574 13 3 41.094893 13 3 41.094893 8900
    575 13 3 41.104767 13 3 41.104767 8900
    576 13 3 41.114773 13 3 41.114773 8900
    577 13 3 41.125394 13 3 41.125394 8900
    578 13 3 41.134822 13 3 41.134822 8900
    579 13 3 41.144733 13 3 41.144733 8900
    580 13 3 41.154738 13 3 41.154738 8900
    581 13 3 41.164709 13 3 41.164709 8900
    582 13 3 41.174728 13 3 41.174728 8900
    583 13 3 41.184680 13 3 41.184680 8900
    584 13 3 41.194777 13 3 41.194777 8900
    585 13 3 41.204779 13 3 41.204779 8900
    586 13 3 41.214790 13 3 41.214790 8900
    587 13 3 41.224795 13 3 41.224795 8900
    588 13 3 41.234858 13 3 41.234858 8900
    589 13 3 41.244776 13 3 41.244776 8900
    590 13 3 41.254778 13 3 41.254778 8900
    591 13 3 41.264761 13 3 41.264761 8900
    592 13 3 41.274755 13 3 41.274755 8900
    593 13 3 41.284747 13 3 41.284747 8900
    594 13 3 41.294797 13 3 41.294797 8900
    595 13 3 41.304817 13 3 41.304817 8900
    596 13 3 41.314771 13 3 41.314771 8900
    597 13 3 41.324640 13 3 41.324640 8900
    598 13 3 41.334716 13 3 41.334716 8900
    599 13 3 41.344706 13 3 41.344706 8900
    600 13 3 41.354708 13 3 41.354708 8900
    601 13 3 41.365175 13 3 41.365175 8900
    602 13 3 41.374744 13 3 41.374744 8900
    603 13 3 41.385657 13 3 41.385657 8900
    604 13 3 41.394758 13 3 41.394758 8900
    605 13 3 41.404767 13 3 41.404767 8900
    606 13 3 41.414866 13 3 41.414866 8900
    607 13 3 41.424760 13 3 41.424760 8900
    608 13 3 41.434772 13 3 41.434772 8900
    609 13 3 41.444851 13 3 41.444851 8900
    610 13 3 41.454824 13 3 41.454824 8900
    611 13 3 41.464742 13 3 41.464742 8900
    612 13 3 41.474711 13 3 41.474711 8900
    613 13 3 41.484869 13 3 41.484869 8900
    614 13 3 41.494728 13 3 41.494728 8900
    615 13 3 41.504694 13 3 41.504694 8900
    616 13 3 41.514769 13 3 41.514769 8900
    617 13 3 41.524779 13 3 41.524779 8900
    618 13 3 41.534700 13 3 41.534700 8900
    619 13 3 41.544750 13 3 41.544750 8900
    620 13 3 41.554704 13 3 41.554704 8900
    621 13 3 41.564709 13 3 41.564709 8900
    622 13 3 41.574725 13 3 41.574725 8900
    623 13 3 41.584839 13 3 41.584839 8900
    624 13 3 41.594765 13 3 41.594765 8900
    625 13 3 41.604700 13 3 41.604700 8900
    626 13 3 41.614733 13 3 41.614733 8900
    627 13 3 41.624766 13 3 41.624766 8900
    628 13 3 41.634765 13 3 41.634765 8900
    629 13 3 41.644730 13 3 41.644730 8900
    630 13 3 41.654702 13 3 41.654702 8900
    631 13 3 41.664971 13 3 41.664971 8900
    632 13 3 41.675820 13 3 41.675820 8900
    633 13 3 41.684832 13 3 41.684832 8900
    634 13 3 41.694758 13 3 41.694758 8900
    635 13 3 41.704774 13 3 41.704774 8900
    636 13 3 41.714722 13 3 41.714722 8900
    637 13 3 41.724887 13 3 41.724887 8900
    638 13 3 41.735123 13 3 41.735123 8900
    639 13 3 41.744734 13 3 41.744734 8900
    640 13 3 41.754756 13 3 41.754756 8900
    641 13 3 41.765374 13 3 41.765374 8900
    642 13 3 41.775252 13 3 41.775252 8900
    643 13 3 41.785296 13 3 41.785296 8900
    644 13 3 41.795395 13 3 41.795395 8900
    645 13 3 41.805669 13 3 41.805669 8900
    646 13 3 41.814940 13 3 41.814940 8900
    647 13 3 41.824755 13 3 41.824755 8900
    648 13 3 41.834778 13 3 41.834778 8900
    649 13 3 41.844740 13 3 41.844740 8900
    650 13 3 41.854779 13 3 41.854779 8900
    651 13 3 41.864699 13 3 41.864699 8900
    652 13 3 41.874698 13 3 41.874698 8900
    653 13 3 41.884743 13 3 41.884743 8900
    654 13 3 41.894768 13 3 41.894768 8900
    655 13 3 41.904780 13 3 41.904780 8900
    656 13 3 41.914768 13 3 41.914768 8900
    657 13 3 41.924804 13 3 41.924804 8900
    658 13 3 41.934699 13 3 41.934699 8900
    659 13 3 41.944785 13 3 41.944785 8900
    660 13 3 41.954740 13 3 41.954740 8900
    661 13 3 41.964702 13 3 41.964702 8900
    662 13 3 41.974705 13 3 41.974705 8900
    663 13 3 41.984709 13 3 41.984709 8900
    664 13 3 41.995137 13 3 41.995137 8900
    665 13 3 42.004790 13 3 42.004790 8900
    666 13 3 42.014771 13 3 42.014771 8900
    667 13 3 42.024774 13 3 42.024774 8900
    668 13 3 42.034824 13 3 42.034824 8900
    669 13 3 42.044798 13 3 42.044798 8900
    670 13 3 42.054805 13 3 42.054805 8900
    671 13 3 42.064822 13 3 42.064822 8900
    672 13 3 42.074703 13 3 42.074703 8900
    673 13 3 42.084777 13 3 42.084777 8900
    674 13 3 42.094779 13 3 42.094779 8900
    675 13 3 42.104785 13 3 42.104785 8900
    676 13 3 42.114761 13 3 42.114761 8900
    677 13 3 42.124772 13 3 42.124772 8900
    678 13 3 42.134709 13 3 42.134709 8900
    679 13 3 42.144708 13 3 42.144708 8900
    680 13 3 42.154729 13 3 42.154729 8900
    681 13 3 42.164701 13 3 42.164701 8900
    682 13 3 42.174705 13 3 42.174705 8900
    683 13 3 42.184707 13 3 42.184707 8900
    684 13 3 42.194786 13 3 42.194786 8900
    685 13 3 42.204796 13 3 42.204796 8900
    686 13 3 42.214785 13 3 42.214785 8900
    687 13 3 42.224781 13 3 42.224781 8900
    688 13 3 42.234763 13 3 42.234763 8900
    689 13 3 42.244757 13 3 42.244757 8900
    690 13 3 42.254769 13 3 42.254769 8900
    691 13 3 42.264775 13 3 42.264775 8900
    692 13 3 42.274723 13 3 42.274723 8900
    693 13 3 42.284759 13 3 42.284759 8900
    694 13 3 42.294707 13 3 42.294707 8900
    695 13 3 42.304772 13 3 42.304772 8900
    696 13 3 42.314768 13 3 42.314768 8900
    697 13 3 42.324764 13 3 42.324764 8900
    698 13 3 42.334719 13 3 42.334719 8900
    699 13 3 42.344754 13 3 42.344754 8900
    700 13 3 42.354773 13 3 42.354773 8900
    701 13 3 42.364705 13 3 42.364705 8900
    702 13 3 42.374667 13 3 42.374667 8900
    703 13 3 42.384703 13 3 42.384703 8900
    704 13 3 42.394742 13 3 42.394742 8900
    705 13 3 42.404774 13 3 42.404774 8900
    706 13 3 42.414838 13 3 42.414838 8900
    707 13 3 42.424835 13 3 42.424835 8900
    708 13 3 42.434820 13 3 42.434820 8900
    709 13 3 42.444856 13 3 42.444856 8900
    710 13 3 42.454880 13 3 42.454880 8900
    711 13 3 42.464787 13 3 42.464787 8900
    712 13 3 42.474823 13 3 42.474823 8900
    713 13 3 42.484732 13 3 42.484732 8900
    714 13 3 42.494830 13 3 42.494830 8900
    715 13 3 42.504773 13 3 42.504773 8900
    716 13 3 42.514712 13 3 42.514712 8900
    717 13 3 42.524718 13 3 42.524718 8900
    718 13 3 42.534861 13 3 42.534861 8900
    719 13 3 42.544811 13 3 42.544811 8900
    720 13 3 42.554704 13 3 42.554704 8900
    721 13 3 42.565044 13 3 42.565044 8900
    722 13 3 42.574764 13 3 42.574764 8900
    723 13 3 42.584718 13 3 42.584718 8900
    724 13 3 42.594704 13 3 42.594704 8900
    725 13 3 42.604809 13 3 42.604809 8900
    726 13 3 42.614716 13 3 42.614716 8900
    727 13 3 42.624921 13 3 42.624921 8900
    728 13 3 42.635429 13 3 42.635429 8900
    729 13 3 42.644775 13 3 42.644775 8900
    730 13 3 42.654766 13 3 42.654766 8900
    731 13 3 42.664793 13 3 42.664793 8900
    732 13 3 42.674750 13 3 42.674750 8900
    733 13 3 42.684784 13 3 42.684784 8900
    734 13 3 42.694766 13 3 42.694766 8900
    735 13 3 42.704779 13 3 42.704779 8900
    736 13 3 42.715251 13 3 42.715251 8900
    737 13 3 42.724764 13 3 42.724764 8900
    738 13 3 42.734765 13 3 42.734765 8900
    739 13 3 42.744709 13 3 42.744709 8900
    740 13 3 42.754728 13 3 42.754728 8900
    741 13 3 42.764712 13 3 42.764712 8900
    742 13 3 42.774748 13 3 42.774748 8900
    743 13 3 42.784705 13 3 42.784705 8900
    744 13 3 42.794713 13 3 42.794713 8900
    745 13 3 42.804780 13 3 42.804780 8900
    746 13 3 42.814793 13 3 42.814793 8900
    747 13 3 42.824767 13 3 42.824767 8900
    748 13 3 42.834766 13 3 42.834766 8900
    749 13 3 42.844774 13 3 42.844774 8900
    750 13 3 42.854767 13 3 42.854767 8900
    751 13 3 42.864699 13 3 42.864699 8900
    752 13 3 42.874698 13 3 42.874698 8900
    753 13 3 42.884829 13 3 42.884829 8900
    754 13 3 42.894703 13 3 42.894703 8900
    755 13 3 42.904777 13 3 42.904777 8900
    756 13 3 42.914766 13 3 42.914766 8900
    757 13 3 42.924719 13 3 42.924719 8900
    758 13 3 42.934708 13 3 42.934708 8900
    759 13 3 42.944690 13 3 42.944690 8900
    760 13 3 42.954703 13 3 42.954703 8900
    761 13 3 42.964711 13 3 42.964711 8900
    762 13 3 42.974682 13 3 42.974682 8900
    763 13 3 42.984865 13 3 42.984865 8900
    764 13 3 42.995004 13 3 42.995004 8900
    765 13 3 43.004761 13 3 43.004761 8900
    766 13 3 43.014769 13 3 43.014769 8900
    767 13 3 43.024766 13 3 43.024766 8900
    768 13 3 43.034759 13 3 43.034759 8900
    769 13 3 43.044747 13 3 43.044747 8900
    770 13 3 43.054754 13 3 43.054754 8900
    771 13 3 43.064933 13 3 43.064933 8900
    772 13 3 43.074694 13 3 43.074694 8900
    773 13 3 43.084670 13 3 43.084670 8900
    774 13 3 43.094715 13 3 43.094715 8900
    775 13 3 43.104709 13 3 43.104709 8900
    776 13 3 43.114778 13 3 43.114778 8900
    777 13 3 43.124772 13 3 43.124772 8900
    778 13 3 43.134700 13 3 43.134700 8900
    779 13 3 43.144699 13 3 43.144699 8900
    780 13 3 43.154693 13 3 43.154693 8900
    781 13 3 43.164712 13 3 43.164712 8900
    782 13 3 43.174694 13 3 43.174694 8900
    783 13 3 43.184707 13 3 43.184707 8900
    784 13 3 43.194692 13 3 43.194692 8900
    785 13 3 43.204771 13 3 43.204771 8900
    786 13 3 43.214773 13 3 43.214773 8900
    787 13 3 43.224772 13 3 43.224772 8900
    788 13 3 43.234771 13 3 43.234771 8900
    789 13 3 43.244771 13 3 43.244771 8900
    790 13 3 43.254773 13 3 43.254773 8900
    791 13 3 43.264695 13 3 43.264695 8900
    792 13 3 43.274678 13 3 43.274678 8900
    793 13 3 43.284700 13 3 43.284700 8900
    794 13 3 43.294749 13 3 43.294749 8900
    795 13 3 43.304760 13 3 43.304760 8900
    796 13 3 43.314770 13 3 43.314770 8900
    797 13 3 43.324769 13 3 43.324769 8900
    798 13 3 43.334704 13 3 43.334704 8900
    799 13 3 43.344849 13 3 43.344849 8900
    800 13 3 43.354781 13 3 43.354781 8900
    801 13 3 43.364727 13 3 43.364727 8900
    802 13 3 43.374702 13 3 43.374702 8900
    803 13 3 43.384714 13 3 43.384714 8900
    804 13 3 43.394737 13 3 43.394737 8900
    805 13 3 43.404809 13 3 43.404809 8900
    806 13 3 43.414821 13 3 43.414821 8900
    807 13 3 43.424812 13 3 43.424812 8900
    808 13 3 43.434787 13 3 43.434787 8900
    809 13 3 43.444791 13 3 43.444791 8900
    810 13 3 43.454780 13 3 43.454780 8900
    811 13 3 43.464756 13 3 43.464756 8900
    812 13 3 43.474702 13 3 43.474702 8900
    813 13 3 43.484650 13 3 43.484650 8900
    814 13 3 43.494782 13 3 43.494782 8900
    815 13 3 43.504775 13 3 43.504775 8900
    816 13 3 43.514786 13 3 43.514786 8900
    817 13 3 43.524777 13 3 43.524777 8900
    818 13 3 43.535144 13 3 43.535144 8900
    819 13 3 43.544710 13 3 43.544710 8900
    820 13 3 43.555017 13 3 43.555017 8900
    821 13 3 43.564709 13 3 43.564709 8900
    822 13 3 43.574708 13 3 43.574708 8900
    823 13 3 43.584707 13 3 43.584707 8900
    824 13 3 43.594945 13 3 43.594945 8900
    825 13 3 43.604702 13 3 43.604702 8900
    826 13 3 43.614807 13 3 43.614807 8900
    827 13 3 43.624775 13 3 43.624775 8900
    828 13 3 43.634773 13 3 43.634773 8900
    829 13 3 43.644781 13 3 43.644781 8900
    830 13 3 43.654761 13 3 43.654761 8900
    831 13 3 43.664771 13 3 43.664771 8900
    832 13 3 43.674798 13 3 43.674798 8900
    833 13 3 43.684787 13 3 43.684787 8900
    834 13 3 43.694710 13 3 43.694710 8900
    835 13 3 43.704712 13 3 43.704712 8900
    836 13 3 43.714708 13 3 43.714708 8900
    837 13 3 43.724811 13 3 43.724811 8900
    838 13 3 43.734715 13 3 43.734715 8900
    839 13 3 43.744711 13 3 43.744711 8900
    840 13 3 43.754699 13 3 43.754699 8900
    841 13 3 43.764836 13 3 43.764836 8900
    842 13 3 43.774760 13 3 43.774760 8900
    843 13 3 43.784770 13 3 43.784770 8900
    844 13 3 43.794749 13 3 43.794749 8900
    845 13 3 43.804789 13 3 43.804789 8900
    846 13 3 43.814830 13 3 43.814830 8900
    847 13 3 43.824841 13 3 43.824841 8900
    848 13 3 43.835375 13 3 43.835375 8900
    849 13 3 43.844724 13 3 43.844724 8900
    850 13 3 43.854776 13 3 43.854776 8900
    851 13 3 43.864767 13 3 43.864767 8900
    852 13 3 43.874704 13 3 43.874704 8900
    853 13 3 43.884678 13 3 43.884678 8900
    854 13 3 43.894683 13 3 43.894683 8900
    855 13 3 43.904708 13 3 43.904708 8900
    856 13 3 43.914709 13 3 43.914709 8900
    857 13 3 43.924805 13 3 43.924805 8900
    858 13 3 43.934725 13 3 43.934725 8900
    859 13 3 43.944791 13 3 43.944791 8900
    860 13 3 43.954824 13 3 43.954824 8900
    861 13 3 43.964776 13 3 43.964776 8900
    862 13 3 43.974702 13 3 43.974702 8900
    863 13 3 43.984699 13 3 43.984699 8900
    864 13 3 43.994709 13 3 43.994709 8900
    865 13 3 44.004784 13 3 44.004784 8900
    866 13 3 44.014811 13 3 44.014811 8900
    867 13 3 44.024771 13 3 44.024771 8900
    868 13 3 44.034798 13 3 44.034798 8900
    869 13 3 44.044839 13 3 44.044839 8900
    870 13 3 44.054822 13 3 44.054822 8900
    871 13 3 44.064785 13 3 44.064785 8900
    872 13 3 44.074775 13 3 44.074775 8900
    873 13 3 44.084698 13 3 44.084698 8900
    874 13 3 44.094701 13 3 44.094701 8900
    875 13 3 44.104702 13 3 44.104702 8900
    876 13 3 44.114731 13 3 44.114731 8900
    877 13 3 44.124803 13 3 44.124803 8900
    878 13 3 44.134951 13 3 44.134951 8900
    879 13 3 44.145459 13 3 44.145459 8900
    880 13 3 44.154809 13 3 44.154809 8900
    881 13 3 44.164763 13 3 44.164763 8900
    882 13 3 44.174779 13 3 44.174779 8900
    883 13 3 44.184716 13 3 44.184716 8900
    884 13 3 44.194709 13 3 44.194709 8900
    885 13 3 44.204754 13 3 44.204754 8900
    886 13 3 44.214705 13 3 44.214705 8900
    887 13 3 44.224780 13 3 44.224780 8900
    888 13 3 44.234703 13 3 44.234703 8900
    889 13 3 44.244765 13 3 44.244765 8900
    890 13 3 44.254806 13 3 44.254806 8900
    891 13 3 44.264763 13 3 44.264763 8900
    892 13 3 44.274709 13 3 44.274709 8900
    893 13 3 44.284706 13 3 44.284706 8900
    894 13 3 44.294693 13 3 44.294693 8900
    895 13 3 44.304707 13 3 44.304707 8900
    896 13 3 44.314711 13 3 44.314711 8900
    897 13 3 44.324773 13 3 44.324773 8900
    898 13 3 44.334766 13 3 44.334766 8900
    899 13 3 44.344782 13 3 44.344782 8900
    900 13 3 44.354816 13 3 44.354816 8900
    901 13 3 44.364803 13 3 44.364803 8900
    902 13 3 44.375686 13 3 44.375686 8900
    903 13 3 44.384712 13 3 44.384712 8900
    904 13 3 44.395412 13 3 44.395412 8900
    905 13 3 44.404814 13 3 44.404814 8900
    906 13 3 44.414772 13 3 44.414772 8900
    907 13 3 44.424765 13 3 44.424765 8900
    908 13 3 44.434828 13 3 44.434828 8900
    909 13 3 44.444822 13 3 44.444822 8900
    910 13 3 44.454780 13 3 44.454780 8900
    911 13 3 44.464742 13 3 44.464742 8900
    912 13 3 44.474699 13 3 44.474699 8900
    913 13 3 44.484707 13 3 44.484707 8900
    914 13 3 44.494698 13 3 44.494698 8900
    915 13 3 44.504699 13 3 44.504699 8900
    916 13 3 44.514693 13 3 44.514693 8900
    917 13 3 44.524712 13 3 44.524712 8900
    918 13 3 44.534779 13 3 44.534779 8900
    919 13 3 44.544767 13 3 44.544767 8900
    920 13 3 44.554703 13 3 44.554703 8900
    921 13 3 44.564900 13 3 44.564900 8900
    922 13 3 44.574764 13 3 44.574764 8900
    923 13 3 44.584730 13 3 44.584730 8900
    924 13 3 44.594960 13 3 44.594960 8900
    925 13 3 44.604773 13 3 44.604773 8900
    926 13 3 44.614721 13 3 44.614721 8900
    927 13 3 44.624772 13 3 44.624772 8900
    928 13 3 44.634760 13 3 44.634760 8900
    929 13 3 44.644767 13 3 44.644767 8900
    930 13 3 44.654845 13 3 44.654845 8900
    931 13 3 44.664779 13 3 44.664779 8900
    932 13 3 44.674999 13 3 44.674999 8900
    933 13 3 44.684713 13 3 44.684713 8900
    934 13 3 44.694811 13 3 44.694811 8900
    935 13 3 44.704695 13 3 44.704695 8900
    936 13 3 44.714739 13 3 44.714739 8900
    937 13 3 44.724970 13 3 44.724970 8900
    938 13 3 44.734800 13 3 44.734800 8900
    939 13 3 44.744790 13 3 44.744790 8900
    940 13 3 44.754776 13 3 44.754776 8900
    941 13 3 44.764780 13 3 44.764780 8900
    942 13 3 44.774703 13 3 44.774703 8900
    943 13 3 44.784708 13 3 44.784708 8900
    944 13 3 44.794708 13 3 44.794708 8900
    945 13 3 44.804707 13 3 44.804707 8900
    946 13 3 44.814960 13 3 44.814960 8900
    947 13 3 44.824745 13 3 44.824745 8900
    948 13 3 44.834775 13 3 44.834775 8900
    949 13 3 44.844771 13 3 44.844771 8900
    950 13 3 44.855338 13 3 44.855338 8900
    951 13 3 44.864789 13 3 44.864789 8900
    952 13 3 44.875180 13 3 44.875180 8900
    953 13 3 44.884869 13 3 44.884869 8900
    954 13 3 44.894768 13 3 44.894768 8900
    955 13 3 44.904983 13 3 44.904983 8900
    956 13 3 44.914954 13 3 44.914954 8900
    957 13 3 44.924816 13 3 44.924816 8900
    958 13 3 44.935200 13 3 44.935200 8900
    959 13 3 44.944831 13 3 44.944831 8900
    960 13 3 44.955252 13 3 44.955252 8900
    961 13 3 44.964793 13 3 44.964793 8900
    962 13 3 44.974769 13 3 44.974769 8900
    963 13 3 44.984794 13 3 44.984794 8900
    964 13 3 44.994731 13 3 44.994731 8900
    965 13 3 45.004762 13 3 45.004762 8900
    966 13 3 45.014831 13 3 45.014831 8900
    967 13 3 45.024971 13 3 45.024971 8900
    968 13 3 45.034705 13 3 45.034705 8900
    969 13 3 45.044736 13 3 45.044736 8900
    970 13 3 45.054780 13 3 45.054780 8900
    971 13 3 45.064734 13 3 45.064734 8900
    972 13 3 45.074711 13 3 45.074711 8900
    973 13 3 45.084707 13 3 45.084707 8900
    974 13 3 45.094706 13 3 45.094706 8900
    975 13 3 45.104796 13 3 45.104796 8900
    976 13 3 45.115361 13 3 45.115361 8900
    977 13 3 45.124831 13 3 45.124831 8900
    978 13 3 45.135134 13 3 45.135134 8900
    979 13 3 45.145181 13 3 45.145181 8900
    980 13 3 45.154766 13 3 45.154766 8900
    981 13 3 45.164721 13 3 45.164721 8900
    982 13 3 45.174779 13 3 45.174779 8900
    983 13 3 45.185001 13 3 45.185001 8900
    984 13 3 45.194679 13 3 45.194679 8900
    985 13 3 45.204833 13 3 45.204833 8900
    986 13 3 45.214671 13 3 45.214671 8900
    987 13 3 45.224890 13 3 45.224890 8900
    988 13 3 45.234769 13 3 45.234769 8900
    989 13 3 45.244906 13 3 45.244906 8900
    990 13 3 45.254961 13 3 45.254961 8900
    991 13 3 45.264696 13 3 45.264696 8900
    992 13 3 45.274755 13 3 45.274755 8900
    993 13 3 45.284740 13 3 45.284740 8900
    994 13 3 45.294645 13 3 45.294645 8900
    995 13 3 45.304813 13 3 45.304813 8900
    996 13 3 45.314892 13 3 45.314892 8900
    997 13 3 45.324716 13 3 45.324716 8900
    998 13 3 45.334663 13 3 45.334663 8900
    999 13 3 45.344710 13 3 45.344710 8900
   1000 13 3 45.354706 13 3 45.354706 8900
