      1 13 7 25.949753 13 7 25.949753 10800
      2 13 7 25.959928 13 7 25.959928 10800
      3 13 7 25.969933 13 7 25.969933 10800
      4 13 7 25.979912 13 7 25.979912 10800
      5 13 7 25.989944 13 7 25.989944 10800
      6 13 7 25.999928 13 7 25.999928 10800
      7 13 7 26.009972 13 7 26.009972 10800
      8 13 7 26.019885 13 7 26.019885 10800
      9 13 7 26.029896 13 7 26.029896 10800
     10 13 7 26.040358 13 7 26.040358 10800
     11 13 7 26.049934 13 7 26.049934 10800
     12 13 7 26.059930 13 7 26.059930 10800
     13 13 7 26.069853 13 7 26.069853 10800
     14 13 7 26.079996 13 7 26.079996 10800
     15 13 7 26.089873 13 7 26.089873 10800
     16 13 7 26.099871 13 7 26.099871 10800
     17 13 7 26.109925 13 7 26.109925 10800
     18 13 7 26.120089 13 7 26.120089 10800
     19 13 7 26.130714 13 7 26.130714 10800
     20 13 7 26.139939 13 7 26.139939 10800
     21 13 7 26.149975 13 7 26.149975 10800
     22 13 7 26.159905 13 7 26.159905 10800
     23 13 7 26.169941 13 7 26.169941 10800
     24 13 7 26.179966 13 7 26.179966 10800
     25 13 7 26.189941 13 7 26.189941 10800
     26 13 7 26.199933 13 7 26.199933 10800
     27 13 7 26.209870 13 7 26.209870 10800
     28 13 7 26.219943 13 7 26.219943 10800
     29 13 7 26.229855 13 7 26.229855 10800
     30 13 7 26.239944 13 7 26.239944 10800
     31 13 7 26.249932 13 7 26.249932 10800
     32 13 7 26.259937 13 7 26.259937 10800
     33 13 7 26.269888 13 7 26.269888 10800
     34 13 7 26.279924 13 7 26.279924 10800
     35 13 7 26.289888 13 7 26.289888 10800
     36 13 7 26.299862 13 7 26.299862 10800
     37 13 7 26.309808 13 7 26.309808 10800
     38 13 7 26.319933 13 7 26.319933 10800
     39 13 7 26.330006 13 7 26.330006 10800
     40 13 7 26.340033 13 7 26.340033 10800
     41 13 7 26.349958 13 7 26.349958 10800
     42 13 7 26.359919 13 7 26.359919 10800
     43 13 7 26.369928 13 7 26.369928 10800
     44 13 7 26.379920 13 7 26.379920 10800
     45 13 7 26.389974 13 7 26.389974 10800
     46 13 7 26.399860 13 7 26.399860 10800
     47 13 7 26.409862 13 7 26.409862 10800
     48 13 7 26.419859 13 7 26.419859 10800
     49 13 7 26.429870 13 7 26.429870 10800
     50 13 7 26.439882 13 7 26.439882 10800
     51 13 7 26.449998 13 7 26.449998 10800
     52 13 7 26.459963 13 7 26.459963 10800
     53 13 7 26.470524 13 7 26.470524 10800
     54 13 7 26.480233 13 7 26.480233 10800
     55 13 7 26.489844 13 7 26.489844 10800
     56 13 7 26.499932 13 7 26.499932 10800
     57 13 7 26.509921 13 7 26.509921 10800
     58 13 7 26.520096 13 7 26.520096 10800
     59 13 7 26.529924 13 7 26.529924 10800
     60 13 7 26.539940 13 7 26.539940 10800
     61 13 7 26.559525 13 7 26.559525 10800
     62 13 7 26.559778 13 7 26.559778 10800
     63 13 7 26.570045 13 7 26.570045 10800
     64 13 7 26.579961 13 7 26.579961 10800
     65 13 7 26.590226 13 7 26.590226 10800
     66 13 7 26.599959 13 7 26.599959 10800
     67 13 7 26.609905 13 7 26.609905 10800
     68 13 7 26.619911 13 7 26.619911 10800
     69 13 7 26.629892 13 7 26.629892 10800
     70 13 7 26.639873 13 7 26.639873 10800
     71 13 7 26.650489 13 7 26.650489 10800
     72 13 7 26.659918 13 7 26.659918 10800
     73 13 7 26.669919 13 7 26.669919 10800
     74 13 7 26.680125 13 7 26.680125 10800
     75 13 7 26.689861 13 7 26.689861 10800
     76 13 7 26.699875 13 7 26.699875 10800
     77 13 7 26.709872 13 7 26.709872 10800
     78 13 7 26.719861 13 7 26.719861 10800
     79 13 7 26.730637 13 7 26.730637 10800
     80 13 7 26.740097 13 7 26.740097 10800
     81 13 7 26.750872 13 7 26.750872 10800
     82 13 7 26.759859 13 7 26.759859 10800
     83 13 7 26.769991 13 7 26.769991 10800
     84 13 7 26.780062 13 7 26.780062 10800
     85 13 7 26.790067 13 7 26.790067 10800
     86 13 7 26.799877 13 7 26.799877 10800
     87 13 7 26.809982 13 7 26.809982 10800
     88 13 7 26.819925 13 7 26.819925 10800
     89 13 7 26.830155 13 7 26.830155 10800
     90 13 7 26.840046 13 7 26.840046 10800
     91 13 7 26.849886 13 7 26.849886 10800
     92 13 7 26.859926 13 7 26.859926 10800
     93 13 7 26.869910 13 7 26.869910 10800
     94 13 7 26.879927 13 7 26.879927 10800
     95 13 7 26.889988 13 7 26.889988 10800
     96 13 7 26.899920 13 7 26.899920 10800
     97 13 7 26.909887 13 7 26.909887 10800
     98 13 7 26.919872 13 7 26.919872 10800
     99 13 7 26.929863 13 7 26.929863 10800
    100 13 7 26.939855 13 7 26.939855 10800
    101 13 7 26.950061 13 7 26.950061 10800
    102 13 7 26.960878 13 7 26.960878 10800
    103 13 7 26.969923 13 7 26.969923 10800
    104 13 7 26.979901 13 7 26.979901 10800
    105 13 7 26.989964 13 7 26.989964 10800
    106 13 7 27.000188 13 7 27.000188 10800
    107 13 7 27.009854 13 7 27.009854 10800
    108 13 7 27.019926 13 7 27.019926 10800
    109 13 7 27.029990 13 7 27.029990 10800
    110 13 7 27.039854 13 7 27.039854 10800
    111 13 7 27.049906 13 7 27.049906 10800
    112 13 7 27.059940 13 7 27.059940 10800
    113 13 7 27.069921 13 7 27.069921 10800
    114 13 7 27.079993 13 7 27.079993 10800
    115 13 7 27.089922 13 7 27.089922 10800
    116 13 7 27.099909 13 7 27.099909 10800
    117 13 7 27.110268 13 7 27.110268 10800
    118 13 7 27.119859 13 7 27.119859 10800
    119 13 7 27.129864 13 7 27.129864 10800
    120 13 7 27.139870 13 7 27.139870 10800
    121 13 7 27.149900 13 7 27.149900 10800
    122 13 7 27.160074 13 7 27.160074 10800
    123 13 7 27.170004 13 7 27.170004 10800
    124 13 7 27.179952 13 7 27.179952 10800
    125 13 7 27.189942 13 7 27.189942 10800
    126 13 7 27.199888 13 7 27.199888 10800
    127 13 7 27.209935 13 7 27.209935 10800
    128 13 7 27.219916 13 7 27.219916 10800
    129 13 7 27.229866 13 7 27.229866 10800
    130 13 7 27.239985 13 7 27.239985 10800
    131 13 7 27.249871 13 7 27.249871 10800
    132 13 7 27.259982 13 7 27.259982 10800
    133 13 7 27.269988 13 7 27.269988 10800
    134 13 7 27.279976 13 7 27.279976 10800
    135 13 7 27.290017 13 7 27.290017 10800
    136 13 7 27.299920 13 7 27.299920 10800
    137 13 7 27.310002 13 7 27.310002 10800
    138 13 7 27.319869 13 7 27.319869 10800
    139 13 7 27.329886 13 7 27.329886 10800
    140 13 7 27.339887 13 7 27.339887 10800
    141 13 7 27.349879 13 7 27.349879 10800
    142 13 7 27.359825 13 7 27.359825 10800
    143 13 7 27.369882 13 7 27.369882 10800
    144 13 7 27.379882 13 7 27.379882 10800
    145 13 7 27.389818 13 7 27.389818 10800
    146 13 7 27.399886 13 7 27.399886 10800
    147 13 7 27.409887 13 7 27.409887 10800
    148 13 7 27.419986 13 7 27.419986 10800
    149 13 7 27.429867 13 7 27.429867 10800
    150 13 7 27.439932 13 7 27.439932 10800
    151 13 7 27.449940 13 7 27.449940 10800
    152 13 7 27.460460 13 7 27.460460 10800
    153 13 7 27.470064 13 7 27.470064 10800
    154 13 7 27.479849 13 7 27.479849 10800
    155 13 7 27.489999 13 7 27.489999 10800
    156 13 7 27.500894 13 7 27.500894 10800
    157 13 7 27.509919 13 7 27.509919 10800
    158 13 7 27.519930 13 7 27.519930 10800
    159 13 7 27.529869 13 7 27.529869 10800
    160 13 7 27.539870 13 7 27.539870 10800
    161 13 7 27.549893 13 7 27.549893 10800
    162 13 7 27.559864 13 7 27.559864 10800
    163 13 7 27.569870 13 7 27.569870 10800
    164 13 7 27.579853 13 7 27.579853 10800
    165 13 7 27.589862 13 7 27.589862 10800
    166 13 7 27.599862 13 7 27.599862 10800
    167 13 7 27.609868 13 7 27.609868 10800
    168 13 7 27.619894 13 7 27.619894 10800
    169 13 7 27.629933 13 7 27.629933 10800
    170 13 7 27.639852 13 7 27.639852 10800
    171 13 7 27.649903 13 7 27.649903 10800
    172 13 7 27.660706 13 7 27.660706 10800
    173 13 7 27.670248 13 7 27.670248 10800
    174 13 7 27.679916 13 7 27.679916 10800
    175 13 7 27.689817 13 7 27.689817 10800
    176 13 7 27.699912 13 7 27.699912 10800
    177 13 7 27.710035 13 7 27.710035 10800
    178 13 7 27.719986 13 7 27.719986 10800
    179 13 7 27.729980 13 7 27.729980 10800
    180 13 7 27.740034 13 7 27.740034 10800
    181 13 7 27.749867 13 7 27.749867 10800
    182 13 7 27.759865 13 7 27.759865 10800
    183 13 7 27.769842 13 7 27.769842 10800
    184 13 7 27.779938 13 7 27.779938 10800
    185 13 7 27.789887 13 7 27.789887 10800
    186 13 7 27.799886 13 7 27.799886 10800
    187 13 7 27.809870 13 7 27.809870 10800
    188 13 7 27.819953 13 7 27.819953 10800
    189 13 7 27.829913 13 7 27.829913 10800
    190 13 7 27.839870 13 7 27.839870 10800
    191 13 7 27.850207 13 7 27.850207 10800
    192 13 7 27.860195 13 7 27.860195 10800
    193 13 7 27.869872 13 7 27.869872 10800
    194 13 7 27.879919 13 7 27.879919 10800
    195 13 7 27.889958 13 7 27.889958 10800
    196 13 7 27.899981 13 7 27.899981 10800
    197 13 7 27.909925 13 7 27.909925 10800
    198 13 7 27.919874 13 7 27.919874 10800
    199 13 7 27.929915 13 7 27.929915 10800
    200 13 7 27.939876 13 7 27.939876 10800
    201 13 7 27.949964 13 7 27.949964 10800
    202 13 7 27.959955 13 7 27.959955 10800
    203 13 7 27.970046 13 7 27.970046 10800
    204 13 7 27.979884 13 7 27.979884 10800
    205 13 7 27.989864 13 7 27.989864 10800
    206 13 7 27.999818 13 7 27.999818 10800
    207 13 7 28.010238 13 7 28.010238 10800
    208 13 7 28.019861 13 7 28.019861 10800
    209 13 7 28.029890 13 7 28.029890 10800
    210 13 7 28.039854 13 7 28.039854 10800
    211 13 7 28.049877 13 7 28.049877 10800
    212 13 7 28.060020 13 7 28.060020 10800
    213 13 7 28.069938 13 7 28.069938 10800
    214 13 7 28.079916 13 7 28.079916 10800
    215 13 7 28.090112 13 7 28.090112 10800
    216 13 7 28.099948 13 7 28.099948 10800
    217 13 7 28.109932 13 7 28.109932 10800
    218 13 7 28.120712 13 7 28.120712 10800
    219 13 7 28.129889 13 7 28.129889 10800
    220 13 7 28.139921 13 7 28.139921 10800
    221 13 7 28.150023 13 7 28.150023 10800
    222 13 7 28.160509 13 7 28.160509 10800
    223 13 7 28.169872 13 7 28.169872 10800
    224 13 7 28.179853 13 7 28.179853 10800
    225 13 7 28.189890 13 7 28.189890 10800
    226 13 7 28.199870 13 7 28.199870 10800
    227 13 7 28.209969 13 7 28.209969 10800
    228 13 7 28.219881 13 7 28.219881 10800
    229 13 7 28.229845 13 7 28.229845 10800
    230 13 7 28.239881 13 7 28.239881 10800
    231 13 7 28.250333 13 7 28.250333 10800
    232 13 7 28.259952 13 7 28.259952 10800
    233 13 7 28.269967 13 7 28.269967 10800
    234 13 7 28.279833 13 7 28.279833 10800
    235 13 7 28.290469 13 7 28.290469 10800
    236 13 7 28.299960 13 7 28.299960 10800
    237 13 7 28.309889 13 7 28.309889 10800
    238 13 7 28.319921 13 7 28.319921 10800
    239 13 7 28.329910 13 7 28.329910 10800
    240 13 7 28.339983 13 7 28.339983 10800
    241 13 7 28.349972 13 7 28.349972 10800
    242 13 7 28.359971 13 7 28.359971 10800
    243 13 7 28.370065 13 7 28.370065 10800
    244 13 7 28.379993 13 7 28.379993 10800
    245 13 7 28.389876 13 7 28.389876 10800
    246 13 7 28.399867 13 7 28.399867 10800
    247 13 7 28.409866 13 7 28.409866 10800
    248 13 7 28.419861 13 7 28.419861 10800
    249 13 7 28.429871 13 7 28.429871 10800
    250 13 7 28.439859 13 7 28.439859 10800
    251 13 7 28.449905 13 7 28.449905 10800
    252 13 7 28.459886 13 7 28.459886 10800
    253 13 7 28.469867 13 7 28.469867 10800
    254 13 7 28.479921 13 7 28.479921 10800
    255 13 7 28.490446 13 7 28.490446 10800
    256 13 7 28.500001 13 7 28.500001 10800
    257 13 7 28.509931 13 7 28.509931 10800
    258 13 7 28.520247 13 7 28.520247 10800
    259 13 7 28.530000 13 7 28.530000 10800
    260 13 7 28.539923 13 7 28.539923 10800
    261 13 7 28.549938 13 7 28.549938 10800
    262 13 7 28.559913 13 7 28.559913 10800
    263 13 7 28.570019 13 7 28.570019 10800
    264 13 7 28.579923 13 7 28.579923 10800
    265 13 7 28.590353 13 7 28.590353 10800
    266 13 7 28.599907 13 7 28.599907 10800
    267 13 7 28.609864 13 7 28.609864 10800
    268 13 7 28.619883 13 7 28.619883 10800
    269 13 7 28.630489 13 7 28.630489 10800
    270 13 7 28.639860 13 7 28.639860 10800
    271 13 7 28.649916 13 7 28.649916 10800
    272 13 7 28.660022 13 7 28.660022 10800
    273 13 7 28.669945 13 7 28.669945 10800
    274 13 7 28.679898 13 7 28.679898 10800
    275 13 7 28.689892 13 7 28.689892 10800
    276 13 7 28.700261 13 7 28.700261 10800
    277 13 7 28.709886 13 7 28.709886 10800
    278 13 7 28.719920 13 7 28.719920 10800
    279 13 7 28.729912 13 7 28.729912 10800
    280 13 7 28.740140 13 7 28.740140 10800
    281 13 7 28.749929 13 7 28.749929 10800
    282 13 7 28.759920 13 7 28.759920 10800
    283 13 7 28.770040 13 7 28.770040 10800
    284 13 7 28.779928 13 7 28.779928 10800
    285 13 7 28.789868 13 7 28.789868 10800
    286 13 7 28.799873 13 7 28.799873 10800
    287 13 7 28.809857 13 7 28.809857 10800
    288 13 7 28.819865 13 7 28.819865 10800
    289 13 7 28.829861 13 7 28.829861 10800
    290 13 7 28.839863 13 7 28.839863 10800
    291 13 7 28.849900 13 7 28.849900 10800
    292 13 7 28.859866 13 7 28.859866 10800
    293 13 7 28.869938 13 7 28.869938 10800
    294 13 7 28.879979 13 7 28.879979 10800
    295 13 7 28.889876 13 7 28.889876 10800
    296 13 7 28.900590 13 7 28.900590 10800
    297 13 7 28.910198 13 7 28.910198 10800
    298 13 7 28.919910 13 7 28.919910 10800
    299 13 7 28.930005 13 7 28.930005 10800
    300 13 7 28.939878 13 7 28.939878 10800
    301 13 7 28.950116 13 7 28.950116 10800
    302 13 7 28.959983 13 7 28.959983 10800
    303 13 7 28.969974 13 7 28.969974 10800
    304 13 7 28.981987 13 7 28.981987 10800
    305 13 7 28.990000 13 7 28.990000 10800
    306 13 7 28.999929 13 7 28.999929 10800
    307 13 7 29.009865 13 7 29.009865 10800
    308 13 7 29.019890 13 7 29.019890 10800
    309 13 7 29.029897 13 7 29.029897 10800
    310 13 7 29.039871 13 7 29.039871 10800
    311 13 7 29.049804 13 7 29.049804 10800
    312 13 7 29.059947 13 7 29.059947 10800
    313 13 7 29.070022 13 7 29.070022 10800
    314 13 7 29.079964 13 7 29.079964 10800
    315 13 7 29.089943 13 7 29.089943 10800
    316 13 7 29.100273 13 7 29.100273 10800
    317 13 7 29.110088 13 7 29.110088 10800
    318 13 7 29.119942 13 7 29.119942 10800
    319 13 7 29.129887 13 7 29.129887 10800
    320 13 7 29.139859 13 7 29.139859 10800
    321 13 7 29.150026 13 7 29.150026 10800
    322 13 7 29.159950 13 7 29.159950 10800
    323 13 7 29.170362 13 7 29.170362 10800
    324 13 7 29.180081 13 7 29.180081 10800
    325 13 7 29.189875 13 7 29.189875 10800
    326 13 7 29.199929 13 7 29.199929 10800
    327 13 7 29.209863 13 7 29.209863 10800
    328 13 7 29.219856 13 7 29.219856 10800
    329 13 7 29.229900 13 7 29.229900 10800
    330 13 7 29.239858 13 7 29.239858 10800
    331 13 7 29.250188 13 7 29.250188 10800
    332 13 7 29.259923 13 7 29.259923 10800
    333 13 7 29.269884 13 7 29.269884 10800
    334 13 7 29.279932 13 7 29.279932 10800
    335 13 7 29.290085 13 7 29.290085 10800
    336 13 7 29.299856 13 7 29.299856 10800
    337 13 7 29.309910 13 7 29.309910 10800
    338 13 7 29.319915 13 7 29.319915 10800
    339 13 7 29.329906 13 7 29.329906 10800
    340 13 7 29.339918 13 7 29.339918 10800
    341 13 7 29.349930 13 7 29.349930 10800
    342 13 7 29.359853 13 7 29.359853 10800
    343 13 7 29.369900 13 7 29.369900 10800
    344 13 7 29.379863 13 7 29.379863 10800
    345 13 7 29.389889 13 7 29.389889 10800
    346 13 7 29.399851 13 7 29.399851 10800
    347 13 7 29.410173 13 7 29.410173 10800
    348 13 7 29.419883 13 7 29.419883 10800
    349 13 7 29.429902 13 7 29.429902 10800
    350 13 7 29.440091 13 7 29.440091 10800
    351 13 7 29.450032 13 7 29.450032 10800
    352 13 7 29.459917 13 7 29.459917 10800
    353 13 7 29.469823 13 7 29.469823 10800
    354 13 7 29.480004 13 7 29.480004 10800
    355 13 7 29.490023 13 7 29.490023 10800
    356 13 7 29.499990 13 7 29.499990 10800
    357 13 7 29.509906 13 7 29.509906 10800
    358 13 7 29.519966 13 7 29.519966 10800
    359 13 7 29.529934 13 7 29.529934 10800
    360 13 7 29.540101 13 7 29.540101 10800
    361 13 7 29.549918 13 7 29.549918 10800
    362 13 7 29.559881 13 7 29.559881 10800
    363 13 7 29.569883 13 7 29.569883 10800
    364 13 7 29.579886 13 7 29.579886 10800
    365 13 7 29.589939 13 7 29.589939 10800
    366 13 7 29.599862 13 7 29.599862 10800
    367 13 7 29.609859 13 7 29.609859 10800
    368 13 7 29.620066 13 7 29.620066 10800
    369 13 7 29.629861 13 7 29.629861 10800
    370 13 7 29.639948 13 7 29.639948 10800
    371 13 7 29.649864 13 7 29.649864 10800
    372 13 7 29.659943 13 7 29.659943 10800
    373 13 7 29.669976 13 7 29.669976 10800
    374 13 7 29.680364 13 7 29.680364 10800
    375 13 7 29.690273 13 7 29.690273 10800
    376 13 7 29.700126 13 7 29.700126 10800
    377 13 7 29.710663 13 7 29.710663 10800
    378 13 7 29.719902 13 7 29.719902 10800
    379 13 7 29.730039 13 7 29.730039 10800
    380 13 7 29.739899 13 7 29.739899 10800
    381 13 7 29.749967 13 7 29.749967 10800
    382 13 7 29.759913 13 7 29.759913 10800
    383 13 7 29.769922 13 7 29.769922 10800
    384 13 7 29.779913 13 7 29.779913 10800
    385 13 7 29.789919 13 7 29.789919 10800
    386 13 7 29.799932 13 7 29.799932 10800
    387 13 7 29.809860 13 7 29.809860 10800
    388 13 7 29.819852 13 7 29.819852 10800
    389 13 7 29.829906 13 7 29.829906 10800
    390 13 7 29.839901 13 7 29.839901 10800
    391 13 7 29.850740 13 7 29.850740 10800
    392 13 7 29.859908 13 7 29.859908 10800
    393 13 7 29.870210 13 7 29.870210 10800
    394 13 7 29.879939 13 7 29.879939 10800
    395 13 7 29.889921 13 7 29.889921 10800
    396 13 7 29.899851 13 7 29.899851 10800
    397 13 7 29.909925 13 7 29.909925 10800
    398 13 7 29.919912 13 7 29.919912 10800
    399 13 7 29.929853 13 7 29.929853 10800
    400 13 7 29.939934 13 7 29.939934 10800
    401 13 7 29.950209 13 7 29.950209 10800
    402 13 7 29.960000 13 7 29.960000 10800
    403 13 7 29.969930 13 7 29.969930 10800
    404 13 7 29.980512 13 7 29.980512 10800
    405 13 7 29.990444 13 7 29.990444 10800
    406 13 7 29.999888 13 7 29.999888 10800
    407 13 7 30.010562 13 7 30.010562 10800
    408 13 7 30.019891 13 7 30.019891 10800
    409 13 7 30.029873 13 7 30.029873 10800
    410 13 7 30.039867 13 7 30.039867 10800
    411 13 7 30.050238 13 7 30.050238 10800
    412 13 7 30.059923 13 7 30.059923 10800
    413 13 7 30.069932 13 7 30.069932 10800
    414 13 7 30.079921 13 7 30.079921 10800
    415 13 7 30.089876 13 7 30.089876 10800
    416 13 7 30.099851 13 7 30.099851 10800
    417 13 7 30.109929 13 7 30.109929 10800
    418 13 7 30.119883 13 7 30.119883 10800
    419 13 7 30.129933 13 7 30.129933 10800
    420 13 7 30.139856 13 7 30.139856 10800
    421 13 7 30.149927 13 7 30.149927 10800
    422 13 7 30.159983 13 7 30.159983 10800
    423 13 7 30.169971 13 7 30.169971 10800
    424 13 7 30.179936 13 7 30.179936 10800
    425 13 7 30.189934 13 7 30.189934 10800
    426 13 7 30.199881 13 7 30.199881 10800
    427 13 7 30.209862 13 7 30.209862 10800
    428 13 7 30.219854 13 7 30.219854 10800
    429 13 7 30.229863 13 7 30.229863 10800
    430 13 7 30.240102 13 7 30.240102 10800
    431 13 7 30.250102 13 7 30.250102 10800
    432 13 7 30.259926 13 7 30.259926 10800
    433 13 7 30.269916 13 7 30.269916 10800
    434 13 7 30.279882 13 7 30.279882 10800
    435 13 7 30.290071 13 7 30.290071 10800
    436 13 7 30.299983 13 7 30.299983 10800
    437 13 7 30.309926 13 7 30.309926 10800
    438 13 7 30.319863 13 7 30.319863 10800
    439 13 7 30.329944 13 7 30.329944 10800
    440 13 7 30.339952 13 7 30.339952 10800
    441 13 7 30.350273 13 7 30.350273 10800
    442 13 7 30.360009 13 7 30.360009 10800
    443 13 7 30.369939 13 7 30.369939 10800
    444 13 7 30.379870 13 7 30.379870 10800
    445 13 7 30.389936 13 7 30.389936 10800
    446 13 7 30.399889 13 7 30.399889 10800
    447 13 7 30.409877 13 7 30.409877 10800
    448 13 7 30.419881 13 7 30.419881 10800
    449 13 7 30.429860 13 7 30.429860 10800
    450 13 7 30.439858 13 7 30.439858 10800
    451 13 7 30.449885 13 7 30.449885 10800
    452 13 7 30.459967 13 7 30.459967 10800
    453 13 7 30.469894 13 7 30.469894 10800
    454 13 7 30.479931 13 7 30.479931 10800
    455 13 7 30.489944 13 7 30.489944 10800
    456 13 7 30.500061 13 7 30.500061 10800
    457 13 7 30.509876 13 7 30.509876 10800
    458 13 7 30.520337 13 7 30.520337 10800
    459 13 7 30.530003 13 7 30.530003 10800
    460 13 7 30.539866 13 7 30.539866 10800
    461 13 7 30.550070 13 7 30.550070 10800
    462 13 7 30.560014 13 7 30.560014 10800
    463 13 7 30.569887 13 7 30.569887 10800
    464 13 7 30.579951 13 7 30.579951 10800
    465 13 7 30.589883 13 7 30.589883 10800
    466 13 7 30.599949 13 7 30.599949 10800
    467 13 7 30.609974 13 7 30.609974 10800
    468 13 7 30.619866 13 7 30.619866 10800
    469 13 7 30.629871 13 7 30.629871 10800
    470 13 7 30.639862 13 7 30.639862 10800
    471 13 7 30.649988 13 7 30.649988 10800
    472 13 7 30.660268 13 7 30.660268 10800
    473 13 7 30.669944 13 7 30.669944 10800
    474 13 7 30.679984 13 7 30.679984 10800
    475 13 7 30.689940 13 7 30.689940 10800
    476 13 7 30.699947 13 7 30.699947 10800
    477 13 7 30.709876 13 7 30.709876 10800
    478 13 7 30.719926 13 7 30.719926 10800
    479 13 7 30.730039 13 7 30.730039 10800
    480 13 7 30.740068 13 7 30.740068 10800
    481 13 7 30.750088 13 7 30.750088 10800
    482 13 7 30.759906 13 7 30.759906 10800
    483 13 7 30.769998 13 7 30.769998 10800
    484 13 7 30.779948 13 7 30.779948 10800
    485 13 7 30.789949 13 7 30.789949 10800
    486 13 7 30.799959 13 7 30.799959 10800
    487 13 7 30.809999 13 7 30.809999 10800
    488 13 7 30.819859 13 7 30.819859 10800
    489 13 7 30.829868 13 7 30.829868 10800
    490 13 7 30.839878 13 7 30.839878 10800
    491 13 7 30.849983 13 7 30.849983 10800
    492 13 7 30.859898 13 7 30.859898 10800
    493 13 7 30.869932 13 7 30.869932 10800
    494 13 7 30.879916 13 7 30.879916 10800
    495 13 7 30.889865 13 7 30.889865 10800
    496 13 7 30.899891 13 7 30.899891 10800
    497 13 7 30.909919 13 7 30.909919 10800
    498 13 7 30.919837 13 7 30.919837 10800
    499 13 7 30.929867 13 7 30.929867 10800
    500 13 7 30.939858 13 7 30.939858 10800
    501 13 7 30.950140 13 7 30.950140 10800
    502 13 7 30.959894 13 7 30.959894 10800
    503 13 7 30.970092 13 7 30.970092 10800
    504 13 7 30.979927 13 7 30.979927 10800
    505 13 7 30.989999 13 7 30.989999 10800
    506 13 7 30.999914 13 7 30.999914 10800
    507 13 7 31.010151 13 7 31.010151 10800
    508 13 7 31.019929 13 7 31.019929 10800
    509 13 7 31.029879 13 7 31.029879 10800
    510 13 7 31.039919 13 7 31.039919 10800
    511 13 7 31.049938 13 7 31.049938 10800
    512 13 7 31.060763 13 7 31.060763 10800
    513 13 7 31.070201 13 7 31.070201 10800
    514 13 7 31.079844 13 7 31.079844 10800
    515 13 7 31.089991 13 7 31.089991 10800
    516 13 7 31.100055 13 7 31.100055 10800
    517 13 7 31.109877 13 7 31.109877 10800
    518 13 7 31.119827 13 7 31.119827 10800
    519 13 7 31.129872 13 7 31.129872 10800
    520 13 7 31.139976 13 7 31.139976 10800
    521 13 7 31.150107 13 7 31.150107 10800
    522 13 7 31.159939 13 7 31.159939 10800
    523 13 7 31.169885 13 7 31.169885 10800
    524 13 7 31.179953 13 7 31.179953 10800
    525 13 7 31.189894 13 7 31.189894 10800
    526 13 7 31.199970 13 7 31.199970 10800
    527 13 7 31.209997 13 7 31.209997 10800
    528 13 7 31.219944 13 7 31.219944 10800
    529 13 7 31.230010 13 7 31.230010 10800
    530 13 7 31.239907 13 7 31.239907 10800
    531 13 7 31.249857 13 7 31.249857 10800
    532 13 7 31.259807 13 7 31.259807 10800
    533 13 7 31.269957 13 7 31.269957 10800
    534 13 7 31.279914 13 7 31.279914 10800
    535 13 7 31.289982 13 7 31.289982 10800
    536 13 7 31.299886 13 7 31.299886 10800
    537 13 7 31.309875 13 7 31.309875 10800
    538 13 7 31.319886 13 7 31.319886 10800
    539 13 7 31.329868 13 7 31.329868 10800
    540 13 7 31.340928 13 7 31.340928 10800
    541 13 7 31.350069 13 7 31.350069 10800
    542 13 7 31.359856 13 7 31.359856 10800
    543 13 7 31.369977 13 7 31.369977 10800
    544 13 7 31.379902 13 7 31.379902 10800
    545 13 7 31.389987 13 7 31.389987 10800
    546 13 7 31.399927 13 7 31.399927 10800
    547 13 7 31.410038 13 7 31.410038 10800
    548 13 7 31.420390 13 7 31.420390 10800
    549 13 7 31.429840 13 7 31.429840 10800
    550 13 7 31.439864 13 7 31.439864 10800
    551 13 7 31.449937 13 7 31.449937 10800
    552 13 7 31.459996 13 7 31.459996 10800
    553 13 7 31.469989 13 7 31.469989 10800
    554 13 7 31.479938 13 7 31.479938 10800
    555 13 7 31.489886 13 7 31.489886 10800
    556 13 7 31.499976 13 7 31.499976 10800
    557 13 7 31.509865 13 7 31.509865 10800
    558 13 7 31.519867 13 7 31.519867 10800
    559 13 7 31.529862 13 7 31.529862 10800
    560 13 7 31.540174 13 7 31.540174 10800
    561 13 7 31.550560 13 7 31.550560 10800
    562 13 7 31.560075 13 7 31.560075 10800
    563 13 7 31.569994 13 7 31.569994 10800
    564 13 7 31.579881 13 7 31.579881 10800
    565 13 7 31.590052 13 7 31.590052 10800
    566 13 7 31.599937 13 7 31.599937 10800
    567 13 7 31.610098 13 7 31.610098 10800
    568 13 7 31.619935 13 7 31.619935 10800
    569 13 7 31.630103 13 7 31.630103 10800
    570 13 7 31.639949 13 7 31.639949 10800
    571 13 7 31.649989 13 7 31.649989 10800
    572 13 7 31.660448 13 7 31.660448 10800
    573 13 7 31.669848 13 7 31.669848 10800
    574 13 7 31.679936 13 7 31.679936 10800
    575 13 7 31.689948 13 7 31.689948 10800
    576 13 7 31.699946 13 7 31.699946 10800
    577 13 7 31.709966 13 7 31.709966 10800
    578 13 7 31.720044 13 7 31.720044 10800
    579 13 7 31.729863 13 7 31.729863 10800
    580 13 7 31.740192 13 7 31.740192 10800
    581 13 7 31.749912 13 7 31.749912 10800
    582 13 7 31.759935 13 7 31.759935 10800
    583 13 7 31.770050 13 7 31.770050 10800
    584 13 7 31.779935 13 7 31.779935 10800
    585 13 7 31.789977 13 7 31.789977 10800
    586 13 7 31.799936 13 7 31.799936 10800
    587 13 7 31.809985 13 7 31.809985 10800
    588 13 7 31.819922 13 7 31.819922 10800
    589 13 7 31.829861 13 7 31.829861 10800
    590 13 7 31.839859 13 7 31.839859 10800
    591 13 7 31.849917 13 7 31.849917 10800
    592 13 7 31.860314 13 7 31.860314 10800
    593 13 7 31.869823 13 7 31.869823 10800
    594 13 7 31.879954 13 7 31.879954 10800
    595 13 7 31.890366 13 7 31.890366 10800
    596 13 7 31.899868 13 7 31.899868 10800
    597 13 7 31.909857 13 7 31.909857 10800
    598 13 7 31.919895 13 7 31.919895 10800
    599 13 7 31.929898 13 7 31.929898 10800
    600 13 7 31.939851 13 7 31.939851 10800
    601 13 7 31.949922 13 7 31.949922 10800
    602 13 7 31.959918 13 7 31.959918 10800
    603 13 7 31.969954 13 7 31.969954 10800
    604 13 7 31.979919 13 7 31.979919 10800
    605 13 7 31.989978 13 7 31.989978 10800
    606 13 7 31.999915 13 7 31.999915 10800
    607 13 7 32.009993 13 7 32.009993 10800
    608 13 7 32.019925 13 7 32.019925 10800
    609 13 7 32.029874 13 7 32.029874 10800
    610 13 7 32.039855 13 7 32.039855 10800
    611 13 7 32.049925 13 7 32.049925 10800
    612 13 7 32.059922 13 7 32.059922 10800
    613 13 7 32.069935 13 7 32.069935 10800
    614 13 7 32.079926 13 7 32.079926 10800
    615 13 7 32.089916 13 7 32.089916 10800
    616 13 7 32.099834 13 7 32.099834 10800
    617 13 7 32.109844 13 7 32.109844 10800
    618 13 7 32.119855 13 7 32.119855 10800
    619 13 7 32.129865 13 7 32.129865 10800
    620 13 7 32.139850 13 7 32.139850 10800
    621 13 7 32.149920 13 7 32.149920 10800
    622 13 7 32.161211 13 7 32.161211 10800
    623 13 7 32.169952 13 7 32.169952 10800
    624 13 7 32.180605 13 7 32.180605 10800
    625 13 7 32.189909 13 7 32.189909 10800
    626 13 7 32.200057 13 7 32.200057 10800
    627 13 7 32.209968 13 7 32.209968 10800
    628 13 7 32.219948 13 7 32.219948 10800
    629 13 7 32.229930 13 7 32.229930 10800
    630 13 7 32.240924 13 7 32.240924 10800
    631 13 7 32.249938 13 7 32.249938 10800
    632 13 7 32.259886 13 7 32.259886 10800
    633 13 7 32.269888 13 7 32.269888 10800
    634 13 7 32.279916 13 7 32.279916 10800
    635 13 7 32.289928 13 7 32.289928 10800
    636 13 7 32.299875 13 7 32.299875 10800
    637 13 7 32.309862 13 7 32.309862 10800
    638 13 7 32.319844 13 7 32.319844 10800
    639 13 7 32.329858 13 7 32.329858 10800
    640 13 7 32.340837 13 7 32.340837 10800
    641 13 7 32.349935 13 7 32.349935 10800
    642 13 7 32.359923 13 7 32.359923 10800
    643 13 7 32.370632 13 7 32.370632 10800
    644 13 7 32.379958 13 7 32.379958 10800
    645 13 7 32.389935 13 7 32.389935 10800
    646 13 7 32.399920 13 7 32.399920 10800
    647 13 7 32.409931 13 7 32.409931 10800
    648 13 7 32.420031 13 7 32.420031 10800
    649 13 7 32.429859 13 7 32.429859 10800
    650 13 7 32.439849 13 7 32.439849 10800
    651 13 7 32.449899 13 7 32.449899 10800
    652 13 7 32.459933 13 7 32.459933 10800
    653 13 7 32.469932 13 7 32.469932 10800
    654 13 7 32.479919 13 7 32.479919 10800
    655 13 7 32.490743 13 7 32.490743 10800
    656 13 7 32.499921 13 7 32.499921 10800
    657 13 7 32.509872 13 7 32.509872 10800
    658 13 7 32.519852 13 7 32.519852 10800
    659 13 7 32.529859 13 7 32.529859 10800
    660 13 7 32.539850 13 7 32.539850 10800
    661 13 7 32.549860 13 7 32.549860 10800
    662 13 7 32.561568 13 7 32.561568 10800
    663 13 7 32.569960 13 7 32.569960 10800
    664 13 7 32.579838 13 7 32.579838 10800
    665 13 7 32.589916 13 7 32.589916 10800
    666 13 7 32.599918 13 7 32.599918 10800
    667 13 7 32.609910 13 7 32.609910 10800
    668 13 7 32.620021 13 7 32.620021 10800
    669 13 7 32.630721 13 7 32.630721 10800
    670 13 7 32.639853 13 7 32.639853 10800
    671 13 7 32.649892 13 7 32.649892 10800
    672 13 7 32.659900 13 7 32.659900 10800
    673 13 7 32.669964 13 7 32.669964 10800
    674 13 7 32.679861 13 7 32.679861 10800
    675 13 7 32.689888 13 7 32.689888 10800
    676 13 7 32.699925 13 7 32.699925 10800
    677 13 7 32.709884 13 7 32.709884 10800
    678 13 7 32.719875 13 7 32.719875 10800
    679 13 7 32.729875 13 7 32.729875 10800
    680 13 7 32.739851 13 7 32.739851 10800
    681 13 7 32.749932 13 7 32.749932 10800
    682 13 7 32.759915 13 7 32.759915 10800
    683 13 7 32.769925 13 7 32.769925 10800
    684 13 7 32.779940 13 7 32.779940 10800
    685 13 7 32.789929 13 7 32.789929 10800
    686 13 7 32.799903 13 7 32.799903 10800
    687 13 7 32.809924 13 7 32.809924 10800
    688 13 7 32.819913 13 7 32.819913 10800
    689 13 7 32.829953 13 7 32.829953 10800
    690 13 7 32.839852 13 7 32.839852 10800
    691 13 7 32.849860 13 7 32.849860 10800
    692 13 7 32.859906 13 7 32.859906 10800
    693 13 7 32.869945 13 7 32.869945 10800
    694 13 7 32.879854 13 7 32.879854 10800
    695 13 7 32.889935 13 7 32.889935 10800
    696 13 7 32.899878 13 7 32.899878 10800
    697 13 7 32.909851 13 7 32.909851 10800
    698 13 7 32.919929 13 7 32.919929 10800
    699 13 7 32.929859 13 7 32.929859 10800
    700 13 7 32.939861 13 7 32.939861 10800
    701 13 7 32.949882 13 7 32.949882 10800
    702 13 7 32.959921 13 7 32.959921 10800
    703 13 7 32.969920 13 7 32.969920 10800
    704 13 7 32.979911 13 7 32.979911 10800
    705 13 7 32.989930 13 7 32.989930 10800
    706 13 7 32.999887 13 7 32.999887 10800
    707 13 7 33.009923 13 7 33.009923 10800
    708 13 7 33.019934 13 7 33.019934 10800
    709 13 7 33.029935 13 7 33.029935 10800
    710 13 7 33.040092 13 7 33.040092 10800
    711 13 7 33.049866 13 7 33.049866 10800
    712 13 7 33.059918 13 7 33.059918 10800
    713 13 7 33.069923 13 7 33.069923 10800
    714 13 7 33.079909 13 7 33.079909 10800
    715 13 7 33.089916 13 7 33.089916 10800
    716 13 7 33.099851 13 7 33.099851 10800
    717 13 7 33.109810 13 7 33.109810 10800
    718 13 7 33.119855 13 7 33.119855 10800
    719 13 7 33.129859 13 7 33.129859 10800
    720 13 7 33.139924 13 7 33.139924 10800
    721 13 7 33.149982 13 7 33.149982 10800
    722 13 7 33.159877 13 7 33.159877 10800
    723 13 7 33.169960 13 7 33.169960 10800
    724 13 7 33.179935 13 7 33.179935 10800
    725 13 7 33.189929 13 7 33.189929 10800
    726 13 7 33.199911 13 7 33.199911 10800
    727 13 7 33.209930 13 7 33.209930 10800
    728 13 7 33.219943 13 7 33.219943 10800
    729 13 7 33.229970 13 7 33.229970 10800
    730 13 7 33.240045 13 7 33.240045 10800
    731 13 7 33.249862 13 7 33.249862 10800
    732 13 7 33.259852 13 7 33.259852 10800
    733 13 7 33.269857 13 7 33.269857 10800
    734 13 7 33.279909 13 7 33.279909 10800
    735 13 7 33.289928 13 7 33.289928 10800
    736 13 7 33.299933 13 7 33.299933 10800
    737 13 7 33.309860 13 7 33.309860 10800
    738 13 7 33.319850 13 7 33.319850 10800
    739 13 7 33.329858 13 7 33.329858 10800
    740 13 7 33.339852 13 7 33.339852 10800
    741 13 7 33.349865 13 7 33.349865 10800
    742 13 7 33.359878 13 7 33.359878 10800
    743 13 7 33.369894 13 7 33.369894 10800
    744 13 7 33.379908 13 7 33.379908 10800
    745 13 7 33.390282 13 7 33.390282 10800
    746 13 7 33.399917 13 7 33.399917 10800
    747 13 7 33.409958 13 7 33.409958 10800
    748 13 7 33.419924 13 7 33.419924 10800
    749 13 7 33.429937 13 7 33.429937 10800
    750 13 7 33.440052 13 7 33.440052 10800
    751 13 7 33.449862 13 7 33.449862 10800
    752 13 7 33.459907 13 7 33.459907 10800
    753 13 7 33.469974 13 7 33.469974 10800
    754 13 7 33.480026 13 7 33.480026 10800
    755 13 7 33.489941 13 7 33.489941 10800
    756 13 7 33.499878 13 7 33.499878 10800
    757 13 7 33.509861 13 7 33.509861 10800
    758 13 7 33.519855 13 7 33.519855 10800
    759 13 7 33.529860 13 7 33.529860 10800
    760 13 7 33.539867 13 7 33.539867 10800
    761 13 7 33.549860 13 7 33.549860 10800
    762 13 7 33.562860 13 7 33.562860 10800
    763 13 7 33.569929 13 7 33.569929 10800
    764 13 7 33.579906 13 7 33.579906 10800
    765 13 7 33.589933 13 7 33.589933 10800
    766 13 7 33.599908 13 7 33.599908 10800
    767 13 7 33.609910 13 7 33.609910 10800
    768 13 7 33.619920 13 7 33.619920 10800
    769 13 7 33.629852 13 7 33.629852 10800
    770 13 7 33.639839 13 7 33.639839 10800
    771 13 7 33.649849 13 7 33.649849 10800
    772 13 7 33.659902 13 7 33.659902 10800
    773 13 7 33.669922 13 7 33.669922 10800
    774 13 7 33.679910 13 7 33.679910 10800
    775 13 7 33.689923 13 7 33.689923 10800
    776 13 7 33.699855 13 7 33.699855 10800
    777 13 7 33.709853 13 7 33.709853 10800
    778 13 7 33.719864 13 7 33.719864 10800
    779 13 7 33.729860 13 7 33.729860 10800
    780 13 7 33.739859 13 7 33.739859 10800
    781 13 7 33.749991 13 7 33.749991 10800
    782 13 7 33.759900 13 7 33.759900 10800
    783 13 7 33.770009 13 7 33.770009 10800
    784 13 7 33.779865 13 7 33.779865 10800
    785 13 7 33.789931 13 7 33.789931 10800
    786 13 7 33.799916 13 7 33.799916 10800
    787 13 7 33.809928 13 7 33.809928 10800
    788 13 7 33.819853 13 7 33.819853 10800
    789 13 7 33.830027 13 7 33.830027 10800
    790 13 7 33.839852 13 7 33.839852 10800
    791 13 7 33.849853 13 7 33.849853 10800
    792 13 7 33.859900 13 7 33.859900 10800
    793 13 7 33.869925 13 7 33.869925 10800
    794 13 7 33.879919 13 7 33.879919 10800
    795 13 7 33.889929 13 7 33.889929 10800
    796 13 7 33.899797 13 7 33.899797 10800
    797 13 7 33.909863 13 7 33.909863 10800
    798 13 7 33.919863 13 7 33.919863 10800
    799 13 7 33.929859 13 7 33.929859 10800
    800 13 7 33.939853 13 7 33.939853 10800
    801 13 7 33.949897 13 7 33.949897 10800
    802 13 7 33.959879 13 7 33.959879 10800
    803 13 7 33.969925 13 7 33.969925 10800
    804 13 7 33.979911 13 7 33.979911 10800
    805 13 7 33.989969 13 7 33.989969 10800
    806 13 7 33.999952 13 7 33.999952 10800
    807 13 7 34.009934 13 7 34.009934 10800
    808 13 7 34.019913 13 7 34.019913 10800
    809 13 7 34.029924 13 7 34.029924 10800
    810 13 7 34.040120 13 7 34.040120 10800
    811 13 7 34.049883 13 7 34.049883 10800
    812 13 7 34.060392 13 7 34.060392 10800
    813 13 7 34.069929 13 7 34.069929 10800
    814 13 7 34.080542 13 7 34.080542 10800
    815 13 7 34.089962 13 7 34.089962 10800
    816 13 7 34.099879 13 7 34.099879 10800
    817 13 7 34.110218 13 7 34.110218 10800
    818 13 7 34.119855 13 7 34.119855 10800
    819 13 7 34.129846 13 7 34.129846 10800
    820 13 7 34.139851 13 7 34.139851 10800
    821 13 7 34.149859 13 7 34.149859 10800
    822 13 7 34.160012 13 7 34.160012 10800
    823 13 7 34.170028 13 7 34.170028 10800
    824 13 7 34.179879 13 7 34.179879 10800
    825 13 7 34.189925 13 7 34.189925 10800
    826 13 7 34.199930 13 7 34.199930 10800
    827 13 7 34.209994 13 7 34.209994 10800
    828 13 7 34.219920 13 7 34.219920 10800
    829 13 7 34.229923 13 7 34.229923 10800
    830 13 7 34.239854 13 7 34.239854 10800
    831 13 7 34.249867 13 7 34.249867 10800
    832 13 7 34.259905 13 7 34.259905 10800
    833 13 7 34.269930 13 7 34.269930 10800
    834 13 7 34.279876 13 7 34.279876 10800
    835 13 7 34.289923 13 7 34.289923 10800
    836 13 7 34.299852 13 7 34.299852 10800
    837 13 7 34.309860 13 7 34.309860 10800
    838 13 7 34.319850 13 7 34.319850 10800
    839 13 7 34.329863 13 7 34.329863 10800
    840 13 7 34.339851 13 7 34.339851 10800
    841 13 7 34.349859 13 7 34.349859 10800
    842 13 7 34.359828 13 7 34.359828 10800
    843 13 7 34.369971 13 7 34.369971 10800
    844 13 7 34.379931 13 7 34.379931 10800
    845 13 7 34.389898 13 7 34.389898 10800
    846 13 7 34.399852 13 7 34.399852 10800
    847 13 7 34.409919 13 7 34.409919 10800
    848 13 7 34.419918 13 7 34.419918 10800
    849 13 7 34.429861 13 7 34.429861 10800
    850 13 7 34.439850 13 7 34.439850 10800
    851 13 7 34.449804 13 7 34.449804 10800
    852 13 7 34.459912 13 7 34.459912 10800
    853 13 7 34.469914 13 7 34.469914 10800
    854 13 7 34.479855 13 7 34.479855 10800
    855 13 7 34.489935 13 7 34.489935 10800
    856 13 7 34.499830 13 7 34.499830 10800
    857 13 7 34.509861 13 7 34.509861 10800
    858 13 7 34.519854 13 7 34.519854 10800
    859 13 7 34.529862 13 7 34.529862 10800
    860 13 7 34.539855 13 7 34.539855 10800
    861 13 7 34.549852 13 7 34.549852 10800
    862 13 7 34.560268 13 7 34.560268 10800
    863 13 7 34.570852 13 7 34.570852 10800
    864 13 7 34.580011 13 7 34.580011 10800
    865 13 7 34.589939 13 7 34.589939 10800
    866 13 7 34.599915 13 7 34.599915 10800
    867 13 7 34.609926 13 7 34.609926 10800
    868 13 7 34.619849 13 7 34.619849 10800
    869 13 7 34.629882 13 7 34.629882 10800
    870 13 7 34.639861 13 7 34.639861 10800
    871 13 7 34.649858 13 7 34.649858 10800
    872 13 7 34.660088 13 7 34.660088 10800
    873 13 7 34.669925 13 7 34.669925 10800
    874 13 7 34.679904 13 7 34.679904 10800
    875 13 7 34.689923 13 7 34.689923 10800
    876 13 7 34.699945 13 7 34.699945 10800
    877 13 7 34.709923 13 7 34.709923 10800
    878 13 7 34.719858 13 7 34.719858 10800
    879 13 7 34.729860 13 7 34.729860 10800
    880 13 7 34.739863 13 7 34.739863 10800
    881 13 7 34.749859 13 7 34.749859 10800
    882 13 7 34.760002 13 7 34.760002 10800
    883 13 7 34.769849 13 7 34.769849 10800
    884 13 7 34.779935 13 7 34.779935 10800
    885 13 7 34.789864 13 7 34.789864 10800
    886 13 7 34.799917 13 7 34.799917 10800
    887 13 7 34.809896 13 7 34.809896 10800
    888 13 7 34.819979 13 7 34.819979 10800
    889 13 7 34.829881 13 7 34.829881 10800
    890 13 7 34.839902 13 7 34.839902 10800
    891 13 7 34.849862 13 7 34.849862 10800
    892 13 7 34.860787 13 7 34.860787 10800
    893 13 7 34.869936 13 7 34.869936 10800
    894 13 7 34.879908 13 7 34.879908 10800
    895 13 7 34.889924 13 7 34.889924 10800
    896 13 7 34.899914 13 7 34.899914 10800
    897 13 7 34.909861 13 7 34.909861 10800
    898 13 7 34.919853 13 7 34.919853 10800
    899 13 7 34.929859 13 7 34.929859 10800
    900 13 7 34.939855 13 7 34.939855 10800
    901 13 7 34.949809 13 7 34.949809 10800
    902 13 7 34.959831 13 7 34.959831 10800
    903 13 7 34.969929 13 7 34.969929 10800
    904 13 7 34.980609 13 7 34.980609 10800
    905 13 7 34.990059 13 7 34.990059 10800
    906 13 7 34.999969 13 7 34.999969 10800
    907 13 7 35.009884 13 7 35.009884 10800
    908 13 7 35.019924 13 7 35.019924 10800
    909 13 7 35.029862 13 7 35.029862 10800
    910 13 7 35.039928 13 7 35.039928 10800
    911 13 7 35.049861 13 7 35.049861 10800
    912 13 7 35.059913 13 7 35.059913 10800
    913 13 7 35.069854 13 7 35.069854 10800
    914 13 7 35.079909 13 7 35.079909 10800
    915 13 7 35.089917 13 7 35.089917 10800
    916 13 7 35.099853 13 7 35.099853 10800
    917 13 7 35.109898 13 7 35.109898 10800
    918 13 7 35.119852 13 7 35.119852 10800
    919 13 7 35.129945 13 7 35.129945 10800
    920 13 7 35.139853 13 7 35.139853 10800
    921 13 7 35.149852 13 7 35.149852 10800
    922 13 7 35.160223 13 7 35.160223 10800
    923 13 7 35.170549 13 7 35.170549 10800
    924 13 7 35.179907 13 7 35.179907 10800
    925 13 7 35.189914 13 7 35.189914 10800
    926 13 7 35.199944 13 7 35.199944 10800
    927 13 7 35.209926 13 7 35.209926 10800
    928 13 7 35.219915 13 7 35.219915 10800
    929 13 7 35.229902 13 7 35.229902 10800
    930 13 7 35.239857 13 7 35.239857 10800
    931 13 7 35.249864 13 7 35.249864 10800
    932 13 7 35.259929 13 7 35.259929 10800
    933 13 7 35.269928 13 7 35.269928 10800
    934 13 7 35.279943 13 7 35.279943 10800
    935 13 7 35.289940 13 7 35.289940 10800
    936 13 7 35.299855 13 7 35.299855 10800
    937 13 7 35.309877 13 7 35.309877 10800
    938 13 7 35.319994 13 7 35.319994 10800
    939 13 7 35.329861 13 7 35.329861 10800
    940 13 7 35.339852 13 7 35.339852 10800
    941 13 7 35.349873 13 7 35.349873 10800
    942 13 7 35.359861 13 7 35.359861 10800
    943 13 7 35.369920 13 7 35.369920 10800
    944 13 7 35.379978 13 7 35.379978 10800
    945 13 7 35.389923 13 7 35.389923 10800
    946 13 7 35.399912 13 7 35.399912 10800
    947 13 7 35.409914 13 7 35.409914 10800
    948 13 7 35.419913 13 7 35.419913 10800
    949 13 7 35.429988 13 7 35.429988 10800
    950 13 7 35.439923 13 7 35.439923 10800
    951 13 7 35.449869 13 7 35.449869 10800
    952 13 7 35.459859 13 7 35.459859 10800
    953 13 7 35.469960 13 7 35.469960 10800
    954 13 7 35.479875 13 7 35.479875 10800
    955 13 7 35.489888 13 7 35.489888 10800
    956 13 7 35.499803 13 7 35.499803 10800
    957 13 7 35.509863 13 7 35.509863 10800
    958 13 7 35.519854 13 7 35.519854 10800
    959 13 7 35.529857 13 7 35.529857 10800
    960 13 7 35.539853 13 7 35.539853 10800
    961 13 7 35.549858 13 7 35.549858 10800
    962 13 7 35.559905 13 7 35.559905 10800
    963 13 7 35.569885 13 7 35.569885 10800
    964 13 7 35.579954 13 7 35.579954 10800
    965 13 7 35.589886 13 7 35.589886 10800
    966 13 7 35.599912 13 7 35.599912 10800
    967 13 7 35.609870 13 7 35.609870 10800
    968 13 7 35.619928 13 7 35.619928 10800
    969 13 7 35.630276 13 7 35.630276 10800
    970 13 7 35.639867 13 7 35.639867 10800
    971 13 7 35.649858 13 7 35.649858 10800
    972 13 7 35.659959 13 7 35.659959 10800
    973 13 7 35.670192 13 7 35.670192 10800
    974 13 7 35.679938 13 7 35.679938 10800
    975 13 7 35.690004 13 7 35.690004 10800
    976 13 7 35.699930 13 7 35.699930 10800
    977 13 7 35.709860 13 7 35.709860 10800
    978 13 7 35.719850 13 7 35.719850 10800
    979 13 7 35.729872 13 7 35.729872 10800
    980 13 7 35.739854 13 7 35.739854 10800
    981 13 7 35.749858 13 7 35.749858 10800
    982 13 7 35.759985 13 7 35.759985 10800
    983 13 7 35.769869 13 7 35.769869 10800
    984 13 7 35.779960 13 7 35.779960 10800
    985 13 7 35.789886 13 7 35.789886 10800
    986 13 7 35.799860 13 7 35.799860 10800
    987 13 7 35.809924 13 7 35.809924 10800
    988 13 7 35.819909 13 7 35.819909 10800
    989 13 7 35.829928 13 7 35.829928 10800
    990 13 7 35.840240 13 7 35.840240 10800
    991 13 7 35.849854 13 7 35.849854 10800
    992 13 7 35.859864 13 7 35.859864 10800
    993 13 7 35.870638 13 7 35.870638 10800
    994 13 7 35.879928 13 7 35.879928 10800
    995 13 7 35.889921 13 7 35.889921 10800
    996 13 7 35.899952 13 7 35.899952 10800
    997 13 7 35.909860 13 7 35.909860 10800
    998 13 7 35.919853 13 7 35.919853 10800
    999 13 7 35.929858 13 7 35.929858 10800
   1000 13 7 35.939852 13 7 35.939852 10800
