      1 13 4 11.764056 13 4 11.764056 9200
      2 13 4 11.774203 13 4 11.774203 9200
      3 13 4 11.784235 13 4 11.784235 9200
      4 13 4 11.794147 13 4 11.794147 9200
      5 13 4 11.804145 13 4 11.804145 9200
      6 13 4 11.814529 13 4 11.814529 9200
      7 13 4 11.824237 13 4 11.824237 9200
      8 13 4 11.834225 13 4 11.834225 9200
      9 13 4 11.844222 13 4 11.844222 9200
     10 13 4 11.854238 13 4 11.854238 9200
     11 13 4 11.864153 13 4 11.864153 9200
     12 13 4 11.874143 13 4 11.874143 9200
     13 13 4 11.884156 13 4 11.884156 9200
     14 13 4 11.895058 13 4 11.895058 9200
     15 13 4 11.904192 13 4 11.904192 9200
     16 13 4 11.914284 13 4 11.914284 9200
     17 13 4 11.924155 13 4 11.924155 9200
     18 13 4 11.934236 13 4 11.934236 9200
     19 13 4 11.944231 13 4 11.944231 9200
     20 13 4 11.954228 13 4 11.954228 9200
     21 13 4 11.964157 13 4 11.964157 9200
     22 13 4 11.974161 13 4 11.974161 9200
     23 13 4 11.984230 13 4 11.984230 9200
     24 13 4 11.994163 13 4 11.994163 9200
     25 13 4 12.004141 13 4 12.004141 9200
     26 13 4 12.014110 13 4 12.014110 9200
     27 13 4 12.024228 13 4 12.024228 9200
     28 13 4 12.034302 13 4 12.034302 9200
     29 13 4 12.044244 13 4 12.044244 9200
     30 13 4 12.054159 13 4 12.054159 9200
     31 13 4 12.064159 13 4 12.064159 9200
     32 13 4 12.074158 13 4 12.074158 9200
     33 13 4 12.084158 13 4 12.084158 9200
     34 13 4 12.094158 13 4 12.094158 9200
     35 13 4 12.104438 13 4 12.104438 9200
     36 13 4 12.114243 13 4 12.114243 9200
     37 13 4 12.124221 13 4 12.124221 9200
     38 13 4 12.134185 13 4 12.134185 9200
     39 13 4 12.144251 13 4 12.144251 9200
     40 13 4 12.154258 13 4 12.154258 9200
     41 13 4 12.164230 13 4 12.164230 9200
     42 13 4 12.174215 13 4 12.174215 9200
     43 13 4 12.184165 13 4 12.184165 9200
     44 13 4 12.194516 13 4 12.194516 9200
     45 13 4 12.204164 13 4 12.204164 9200
     46 13 4 12.214268 13 4 12.214268 9200
     47 13 4 12.224223 13 4 12.224223 9200
     48 13 4 12.234225 13 4 12.234225 9200
     49 13 4 12.244225 13 4 12.244225 9200
     50 13 4 12.254170 13 4 12.254170 9200
     51 13 4 12.264160 13 4 12.264160 9200
     52 13 4 12.274157 13 4 12.274157 9200
     53 13 4 12.284154 13 4 12.284154 9200
     54 13 4 12.294162 13 4 12.294162 9200
     55 13 4 12.304615 13 4 12.304615 9200
     56 13 4 12.314159 13 4 12.314159 9200
     57 13 4 12.324227 13 4 12.324227 9200
     58 13 4 12.334179 13 4 12.334179 9200
     59 13 4 12.344219 13 4 12.344219 9200
     60 13 4 12.354189 13 4 12.354189 9200
     61 13 4 12.364224 13 4 12.364224 9200
     62 13 4 12.374228 13 4 12.374228 9200
     63 13 4 12.384159 13 4 12.384159 9200
     64 13 4 12.394166 13 4 12.394166 9200
     65 13 4 12.404161 13 4 12.404161 9200
     66 13 4 12.414225 13 4 12.414225 9200
     67 13 4 12.424224 13 4 12.424224 9200
     68 13 4 12.434229 13 4 12.434229 9200
     69 13 4 12.444098 13 4 12.444098 9200
     70 13 4 12.454179 13 4 12.454179 9200
     71 13 4 12.464154 13 4 12.464154 9200
     72 13 4 12.475073 13 4 12.475073 9200
     73 13 4 12.485208 13 4 12.485208 9200
     74 13 4 12.494161 13 4 12.494161 9200
     75 13 4 12.504706 13 4 12.504706 9200
     76 13 4 12.514222 13 4 12.514222 9200
     77 13 4 12.524191 13 4 12.524191 9200
     78 13 4 12.534210 13 4 12.534210 9200
     79 13 4 12.544242 13 4 12.544242 9200
     80 13 4 12.554233 13 4 12.554233 9200
     81 13 4 12.564228 13 4 12.564228 9200
     82 13 4 12.574213 13 4 12.574213 9200
     83 13 4 12.584224 13 4 12.584224 9200
     84 13 4 12.594155 13 4 12.594155 9200
     85 13 4 12.604179 13 4 12.604179 9200
     86 13 4 12.614575 13 4 12.614575 9200
     87 13 4 12.624240 13 4 12.624240 9200
     88 13 4 12.634245 13 4 12.634245 9200
     89 13 4 12.644228 13 4 12.644228 9200
     90 13 4 12.654153 13 4 12.654153 9200
     91 13 4 12.664504 13 4 12.664504 9200
     92 13 4 12.674148 13 4 12.674148 9200
     93 13 4 12.684158 13 4 12.684158 9200
     94 13 4 12.694169 13 4 12.694169 9200
     95 13 4 12.704793 13 4 12.704793 9200
     96 13 4 12.714249 13 4 12.714249 9200
     97 13 4 12.724161 13 4 12.724161 9200
     98 13 4 12.734216 13 4 12.734216 9200
     99 13 4 12.744234 13 4 12.744234 9200
    100 13 4 12.754289 13 4 12.754289 9200
    101 13 4 12.764184 13 4 12.764184 9200
    102 13 4 12.774286 13 4 12.774286 9200
    103 13 4 12.784155 13 4 12.784155 9200
    104 13 4 12.794176 13 4 12.794176 9200
    105 13 4 12.804192 13 4 12.804192 9200
    106 13 4 12.814793 13 4 12.814793 9200
    107 13 4 12.824184 13 4 12.824184 9200
    108 13 4 12.834241 13 4 12.834241 9200
    109 13 4 12.844234 13 4 12.844234 9200
    110 13 4 12.854359 13 4 12.854359 9200
    111 13 4 12.864171 13 4 12.864171 9200
    112 13 4 12.874147 13 4 12.874147 9200
    113 13 4 12.884147 13 4 12.884147 9200
    114 13 4 12.894147 13 4 12.894147 9200
    115 13 4 12.904154 13 4 12.904154 9200
    116 13 4 12.914189 13 4 12.914189 9200
    117 13 4 12.924229 13 4 12.924229 9200
    118 13 4 12.934203 13 4 12.934203 9200
    119 13 4 12.944223 13 4 12.944223 9200
    120 13 4 12.954228 13 4 12.954228 9200
    121 13 4 12.964231 13 4 12.964231 9200
    122 13 4 12.974235 13 4 12.974235 9200
    123 13 4 12.984156 13 4 12.984156 9200
    124 13 4 12.994167 13 4 12.994167 9200
    125 13 4 13.004219 13 4 13.004219 9200
    126 13 4 13.014212 13 4 13.014212 9200
    127 13 4 13.024164 13 4 13.024164 9200
    128 13 4 13.034228 13 4 13.034228 9200
    129 13 4 13.044235 13 4 13.044235 9200
    130 13 4 13.054525 13 4 13.054525 9200
    131 13 4 13.064156 13 4 13.064156 9200
    132 13 4 13.074158 13 4 13.074158 9200
    133 13 4 13.084158 13 4 13.084158 9200
    134 13 4 13.094156 13 4 13.094156 9200
    135 13 4 13.104247 13 4 13.104247 9200
    136 13 4 13.114217 13 4 13.114217 9200
    137 13 4 13.124221 13 4 13.124221 9200
    138 13 4 13.134157 13 4 13.134157 9200
    139 13 4 13.144220 13 4 13.144220 9200
    140 13 4 13.154799 13 4 13.154799 9200
    141 13 4 13.164362 13 4 13.164362 9200
    142 13 4 13.174955 13 4 13.174955 9200
    143 13 4 13.184226 13 4 13.184226 9200
    144 13 4 13.194159 13 4 13.194159 9200
    145 13 4 13.204135 13 4 13.204135 9200
    146 13 4 13.214489 13 4 13.214489 9200
    147 13 4 13.224061 13 4 13.224061 9200
    148 13 4 13.234123 13 4 13.234123 9200
    149 13 4 13.244218 13 4 13.244218 9200
    150 13 4 13.254187 13 4 13.254187 9200
    151 13 4 13.264158 13 4 13.264158 9200
    152 13 4 13.274155 13 4 13.274155 9200
    153 13 4 13.284157 13 4 13.284157 9200
    154 13 4 13.294155 13 4 13.294155 9200
    155 13 4 13.304168 13 4 13.304168 9200
    156 13 4 13.314230 13 4 13.314230 9200
    157 13 4 13.324256 13 4 13.324256 9200
    158 13 4 13.334217 13 4 13.334217 9200
    159 13 4 13.344227 13 4 13.344227 9200
    160 13 4 13.354219 13 4 13.354219 9200
    161 13 4 13.364223 13 4 13.364223 9200
    162 13 4 13.374219 13 4 13.374219 9200
    163 13 4 13.384154 13 4 13.384154 9200
    164 13 4 13.394156 13 4 13.394156 9200
    165 13 4 13.404161 13 4 13.404161 9200
    166 13 4 13.414505 13 4 13.414505 9200
    167 13 4 13.424227 13 4 13.424227 9200
    168 13 4 13.434250 13 4 13.434250 9200
    169 13 4 13.444224 13 4 13.444224 9200
    170 13 4 13.454159 13 4 13.454159 9200
    171 13 4 13.464155 13 4 13.464155 9200
    172 13 4 13.474164 13 4 13.474164 9200
    173 13 4 13.484154 13 4 13.484154 9200
    174 13 4 13.494161 13 4 13.494161 9200
    175 13 4 13.504547 13 4 13.504547 9200
    176 13 4 13.514252 13 4 13.514252 9200
    177 13 4 13.524165 13 4 13.524165 9200
    178 13 4 13.534221 13 4 13.534221 9200
    179 13 4 13.544237 13 4 13.544237 9200
    180 13 4 13.554539 13 4 13.554539 9200
    181 13 4 13.564261 13 4 13.564261 9200
    182 13 4 13.574262 13 4 13.574262 9200
    183 13 4 13.584156 13 4 13.584156 9200
    184 13 4 13.594155 13 4 13.594155 9200
    185 13 4 13.604160 13 4 13.604160 9200
    186 13 4 13.614293 13 4 13.614293 9200
    187 13 4 13.624228 13 4 13.624228 9200
    188 13 4 13.634171 13 4 13.634171 9200
    189 13 4 13.644297 13 4 13.644297 9200
    190 13 4 13.654158 13 4 13.654158 9200
    191 13 4 13.664151 13 4 13.664151 9200
    192 13 4 13.674305 13 4 13.674305 9200
    193 13 4 13.684157 13 4 13.684157 9200
    194 13 4 13.694143 13 4 13.694143 9200
    195 13 4 13.704254 13 4 13.704254 9200
    196 13 4 13.714831 13 4 13.714831 9200
    197 13 4 13.724154 13 4 13.724154 9200
    198 13 4 13.734227 13 4 13.734227 9200
    199 13 4 13.744220 13 4 13.744220 9200
    200 13 4 13.754243 13 4 13.754243 9200
    201 13 4 13.764188 13 4 13.764188 9200
    202 13 4 13.774279 13 4 13.774279 9200
    203 13 4 13.784221 13 4 13.784221 9200
    204 13 4 13.794176 13 4 13.794176 9200
    205 13 4 13.804164 13 4 13.804164 9200
    206 13 4 13.814629 13 4 13.814629 9200
    207 13 4 13.824329 13 4 13.824329 9200
    208 13 4 13.834239 13 4 13.834239 9200
    209 13 4 13.844226 13 4 13.844226 9200
    210 13 4 13.854214 13 4 13.854214 9200
    211 13 4 13.864167 13 4 13.864167 9200
    212 13 4 13.874157 13 4 13.874157 9200
    213 13 4 13.884161 13 4 13.884161 9200
    214 13 4 13.894159 13 4 13.894159 9200
    215 13 4 13.904173 13 4 13.904173 9200
    216 13 4 13.914231 13 4 13.914231 9200
    217 13 4 13.924163 13 4 13.924163 9200
    218 13 4 13.934226 13 4 13.934226 9200
    219 13 4 13.944217 13 4 13.944217 9200
    220 13 4 13.954247 13 4 13.954247 9200
    221 13 4 13.964461 13 4 13.964461 9200
    222 13 4 13.974218 13 4 13.974218 9200
    223 13 4 13.984187 13 4 13.984187 9200
    224 13 4 13.994156 13 4 13.994156 9200
    225 13 4 14.004162 13 4 14.004162 9200
    226 13 4 14.014502 13 4 14.014502 9200
    227 13 4 14.024226 13 4 14.024226 9200
    228 13 4 14.034231 13 4 14.034231 9200
    229 13 4 14.044226 13 4 14.044226 9200
    230 13 4 14.054157 13 4 14.054157 9200
    231 13 4 14.064230 13 4 14.064230 9200
    232 13 4 14.074163 13 4 14.074163 9200
    233 13 4 14.084175 13 4 14.084175 9200
    234 13 4 14.094170 13 4 14.094170 9200
    235 13 4 14.104153 13 4 14.104153 9200
    236 13 4 14.114243 13 4 14.114243 9200
    237 13 4 14.124226 13 4 14.124226 9200
    238 13 4 14.134218 13 4 14.134218 9200
    239 13 4 14.144218 13 4 14.144218 9200
    240 13 4 14.154242 13 4 14.154242 9200
    241 13 4 14.164191 13 4 14.164191 9200
    242 13 4 14.174232 13 4 14.174232 9200
    243 13 4 14.184243 13 4 14.184243 9200
    244 13 4 14.194160 13 4 14.194160 9200
    245 13 4 14.204166 13 4 14.204166 9200
    246 13 4 14.214375 13 4 14.214375 9200
    247 13 4 14.224266 13 4 14.224266 9200
    248 13 4 14.234237 13 4 14.234237 9200
    249 13 4 14.244229 13 4 14.244229 9200
    250 13 4 14.254217 13 4 14.254217 9200
    251 13 4 14.264134 13 4 14.264134 9200
    252 13 4 14.274155 13 4 14.274155 9200
    253 13 4 14.284508 13 4 14.284508 9200
    254 13 4 14.294159 13 4 14.294159 9200
    255 13 4 14.304213 13 4 14.304213 9200
    256 13 4 14.314208 13 4 14.314208 9200
    257 13 4 14.324189 13 4 14.324189 9200
    258 13 4 14.334206 13 4 14.334206 9200
    259 13 4 14.344215 13 4 14.344215 9200
    260 13 4 14.354172 13 4 14.354172 9200
    261 13 4 14.364255 13 4 14.364255 9200
    262 13 4 14.374221 13 4 14.374221 9200
    263 13 4 14.384164 13 4 14.384164 9200
    264 13 4 14.394161 13 4 14.394161 9200
    265 13 4 14.404163 13 4 14.404163 9200
    266 13 4 14.414557 13 4 14.414557 9200
    267 13 4 14.424295 13 4 14.424295 9200
    268 13 4 14.434226 13 4 14.434226 9200
    269 13 4 14.444210 13 4 14.444210 9200
    270 13 4 14.454356 13 4 14.454356 9200
    271 13 4 14.464169 13 4 14.464169 9200
    272 13 4 14.474156 13 4 14.474156 9200
    273 13 4 14.484275 13 4 14.484275 9200
    274 13 4 14.494160 13 4 14.494160 9200
    275 13 4 14.504155 13 4 14.504155 9200
    276 13 4 14.514252 13 4 14.514252 9200
    277 13 4 14.524221 13 4 14.524221 9200
    278 13 4 14.534216 13 4 14.534216 9200
    279 13 4 14.544219 13 4 14.544219 9200
    280 13 4 14.554225 13 4 14.554225 9200
    281 13 4 14.564263 13 4 14.564263 9200
    282 13 4 14.574229 13 4 14.574229 9200
    283 13 4 14.584165 13 4 14.584165 9200
    284 13 4 14.594155 13 4 14.594155 9200
    285 13 4 14.604162 13 4 14.604162 9200
    286 13 4 14.614869 13 4 14.614869 9200
    287 13 4 14.624295 13 4 14.624295 9200
    288 13 4 14.634214 13 4 14.634214 9200
    289 13 4 14.644232 13 4 14.644232 9200
    290 13 4 14.654799 13 4 14.654799 9200
    291 13 4 14.664092 13 4 14.664092 9200
    292 13 4 14.674156 13 4 14.674156 9200
    293 13 4 14.684160 13 4 14.684160 9200
    294 13 4 14.694176 13 4 14.694176 9200
    295 13 4 14.704174 13 4 14.704174 9200
    296 13 4 14.714226 13 4 14.714226 9200
    297 13 4 14.724163 13 4 14.724163 9200
    298 13 4 14.734223 13 4 14.734223 9200
    299 13 4 14.744222 13 4 14.744222 9200
    300 13 4 14.754265 13 4 14.754265 9200
    301 13 4 14.764343 13 4 14.764343 9200
    302 13 4 14.774305 13 4 14.774305 9200
    303 13 4 14.784364 13 4 14.784364 9200
    304 13 4 14.794176 13 4 14.794176 9200
    305 13 4 14.804230 13 4 14.804230 9200
    306 13 4 14.814645 13 4 14.814645 9200
    307 13 4 14.824235 13 4 14.824235 9200
    308 13 4 14.834165 13 4 14.834165 9200
    309 13 4 14.844210 13 4 14.844210 9200
    310 13 4 14.854226 13 4 14.854226 9200
    311 13 4 14.864159 13 4 14.864159 9200
    312 13 4 14.874157 13 4 14.874157 9200
    313 13 4 14.884176 13 4 14.884176 9200
    314 13 4 14.894156 13 4 14.894156 9200
    315 13 4 14.904156 13 4 14.904156 9200
    316 13 4 14.914158 13 4 14.914158 9200
    317 13 4 14.924153 13 4 14.924153 9200
    318 13 4 14.934169 13 4 14.934169 9200
    319 13 4 14.944176 13 4 14.944176 9200
    320 13 4 14.954236 13 4 14.954236 9200
    321 13 4 14.964166 13 4 14.964166 9200
    322 13 4 14.974221 13 4 14.974221 9200
    323 13 4 14.984165 13 4 14.984165 9200
    324 13 4 14.994160 13 4 14.994160 9200
    325 13 4 15.004208 13 4 15.004208 9200
    326 13 4 15.014844 13 4 15.014844 9200
    327 13 4 15.024286 13 4 15.024286 9200
    328 13 4 15.034188 13 4 15.034188 9200
    329 13 4 15.044221 13 4 15.044221 9200
    330 13 4 15.054223 13 4 15.054223 9200
    331 13 4 15.064325 13 4 15.064325 9200
    332 13 4 15.074184 13 4 15.074184 9200
    333 13 4 15.084184 13 4 15.084184 9200
    334 13 4 15.094165 13 4 15.094165 9200
    335 13 4 15.104157 13 4 15.104157 9200
    336 13 4 15.114183 13 4 15.114183 9200
    337 13 4 15.124223 13 4 15.124223 9200
    338 13 4 15.134180 13 4 15.134180 9200
    339 13 4 15.144221 13 4 15.144221 9200
    340 13 4 15.154232 13 4 15.154232 9200
    341 13 4 15.164241 13 4 15.164241 9200
    342 13 4 15.174241 13 4 15.174241 9200
    343 13 4 15.184234 13 4 15.184234 9200
    344 13 4 15.194160 13 4 15.194160 9200
    345 13 4 15.204155 13 4 15.204155 9200
    346 13 4 15.214928 13 4 15.214928 9200
    347 13 4 15.224249 13 4 15.224249 9200
    348 13 4 15.234282 13 4 15.234282 9200
    349 13 4 15.244173 13 4 15.244173 9200
    350 13 4 15.254996 13 4 15.254996 9200
    351 13 4 15.264155 13 4 15.264155 9200
    352 13 4 15.274169 13 4 15.274169 9200
    353 13 4 15.284159 13 4 15.284159 9200
    354 13 4 15.294171 13 4 15.294171 9200
    355 13 4 15.304154 13 4 15.304154 9200
    356 13 4 15.314228 13 4 15.314228 9200
    357 13 4 15.324236 13 4 15.324236 9200
    358 13 4 15.334184 13 4 15.334184 9200
    359 13 4 15.344153 13 4 15.344153 9200
    360 13 4 15.354233 13 4 15.354233 9200
    361 13 4 15.364231 13 4 15.364231 9200
    362 13 4 15.374454 13 4 15.374454 9200
    363 13 4 15.384230 13 4 15.384230 9200
    364 13 4 15.394247 13 4 15.394247 9200
    365 13 4 15.404156 13 4 15.404156 9200
    366 13 4 15.414419 13 4 15.414419 9200
    367 13 4 15.424248 13 4 15.424248 9200
    368 13 4 15.434240 13 4 15.434240 9200
    369 13 4 15.444212 13 4 15.444212 9200
    370 13 4 15.454993 13 4 15.454993 9200
    371 13 4 15.464169 13 4 15.464169 9200
    372 13 4 15.474159 13 4 15.474159 9200
    373 13 4 15.484156 13 4 15.484156 9200
    374 13 4 15.494168 13 4 15.494168 9200
    375 13 4 15.504208 13 4 15.504208 9200
    376 13 4 15.514155 13 4 15.514155 9200
    377 13 4 15.524150 13 4 15.524150 9200
    378 13 4 15.534209 13 4 15.534209 9200
    379 13 4 15.544219 13 4 15.544219 9200
    380 13 4 15.554201 13 4 15.554201 9200
    381 13 4 15.564234 13 4 15.564234 9200
    382 13 4 15.574244 13 4 15.574244 9200
    383 13 4 15.584158 13 4 15.584158 9200
    384 13 4 15.594295 13 4 15.594295 9200
    385 13 4 15.604172 13 4 15.604172 9200
    386 13 4 15.614433 13 4 15.614433 9200
    387 13 4 15.624238 13 4 15.624238 9200
    388 13 4 15.634315 13 4 15.634315 9200
    389 13 4 15.644163 13 4 15.644163 9200
    390 13 4 15.654158 13 4 15.654158 9200
    391 13 4 15.664163 13 4 15.664163 9200
    392 13 4 15.674163 13 4 15.674163 9200
    393 13 4 15.684635 13 4 15.684635 9200
    394 13 4 15.694145 13 4 15.694145 9200
    395 13 4 15.704150 13 4 15.704150 9200
    396 13 4 15.714349 13 4 15.714349 9200
    397 13 4 15.724282 13 4 15.724282 9200
    398 13 4 15.734235 13 4 15.734235 9200
    399 13 4 15.744229 13 4 15.744229 9200
    400 13 4 15.754215 13 4 15.754215 9200
    401 13 4 15.764257 13 4 15.764257 9200
    402 13 4 15.774169 13 4 15.774169 9200
    403 13 4 15.785049 13 4 15.785049 9200
    404 13 4 15.794173 13 4 15.794173 9200
    405 13 4 15.804164 13 4 15.804164 9200
    406 13 4 15.814192 13 4 15.814192 9200
    407 13 4 15.824196 13 4 15.824196 9200
    408 13 4 15.834265 13 4 15.834265 9200
    409 13 4 15.844234 13 4 15.844234 9200
    410 13 4 15.854086 13 4 15.854086 9200
    411 13 4 15.864164 13 4 15.864164 9200
    412 13 4 15.874204 13 4 15.874204 9200
    413 13 4 15.884154 13 4 15.884154 9200
    414 13 4 15.894156 13 4 15.894156 9200
    415 13 4 15.904173 13 4 15.904173 9200
    416 13 4 15.914208 13 4 15.914208 9200
    417 13 4 15.924208 13 4 15.924208 9200
    418 13 4 15.934155 13 4 15.934155 9200
    419 13 4 15.944219 13 4 15.944219 9200
    420 13 4 15.954221 13 4 15.954221 9200
    421 13 4 15.964159 13 4 15.964159 9200
    422 13 4 15.974156 13 4 15.974156 9200
    423 13 4 15.984230 13 4 15.984230 9200
    424 13 4 15.994161 13 4 15.994161 9200
    425 13 4 16.004153 13 4 16.004153 9200
    426 13 4 16.014217 13 4 16.014217 9200
    427 13 4 16.024217 13 4 16.024217 9200
    428 13 4 16.034233 13 4 16.034233 9200
    429 13 4 16.044225 13 4 16.044225 9200
    430 13 4 16.054221 13 4 16.054221 9200
    431 13 4 16.064143 13 4 16.064143 9200
    432 13 4 16.074163 13 4 16.074163 9200
    433 13 4 16.084147 13 4 16.084147 9200
    434 13 4 16.094165 13 4 16.094165 9200
    435 13 4 16.104161 13 4 16.104161 9200
    436 13 4 16.114443 13 4 16.114443 9200
    437 13 4 16.124261 13 4 16.124261 9200
    438 13 4 16.134177 13 4 16.134177 9200
    439 13 4 16.144220 13 4 16.144220 9200
    440 13 4 16.154233 13 4 16.154233 9200
    441 13 4 16.164258 13 4 16.164258 9200
    442 13 4 16.174199 13 4 16.174199 9200
    443 13 4 16.184201 13 4 16.184201 9200
    444 13 4 16.194158 13 4 16.194158 9200
    445 13 4 16.204166 13 4 16.204166 9200
    446 13 4 16.214159 13 4 16.214159 9200
    447 13 4 16.224257 13 4 16.224257 9200
    448 13 4 16.234241 13 4 16.234241 9200
    449 13 4 16.244222 13 4 16.244222 9200
    450 13 4 16.254159 13 4 16.254159 9200
    451 13 4 16.264185 13 4 16.264185 9200
    452 13 4 16.274156 13 4 16.274156 9200
    453 13 4 16.284159 13 4 16.284159 9200
    454 13 4 16.294154 13 4 16.294154 9200
    455 13 4 16.304157 13 4 16.304157 9200
    456 13 4 16.314401 13 4 16.314401 9200
    457 13 4 16.324235 13 4 16.324235 9200
    458 13 4 16.334226 13 4 16.334226 9200
    459 13 4 16.344225 13 4 16.344225 9200
    460 13 4 16.354188 13 4 16.354188 9200
    461 13 4 16.364183 13 4 16.364183 9200
    462 13 4 16.374233 13 4 16.374233 9200
    463 13 4 16.384219 13 4 16.384219 9200
    464 13 4 16.394166 13 4 16.394166 9200
    465 13 4 16.404178 13 4 16.404178 9200
    466 13 4 16.414305 13 4 16.414305 9200
    467 13 4 16.424201 13 4 16.424201 9200
    468 13 4 16.434222 13 4 16.434222 9200
    469 13 4 16.444209 13 4 16.444209 9200
    470 13 4 16.454257 13 4 16.454257 9200
    471 13 4 16.464155 13 4 16.464155 9200
    472 13 4 16.474157 13 4 16.474157 9200
    473 13 4 16.484154 13 4 16.484154 9200
    474 13 4 16.494157 13 4 16.494157 9200
    475 13 4 16.504158 13 4 16.504158 9200
    476 13 4 16.514496 13 4 16.514496 9200
    477 13 4 16.524231 13 4 16.524231 9200
    478 13 4 16.534217 13 4 16.534217 9200
    479 13 4 16.544214 13 4 16.544214 9200
    480 13 4 16.554231 13 4 16.554231 9200
    481 13 4 16.564223 13 4 16.564223 9200
    482 13 4 16.574221 13 4 16.574221 9200
    483 13 4 16.584178 13 4 16.584178 9200
    484 13 4 16.594165 13 4 16.594165 9200
    485 13 4 16.604157 13 4 16.604157 9200
    486 13 4 16.614217 13 4 16.614217 9200
    487 13 4 16.624227 13 4 16.624227 9200
    488 13 4 16.634275 13 4 16.634275 9200
    489 13 4 16.644262 13 4 16.644262 9200
    490 13 4 16.654229 13 4 16.654229 9200
    491 13 4 16.664429 13 4 16.664429 9200
    492 13 4 16.674154 13 4 16.674154 9200
    493 13 4 16.684148 13 4 16.684148 9200
    494 13 4 16.694165 13 4 16.694165 9200
    495 13 4 16.704163 13 4 16.704163 9200
    496 13 4 16.714622 13 4 16.714622 9200
    497 13 4 16.724236 13 4 16.724236 9200
    498 13 4 16.734235 13 4 16.734235 9200
    499 13 4 16.744223 13 4 16.744223 9200
    500 13 4 16.754708 13 4 16.754708 9200
    501 13 4 16.764267 13 4 16.764267 9200
    502 13 4 16.774219 13 4 16.774219 9200
    503 13 4 16.784241 13 4 16.784241 9200
    504 13 4 16.794183 13 4 16.794183 9200
    505 13 4 16.804187 13 4 16.804187 9200
    506 13 4 16.814182 13 4 16.814182 9200
    507 13 4 16.824234 13 4 16.824234 9200
    508 13 4 16.834292 13 4 16.834292 9200
    509 13 4 16.844172 13 4 16.844172 9200
    510 13 4 16.854223 13 4 16.854223 9200
    511 13 4 16.864159 13 4 16.864159 9200
    512 13 4 16.874470 13 4 16.874470 9200
    513 13 4 16.884153 13 4 16.884153 9200
    514 13 4 16.894155 13 4 16.894155 9200
    515 13 4 16.904140 13 4 16.904140 9200
    516 13 4 16.914581 13 4 16.914581 9200
    517 13 4 16.924217 13 4 16.924217 9200
    518 13 4 16.934158 13 4 16.934158 9200
    519 13 4 16.944214 13 4 16.944214 9200
    520 13 4 16.954222 13 4 16.954222 9200
    521 13 4 16.964197 13 4 16.964197 9200
    522 13 4 16.974226 13 4 16.974226 9200
    523 13 4 16.984158 13 4 16.984158 9200
    524 13 4 16.994212 13 4 16.994212 9200
    525 13 4 17.004501 13 4 17.004501 9200
    526 13 4 17.014213 13 4 17.014213 9200
    527 13 4 17.024232 13 4 17.024232 9200
    528 13 4 17.034324 13 4 17.034324 9200
    529 13 4 17.044218 13 4 17.044218 9200
    530 13 4 17.054220 13 4 17.054220 9200
    531 13 4 17.064151 13 4 17.064151 9200
    532 13 4 17.074155 13 4 17.074155 9200
    533 13 4 17.084140 13 4 17.084140 9200
    534 13 4 17.094155 13 4 17.094155 9200
    535 13 4 17.104161 13 4 17.104161 9200
    536 13 4 17.114575 13 4 17.114575 9200
    537 13 4 17.124251 13 4 17.124251 9200
    538 13 4 17.134236 13 4 17.134236 9200
    539 13 4 17.144239 13 4 17.144239 9200
    540 13 4 17.154260 13 4 17.154260 9200
    541 13 4 17.164242 13 4 17.164242 9200
    542 13 4 17.174227 13 4 17.174227 9200
    543 13 4 17.184234 13 4 17.184234 9200
    544 13 4 17.194161 13 4 17.194161 9200
    545 13 4 17.204187 13 4 17.204187 9200
    546 13 4 17.214226 13 4 17.214226 9200
    547 13 4 17.224267 13 4 17.224267 9200
    548 13 4 17.234242 13 4 17.234242 9200
    549 13 4 17.244233 13 4 17.244233 9200
    550 13 4 17.254180 13 4 17.254180 9200
    551 13 4 17.264105 13 4 17.264105 9200
    552 13 4 17.274156 13 4 17.274156 9200
    553 13 4 17.284152 13 4 17.284152 9200
    554 13 4 17.294392 13 4 17.294392 9200
    555 13 4 17.304168 13 4 17.304168 9200
    556 13 4 17.314439 13 4 17.314439 9200
    557 13 4 17.324215 13 4 17.324215 9200
    558 13 4 17.334212 13 4 17.334212 9200
    559 13 4 17.344225 13 4 17.344225 9200
    560 13 4 17.354192 13 4 17.354192 9200
    561 13 4 17.364274 13 4 17.364274 9200
    562 13 4 17.374220 13 4 17.374220 9200
    563 13 4 17.384261 13 4 17.384261 9200
    564 13 4 17.394877 13 4 17.394877 9200
    565 13 4 17.404157 13 4 17.404157 9200
    566 13 4 17.414201 13 4 17.414201 9200
    567 13 4 17.424178 13 4 17.424178 9200
    568 13 4 17.434280 13 4 17.434280 9200
    569 13 4 17.444223 13 4 17.444223 9200
    570 13 4 17.454166 13 4 17.454166 9200
    571 13 4 17.464157 13 4 17.464157 9200
    572 13 4 17.474132 13 4 17.474132 9200
    573 13 4 17.484943 13 4 17.484943 9200
    574 13 4 17.494164 13 4 17.494164 9200
    575 13 4 17.504194 13 4 17.504194 9200
    576 13 4 17.514466 13 4 17.514466 9200
    577 13 4 17.524311 13 4 17.524311 9200
    578 13 4 17.534179 13 4 17.534179 9200
    579 13 4 17.544222 13 4 17.544222 9200
    580 13 4 17.554273 13 4 17.554273 9200
    581 13 4 17.564226 13 4 17.564226 9200
    582 13 4 17.574225 13 4 17.574225 9200
    583 13 4 17.584170 13 4 17.584170 9200
    584 13 4 17.594156 13 4 17.594156 9200
    585 13 4 17.604160 13 4 17.604160 9200
    586 13 4 17.614209 13 4 17.614209 9200
    587 13 4 17.624206 13 4 17.624206 9200
    588 13 4 17.634225 13 4 17.634225 9200
    589 13 4 17.644176 13 4 17.644176 9200
    590 13 4 17.654236 13 4 17.654236 9200
    591 13 4 17.664156 13 4 17.664156 9200
    592 13 4 17.674158 13 4 17.674158 9200
    593 13 4 17.684167 13 4 17.684167 9200
    594 13 4 17.694144 13 4 17.694144 9200
    595 13 4 17.704156 13 4 17.704156 9200
    596 13 4 17.714424 13 4 17.714424 9200
    597 13 4 17.724309 13 4 17.724309 9200
    598 13 4 17.734221 13 4 17.734221 9200
    599 13 4 17.744223 13 4 17.744223 9200
    600 13 4 17.754253 13 4 17.754253 9200
    601 13 4 17.764233 13 4 17.764233 9200
    602 13 4 17.774248 13 4 17.774248 9200
    603 13 4 17.784217 13 4 17.784217 9200
    604 13 4 17.794169 13 4 17.794169 9200
    605 13 4 17.804162 13 4 17.804162 9200
    606 13 4 17.814243 13 4 17.814243 9200
    607 13 4 17.824214 13 4 17.824214 9200
    608 13 4 17.834222 13 4 17.834222 9200
    609 13 4 17.844234 13 4 17.844234 9200
    610 13 4 17.854237 13 4 17.854237 9200
    611 13 4 17.864166 13 4 17.864166 9200
    612 13 4 17.874154 13 4 17.874154 9200
    613 13 4 17.884163 13 4 17.884163 9200
    614 13 4 17.894165 13 4 17.894165 9200
    615 13 4 17.904130 13 4 17.904130 9200
    616 13 4 17.914766 13 4 17.914766 9200
    617 13 4 17.924330 13 4 17.924330 9200
    618 13 4 17.934219 13 4 17.934219 9200
    619 13 4 17.944219 13 4 17.944219 9200
    620 13 4 17.954224 13 4 17.954224 9200
    621 13 4 17.964228 13 4 17.964228 9200
    622 13 4 17.974177 13 4 17.974177 9200
    623 13 4 17.984235 13 4 17.984235 9200
    624 13 4 17.995006 13 4 17.995006 9200
    625 13 4 18.004162 13 4 18.004162 9200
    626 13 4 18.014233 13 4 18.014233 9200
    627 13 4 18.024205 13 4 18.024205 9200
    628 13 4 18.034185 13 4 18.034185 9200
    629 13 4 18.044219 13 4 18.044219 9200
    630 13 4 18.054224 13 4 18.054224 9200
    631 13 4 18.064157 13 4 18.064157 9200
    632 13 4 18.074172 13 4 18.074172 9200
    633 13 4 18.084248 13 4 18.084248 9200
    634 13 4 18.094186 13 4 18.094186 9200
    635 13 4 18.104167 13 4 18.104167 9200
    636 13 4 18.114215 13 4 18.114215 9200
    637 13 4 18.124145 13 4 18.124145 9200
    638 13 4 18.134228 13 4 18.134228 9200
    639 13 4 18.144162 13 4 18.144162 9200
    640 13 4 18.154610 13 4 18.154610 9200
    641 13 4 18.164224 13 4 18.164224 9200
    642 13 4 18.174220 13 4 18.174220 9200
    643 13 4 18.184232 13 4 18.184232 9200
    644 13 4 18.194240 13 4 18.194240 9200
    645 13 4 18.204156 13 4 18.204156 9200
    646 13 4 18.214158 13 4 18.214158 9200
    647 13 4 18.224237 13 4 18.224237 9200
    648 13 4 18.234239 13 4 18.234239 9200
    649 13 4 18.244254 13 4 18.244254 9200
    650 13 4 18.254166 13 4 18.254166 9200
    651 13 4 18.264102 13 4 18.264102 9200
    652 13 4 18.274215 13 4 18.274215 9200
    653 13 4 18.284161 13 4 18.284161 9200
    654 13 4 18.294163 13 4 18.294163 9200
    655 13 4 18.304162 13 4 18.304162 9200
    656 13 4 18.314066 13 4 18.314066 9200
    657 13 4 18.324225 13 4 18.324225 9200
    658 13 4 18.334222 13 4 18.334222 9200
    659 13 4 18.344228 13 4 18.344228 9200
    660 13 4 18.354233 13 4 18.354233 9200
    661 13 4 18.364226 13 4 18.364226 9200
    662 13 4 18.374159 13 4 18.374159 9200
    663 13 4 18.384232 13 4 18.384232 9200
    664 13 4 18.394158 13 4 18.394158 9200
    665 13 4 18.404167 13 4 18.404167 9200
    666 13 4 18.414158 13 4 18.414158 9200
    667 13 4 18.424247 13 4 18.424247 9200
    668 13 4 18.434281 13 4 18.434281 9200
    669 13 4 18.444240 13 4 18.444240 9200
    670 13 4 18.454254 13 4 18.454254 9200
    671 13 4 18.464165 13 4 18.464165 9200
    672 13 4 18.474157 13 4 18.474157 9200
    673 13 4 18.484162 13 4 18.484162 9200
    674 13 4 18.494184 13 4 18.494184 9200
    675 13 4 18.505663 13 4 18.505663 9200
    676 13 4 18.514254 13 4 18.514254 9200
    677 13 4 18.524236 13 4 18.524236 9200
    678 13 4 18.534244 13 4 18.534244 9200
    679 13 4 18.544177 13 4 18.544177 9200
    680 13 4 18.554227 13 4 18.554227 9200
    681 13 4 18.564222 13 4 18.564222 9200
    682 13 4 18.574182 13 4 18.574182 9200
    683 13 4 18.584163 13 4 18.584163 9200
    684 13 4 18.594169 13 4 18.594169 9200
    685 13 4 18.604161 13 4 18.604161 9200
    686 13 4 18.614173 13 4 18.614173 9200
    687 13 4 18.624228 13 4 18.624228 9200
    688 13 4 18.634218 13 4 18.634218 9200
    689 13 4 18.644231 13 4 18.644231 9200
    690 13 4 18.654223 13 4 18.654223 9200
    691 13 4 18.664158 13 4 18.664158 9200
    692 13 4 18.674175 13 4 18.674175 9200
    693 13 4 18.684162 13 4 18.684162 9200
    694 13 4 18.694164 13 4 18.694164 9200
    695 13 4 18.704167 13 4 18.704167 9200
    696 13 4 18.714155 13 4 18.714155 9200
    697 13 4 18.724278 13 4 18.724278 9200
    698 13 4 18.734486 13 4 18.734486 9200
    699 13 4 18.744272 13 4 18.744272 9200
    700 13 4 18.754204 13 4 18.754204 9200
    701 13 4 18.764244 13 4 18.764244 9200
    702 13 4 18.774226 13 4 18.774226 9200
    703 13 4 18.784268 13 4 18.784268 9200
    704 13 4 18.794291 13 4 18.794291 9200
    705 13 4 18.804175 13 4 18.804175 9200
    706 13 4 18.814144 13 4 18.814144 9200
    707 13 4 18.824231 13 4 18.824231 9200
    708 13 4 18.834179 13 4 18.834179 9200
    709 13 4 18.844234 13 4 18.844234 9200
    710 13 4 18.854195 13 4 18.854195 9200
    711 13 4 18.864159 13 4 18.864159 9200
    712 13 4 18.874158 13 4 18.874158 9200
    713 13 4 18.884167 13 4 18.884167 9200
    714 13 4 18.894168 13 4 18.894168 9200
    715 13 4 18.904151 13 4 18.904151 9200
    716 13 4 18.914173 13 4 18.914173 9200
    717 13 4 18.924130 13 4 18.924130 9200
    718 13 4 18.934159 13 4 18.934159 9200
    719 13 4 18.944202 13 4 18.944202 9200
    720 13 4 18.954329 13 4 18.954329 9200
    721 13 4 18.964172 13 4 18.964172 9200
    722 13 4 18.974229 13 4 18.974229 9200
    723 13 4 18.984232 13 4 18.984232 9200
    724 13 4 18.994499 13 4 18.994499 9200
    725 13 4 19.004156 13 4 19.004156 9200
    726 13 4 19.014157 13 4 19.014157 9200
    727 13 4 19.024236 13 4 19.024236 9200
    728 13 4 19.034226 13 4 19.034226 9200
    729 13 4 19.044181 13 4 19.044181 9200
    730 13 4 19.054224 13 4 19.054224 9200
    731 13 4 19.064243 13 4 19.064243 9200
    732 13 4 19.074159 13 4 19.074159 9200
    733 13 4 19.084157 13 4 19.084157 9200
    734 13 4 19.094346 13 4 19.094346 9200
    735 13 4 19.104171 13 4 19.104171 9200
    736 13 4 19.114183 13 4 19.114183 9200
    737 13 4 19.124241 13 4 19.124241 9200
    738 13 4 19.134159 13 4 19.134159 9200
    739 13 4 19.144224 13 4 19.144224 9200
    740 13 4 19.154178 13 4 19.154178 9200
    741 13 4 19.164162 13 4 19.164162 9200
    742 13 4 19.174222 13 4 19.174222 9200
    743 13 4 19.184215 13 4 19.184215 9200
    744 13 4 19.194925 13 4 19.194925 9200
    745 13 4 19.204164 13 4 19.204164 9200
    746 13 4 19.214168 13 4 19.214168 9200
    747 13 4 19.224274 13 4 19.224274 9200
    748 13 4 19.234978 13 4 19.234978 9200
    749 13 4 19.244250 13 4 19.244250 9200
    750 13 4 19.254228 13 4 19.254228 9200
    751 13 4 19.264480 13 4 19.264480 9200
    752 13 4 19.274160 13 4 19.274160 9200
    753 13 4 19.284130 13 4 19.284130 9200
    754 13 4 19.294136 13 4 19.294136 9200
    755 13 4 19.304164 13 4 19.304164 9200
    756 13 4 19.314225 13 4 19.314225 9200
    757 13 4 19.324161 13 4 19.324161 9200
    758 13 4 19.334222 13 4 19.334222 9200
    759 13 4 19.344153 13 4 19.344153 9200
    760 13 4 19.354229 13 4 19.354229 9200
    761 13 4 19.364226 13 4 19.364226 9200
    762 13 4 19.374158 13 4 19.374158 9200
    763 13 4 19.384161 13 4 19.384161 9200
    764 13 4 19.394221 13 4 19.394221 9200
    765 13 4 19.404167 13 4 19.404167 9200
    766 13 4 19.414128 13 4 19.414128 9200
    767 13 4 19.424175 13 4 19.424175 9200
    768 13 4 19.434208 13 4 19.434208 9200
    769 13 4 19.444174 13 4 19.444174 9200
    770 13 4 19.454198 13 4 19.454198 9200
    771 13 4 19.464162 13 4 19.464162 9200
    772 13 4 19.474132 13 4 19.474132 9200
    773 13 4 19.484145 13 4 19.484145 9200
    774 13 4 19.494154 13 4 19.494154 9200
    775 13 4 19.504156 13 4 19.504156 9200
    776 13 4 19.514172 13 4 19.514172 9200
    777 13 4 19.524316 13 4 19.524316 9200
    778 13 4 19.534255 13 4 19.534255 9200
    779 13 4 19.544181 13 4 19.544181 9200
    780 13 4 19.554230 13 4 19.554230 9200
    781 13 4 19.564222 13 4 19.564222 9200
    782 13 4 19.574218 13 4 19.574218 9200
    783 13 4 19.584185 13 4 19.584185 9200
    784 13 4 19.594159 13 4 19.594159 9200
    785 13 4 19.604168 13 4 19.604168 9200
    786 13 4 19.614156 13 4 19.614156 9200
    787 13 4 19.624210 13 4 19.624210 9200
    788 13 4 19.634214 13 4 19.634214 9200
    789 13 4 19.644224 13 4 19.644224 9200
    790 13 4 19.654215 13 4 19.654215 9200
    791 13 4 19.664165 13 4 19.664165 9200
    792 13 4 19.674144 13 4 19.674144 9200
    793 13 4 19.684146 13 4 19.684146 9200
    794 13 4 19.694154 13 4 19.694154 9200
    795 13 4 19.704155 13 4 19.704155 9200
    796 13 4 19.714204 13 4 19.714204 9200
    797 13 4 19.724380 13 4 19.724380 9200
    798 13 4 19.734138 13 4 19.734138 9200
    799 13 4 19.744250 13 4 19.744250 9200
    800 13 4 19.754241 13 4 19.754241 9200
    801 13 4 19.764299 13 4 19.764299 9200
    802 13 4 19.774225 13 4 19.774225 9200
    803 13 4 19.784157 13 4 19.784157 9200
    804 13 4 19.794273 13 4 19.794273 9200
    805 13 4 19.804161 13 4 19.804161 9200
    806 13 4 19.814114 13 4 19.814114 9200
    807 13 4 19.824221 13 4 19.824221 9200
    808 13 4 19.834226 13 4 19.834226 9200
    809 13 4 19.844220 13 4 19.844220 9200
    810 13 4 19.854206 13 4 19.854206 9200
    811 13 4 19.864156 13 4 19.864156 9200
    812 13 4 19.874158 13 4 19.874158 9200
    813 13 4 19.884163 13 4 19.884163 9200
    814 13 4 19.894155 13 4 19.894155 9200
    815 13 4 19.904204 13 4 19.904204 9200
    816 13 4 19.914182 13 4 19.914182 9200
    817 13 4 19.924168 13 4 19.924168 9200
    818 13 4 19.934205 13 4 19.934205 9200
    819 13 4 19.944241 13 4 19.944241 9200
    820 13 4 19.954232 13 4 19.954232 9200
    821 13 4 19.964175 13 4 19.964175 9200
    822 13 4 19.974167 13 4 19.974167 9200
    823 13 4 19.984487 13 4 19.984487 9200
    824 13 4 19.994225 13 4 19.994225 9200
    825 13 4 20.004158 13 4 20.004158 9200
    826 13 4 20.014157 13 4 20.014157 9200
    827 13 4 20.024132 13 4 20.024132 9200
    828 13 4 20.034196 13 4 20.034196 9200
    829 13 4 20.044326 13 4 20.044326 9200
    830 13 4 20.054289 13 4 20.054289 9200
    831 13 4 20.064354 13 4 20.064354 9200
    832 13 4 20.074159 13 4 20.074159 9200
    833 13 4 20.084133 13 4 20.084133 9200
    834 13 4 20.094163 13 4 20.094163 9200
    835 13 4 20.104157 13 4 20.104157 9200
    836 13 4 20.114246 13 4 20.114246 9200
    837 13 4 20.124245 13 4 20.124245 9200
    838 13 4 20.134232 13 4 20.134232 9200
    839 13 4 20.144210 13 4 20.144210 9200
    840 13 4 20.154458 13 4 20.154458 9200
    841 13 4 20.164206 13 4 20.164206 9200
    842 13 4 20.174189 13 4 20.174189 9200
    843 13 4 20.184241 13 4 20.184241 9200
    844 13 4 20.194772 13 4 20.194772 9200
    845 13 4 20.204198 13 4 20.204198 9200
    846 13 4 20.214158 13 4 20.214158 9200
    847 13 4 20.224191 13 4 20.224191 9200
    848 13 4 20.234241 13 4 20.234241 9200
    849 13 4 20.244222 13 4 20.244222 9200
    850 13 4 20.254217 13 4 20.254217 9200
    851 13 4 20.264113 13 4 20.264113 9200
    852 13 4 20.274170 13 4 20.274170 9200
    853 13 4 20.284161 13 4 20.284161 9200
    854 13 4 20.294136 13 4 20.294136 9200
    855 13 4 20.304164 13 4 20.304164 9200
    856 13 4 20.314184 13 4 20.314184 9200
    857 13 4 20.324221 13 4 20.324221 9200
    858 13 4 20.334217 13 4 20.334217 9200
    859 13 4 20.344211 13 4 20.344211 9200
    860 13 4 20.354231 13 4 20.354231 9200
    861 13 4 20.364231 13 4 20.364231 9200
    862 13 4 20.374181 13 4 20.374181 9200
    863 13 4 20.384229 13 4 20.384229 9200
    864 13 4 20.394275 13 4 20.394275 9200
    865 13 4 20.404234 13 4 20.404234 9200
    866 13 4 20.414162 13 4 20.414162 9200
    867 13 4 20.424479 13 4 20.424479 9200
    868 13 4 20.434229 13 4 20.434229 9200
    869 13 4 20.444223 13 4 20.444223 9200
    870 13 4 20.454236 13 4 20.454236 9200
    871 13 4 20.464155 13 4 20.464155 9200
    872 13 4 20.474156 13 4 20.474156 9200
    873 13 4 20.484176 13 4 20.484176 9200
    874 13 4 20.494154 13 4 20.494154 9200
    875 13 4 20.504163 13 4 20.504163 9200
    876 13 4 20.515405 13 4 20.515405 9200
    877 13 4 20.524212 13 4 20.524212 9200
    878 13 4 20.534181 13 4 20.534181 9200
    879 13 4 20.544238 13 4 20.544238 9200
    880 13 4 20.554266 13 4 20.554266 9200
    881 13 4 20.564223 13 4 20.564223 9200
    882 13 4 20.574218 13 4 20.574218 9200
    883 13 4 20.584226 13 4 20.584226 9200
    884 13 4 20.594159 13 4 20.594159 9200
    885 13 4 20.604354 13 4 20.604354 9200
    886 13 4 20.614184 13 4 20.614184 9200
    887 13 4 20.624119 13 4 20.624119 9200
    888 13 4 20.634336 13 4 20.634336 9200
    889 13 4 20.644221 13 4 20.644221 9200
    890 13 4 20.654250 13 4 20.654250 9200
    891 13 4 20.664161 13 4 20.664161 9200
    892 13 4 20.674164 13 4 20.674164 9200
    893 13 4 20.684160 13 4 20.684160 9200
    894 13 4 20.694158 13 4 20.694158 9200
    895 13 4 20.704157 13 4 20.704157 9200
    896 13 4 20.714159 13 4 20.714159 9200
    897 13 4 20.724250 13 4 20.724250 9200
    898 13 4 20.734213 13 4 20.734213 9200
    899 13 4 20.744188 13 4 20.744188 9200
    900 13 4 20.754335 13 4 20.754335 9200
    901 13 4 20.764261 13 4 20.764261 9200
    902 13 4 20.774241 13 4 20.774241 9200
    903 13 4 20.784268 13 4 20.784268 9200
    904 13 4 20.794192 13 4 20.794192 9200
    905 13 4 20.804328 13 4 20.804328 9200
    906 13 4 20.814329 13 4 20.814329 9200
    907 13 4 20.824197 13 4 20.824197 9200
    908 13 4 20.834331 13 4 20.834331 9200
    909 13 4 20.844265 13 4 20.844265 9200
    910 13 4 20.854237 13 4 20.854237 9200
    911 13 4 20.864190 13 4 20.864190 9200
    912 13 4 20.874157 13 4 20.874157 9200
    913 13 4 20.884176 13 4 20.884176 9200
    914 13 4 20.894162 13 4 20.894162 9200
    915 13 4 20.904139 13 4 20.904139 9200
    916 13 4 20.914148 13 4 20.914148 9200
    917 13 4 20.924236 13 4 20.924236 9200
    918 13 4 20.934169 13 4 20.934169 9200
    919 13 4 20.944223 13 4 20.944223 9200
    920 13 4 20.954222 13 4 20.954222 9200
    921 13 4 20.964272 13 4 20.964272 9200
    922 13 4 20.974222 13 4 20.974222 9200
    923 13 4 20.984273 13 4 20.984273 9200
    924 13 4 20.994268 13 4 20.994268 9200
    925 13 4 21.004231 13 4 21.004231 9200
    926 13 4 21.014268 13 4 21.014268 9200
    927 13 4 21.024829 13 4 21.024829 9200
    928 13 4 21.034251 13 4 21.034251 9200
    929 13 4 21.044228 13 4 21.044228 9200
    930 13 4 21.054187 13 4 21.054187 9200
    931 13 4 21.064227 13 4 21.064227 9200
    932 13 4 21.074283 13 4 21.074283 9200
    933 13 4 21.084157 13 4 21.084157 9200
    934 13 4 21.094156 13 4 21.094156 9200
    935 13 4 21.104147 13 4 21.104147 9200
    936 13 4 21.114156 13 4 21.114156 9200
    937 13 4 21.124282 13 4 21.124282 9200
    938 13 4 21.134166 13 4 21.134166 9200
    939 13 4 21.144224 13 4 21.144224 9200
    940 13 4 21.154180 13 4 21.154180 9200
    941 13 4 21.164234 13 4 21.164234 9200
    942 13 4 21.176196 13 4 21.176196 9200
    943 13 4 21.184156 13 4 21.184156 9200
    944 13 4 21.194199 13 4 21.194199 9200
    945 13 4 21.204943 13 4 21.204943 9200
    946 13 4 21.215095 13 4 21.215095 9200
    947 13 4 21.224571 13 4 21.224571 9200
    948 13 4 21.234186 13 4 21.234186 9200
    949 13 4 21.244223 13 4 21.244223 9200
    950 13 4 21.254280 13 4 21.254280 9200
    951 13 4 21.264281 13 4 21.264281 9200
    952 13 4 21.274100 13 4 21.274100 9200
    953 13 4 21.284159 13 4 21.284159 9200
    954 13 4 21.294156 13 4 21.294156 9200
    955 13 4 21.304169 13 4 21.304169 9200
    956 13 4 21.314454 13 4 21.314454 9200
    957 13 4 21.324244 13 4 21.324244 9200
    958 13 4 21.334778 13 4 21.334778 9200
    959 13 4 21.344256 13 4 21.344256 9200
    960 13 4 21.354219 13 4 21.354219 9200
    961 13 4 21.364247 13 4 21.364247 9200
    962 13 4 21.374317 13 4 21.374317 9200
    963 13 4 21.384194 13 4 21.384194 9200
    964 13 4 21.394224 13 4 21.394224 9200
    965 13 4 21.404225 13 4 21.404225 9200
    966 13 4 21.414168 13 4 21.414168 9200
    967 13 4 21.424234 13 4 21.424234 9200
    968 13 4 21.434253 13 4 21.434253 9200
    969 13 4 21.444182 13 4 21.444182 9200
    970 13 4 21.454225 13 4 21.454225 9200
    971 13 4 21.464269 13 4 21.464269 9200
    972 13 4 21.474163 13 4 21.474163 9200
    973 13 4 21.484169 13 4 21.484169 9200
    974 13 4 21.494160 13 4 21.494160 9200
    975 13 4 21.504152 13 4 21.504152 9200
    976 13 4 21.514233 13 4 21.514233 9200
    977 13 4 21.524242 13 4 21.524242 9200
    978 13 4 21.534147 13 4 21.534147 9200
    979 13 4 21.544439 13 4 21.544439 9200
    980 13 4 21.554189 13 4 21.554189 9200
    981 13 4 21.564212 13 4 21.564212 9200
    982 13 4 21.574222 13 4 21.574222 9200
    983 13 4 21.584237 13 4 21.584237 9200
    984 13 4 21.594180 13 4 21.594180 9200
    985 13 4 21.604157 13 4 21.604157 9200
    986 13 4 21.614156 13 4 21.614156 9200
    987 13 4 21.624514 13 4 21.624514 9200
    988 13 4 21.634230 13 4 21.634230 9200
    989 13 4 21.644224 13 4 21.644224 9200
    990 13 4 21.654226 13 4 21.654226 9200
    991 13 4 21.664162 13 4 21.664162 9200
    992 13 4 21.674157 13 4 21.674157 9200
    993 13 4 21.684159 13 4 21.684159 9200
    994 13 4 21.694158 13 4 21.694158 9200
    995 13 4 21.704160 13 4 21.704160 9200
    996 13 4 21.714161 13 4 21.714161 9200
    997 13 4 21.724233 13 4 21.724233 9200
    998 13 4 21.734635 13 4 21.734635 9200
    999 13 4 21.744219 13 4 21.744219 9200
   1000 13 4 21.754235 13 4 21.754235 9200
