      1 13 11 28.825458 13 11 28.825458 8700
      2 13 11 28.835546 13 11 28.835546 8700
      3 13 11 28.845631 13 11 28.845631 8700
      4 13 11 28.855561 13 11 28.855561 8700
      5 13 11 28.865542 13 11 28.865542 8700
      6 13 11 28.875561 13 11 28.875561 8700
      7 13 11 28.885556 13 11 28.885556 8700
      8 13 11 28.895555 13 11 28.895555 8700
      9 13 11 28.905612 13 11 28.905612 8700
     10 13 11 28.915579 13 11 28.915579 8700
     11 13 11 28.925581 13 11 28.925581 8700
     12 13 11 28.935613 13 11 28.935613 8700
     13 13 11 28.945640 13 11 28.945640 8700
     14 13 11 28.955645 13 11 28.955645 8700
     15 13 11 28.965630 13 11 28.965630 8700
     16 13 11 28.975533 13 11 28.975533 8700
     17 13 11 28.985627 13 11 28.985627 8700
     18 13 11 28.995663 13 11 28.995663 8700
     19 13 11 29.005736 13 11 29.005736 8700
     20 13 11 29.015665 13 11 29.015665 8700
     21 13 11 29.025559 13 11 29.025559 8700
     22 13 11 29.035553 13 11 29.035553 8700
     23 13 11 29.045560 13 11 29.045560 8700
     24 13 11 29.055555 13 11 29.055555 8700
     25 13 11 29.065556 13 11 29.065556 8700
     26 13 11 29.075556 13 11 29.075556 8700
     27 13 11 29.085563 13 11 29.085563 8700
     28 13 11 29.095555 13 11 29.095555 8700
     29 13 11 29.105557 13 11 29.105557 8700
     30 13 11 29.115634 13 11 29.115634 8700
     31 13 11 29.125596 13 11 29.125596 8700
     32 13 11 29.135622 13 11 29.135622 8700
     33 13 11 29.145628 13 11 29.145628 8700
     34 13 11 29.155549 13 11 29.155549 8700
     35 13 11 29.165576 13 11 29.165576 8700
     36 13 11 29.175595 13 11 29.175595 8700
     37 13 11 29.185580 13 11 29.185580 8700
     38 13 11 29.195624 13 11 29.195624 8700
     39 13 11 29.205618 13 11 29.205618 8700
     40 13 11 29.215651 13 11 29.215651 8700
     41 13 11 29.225560 13 11 29.225560 8700
     42 13 11 29.235555 13 11 29.235555 8700
     43 13 11 29.245554 13 11 29.245554 8700
     44 13 11 29.255555 13 11 29.255555 8700
     45 13 11 29.265557 13 11 29.265557 8700
     46 13 11 29.275558 13 11 29.275558 8700
     47 13 11 29.285561 13 11 29.285561 8700
     48 13 11 29.295556 13 11 29.295556 8700
     49 13 11 29.305557 13 11 29.305557 8700
     50 13 11 29.315561 13 11 29.315561 8700
     51 13 11 29.325672 13 11 29.325672 8700
     52 13 11 29.335723 13 11 29.335723 8700
     53 13 11 29.345593 13 11 29.345593 8700
     54 13 11 29.356096 13 11 29.356096 8700
     55 13 11 29.365631 13 11 29.365631 8700
     56 13 11 29.375629 13 11 29.375629 8700
     57 13 11 29.385656 13 11 29.385656 8700
     58 13 11 29.395582 13 11 29.395582 8700
     59 13 11 29.405660 13 11 29.405660 8700
     60 13 11 29.415655 13 11 29.415655 8700
     61 13 11 29.425630 13 11 29.425630 8700
     62 13 11 29.435559 13 11 29.435559 8700
     63 13 11 29.445555 13 11 29.445555 8700
     64 13 11 29.455556 13 11 29.455556 8700
     65 13 11 29.465555 13 11 29.465555 8700
     66 13 11 29.475554 13 11 29.475554 8700
     67 13 11 29.485541 13 11 29.485541 8700
     68 13 11 29.495532 13 11 29.495532 8700
     69 13 11 29.505542 13 11 29.505542 8700
     70 13 11 29.515519 13 11 29.515519 8700
     71 13 11 29.525579 13 11 29.525579 8700
     72 13 11 29.535620 13 11 29.535620 8700
     73 13 11 29.545566 13 11 29.545566 8700
     74 13 11 29.555642 13 11 29.555642 8700
     75 13 11 29.565678 13 11 29.565678 8700
     76 13 11 29.575610 13 11 29.575610 8700
     77 13 11 29.585763 13 11 29.585763 8700
     78 13 11 29.595659 13 11 29.595659 8700
     79 13 11 29.605602 13 11 29.605602 8700
     80 13 11 29.616051 13 11 29.616051 8700
     81 13 11 29.625589 13 11 29.625589 8700
     82 13 11 29.635618 13 11 29.635618 8700
     83 13 11 29.645772 13 11 29.645772 8700
     84 13 11 29.655559 13 11 29.655559 8700
     85 13 11 29.665561 13 11 29.665561 8700
     86 13 11 29.675558 13 11 29.675558 8700
     87 13 11 29.685555 13 11 29.685555 8700
     88 13 11 29.695544 13 11 29.695544 8700
     89 13 11 29.705556 13 11 29.705556 8700
     90 13 11 29.715582 13 11 29.715582 8700
     91 13 11 29.725556 13 11 29.725556 8700
     92 13 11 29.735555 13 11 29.735555 8700
     93 13 11 29.745557 13 11 29.745557 8700
     94 13 11 29.755890 13 11 29.755890 8700
     95 13 11 29.765582 13 11 29.765582 8700
     96 13 11 29.775674 13 11 29.775674 8700
     97 13 11 29.785617 13 11 29.785617 8700
     98 13 11 29.795660 13 11 29.795660 8700
     99 13 11 29.805686 13 11 29.805686 8700
    100 13 11 29.815671 13 11 29.815671 8700
    101 13 11 29.825621 13 11 29.825621 8700
    102 13 11 29.837631 13 11 29.837631 8700
    103 13 11 29.845634 13 11 29.845634 8700
    104 13 11 29.855639 13 11 29.855639 8700
    105 13 11 29.865635 13 11 29.865635 8700
    106 13 11 29.875638 13 11 29.875638 8700
    107 13 11 29.885546 13 11 29.885546 8700
    108 13 11 29.895581 13 11 29.895581 8700
    109 13 11 29.905546 13 11 29.905546 8700
    110 13 11 29.915545 13 11 29.915545 8700
    111 13 11 29.925560 13 11 29.925560 8700
    112 13 11 29.935555 13 11 29.935555 8700
    113 13 11 29.945557 13 11 29.945557 8700
    114 13 11 29.955594 13 11 29.955594 8700
    115 13 11 29.965644 13 11 29.965644 8700
    116 13 11 29.975626 13 11 29.975626 8700
    117 13 11 29.985807 13 11 29.985807 8700
    118 13 11 29.995575 13 11 29.995575 8700
    119 13 11 30.005639 13 11 30.005639 8700
    120 13 11 30.015692 13 11 30.015692 8700
    121 13 11 30.025628 13 11 30.025628 8700
    122 13 11 30.035585 13 11 30.035585 8700
    123 13 11 30.045615 13 11 30.045615 8700
    124 13 11 30.055631 13 11 30.055631 8700
    125 13 11 30.065643 13 11 30.065643 8700
    126 13 11 30.075579 13 11 30.075579 8700
    127 13 11 30.085574 13 11 30.085574 8700
    128 13 11 30.095580 13 11 30.095580 8700
    129 13 11 30.105591 13 11 30.105591 8700
    130 13 11 30.115559 13 11 30.115559 8700
    131 13 11 30.125562 13 11 30.125562 8700
    132 13 11 30.135562 13 11 30.135562 8700
    133 13 11 30.145562 13 11 30.145562 8700
    134 13 11 30.155871 13 11 30.155871 8700
    135 13 11 30.165624 13 11 30.165624 8700
    136 13 11 30.175595 13 11 30.175595 8700
    137 13 11 30.186188 13 11 30.186188 8700
    138 13 11 30.195724 13 11 30.195724 8700
    139 13 11 30.205670 13 11 30.205670 8700
    140 13 11 30.215637 13 11 30.215637 8700
    141 13 11 30.225695 13 11 30.225695 8700
    142 13 11 30.236513 13 11 30.236513 8700
    143 13 11 30.245671 13 11 30.245671 8700
    144 13 11 30.255693 13 11 30.255693 8700
    145 13 11 30.265561 13 11 30.265561 8700
    146 13 11 30.275620 13 11 30.275620 8700
    147 13 11 30.285710 13 11 30.285710 8700
    148 13 11 30.295601 13 11 30.295601 8700
    149 13 11 30.305657 13 11 30.305657 8700
    150 13 11 30.315556 13 11 30.315556 8700
    151 13 11 30.325559 13 11 30.325559 8700
    152 13 11 30.335578 13 11 30.335578 8700
    153 13 11 30.345597 13 11 30.345597 8700
    154 13 11 30.356300 13 11 30.356300 8700
    155 13 11 30.365563 13 11 30.365563 8700
    156 13 11 30.375558 13 11 30.375558 8700
    157 13 11 30.385656 13 11 30.385656 8700
    158 13 11 30.395618 13 11 30.395618 8700
    159 13 11 30.405674 13 11 30.405674 8700
    160 13 11 30.415566 13 11 30.415566 8700
    161 13 11 30.425632 13 11 30.425632 8700
    162 13 11 30.435569 13 11 30.435569 8700
    163 13 11 30.445613 13 11 30.445613 8700
    164 13 11 30.455614 13 11 30.455614 8700
    165 13 11 30.465617 13 11 30.465617 8700
    166 13 11 30.475628 13 11 30.475628 8700
    167 13 11 30.485620 13 11 30.485620 8700
    168 13 11 30.495636 13 11 30.495636 8700
    169 13 11 30.505544 13 11 30.505544 8700
    170 13 11 30.515579 13 11 30.515579 8700
    171 13 11 30.525549 13 11 30.525549 8700
    172 13 11 30.535541 13 11 30.535541 8700
    173 13 11 30.545557 13 11 30.545557 8700
    174 13 11 30.555568 13 11 30.555568 8700
    175 13 11 30.565636 13 11 30.565636 8700
    176 13 11 30.575556 13 11 30.575556 8700
    177 13 11 30.585620 13 11 30.585620 8700
    178 13 11 30.595615 13 11 30.595615 8700
    179 13 11 30.605581 13 11 30.605581 8700
    180 13 11 30.615778 13 11 30.615778 8700
    181 13 11 30.625643 13 11 30.625643 8700
    182 13 11 30.635559 13 11 30.635559 8700
    183 13 11 30.645637 13 11 30.645637 8700
    184 13 11 30.655557 13 11 30.655557 8700
    185 13 11 30.665610 13 11 30.665610 8700
    186 13 11 30.675558 13 11 30.675558 8700
    187 13 11 30.685643 13 11 30.685643 8700
    188 13 11 30.695558 13 11 30.695558 8700
    189 13 11 30.705556 13 11 30.705556 8700
    190 13 11 30.715557 13 11 30.715557 8700
    191 13 11 30.725553 13 11 30.725553 8700
    192 13 11 30.735551 13 11 30.735551 8700
    193 13 11 30.745556 13 11 30.745556 8700
    194 13 11 30.755506 13 11 30.755506 8700
    195 13 11 30.765675 13 11 30.765675 8700
    196 13 11 30.775628 13 11 30.775628 8700
    197 13 11 30.785654 13 11 30.785654 8700
    198 13 11 30.795625 13 11 30.795625 8700
    199 13 11 30.805559 13 11 30.805559 8700
    200 13 11 30.815626 13 11 30.815626 8700
    201 13 11 30.825614 13 11 30.825614 8700
    202 13 11 30.835922 13 11 30.835922 8700
    203 13 11 30.845717 13 11 30.845717 8700
    204 13 11 30.855634 13 11 30.855634 8700
    205 13 11 30.865614 13 11 30.865614 8700
    206 13 11 30.875638 13 11 30.875638 8700
    207 13 11 30.885607 13 11 30.885607 8700
    208 13 11 30.895611 13 11 30.895611 8700
    209 13 11 30.905557 13 11 30.905557 8700
    210 13 11 30.915569 13 11 30.915569 8700
    211 13 11 30.925558 13 11 30.925558 8700
    212 13 11 30.935553 13 11 30.935553 8700
    213 13 11 30.945554 13 11 30.945554 8700
    214 13 11 30.955642 13 11 30.955642 8700
    215 13 11 30.965620 13 11 30.965620 8700
    216 13 11 30.975685 13 11 30.975685 8700
    217 13 11 30.985634 13 11 30.985634 8700
    218 13 11 30.995622 13 11 30.995622 8700
    219 13 11 31.005559 13 11 31.005559 8700
    220 13 11 31.015625 13 11 31.015625 8700
    221 13 11 31.025636 13 11 31.025636 8700
    222 13 11 31.035633 13 11 31.035633 8700
    223 13 11 31.045615 13 11 31.045615 8700
    224 13 11 31.055614 13 11 31.055614 8700
    225 13 11 31.065622 13 11 31.065622 8700
    226 13 11 31.075621 13 11 31.075621 8700
    227 13 11 31.085613 13 11 31.085613 8700
    228 13 11 31.095559 13 11 31.095559 8700
    229 13 11 31.105555 13 11 31.105555 8700
    230 13 11 31.115556 13 11 31.115556 8700
    231 13 11 31.125554 13 11 31.125554 8700
    232 13 11 31.135555 13 11 31.135555 8700
    233 13 11 31.145548 13 11 31.145548 8700
    234 13 11 31.155650 13 11 31.155650 8700
    235 13 11 31.165559 13 11 31.165559 8700
    236 13 11 31.175623 13 11 31.175623 8700
    237 13 11 31.185620 13 11 31.185620 8700
    238 13 11 31.195623 13 11 31.195623 8700
    239 13 11 31.205505 13 11 31.205505 8700
    240 13 11 31.215623 13 11 31.215623 8700
    241 13 11 31.225619 13 11 31.225619 8700
    242 13 11 31.235627 13 11 31.235627 8700
    243 13 11 31.245623 13 11 31.245623 8700
    244 13 11 31.255621 13 11 31.255621 8700
    245 13 11 31.265633 13 11 31.265633 8700
    246 13 11 31.275642 13 11 31.275642 8700
    247 13 11 31.285622 13 11 31.285622 8700
    248 13 11 31.295548 13 11 31.295548 8700
    249 13 11 31.305555 13 11 31.305555 8700
    250 13 11 31.315556 13 11 31.315556 8700
    251 13 11 31.325575 13 11 31.325575 8700
    252 13 11 31.335606 13 11 31.335606 8700
    253 13 11 31.345570 13 11 31.345570 8700
    254 13 11 31.355568 13 11 31.355568 8700
    255 13 11 31.365642 13 11 31.365642 8700
    256 13 11 31.375606 13 11 31.375606 8700
    257 13 11 31.385608 13 11 31.385608 8700
    258 13 11 31.395603 13 11 31.395603 8700
    259 13 11 31.405549 13 11 31.405549 8700
    260 13 11 31.415579 13 11 31.415579 8700
    261 13 11 31.425633 13 11 31.425633 8700
    262 13 11 31.435618 13 11 31.435618 8700
    263 13 11 31.445592 13 11 31.445592 8700
    264 13 11 31.455628 13 11 31.455628 8700
    265 13 11 31.465620 13 11 31.465620 8700
    266 13 11 31.475619 13 11 31.475619 8700
    267 13 11 31.485638 13 11 31.485638 8700
    268 13 11 31.495573 13 11 31.495573 8700
    269 13 11 31.505555 13 11 31.505555 8700
    270 13 11 31.515567 13 11 31.515567 8700
    271 13 11 31.525573 13 11 31.525573 8700
    272 13 11 31.535555 13 11 31.535555 8700
    273 13 11 31.545604 13 11 31.545604 8700
    274 13 11 31.555651 13 11 31.555651 8700
    275 13 11 31.565636 13 11 31.565636 8700
    276 13 11 31.575690 13 11 31.575690 8700
    277 13 11 31.585616 13 11 31.585616 8700
    278 13 11 31.595624 13 11 31.595624 8700
    279 13 11 31.605606 13 11 31.605606 8700
    280 13 11 31.615621 13 11 31.615621 8700
    281 13 11 31.625633 13 11 31.625633 8700
    282 13 11 31.635615 13 11 31.635615 8700
    283 13 11 31.645662 13 11 31.645662 8700
    284 13 11 31.655619 13 11 31.655619 8700
    285 13 11 31.665625 13 11 31.665625 8700
    286 13 11 31.675622 13 11 31.675622 8700
    287 13 11 31.685577 13 11 31.685577 8700
    288 13 11 31.695555 13 11 31.695555 8700
    289 13 11 31.705621 13 11 31.705621 8700
    290 13 11 31.715551 13 11 31.715551 8700
    291 13 11 31.725563 13 11 31.725563 8700
    292 13 11 31.735565 13 11 31.735565 8700
    293 13 11 31.745556 13 11 31.745556 8700
    294 13 11 31.755580 13 11 31.755580 8700
    295 13 11 31.765755 13 11 31.765755 8700
    296 13 11 31.775642 13 11 31.775642 8700
    297 13 11 31.785640 13 11 31.785640 8700
    298 13 11 31.795629 13 11 31.795629 8700
    299 13 11 31.805561 13 11 31.805561 8700
    300 13 11 31.815612 13 11 31.815612 8700
    301 13 11 31.825641 13 11 31.825641 8700
    302 13 11 31.835591 13 11 31.835591 8700
    303 13 11 31.845644 13 11 31.845644 8700
    304 13 11 31.855620 13 11 31.855620 8700
    305 13 11 31.865622 13 11 31.865622 8700
    306 13 11 31.875637 13 11 31.875637 8700
    307 13 11 31.885580 13 11 31.885580 8700
    308 13 11 31.895559 13 11 31.895559 8700
    309 13 11 31.905553 13 11 31.905553 8700
    310 13 11 31.915561 13 11 31.915561 8700
    311 13 11 31.925554 13 11 31.925554 8700
    312 13 11 31.935555 13 11 31.935555 8700
    313 13 11 31.945584 13 11 31.945584 8700
    314 13 11 31.955608 13 11 31.955608 8700
    315 13 11 31.965643 13 11 31.965643 8700
    316 13 11 31.975626 13 11 31.975626 8700
    317 13 11 31.985617 13 11 31.985617 8700
    318 13 11 31.995561 13 11 31.995561 8700
    319 13 11 32.005625 13 11 32.005625 8700
    320 13 11 32.015619 13 11 32.015619 8700
    321 13 11 32.025666 13 11 32.025666 8700
    322 13 11 32.035595 13 11 32.035595 8700
    323 13 11 32.045630 13 11 32.045630 8700
    324 13 11 32.055576 13 11 32.055576 8700
    325 13 11 32.065731 13 11 32.065731 8700
    326 13 11 32.075642 13 11 32.075642 8700
    327 13 11 32.085630 13 11 32.085630 8700
    328 13 11 32.095621 13 11 32.095621 8700
    329 13 11 32.105556 13 11 32.105556 8700
    330 13 11 32.115557 13 11 32.115557 8700
    331 13 11 32.125560 13 11 32.125560 8700
    332 13 11 32.135607 13 11 32.135607 8700
    333 13 11 32.145547 13 11 32.145547 8700
    334 13 11 32.155619 13 11 32.155619 8700
    335 13 11 32.165624 13 11 32.165624 8700
    336 13 11 32.175621 13 11 32.175621 8700
    337 13 11 32.185633 13 11 32.185633 8700
    338 13 11 32.195616 13 11 32.195616 8700
    339 13 11 32.205627 13 11 32.205627 8700
    340 13 11 32.215595 13 11 32.215595 8700
    341 13 11 32.225569 13 11 32.225569 8700
    342 13 11 32.235602 13 11 32.235602 8700
    343 13 11 32.245643 13 11 32.245643 8700
    344 13 11 32.255645 13 11 32.255645 8700
    345 13 11 32.265579 13 11 32.265579 8700
    346 13 11 32.275627 13 11 32.275627 8700
    347 13 11 32.285631 13 11 32.285631 8700
    348 13 11 32.295654 13 11 32.295654 8700
    349 13 11 32.305557 13 11 32.305557 8700
    350 13 11 32.315556 13 11 32.315556 8700
    351 13 11 32.325561 13 11 32.325561 8700
    352 13 11 32.335569 13 11 32.335569 8700
    353 13 11 32.345570 13 11 32.345570 8700
    354 13 11 32.355693 13 11 32.355693 8700
    355 13 11 32.365625 13 11 32.365625 8700
    356 13 11 32.375675 13 11 32.375675 8700
    357 13 11 32.385638 13 11 32.385638 8700
    358 13 11 32.395645 13 11 32.395645 8700
    359 13 11 32.405723 13 11 32.405723 8700
    360 13 11 32.415537 13 11 32.415537 8700
    361 13 11 32.425649 13 11 32.425649 8700
    362 13 11 32.435679 13 11 32.435679 8700
    363 13 11 32.445635 13 11 32.445635 8700
    364 13 11 32.455620 13 11 32.455620 8700
    365 13 11 32.465566 13 11 32.465566 8700
    366 13 11 32.475555 13 11 32.475555 8700
    367 13 11 32.485624 13 11 32.485624 8700
    368 13 11 32.495618 13 11 32.495618 8700
    369 13 11 32.505558 13 11 32.505558 8700
    370 13 11 32.515554 13 11 32.515554 8700
    371 13 11 32.525556 13 11 32.525556 8700
    372 13 11 32.535583 13 11 32.535583 8700
    373 13 11 32.545557 13 11 32.545557 8700
    374 13 11 32.555559 13 11 32.555559 8700
    375 13 11 32.565621 13 11 32.565621 8700
    376 13 11 32.575617 13 11 32.575617 8700
    377 13 11 32.585616 13 11 32.585616 8700
    378 13 11 32.595592 13 11 32.595592 8700
    379 13 11 32.605570 13 11 32.605570 8700
    380 13 11 32.616104 13 11 32.616104 8700
    381 13 11 32.625642 13 11 32.625642 8700
    382 13 11 32.635576 13 11 32.635576 8700
    383 13 11 32.645648 13 11 32.645648 8700
    384 13 11 32.655560 13 11 32.655560 8700
    385 13 11 32.665674 13 11 32.665674 8700
    386 13 11 32.675584 13 11 32.675584 8700
    387 13 11 32.685633 13 11 32.685633 8700
    388 13 11 32.695556 13 11 32.695556 8700
    389 13 11 32.705554 13 11 32.705554 8700
    390 13 11 32.715598 13 11 32.715598 8700
    391 13 11 32.725543 13 11 32.725543 8700
    392 13 11 32.735565 13 11 32.735565 8700
    393 13 11 32.745556 13 11 32.745556 8700
    394 13 11 32.755595 13 11 32.755595 8700
    395 13 11 32.765833 13 11 32.765833 8700
    396 13 11 32.775562 13 11 32.775562 8700
    397 13 11 32.785628 13 11 32.785628 8700
    398 13 11 32.795628 13 11 32.795628 8700
    399 13 11 32.805599 13 11 32.805599 8700
    400 13 11 32.815589 13 11 32.815589 8700
    401 13 11 32.825622 13 11 32.825622 8700
    402 13 11 32.835737 13 11 32.835737 8700
    403 13 11 32.845636 13 11 32.845636 8700
    404 13 11 32.855623 13 11 32.855623 8700
    405 13 11 32.865544 13 11 32.865544 8700
    406 13 11 32.875619 13 11 32.875619 8700
    407 13 11 32.885624 13 11 32.885624 8700
    408 13 11 32.895623 13 11 32.895623 8700
    409 13 11 32.905622 13 11 32.905622 8700
    410 13 11 32.915556 13 11 32.915556 8700
    411 13 11 32.925556 13 11 32.925556 8700
    412 13 11 32.935554 13 11 32.935554 8700
    413 13 11 32.945588 13 11 32.945588 8700
    414 13 11 32.955558 13 11 32.955558 8700
    415 13 11 32.965595 13 11 32.965595 8700
    416 13 11 32.975594 13 11 32.975594 8700
    417 13 11 32.985670 13 11 32.985670 8700
    418 13 11 32.995649 13 11 32.995649 8700
    419 13 11 33.005622 13 11 33.005622 8700
    420 13 11 33.015748 13 11 33.015748 8700
    421 13 11 33.025694 13 11 33.025694 8700
    422 13 11 33.035621 13 11 33.035621 8700
    423 13 11 33.045726 13 11 33.045726 8700
    424 13 11 33.055624 13 11 33.055624 8700
    425 13 11 33.065629 13 11 33.065629 8700
    426 13 11 33.075614 13 11 33.075614 8700
    427 13 11 33.085585 13 11 33.085585 8700
    428 13 11 33.095627 13 11 33.095627 8700
    429 13 11 33.105618 13 11 33.105618 8700
    430 13 11 33.115558 13 11 33.115558 8700
    431 13 11 33.125556 13 11 33.125556 8700
    432 13 11 33.135553 13 11 33.135553 8700
    433 13 11 33.145543 13 11 33.145543 8700
    434 13 11 33.155549 13 11 33.155549 8700
    435 13 11 33.165602 13 11 33.165602 8700
    436 13 11 33.175668 13 11 33.175668 8700
    437 13 11 33.185696 13 11 33.185696 8700
    438 13 11 33.195619 13 11 33.195619 8700
    439 13 11 33.205610 13 11 33.205610 8700
    440 13 11 33.215820 13 11 33.215820 8700
    441 13 11 33.226042 13 11 33.226042 8700
    442 13 11 33.235661 13 11 33.235661 8700
    443 13 11 33.245688 13 11 33.245688 8700
    444 13 11 33.255622 13 11 33.255622 8700
    445 13 11 33.265625 13 11 33.265625 8700
    446 13 11 33.275654 13 11 33.275654 8700
    447 13 11 33.286391 13 11 33.286391 8700
    448 13 11 33.295605 13 11 33.295605 8700
    449 13 11 33.305661 13 11 33.305661 8700
    450 13 11 33.315595 13 11 33.315595 8700
    451 13 11 33.325592 13 11 33.325592 8700
    452 13 11 33.335572 13 11 33.335572 8700
    453 13 11 33.345537 13 11 33.345537 8700
    454 13 11 33.355558 13 11 33.355558 8700
    455 13 11 33.365667 13 11 33.365667 8700
    456 13 11 33.375635 13 11 33.375635 8700
    457 13 11 33.385620 13 11 33.385620 8700
    458 13 11 33.395620 13 11 33.395620 8700
    459 13 11 33.405611 13 11 33.405611 8700
    460 13 11 33.415557 13 11 33.415557 8700
    461 13 11 33.425570 13 11 33.425570 8700
    462 13 11 33.435586 13 11 33.435586 8700
    463 13 11 33.445577 13 11 33.445577 8700
    464 13 11 33.455589 13 11 33.455589 8700
    465 13 11 33.465623 13 11 33.465623 8700
    466 13 11 33.475627 13 11 33.475627 8700
    467 13 11 33.485624 13 11 33.485624 8700
    468 13 11 33.495618 13 11 33.495618 8700
    469 13 11 33.505563 13 11 33.505563 8700
    470 13 11 33.515555 13 11 33.515555 8700
    471 13 11 33.525588 13 11 33.525588 8700
    472 13 11 33.535555 13 11 33.535555 8700
    473 13 11 33.545555 13 11 33.545555 8700
    474 13 11 33.555557 13 11 33.555557 8700
    475 13 11 33.565762 13 11 33.565762 8700
    476 13 11 33.575612 13 11 33.575612 8700
    477 13 11 33.585625 13 11 33.585625 8700
    478 13 11 33.595582 13 11 33.595582 8700
    479 13 11 33.605592 13 11 33.605592 8700
    480 13 11 33.615566 13 11 33.615566 8700
    481 13 11 33.625621 13 11 33.625621 8700
    482 13 11 33.635618 13 11 33.635618 8700
    483 13 11 33.645614 13 11 33.645614 8700
    484 13 11 33.655630 13 11 33.655630 8700
    485 13 11 33.665613 13 11 33.665613 8700
    486 13 11 33.675669 13 11 33.675669 8700
    487 13 11 33.685679 13 11 33.685679 8700
    488 13 11 33.695681 13 11 33.695681 8700
    489 13 11 33.705623 13 11 33.705623 8700
    490 13 11 33.715662 13 11 33.715662 8700
    491 13 11 33.725569 13 11 33.725569 8700
    492 13 11 33.735557 13 11 33.735557 8700
    493 13 11 33.745542 13 11 33.745542 8700
    494 13 11 33.755560 13 11 33.755560 8700
    495 13 11 33.765667 13 11 33.765667 8700
    496 13 11 33.776026 13 11 33.776026 8700
    497 13 11 33.785662 13 11 33.785662 8700
    498 13 11 33.795623 13 11 33.795623 8700
    499 13 11 33.805624 13 11 33.805624 8700
    500 13 11 33.815556 13 11 33.815556 8700
    501 13 11 33.825628 13 11 33.825628 8700
    502 13 11 33.835582 13 11 33.835582 8700
    503 13 11 33.845562 13 11 33.845562 8700
    504 13 11 33.855631 13 11 33.855631 8700
    505 13 11 33.865622 13 11 33.865622 8700
    506 13 11 33.875616 13 11 33.875616 8700
    507 13 11 33.885612 13 11 33.885612 8700
    508 13 11 33.895628 13 11 33.895628 8700
    509 13 11 33.905588 13 11 33.905588 8700
    510 13 11 33.915554 13 11 33.915554 8700
    511 13 11 33.925544 13 11 33.925544 8700
    512 13 11 33.935564 13 11 33.935564 8700
    513 13 11 33.945552 13 11 33.945552 8700
    514 13 11 33.955565 13 11 33.955565 8700
    515 13 11 33.965774 13 11 33.965774 8700
    516 13 11 33.975620 13 11 33.975620 8700
    517 13 11 33.985636 13 11 33.985636 8700
    518 13 11 33.995629 13 11 33.995629 8700
    519 13 11 34.005625 13 11 34.005625 8700
    520 13 11 34.015574 13 11 34.015574 8700
    521 13 11 34.025632 13 11 34.025632 8700
    522 13 11 34.035621 13 11 34.035621 8700
    523 13 11 34.045664 13 11 34.045664 8700
    524 13 11 34.055615 13 11 34.055615 8700
    525 13 11 34.065623 13 11 34.065623 8700
    526 13 11 34.075620 13 11 34.075620 8700
    527 13 11 34.085617 13 11 34.085617 8700
    528 13 11 34.095579 13 11 34.095579 8700
    529 13 11 34.105556 13 11 34.105556 8700
    530 13 11 34.115557 13 11 34.115557 8700
    531 13 11 34.125560 13 11 34.125560 8700
    532 13 11 34.135570 13 11 34.135570 8700
    533 13 11 34.145570 13 11 34.145570 8700
    534 13 11 34.155563 13 11 34.155563 8700
    535 13 11 34.166421 13 11 34.166421 8700
    536 13 11 34.175654 13 11 34.175654 8700
    537 13 11 34.185558 13 11 34.185558 8700
    538 13 11 34.195642 13 11 34.195642 8700
    539 13 11 34.205624 13 11 34.205624 8700
    540 13 11 34.215558 13 11 34.215558 8700
    541 13 11 34.225580 13 11 34.225580 8700
    542 13 11 34.235565 13 11 34.235565 8700
    543 13 11 34.245576 13 11 34.245576 8700
    544 13 11 34.255616 13 11 34.255616 8700
    545 13 11 34.265622 13 11 34.265622 8700
    546 13 11 34.275678 13 11 34.275678 8700
    547 13 11 34.285580 13 11 34.285580 8700
    548 13 11 34.295577 13 11 34.295577 8700
    549 13 11 34.305616 13 11 34.305616 8700
    550 13 11 34.315561 13 11 34.315561 8700
    551 13 11 34.325557 13 11 34.325557 8700
    552 13 11 34.335546 13 11 34.335546 8700
    553 13 11 34.345576 13 11 34.345576 8700
    554 13 11 34.355562 13 11 34.355562 8700
    555 13 11 34.365586 13 11 34.365586 8700
    556 13 11 34.375619 13 11 34.375619 8700
    557 13 11 34.385610 13 11 34.385610 8700
    558 13 11 34.395577 13 11 34.395577 8700
    559 13 11 34.405566 13 11 34.405566 8700
    560 13 11 34.415556 13 11 34.415556 8700
    561 13 11 34.425562 13 11 34.425562 8700
    562 13 11 34.435631 13 11 34.435631 8700
    563 13 11 34.445577 13 11 34.445577 8700
    564 13 11 34.455548 13 11 34.455548 8700
    565 13 11 34.465620 13 11 34.465620 8700
    566 13 11 34.475557 13 11 34.475557 8700
    567 13 11 34.485635 13 11 34.485635 8700
    568 13 11 34.495634 13 11 34.495634 8700
    569 13 11 34.505549 13 11 34.505549 8700
    570 13 11 34.515588 13 11 34.515588 8700
    571 13 11 34.525548 13 11 34.525548 8700
    572 13 11 34.535555 13 11 34.535555 8700
    573 13 11 34.545555 13 11 34.545555 8700
    574 13 11 34.555557 13 11 34.555557 8700
    575 13 11 34.565613 13 11 34.565613 8700
    576 13 11 34.575619 13 11 34.575619 8700
    577 13 11 34.585686 13 11 34.585686 8700
    578 13 11 34.595629 13 11 34.595629 8700
    579 13 11 34.605626 13 11 34.605626 8700
    580 13 11 34.615580 13 11 34.615580 8700
    581 13 11 34.625588 13 11 34.625588 8700
    582 13 11 34.635679 13 11 34.635679 8700
    583 13 11 34.645628 13 11 34.645628 8700
    584 13 11 34.655670 13 11 34.655670 8700
    585 13 11 34.665638 13 11 34.665638 8700
    586 13 11 34.675649 13 11 34.675649 8700
    587 13 11 34.685640 13 11 34.685640 8700
    588 13 11 34.695570 13 11 34.695570 8700
    589 13 11 34.705683 13 11 34.705683 8700
    590 13 11 34.715598 13 11 34.715598 8700
    591 13 11 34.725563 13 11 34.725563 8700
    592 13 11 34.735559 13 11 34.735559 8700
    593 13 11 34.745584 13 11 34.745584 8700
    594 13 11 34.755567 13 11 34.755567 8700
    595 13 11 34.765546 13 11 34.765546 8700
    596 13 11 34.775604 13 11 34.775604 8700
    597 13 11 34.785626 13 11 34.785626 8700
    598 13 11 34.795622 13 11 34.795622 8700
    599 13 11 34.805613 13 11 34.805613 8700
    600 13 11 34.815558 13 11 34.815558 8700
    601 13 11 34.825667 13 11 34.825667 8700
    602 13 11 34.836292 13 11 34.836292 8700
    603 13 11 34.845641 13 11 34.845641 8700
    604 13 11 34.855558 13 11 34.855558 8700
    605 13 11 34.865622 13 11 34.865622 8700
    606 13 11 34.875625 13 11 34.875625 8700
    607 13 11 34.885629 13 11 34.885629 8700
    608 13 11 34.895617 13 11 34.895617 8700
    609 13 11 34.905617 13 11 34.905617 8700
    610 13 11 34.915579 13 11 34.915579 8700
    611 13 11 34.925587 13 11 34.925587 8700
    612 13 11 34.935555 13 11 34.935555 8700
    613 13 11 34.945559 13 11 34.945559 8700
    614 13 11 34.955561 13 11 34.955561 8700
    615 13 11 34.965623 13 11 34.965623 8700
    616 13 11 34.975639 13 11 34.975639 8700
    617 13 11 34.985643 13 11 34.985643 8700
    618 13 11 34.995615 13 11 34.995615 8700
    619 13 11 35.005617 13 11 35.005617 8700
    620 13 11 35.015565 13 11 35.015565 8700
    621 13 11 35.025683 13 11 35.025683 8700
    622 13 11 35.036372 13 11 35.036372 8700
    623 13 11 35.045681 13 11 35.045681 8700
    624 13 11 35.055615 13 11 35.055615 8700
    625 13 11 35.065578 13 11 35.065578 8700
    626 13 11 35.075614 13 11 35.075614 8700
    627 13 11 35.085625 13 11 35.085625 8700
    628 13 11 35.095618 13 11 35.095618 8700
    629 13 11 35.105625 13 11 35.105625 8700
    630 13 11 35.115568 13 11 35.115568 8700
    631 13 11 35.125554 13 11 35.125554 8700
    632 13 11 35.135564 13 11 35.135564 8700
    633 13 11 35.145555 13 11 35.145555 8700
    634 13 11 35.155557 13 11 35.155557 8700
    635 13 11 35.165565 13 11 35.165565 8700
    636 13 11 35.175642 13 11 35.175642 8700
    637 13 11 35.185662 13 11 35.185662 8700
    638 13 11 35.195619 13 11 35.195619 8700
    639 13 11 35.205626 13 11 35.205626 8700
    640 13 11 35.215556 13 11 35.215556 8700
    641 13 11 35.225661 13 11 35.225661 8700
    642 13 11 35.235712 13 11 35.235712 8700
    643 13 11 35.245632 13 11 35.245632 8700
    644 13 11 35.255620 13 11 35.255620 8700
    645 13 11 35.265630 13 11 35.265630 8700
    646 13 11 35.275643 13 11 35.275643 8700
    647 13 11 35.285620 13 11 35.285620 8700
    648 13 11 35.295610 13 11 35.295610 8700
    649 13 11 35.305584 13 11 35.305584 8700
    650 13 11 35.315542 13 11 35.315542 8700
    651 13 11 35.325589 13 11 35.325589 8700
    652 13 11 35.335503 13 11 35.335503 8700
    653 13 11 35.345602 13 11 35.345602 8700
    654 13 11 35.355632 13 11 35.355632 8700
    655 13 11 35.365692 13 11 35.365692 8700
    656 13 11 35.376252 13 11 35.376252 8700
    657 13 11 35.385620 13 11 35.385620 8700
    658 13 11 35.395639 13 11 35.395639 8700
    659 13 11 35.405569 13 11 35.405569 8700
    660 13 11 35.415556 13 11 35.415556 8700
    661 13 11 35.425507 13 11 35.425507 8700
    662 13 11 35.435665 13 11 35.435665 8700
    663 13 11 35.445619 13 11 35.445619 8700
    664 13 11 35.455626 13 11 35.455626 8700
    665 13 11 35.465622 13 11 35.465622 8700
    666 13 11 35.475555 13 11 35.475555 8700
    667 13 11 35.485633 13 11 35.485633 8700
    668 13 11 35.495606 13 11 35.495606 8700
    669 13 11 35.505631 13 11 35.505631 8700
    670 13 11 35.515557 13 11 35.515557 8700
    671 13 11 35.525556 13 11 35.525556 8700
    672 13 11 35.535555 13 11 35.535555 8700
    673 13 11 35.545555 13 11 35.545555 8700
    674 13 11 35.555559 13 11 35.555559 8700
    675 13 11 35.566817 13 11 35.566817 8700
    676 13 11 35.575647 13 11 35.575647 8700
    677 13 11 35.585607 13 11 35.585607 8700
    678 13 11 35.595636 13 11 35.595636 8700
    679 13 11 35.605643 13 11 35.605643 8700
    680 13 11 35.615557 13 11 35.615557 8700
    681 13 11 35.625557 13 11 35.625557 8700
    682 13 11 35.635649 13 11 35.635649 8700
    683 13 11 35.645603 13 11 35.645603 8700
    684 13 11 35.655630 13 11 35.655630 8700
    685 13 11 35.665616 13 11 35.665616 8700
    686 13 11 35.675624 13 11 35.675624 8700
    687 13 11 35.685614 13 11 35.685614 8700
    688 13 11 35.695633 13 11 35.695633 8700
    689 13 11 35.705508 13 11 35.705508 8700
    690 13 11 35.715556 13 11 35.715556 8700
    691 13 11 35.725555 13 11 35.725555 8700
    692 13 11 35.735565 13 11 35.735565 8700
    693 13 11 35.745555 13 11 35.745555 8700
    694 13 11 35.755595 13 11 35.755595 8700
    695 13 11 35.765591 13 11 35.765591 8700
    696 13 11 35.775672 13 11 35.775672 8700
    697 13 11 35.785612 13 11 35.785612 8700
    698 13 11 35.795613 13 11 35.795613 8700
    699 13 11 35.805627 13 11 35.805627 8700
    700 13 11 35.815578 13 11 35.815578 8700
    701 13 11 35.825544 13 11 35.825544 8700
    702 13 11 35.835562 13 11 35.835562 8700
    703 13 11 35.845658 13 11 35.845658 8700
    704 13 11 35.855558 13 11 35.855558 8700
    705 13 11 35.865623 13 11 35.865623 8700
    706 13 11 35.875557 13 11 35.875557 8700
    707 13 11 35.885579 13 11 35.885579 8700
    708 13 11 35.895673 13 11 35.895673 8700
    709 13 11 35.905628 13 11 35.905628 8700
    710 13 11 35.915557 13 11 35.915557 8700
    711 13 11 35.925581 13 11 35.925581 8700
    712 13 11 35.935560 13 11 35.935560 8700
    713 13 11 35.945537 13 11 35.945537 8700
    714 13 11 35.955595 13 11 35.955595 8700
    715 13 11 35.965578 13 11 35.965578 8700
    716 13 11 35.975568 13 11 35.975568 8700
    717 13 11 35.985622 13 11 35.985622 8700
    718 13 11 35.995618 13 11 35.995618 8700
    719 13 11 36.005611 13 11 36.005611 8700
    720 13 11 36.015503 13 11 36.015503 8700
    721 13 11 36.025556 13 11 36.025556 8700
    722 13 11 36.035629 13 11 36.035629 8700
    723 13 11 36.045636 13 11 36.045636 8700
    724 13 11 36.055627 13 11 36.055627 8700
    725 13 11 36.065587 13 11 36.065587 8700
    726 13 11 36.075563 13 11 36.075563 8700
    727 13 11 36.085554 13 11 36.085554 8700
    728 13 11 36.095624 13 11 36.095624 8700
    729 13 11 36.105634 13 11 36.105634 8700
    730 13 11 36.115560 13 11 36.115560 8700
    731 13 11 36.125554 13 11 36.125554 8700
    732 13 11 36.135553 13 11 36.135553 8700
    733 13 11 36.145555 13 11 36.145555 8700
    734 13 11 36.155560 13 11 36.155560 8700
    735 13 11 36.165629 13 11 36.165629 8700
    736 13 11 36.175589 13 11 36.175589 8700
    737 13 11 36.185589 13 11 36.185589 8700
    738 13 11 36.195624 13 11 36.195624 8700
    739 13 11 36.205545 13 11 36.205545 8700
    740 13 11 36.215558 13 11 36.215558 8700
    741 13 11 36.225569 13 11 36.225569 8700
    742 13 11 36.236051 13 11 36.236051 8700
    743 13 11 36.245646 13 11 36.245646 8700
    744 13 11 36.255585 13 11 36.255585 8700
    745 13 11 36.265684 13 11 36.265684 8700
    746 13 11 36.275621 13 11 36.275621 8700
    747 13 11 36.285567 13 11 36.285567 8700
    748 13 11 36.295619 13 11 36.295619 8700
    749 13 11 36.305622 13 11 36.305622 8700
    750 13 11 36.316115 13 11 36.316115 8700
    751 13 11 36.325639 13 11 36.325639 8700
    752 13 11 36.335560 13 11 36.335560 8700
    753 13 11 36.345525 13 11 36.345525 8700
    754 13 11 36.355584 13 11 36.355584 8700
    755 13 11 36.365668 13 11 36.365668 8700
    756 13 11 36.375602 13 11 36.375602 8700
    757 13 11 36.385696 13 11 36.385696 8700
    758 13 11 36.395775 13 11 36.395775 8700
    759 13 11 36.405625 13 11 36.405625 8700
    760 13 11 36.415613 13 11 36.415613 8700
    761 13 11 36.426524 13 11 36.426524 8700
    762 13 11 36.435605 13 11 36.435605 8700
    763 13 11 36.445633 13 11 36.445633 8700
    764 13 11 36.455626 13 11 36.455626 8700
    765 13 11 36.465626 13 11 36.465626 8700
    766 13 11 36.475605 13 11 36.475605 8700
    767 13 11 36.485624 13 11 36.485624 8700
    768 13 11 36.495614 13 11 36.495614 8700
    769 13 11 36.505546 13 11 36.505546 8700
    770 13 11 36.515548 13 11 36.515548 8700
    771 13 11 36.525543 13 11 36.525543 8700
    772 13 11 36.535556 13 11 36.535556 8700
    773 13 11 36.545549 13 11 36.545549 8700
    774 13 11 36.555584 13 11 36.555584 8700
    775 13 11 36.565589 13 11 36.565589 8700
    776 13 11 36.575670 13 11 36.575670 8700
    777 13 11 36.585569 13 11 36.585569 8700
    778 13 11 36.595561 13 11 36.595561 8700
    779 13 11 36.605580 13 11 36.605580 8700
    780 13 11 36.615642 13 11 36.615642 8700
    781 13 11 36.625557 13 11 36.625557 8700
    782 13 11 36.635593 13 11 36.635593 8700
    783 13 11 36.645637 13 11 36.645637 8700
    784 13 11 36.655662 13 11 36.655662 8700
    785 13 11 36.665667 13 11 36.665667 8700
    786 13 11 36.675628 13 11 36.675628 8700
    787 13 11 36.685634 13 11 36.685634 8700
    788 13 11 36.695624 13 11 36.695624 8700
    789 13 11 36.705621 13 11 36.705621 8700
    790 13 11 36.715561 13 11 36.715561 8700
    791 13 11 36.725558 13 11 36.725558 8700
    792 13 11 36.735574 13 11 36.735574 8700
    793 13 11 36.745558 13 11 36.745558 8700
    794 13 11 36.755654 13 11 36.755654 8700
    795 13 11 36.765689 13 11 36.765689 8700
    796 13 11 36.775559 13 11 36.775559 8700
    797 13 11 36.785671 13 11 36.785671 8700
    798 13 11 36.795633 13 11 36.795633 8700
    799 13 11 36.805608 13 11 36.805608 8700
    800 13 11 36.815559 13 11 36.815559 8700
    801 13 11 36.825561 13 11 36.825561 8700
    802 13 11 36.835599 13 11 36.835599 8700
    803 13 11 36.845616 13 11 36.845616 8700
    804 13 11 36.855615 13 11 36.855615 8700
    805 13 11 36.865578 13 11 36.865578 8700
    806 13 11 36.875632 13 11 36.875632 8700
    807 13 11 36.885615 13 11 36.885615 8700
    808 13 11 36.895620 13 11 36.895620 8700
    809 13 11 36.905558 13 11 36.905558 8700
    810 13 11 36.915560 13 11 36.915560 8700
    811 13 11 36.925556 13 11 36.925556 8700
    812 13 11 36.935555 13 11 36.935555 8700
    813 13 11 36.945579 13 11 36.945579 8700
    814 13 11 36.955559 13 11 36.955559 8700
    815 13 11 36.965569 13 11 36.965569 8700
    816 13 11 36.975619 13 11 36.975619 8700
    817 13 11 36.985627 13 11 36.985627 8700
    818 13 11 36.995694 13 11 36.995694 8700
    819 13 11 37.005589 13 11 37.005589 8700
    820 13 11 37.015568 13 11 37.015568 8700
    821 13 11 37.025556 13 11 37.025556 8700
    822 13 11 37.035859 13 11 37.035859 8700
    823 13 11 37.045665 13 11 37.045665 8700
    824 13 11 37.055700 13 11 37.055700 8700
    825 13 11 37.065618 13 11 37.065618 8700
    826 13 11 37.075623 13 11 37.075623 8700
    827 13 11 37.085644 13 11 37.085644 8700
    828 13 11 37.095615 13 11 37.095615 8700
    829 13 11 37.105623 13 11 37.105623 8700
    830 13 11 37.115560 13 11 37.115560 8700
    831 13 11 37.125557 13 11 37.125557 8700
    832 13 11 37.135556 13 11 37.135556 8700
    833 13 11 37.145556 13 11 37.145556 8700
    834 13 11 37.155555 13 11 37.155555 8700
    835 13 11 37.165677 13 11 37.165677 8700
    836 13 11 37.175584 13 11 37.175584 8700
    837 13 11 37.185639 13 11 37.185639 8700
    838 13 11 37.195560 13 11 37.195560 8700
    839 13 11 37.205613 13 11 37.205613 8700
    840 13 11 37.215560 13 11 37.215560 8700
    841 13 11 37.225554 13 11 37.225554 8700
    842 13 11 37.235601 13 11 37.235601 8700
    843 13 11 37.245623 13 11 37.245623 8700
    844 13 11 37.255560 13 11 37.255560 8700
    845 13 11 37.265622 13 11 37.265622 8700
    846 13 11 37.275612 13 11 37.275612 8700
    847 13 11 37.285556 13 11 37.285556 8700
    848 13 11 37.295603 13 11 37.295603 8700
    849 13 11 37.305630 13 11 37.305630 8700
    850 13 11 37.315970 13 11 37.315970 8700
    851 13 11 37.325518 13 11 37.325518 8700
    852 13 11 37.335557 13 11 37.335557 8700
    853 13 11 37.345559 13 11 37.345559 8700
    854 13 11 37.355558 13 11 37.355558 8700
    855 13 11 37.365634 13 11 37.365634 8700
    856 13 11 37.375672 13 11 37.375672 8700
    857 13 11 37.385632 13 11 37.385632 8700
    858 13 11 37.395575 13 11 37.395575 8700
    859 13 11 37.405667 13 11 37.405667 8700
    860 13 11 37.415894 13 11 37.415894 8700
    861 13 11 37.425573 13 11 37.425573 8700
    862 13 11 37.435597 13 11 37.435597 8700
    863 13 11 37.445639 13 11 37.445639 8700
    864 13 11 37.455616 13 11 37.455616 8700
    865 13 11 37.465597 13 11 37.465597 8700
    866 13 11 37.475675 13 11 37.475675 8700
    867 13 11 37.485621 13 11 37.485621 8700
    868 13 11 37.495632 13 11 37.495632 8700
    869 13 11 37.505636 13 11 37.505636 8700
    870 13 11 37.515636 13 11 37.515636 8700
    871 13 11 37.525565 13 11 37.525565 8700
    872 13 11 37.535544 13 11 37.535544 8700
    873 13 11 37.545589 13 11 37.545589 8700
    874 13 11 37.555587 13 11 37.555587 8700
    875 13 11 37.565567 13 11 37.565567 8700
    876 13 11 37.575561 13 11 37.575561 8700
    877 13 11 37.585583 13 11 37.585583 8700
    878 13 11 37.595619 13 11 37.595619 8700
    879 13 11 37.605688 13 11 37.605688 8700
    880 13 11 37.615676 13 11 37.615676 8700
    881 13 11 37.625591 13 11 37.625591 8700
    882 13 11 37.635601 13 11 37.635601 8700
    883 13 11 37.645679 13 11 37.645679 8700
    884 13 11 37.655619 13 11 37.655619 8700
    885 13 11 37.665671 13 11 37.665671 8700
    886 13 11 37.675631 13 11 37.675631 8700
    887 13 11 37.685561 13 11 37.685561 8700
    888 13 11 37.695618 13 11 37.695618 8700
    889 13 11 37.705679 13 11 37.705679 8700
    890 13 11 37.715712 13 11 37.715712 8700
    891 13 11 37.725678 13 11 37.725678 8700
    892 13 11 37.735573 13 11 37.735573 8700
    893 13 11 37.745556 13 11 37.745556 8700
    894 13 11 37.755558 13 11 37.755558 8700
    895 13 11 37.765723 13 11 37.765723 8700
    896 13 11 37.775624 13 11 37.775624 8700
    897 13 11 37.785628 13 11 37.785628 8700
    898 13 11 37.795623 13 11 37.795623 8700
    899 13 11 37.805630 13 11 37.805630 8700
    900 13 11 37.815645 13 11 37.815645 8700
    901 13 11 37.825561 13 11 37.825561 8700
    902 13 11 37.835599 13 11 37.835599 8700
    903 13 11 37.845565 13 11 37.845565 8700
    904 13 11 37.855628 13 11 37.855628 8700
    905 13 11 37.865586 13 11 37.865586 8700
    906 13 11 37.875622 13 11 37.875622 8700
    907 13 11 37.885624 13 11 37.885624 8700
    908 13 11 37.895614 13 11 37.895614 8700
    909 13 11 37.905622 13 11 37.905622 8700
    910 13 11 37.915632 13 11 37.915632 8700
    911 13 11 37.925556 13 11 37.925556 8700
    912 13 11 37.935589 13 11 37.935589 8700
    913 13 11 37.945557 13 11 37.945557 8700
    914 13 11 37.955558 13 11 37.955558 8700
    915 13 11 37.965581 13 11 37.965581 8700
    916 13 11 37.975645 13 11 37.975645 8700
    917 13 11 37.985624 13 11 37.985624 8700
    918 13 11 37.995640 13 11 37.995640 8700
    919 13 11 38.005622 13 11 38.005622 8700
    920 13 11 38.015616 13 11 38.015616 8700
    921 13 11 38.025559 13 11 38.025559 8700
    922 13 11 38.035561 13 11 38.035561 8700
    923 13 11 38.045571 13 11 38.045571 8700
    924 13 11 38.055605 13 11 38.055605 8700
    925 13 11 38.065612 13 11 38.065612 8700
    926 13 11 38.075617 13 11 38.075617 8700
    927 13 11 38.085619 13 11 38.085619 8700
    928 13 11 38.095613 13 11 38.095613 8700
    929 13 11 38.105646 13 11 38.105646 8700
    930 13 11 38.115634 13 11 38.115634 8700
    931 13 11 38.125559 13 11 38.125559 8700
    932 13 11 38.135553 13 11 38.135553 8700
    933 13 11 38.145595 13 11 38.145595 8700
    934 13 11 38.155560 13 11 38.155560 8700
    935 13 11 38.165568 13 11 38.165568 8700
    936 13 11 38.175617 13 11 38.175617 8700
    937 13 11 38.185622 13 11 38.185622 8700
    938 13 11 38.195611 13 11 38.195611 8700
    939 13 11 38.205637 13 11 38.205637 8700
    940 13 11 38.215628 13 11 38.215628 8700
    941 13 11 38.225585 13 11 38.225585 8700
    942 13 11 38.235582 13 11 38.235582 8700
    943 13 11 38.245621 13 11 38.245621 8700
    944 13 11 38.255625 13 11 38.255625 8700
    945 13 11 38.265563 13 11 38.265563 8700
    946 13 11 38.275618 13 11 38.275618 8700
    947 13 11 38.285567 13 11 38.285567 8700
    948 13 11 38.295619 13 11 38.295619 8700
    949 13 11 38.305629 13 11 38.305629 8700
    950 13 11 38.315613 13 11 38.315613 8700
    951 13 11 38.325560 13 11 38.325560 8700
    952 13 11 38.335552 13 11 38.335552 8700
    953 13 11 38.345559 13 11 38.345559 8700
    954 13 11 38.355570 13 11 38.355570 8700
    955 13 11 38.365569 13 11 38.365569 8700
    956 13 11 38.376071 13 11 38.376071 8700
    957 13 11 38.385683 13 11 38.385683 8700
    958 13 11 38.396050 13 11 38.396050 8700
    959 13 11 38.405608 13 11 38.405608 8700
    960 13 11 38.415652 13 11 38.415652 8700
    961 13 11 38.425629 13 11 38.425629 8700
    962 13 11 38.435561 13 11 38.435561 8700
    963 13 11 38.445583 13 11 38.445583 8700
    964 13 11 38.455561 13 11 38.455561 8700
    965 13 11 38.465589 13 11 38.465589 8700
    966 13 11 38.475619 13 11 38.475619 8700
    967 13 11 38.485616 13 11 38.485616 8700
    968 13 11 38.495617 13 11 38.495617 8700
    969 13 11 38.505569 13 11 38.505569 8700
    970 13 11 38.515618 13 11 38.515618 8700
    971 13 11 38.525561 13 11 38.525561 8700
    972 13 11 38.535555 13 11 38.535555 8700
    973 13 11 38.545558 13 11 38.545558 8700
    974 13 11 38.555559 13 11 38.555559 8700
    975 13 11 38.565561 13 11 38.565561 8700
    976 13 11 38.575622 13 11 38.575622 8700
    977 13 11 38.585661 13 11 38.585661 8700
    978 13 11 38.595638 13 11 38.595638 8700
    979 13 11 38.605621 13 11 38.605621 8700
    980 13 11 38.615645 13 11 38.615645 8700
    981 13 11 38.625548 13 11 38.625548 8700
    982 13 11 38.635582 13 11 38.635582 8700
    983 13 11 38.645614 13 11 38.645614 8700
    984 13 11 38.656261 13 11 38.656261 8700
    985 13 11 38.665672 13 11 38.665672 8700
    986 13 11 38.675629 13 11 38.675629 8700
    987 13 11 38.685614 13 11 38.685614 8700
    988 13 11 38.695622 13 11 38.695622 8700
    989 13 11 38.705626 13 11 38.705626 8700
    990 13 11 38.715617 13 11 38.715617 8700
    991 13 11 38.725569 13 11 38.725569 8700
    992 13 11 38.735553 13 11 38.735553 8700
    993 13 11 38.745555 13 11 38.745555 8700
    994 13 11 38.755577 13 11 38.755577 8700
    995 13 11 38.765576 13 11 38.765576 8700
    996 13 11 38.775753 13 11 38.775753 8700
    997 13 11 38.785724 13 11 38.785724 8700
    998 13 11 38.795580 13 11 38.795580 8700
    999 13 11 38.805641 13 11 38.805641 8700
   1000 13 11 38.815615 13 11 38.815615 8700
