      1 13 17 33.440961 13 17 33.455229 11700
      2 13 17 33.451042 13 17 33.464987 11700
      3 13 17 33.461027 13 17 33.474843 11700
      4 13 17 33.471086 13 17 33.484709 11700
      5 13 17 33.481071 13 17 33.494557 11700
      6 13 17 33.491050 13 17 33.504446 11700
      7 13 17 33.501071 13 17 33.514311 11700
      8 13 17 33.511065 13 17 33.524216 11700
      9 13 17 33.521065 13 17 33.534092 11700
     10 13 17 33.531064 13 17 33.543965 11700
     11 13 17 33.541015 13 17 33.553834 11700
     12 13 17 33.551036 13 17 33.563707 11700
     13 13 17 33.561098 13 17 33.573563 11700
     14 13 17 33.571049 13 17 33.583437 11700
     15 13 17 33.581037 13 17 33.593358 11700
     16 13 17 33.591068 13 17 33.603208 11700
     17 13 17 33.601076 13 17 33.613076 11700
     18 13 17 33.611063 13 17 33.622978 11700
     19 13 17 33.621060 13 17 33.632854 11700
     20 13 17 33.631068 13 17 33.642825 11700
     21 13 17 33.641075 13 17 33.652726 11700
     22 13 17 33.651060 13 17 33.662691 11700
     23 13 17 33.661068 13 17 33.672697 11700
     24 13 17 33.671061 13 17 33.682690 11700
     25 13 17 33.681060 13 17 33.692722 11700
     26 13 17 33.691065 13 17 33.702699 11700
     27 13 17 33.701076 13 17 33.712704 11700
     28 13 17 33.711058 13 17 33.722683 11700
     29 13 17 33.721060 13 17 33.732694 11700
     30 13 17 33.731048 13 17 33.742674 11700
     31 13 17 33.741128 13 17 33.752738 11700
     32 13 17 33.750996 13 17 33.762686 11700
     33 13 17 33.761035 13 17 33.772722 11700
     34 13 17 33.771059 13 17 33.782696 11700
     35 13 17 33.781148 13 17 33.792788 11700
     36 13 17 33.791061 13 17 33.802706 11700
     37 13 17 33.801147 13 17 33.812803 11700
     38 13 17 33.811067 13 17 33.822724 11700
     39 13 17 33.821061 13 17 33.832765 11700
     40 13 17 33.831131 13 17 33.842775 11700
     41 13 17 33.841059 13 17 33.852753 11700
     42 13 17 33.851066 13 17 33.862710 11700
     43 13 17 33.861064 13 17 33.872720 11700
     44 13 17 33.871063 13 17 33.882730 11700
     45 13 17 33.881064 13 17 33.892811 11700
     46 13 17 33.891064 13 17 33.902698 11700
     47 13 17 33.901060 13 17 33.912689 11700
     48 13 17 33.911059 13 17 33.922696 11700
     49 13 17 33.921059 13 17 33.932687 11700
     50 13 17 33.931058 13 17 33.948664 11700
     51 13 17 33.941060 13 17 33.958494 11700
     52 13 17 33.951017 13 17 33.968291 11700
     53 13 17 33.961100 13 17 33.978195 11700
     54 13 17 33.971071 13 17 33.987954 11700
     55 13 17 33.981109 13 17 33.997934 11700
     56 13 17 33.991087 13 17 34.007815 11700
     57 13 17 34.001085 13 17 34.017682 11700
     58 13 17 34.011068 13 17 34.027557 11700
     59 13 17 34.021101 13 17 34.037500 11700
     60 13 17 34.031067 13 17 34.047375 11700
     61 13 17 34.041066 13 17 34.057273 11700
     62 13 17 34.051067 13 17 34.067104 11700
     63 13 17 34.061014 13 17 34.076957 11700
     64 13 17 34.071066 13 17 34.086807 11700
     65 13 17 34.081127 13 17 34.096729 11700
     66 13 17 34.091065 13 17 34.106600 11700
     67 13 17 34.101063 13 17 34.116481 11700
     68 13 17 34.111049 13 17 34.126350 11700
     69 13 17 34.121065 13 17 34.136158 11700
     70 13 17 34.131067 13 17 34.146037 11700
     71 13 17 34.141063 13 17 34.156058 11700
     72 13 17 34.151023 13 17 34.165889 11700
     73 13 17 34.161068 13 17 34.175660 11700
     74 13 17 34.171111 13 17 34.185577 11700
     75 13 17 34.181069 13 17 34.195470 11700
     76 13 17 34.191029 13 17 34.205382 11700
     77 13 17 34.201065 13 17 34.215246 11700
     78 13 17 34.211064 13 17 34.225105 11700
     79 13 17 34.221072 13 17 34.234957 11700
     80 13 17 34.231067 13 17 34.244784 11700
     81 13 17 34.241067 13 17 34.254685 11700
     82 13 17 34.251069 13 17 34.264623 11700
     83 13 17 34.261082 13 17 34.274585 11700
     84 13 17 34.271045 13 17 34.284303 11700
     85 13 17 34.281112 13 17 34.294229 11700
     86 13 17 34.290995 13 17 34.304104 11700
     87 13 17 34.301062 13 17 34.313980 11700
     88 13 17 34.311064 13 17 34.323852 11700
     89 13 17 34.321067 13 17 34.336697 11700
     90 13 17 34.331073 13 17 34.343584 11700
     91 13 17 34.341030 13 17 34.353470 11700
     92 13 17 34.351035 13 17 34.363286 11700
     93 13 17 34.361001 13 17 34.373148 11700
     94 13 17 34.371070 13 17 34.383070 11700
     95 13 17 34.381068 13 17 34.392905 11700
     96 13 17 34.391063 13 17 34.402774 11700
     97 13 17 34.401066 13 17 34.412714 11700
     98 13 17 34.411060 13 17 34.422687 11700
     99 13 17 34.421059 13 17 34.432684 11700
    100 13 17 34.431069 13 17 34.448666 11700
    101 13 17 34.441060 13 17 34.458550 11700
    102 13 17 34.451065 13 17 34.468420 11700
    103 13 17 34.461064 13 17 34.478248 11700
    104 13 17 34.471074 13 17 34.487988 11700
    105 13 17 34.481101 13 17 34.497943 11700
    106 13 17 34.491117 13 17 34.507801 11700
    107 13 17 34.501083 13 17 34.517687 11700
    108 13 17 34.511076 13 17 34.527565 11700
    109 13 17 34.521090 13 17 34.537441 11700
    110 13 17 34.531095 13 17 34.547300 11700
    111 13 17 34.541077 13 17 34.557203 11700
    112 13 17 34.551071 13 17 34.567087 11700
    113 13 17 34.561064 13 17 34.576912 11700
    114 13 17 34.571078 13 17 34.586787 11700
    115 13 17 34.581031 13 17 34.596749 11700
    116 13 17 34.591073 13 17 34.606535 11700
    117 13 17 34.601061 13 17 34.616407 11700
    118 13 17 34.611032 13 17 34.626286 11700
    119 13 17 34.621082 13 17 34.636192 11700
    120 13 17 34.631109 13 17 34.646017 11700
    121 13 17 34.641083 13 17 34.655895 11700
    122 13 17 34.651014 13 17 34.665840 11700
    123 13 17 34.661082 13 17 34.675659 11700
    124 13 17 34.671062 13 17 34.685535 11700
    125 13 17 34.681063 13 17 34.695407 11700
    126 13 17 34.691051 13 17 34.705280 11700
    127 13 17 34.701062 13 17 34.715156 11700
    128 13 17 34.711061 13 17 34.725028 11700
    129 13 17 34.721004 13 17 34.734906 11700
    130 13 17 34.731062 13 17 34.744781 11700
    131 13 17 34.741098 13 17 34.754676 11700
    132 13 17 34.751064 13 17 34.764527 11700
    133 13 17 34.761038 13 17 34.774406 11700
    134 13 17 34.771104 13 17 34.784328 11700
    135 13 17 34.781067 13 17 34.794164 11700
    136 13 17 34.791016 13 17 34.804031 11700
    137 13 17 34.801063 13 17 34.813901 11700
    138 13 17 34.811050 13 17 34.823776 11700
    139 13 17 34.821047 13 17 34.833655 11700
    140 13 17 34.831038 13 17 34.843522 11700
    141 13 17 34.841075 13 17 34.853439 11700
    142 13 17 34.851064 13 17 34.863263 11700
    143 13 17 34.861016 13 17 34.873170 11700
    144 13 17 34.871066 13 17 34.883035 11700
    145 13 17 34.881050 13 17 34.892896 11700
    146 13 17 34.891177 13 17 34.902810 11700
    147 13 17 34.901049 13 17 34.912719 11700
    148 13 17 34.911060 13 17 34.922701 11700
    149 13 17 34.921064 13 17 34.932769 11700
    150 13 17 34.931061 13 17 34.949536 11700
    151 13 17 34.941060 13 17 34.958539 11700
    152 13 17 34.951009 13 17 34.968245 11700
    153 13 17 34.961097 13 17 34.978183 11700
    154 13 17 34.971074 13 17 34.987935 11700
    155 13 17 34.981085 13 17 34.997925 11700
    156 13 17 34.991104 13 17 35.007806 11700
    157 13 17 35.001060 13 17 35.017673 11700
    158 13 17 35.011063 13 17 35.027546 11700
    159 13 17 35.021067 13 17 35.037436 11700
    160 13 17 35.031063 13 17 35.047305 11700
    161 13 17 35.040999 13 17 35.057161 11700
    162 13 17 35.051062 13 17 35.067050 11700
    163 13 17 35.061098 13 17 35.076926 11700
    164 13 17 35.071069 13 17 35.086843 11700
    165 13 17 35.081043 13 17 35.096730 11700
    166 13 17 35.091073 13 17 35.106552 11700
    167 13 17 35.101061 13 17 35.116425 11700
    168 13 17 35.111049 13 17 35.126302 11700
    169 13 17 35.121048 13 17 35.136172 11700
    170 13 17 35.131090 13 17 35.146050 11700
    171 13 17 35.141019 13 17 35.156019 11700
    172 13 17 35.151029 13 17 35.165796 11700
    173 13 17 35.161064 13 17 35.176085 11700
    174 13 17 35.171061 13 17 35.185550 11700
    175 13 17 35.181010 13 17 35.195419 11700
    176 13 17 35.191062 13 17 35.205253 11700
    177 13 17 35.201048 13 17 35.215133 11700
    178 13 17 35.211047 13 17 35.225051 11700
    179 13 17 35.221032 13 17 35.234926 11700
    180 13 17 35.231048 13 17 35.244878 11700
    181 13 17 35.241103 13 17 35.254640 11700
    182 13 17 35.250998 13 17 35.264552 11700
    183 13 17 35.261048 13 17 35.274414 11700
    184 13 17 35.271090 13 17 35.284278 11700
    185 13 17 35.281063 13 17 35.294172 11700
    186 13 17 35.291077 13 17 35.304045 11700
    187 13 17 35.301121 13 17 35.313923 11700
    188 13 17 35.311048 13 17 35.323779 11700
    189 13 17 35.321063 13 17 35.333599 11700
    190 13 17 35.331031 13 17 35.343544 11700
    191 13 17 35.341084 13 17 35.353495 11700
    192 13 17 35.351055 13 17 35.363264 11700
    193 13 17 35.360993 13 17 35.373145 11700
    194 13 17 35.371084 13 17 35.383032 11700
    195 13 17 35.381065 13 17 35.393003 11700
    196 13 17 35.391063 13 17 35.402752 11700
    197 13 17 35.401079 13 17 35.412753 11700
    198 13 17 35.411081 13 17 35.422741 11700
    199 13 17 35.421073 13 17 35.432755 11700
    200 13 17 35.431078 13 17 35.448700 11700
    201 13 17 35.441080 13 17 35.458522 11700
    202 13 17 35.451068 13 17 35.468342 11700
    203 13 17 35.461064 13 17 35.478217 11700
    204 13 17 35.471113 13 17 35.487971 11700
    205 13 17 35.481040 13 17 35.498041 11700
    206 13 17 35.491103 13 17 35.507798 11700
    207 13 17 35.501078 13 17 35.517513 11700
    208 13 17 35.511088 13 17 35.527504 11700
    209 13 17 35.521073 13 17 35.537373 11700
    210 13 17 35.531081 13 17 35.547251 11700
    211 13 17 35.541061 13 17 35.557152 11700
    212 13 17 35.551017 13 17 35.567000 11700
    213 13 17 35.561396 13 17 35.576959 11700
    214 13 17 35.571078 13 17 35.586838 11700
    215 13 17 35.581043 13 17 35.596653 11700
    216 13 17 35.591064 13 17 35.606530 11700
    217 13 17 35.601061 13 17 35.616401 11700
    218 13 17 35.611094 13 17 35.626275 11700
    219 13 17 35.621113 13 17 35.636200 11700
    220 13 17 35.631100 13 17 35.646115 11700
    221 13 17 35.641143 13 17 35.655982 11700
    222 13 17 35.651010 13 17 35.665858 11700
    223 13 17 35.661088 13 17 35.675736 11700
    224 13 17 35.671064 13 17 35.685532 11700
    225 13 17 35.681071 13 17 35.695400 11700
    226 13 17 35.691063 13 17 35.705388 11700
    227 13 17 35.701090 13 17 35.715243 11700
    228 13 17 35.711069 13 17 35.725043 11700
    229 13 17 35.721093 13 17 35.734945 11700
    230 13 17 35.731067 13 17 35.744793 11700
    231 13 17 35.741182 13 17 35.754671 11700
    232 13 17 35.751054 13 17 35.764496 11700
    233 13 17 35.761037 13 17 35.774420 11700
    234 13 17 35.771076 13 17 35.784287 11700
    235 13 17 35.781069 13 17 35.794150 11700
    236 13 17 35.791055 13 17 35.804015 11700
    237 13 17 35.801037 13 17 35.813898 11700
    238 13 17 35.811082 13 17 35.823768 11700
    239 13 17 35.821063 13 17 35.833637 11700
    240 13 17 35.831037 13 17 35.843471 11700
    241 13 17 35.841065 13 17 35.853389 11700
    242 13 17 35.851063 13 17 35.863239 11700
    243 13 17 35.861063 13 17 35.873103 11700
    244 13 17 35.871028 13 17 35.882993 11700
    245 13 17 35.881062 13 17 35.892868 11700
    246 13 17 35.891061 13 17 35.902751 11700
    247 13 17 35.901060 13 17 35.912806 11700
    248 13 17 35.911059 13 17 35.922685 11700
    249 13 17 35.921061 13 17 35.932684 11700
    250 13 17 35.931060 13 17 35.949514 11700
    251 13 17 35.941062 13 17 35.958472 11700
    252 13 17 35.951061 13 17 35.968198 11700
    253 13 17 35.961046 13 17 35.978180 11700
    254 13 17 35.971043 13 17 35.987918 11700
    255 13 17 35.981053 13 17 35.998089 11700
    256 13 17 35.991010 13 17 36.007745 11700
    257 13 17 36.001052 13 17 36.017473 11700
    258 13 17 36.011020 13 17 36.027515 11700
    259 13 17 36.021011 13 17 36.037435 11700
    260 13 17 36.031055 13 17 36.047240 11700
    261 13 17 36.041063 13 17 36.057115 11700
    262 13 17 36.051034 13 17 36.066996 11700
    263 13 17 36.061059 13 17 36.076866 11700
    264 13 17 36.071092 13 17 36.086741 11700
    265 13 17 36.081063 13 17 36.096614 11700
    266 13 17 36.091061 13 17 36.106493 11700
    267 13 17 36.101059 13 17 36.116536 11700
    268 13 17 36.111094 13 17 36.126241 11700
    269 13 17 36.121012 13 17 36.136114 11700
    270 13 17 36.131061 13 17 36.145991 11700
    271 13 17 36.141075 13 17 36.155873 11700
    272 13 17 36.151063 13 17 36.165737 11700
    273 13 17 36.161026 13 17 36.175620 11700
    274 13 17 36.171070 13 17 36.185595 11700
    275 13 17 36.181091 13 17 36.195439 11700
    276 13 17 36.191085 13 17 36.205230 11700
    277 13 17 36.201062 13 17 36.215113 11700
    278 13 17 36.211095 13 17 36.225064 11700
    279 13 17 36.221035 13 17 36.235014 11700
    280 13 17 36.231048 13 17 36.244719 11700
    281 13 17 36.241075 13 17 36.254612 11700
    282 13 17 36.251032 13 17 36.264507 11700
    283 13 17 36.261062 13 17 36.274363 11700
    284 13 17 36.271044 13 17 36.284233 11700
    285 13 17 36.281078 13 17 36.294119 11700
    286 13 17 36.291065 13 17 36.304065 11700
    287 13 17 36.301071 13 17 36.313901 11700
    288 13 17 36.311059 13 17 36.323734 11700
    289 13 17 36.321067 13 17 36.333674 11700
    290 13 17 36.331063 13 17 36.343522 11700
    291 13 17 36.341088 13 17 36.353310 11700
    292 13 17 36.351055 13 17 36.363222 11700
    293 13 17 36.361032 13 17 36.373102 11700
    294 13 17 36.371017 13 17 36.383017 11700
    295 13 17 36.381096 13 17 36.392926 11700
    296 13 17 36.391089 13 17 36.402797 11700
    297 13 17 36.401086 13 17 36.413913 11700
    298 13 17 36.411448 13 17 36.423442 11700
    299 13 17 36.421117 13 17 36.433579 11700
    300 13 17 36.431078 13 17 36.448982 11700
    301 13 17 36.441108 13 17 36.458736 11700
    302 13 17 36.451081 13 17 36.468505 11700
    303 13 17 36.461013 13 17 36.478439 11700
    304 13 17 36.471088 13 17 36.488205 11700
    305 13 17 36.481073 13 17 36.498156 11700
    306 13 17 36.491025 13 17 36.507899 11700
    307 13 17 36.501066 13 17 36.517865 11700
    308 13 17 36.511057 13 17 36.527738 11700
    309 13 17 36.521065 13 17 36.537622 11700
    310 13 17 36.531067 13 17 36.547496 11700
    311 13 17 36.541043 13 17 36.557417 11700
    312 13 17 36.551062 13 17 36.567259 11700
    313 13 17 36.561065 13 17 36.577241 11700
    314 13 17 36.571064 13 17 36.586990 11700
    315 13 17 36.581108 13 17 36.596853 11700
    316 13 17 36.591107 13 17 36.606735 11700
    317 13 17 36.601055 13 17 36.616610 11700
    318 13 17 36.611060 13 17 36.626469 11700
    319 13 17 36.621077 13 17 36.636370 11700
    320 13 17 36.631081 13 17 36.646299 11700
    321 13 17 36.641092 13 17 36.656201 11700
    322 13 17 36.651125 13 17 36.666052 11700
    323 13 17 36.661118 13 17 36.675874 11700
    324 13 17 36.671064 13 17 36.685747 11700
    325 13 17 36.681058 13 17 36.695720 11700
    326 13 17 36.691119 13 17 36.705724 11700
    327 13 17 36.701058 13 17 36.715367 11700
    328 13 17 36.711063 13 17 36.725242 11700
    329 13 17 36.721060 13 17 36.735124 11700
    330 13 17 36.731067 13 17 36.744970 11700
    331 13 17 36.741047 13 17 36.754868 11700
    332 13 17 36.751061 13 17 36.764741 11700
    333 13 17 36.761048 13 17 36.774636 11700
    334 13 17 36.771064 13 17 36.784500 11700
    335 13 17 36.781050 13 17 36.794370 11700
    336 13 17 36.791077 13 17 36.804242 11700
    337 13 17 36.801062 13 17 36.814168 11700
    338 13 17 36.811061 13 17 36.823993 11700
    339 13 17 36.821075 13 17 36.833852 11700
    340 13 17 36.831063 13 17 36.843732 11700
    341 13 17 36.841061 13 17 36.853608 11700
    342 13 17 36.851000 13 17 36.863467 11700
    343 13 17 36.861035 13 17 36.873353 11700
    344 13 17 36.871071 13 17 36.883208 11700
    345 13 17 36.881068 13 17 36.893090 11700
    346 13 17 36.891012 13 17 36.902965 11700
    347 13 17 36.901063 13 17 36.912852 11700
    348 13 17 36.911068 13 17 36.922696 11700
    349 13 17 36.921061 13 17 36.932687 11700
    350 13 17 36.931058 13 17 36.949531 11700
    351 13 17 36.941060 13 17 36.958511 11700
    352 13 17 36.951006 13 17 36.968235 11700
    353 13 17 36.961072 13 17 36.978185 11700
    354 13 17 36.971071 13 17 36.987926 11700
    355 13 17 36.981071 13 17 36.997925 11700
    356 13 17 36.991061 13 17 37.007798 11700
    357 13 17 37.001066 13 17 37.017668 11700
    358 13 17 37.011079 13 17 37.027541 11700
    359 13 17 37.021070 13 17 37.037429 11700
    360 13 17 37.031024 13 17 37.047289 11700
    361 13 17 37.040998 13 17 37.057167 11700
    362 13 17 37.051043 13 17 37.067084 11700
    363 13 17 37.061101 13 17 37.076917 11700
    364 13 17 37.071064 13 17 37.086793 11700
    365 13 17 37.081035 13 17 37.096663 11700
    366 13 17 37.091062 13 17 37.106540 11700
    367 13 17 37.101061 13 17 37.116416 11700
    368 13 17 37.111066 13 17 37.126291 11700
    369 13 17 37.121045 13 17 37.136192 11700
    370 13 17 37.131101 13 17 37.146040 11700
    371 13 17 37.141067 13 17 37.155974 11700
    372 13 17 37.151026 13 17 37.165790 11700
    373 13 17 37.161073 13 17 37.175677 11700
    374 13 17 37.171067 13 17 37.185577 11700
    375 13 17 37.181027 13 17 37.195414 11700
    376 13 17 37.191062 13 17 37.205289 11700
    377 13 17 37.201062 13 17 37.215175 11700
    378 13 17 37.211061 13 17 37.225098 11700
    379 13 17 37.221007 13 17 37.234926 11700
    380 13 17 37.231037 13 17 37.244759 11700
    381 13 17 37.241095 13 17 37.254637 11700
    382 13 17 37.251061 13 17 37.264543 11700
    383 13 17 37.261042 13 17 37.274442 11700
    384 13 17 37.271082 13 17 37.284289 11700
    385 13 17 37.281064 13 17 37.294167 11700
    386 13 17 37.291065 13 17 37.304127 11700
    387 13 17 37.301043 13 17 37.313887 11700
    388 13 17 37.311092 13 17 37.323802 11700
    389 13 17 37.321089 13 17 37.333692 11700
    390 13 17 37.331026 13 17 37.343566 11700
    391 13 17 37.341073 13 17 37.353355 11700
    392 13 17 37.351064 13 17 37.363236 11700
    393 13 17 37.361071 13 17 37.373136 11700
    394 13 17 37.371056 13 17 37.383011 11700
    395 13 17 37.381067 13 17 37.392862 11700
    396 13 17 37.391083 13 17 37.402763 11700
    397 13 17 37.401088 13 17 37.412730 11700
    398 13 17 37.411071 13 17 37.422727 11700
    399 13 17 37.421062 13 17 37.432689 11700
    400 13 17 37.431074 13 17 37.448782 11700
    401 13 17 37.441060 13 17 37.458497 11700
    402 13 17 37.451076 13 17 37.468322 11700
    403 13 17 37.461103 13 17 37.478223 11700
    404 13 17 37.471077 13 17 37.487958 11700
    405 13 17 37.481076 13 17 37.497956 11700
    406 13 17 37.491103 13 17 37.507810 11700
    407 13 17 37.501086 13 17 37.517696 11700
    408 13 17 37.511068 13 17 37.527679 11700
    409 13 17 37.521107 13 17 37.537498 11700
    410 13 17 37.531132 13 17 37.547477 11700
    411 13 17 37.541074 13 17 37.557279 11700
    412 13 17 37.551077 13 17 37.567093 11700
    413 13 17 37.561070 13 17 37.577117 11700
    414 13 17 37.571036 13 17 37.586852 11700
    415 13 17 37.581065 13 17 37.596699 11700
    416 13 17 37.591079 13 17 37.606650 11700
    417 13 17 37.601067 13 17 37.616433 11700
    418 13 17 37.611100 13 17 37.626311 11700
    419 13 17 37.621066 13 17 37.636190 11700
    420 13 17 37.631067 13 17 37.646067 11700
    421 13 17 37.641007 13 17 37.656106 11700
    422 13 17 37.651049 13 17 37.665868 11700
    423 13 17 37.661090 13 17 37.675752 11700
    424 13 17 37.671066 13 17 37.685611 11700
    425 13 17 37.681027 13 17 37.695427 11700
    426 13 17 37.691062 13 17 37.705306 11700
    427 13 17 37.701062 13 17 37.715200 11700
    428 13 17 37.711060 13 17 37.725082 11700
    429 13 17 37.721040 13 17 37.735005 11700
    430 13 17 37.731068 13 17 37.744810 11700
    431 13 17 37.741067 13 17 37.754680 11700
    432 13 17 37.751015 13 17 37.764732 11700
    433 13 17 37.761099 13 17 37.774532 11700
    434 13 17 37.771101 13 17 37.784463 11700
    435 13 17 37.781083 13 17 37.794353 11700
    436 13 17 37.791094 13 17 37.804096 11700
    437 13 17 37.801104 13 17 37.813932 11700
    438 13 17 37.811064 13 17 37.823785 11700
    439 13 17 37.821061 13 17 37.833660 11700
    440 13 17 37.831079 13 17 37.843533 11700
    441 13 17 37.841076 13 17 37.853489 11700
    442 13 17 37.851041 13 17 37.863356 11700
    443 13 17 37.861069 13 17 37.873165 11700
    444 13 17 37.871076 13 17 37.883077 11700
    445 13 17 37.881103 13 17 37.892972 11700
    446 13 17 37.891091 13 17 37.902807 11700
    447 13 17 37.901068 13 17 37.912812 11700
    448 13 17 37.911099 13 17 37.922764 11700
    449 13 17 37.921064 13 17 37.932743 11700
    450 13 17 37.931063 13 17 37.948681 11700
    451 13 17 37.941071 13 17 37.958505 11700
    452 13 17 37.951019 13 17 37.968288 11700
    453 13 17 37.961069 13 17 37.978203 11700
    454 13 17 37.971152 13 17 37.987952 11700
    455 13 17 37.981074 13 17 37.997945 11700
    456 13 17 37.991083 13 17 38.007812 11700
    457 13 17 38.001083 13 17 38.017741 11700
    458 13 17 38.011068 13 17 38.029024 11700
    459 13 17 38.021067 13 17 38.037519 11700
    460 13 17 38.031148 13 17 38.047218 11700
    461 13 17 38.041113 13 17 38.057530 11700
    462 13 17 38.051084 13 17 38.067070 11700
    463 13 17 38.061109 13 17 38.076988 11700
    464 13 17 38.071066 13 17 38.086871 11700
    465 13 17 38.081035 13 17 38.096719 11700
    466 13 17 38.091090 13 17 38.106608 11700
    467 13 17 38.101045 13 17 38.116477 11700
    468 13 17 38.111130 13 17 38.126381 11700
    469 13 17 38.121090 13 17 38.136159 11700
    470 13 17 38.131072 13 17 38.146079 11700
    471 13 17 38.141080 13 17 38.155897 11700
    472 13 17 38.151080 13 17 38.165757 11700
    473 13 17 38.161070 13 17 38.175640 11700
    474 13 17 38.171075 13 17 38.185538 11700
    475 13 17 38.181072 13 17 38.195399 11700
    476 13 17 38.191071 13 17 38.205274 11700
    477 13 17 38.201067 13 17 38.215152 11700
    478 13 17 38.211066 13 17 38.225036 11700
    479 13 17 38.221066 13 17 38.234929 11700
    480 13 17 38.231032 13 17 38.244762 11700
    481 13 17 38.241076 13 17 38.254649 11700
    482 13 17 38.251063 13 17 38.264516 11700
    483 13 17 38.261017 13 17 38.274402 11700
    484 13 17 38.271062 13 17 38.284255 11700
    485 13 17 38.281064 13 17 38.294133 11700
    486 13 17 38.291061 13 17 38.304009 11700
    487 13 17 38.301026 13 17 38.313873 11700
    488 13 17 38.311064 13 17 38.323751 11700
    489 13 17 38.321105 13 17 38.333641 11700
    490 13 17 38.331091 13 17 38.343530 11700
    491 13 17 38.341042 13 17 38.353368 11700
    492 13 17 38.351092 13 17 38.363315 11700
    493 13 17 38.361063 13 17 38.373114 11700
    494 13 17 38.371025 13 17 38.383065 11700
    495 13 17 38.381090 13 17 38.392856 11700
    496 13 17 38.391069 13 17 38.402748 11700
    497 13 17 38.401105 13 17 38.412815 11700
    498 13 17 38.411084 13 17 38.422766 11700
    499 13 17 38.421064 13 17 38.432707 11700
    500 13 17 38.431083 13 17 38.448681 11700
    501 13 17 38.441062 13 17 38.458589 11700
    502 13 17 38.451137 13 17 38.468274 11700
    503 13 17 38.461064 13 17 38.478209 11700
    504 13 17 38.471190 13 17 38.487954 11700
    505 13 17 38.481011 13 17 38.497951 11700
    506 13 17 38.491079 13 17 38.507874 11700
    507 13 17 38.501173 13 17 38.517685 11700
    508 13 17 38.511079 13 17 38.527548 11700
    509 13 17 38.521039 13 17 38.537435 11700
    510 13 17 38.531053 13 17 38.547409 11700
    511 13 17 38.541051 13 17 38.557332 11700
    512 13 17 38.551073 13 17 38.567067 11700
    513 13 17 38.561053 13 17 38.576936 11700
    514 13 17 38.570999 13 17 38.586846 11700
    515 13 17 38.581065 13 17 38.596690 11700
    516 13 17 38.591082 13 17 38.606560 11700
    517 13 17 38.601063 13 17 38.616424 11700
    518 13 17 38.611001 13 17 38.626308 11700
    519 13 17 38.621049 13 17 38.636209 11700
    520 13 17 38.631095 13 17 38.646067 11700
    521 13 17 38.641002 13 17 38.655979 11700
    522 13 17 38.651029 13 17 38.665809 11700
    523 13 17 38.661082 13 17 38.675753 11700
    524 13 17 38.671062 13 17 38.685564 11700
    525 13 17 38.681030 13 17 38.695438 11700
    526 13 17 38.691066 13 17 38.705345 11700
    527 13 17 38.701056 13 17 38.715184 11700
    528 13 17 38.711061 13 17 38.725020 11700
    529 13 17 38.721048 13 17 38.734941 11700
    530 13 17 38.731034 13 17 38.744836 11700
    531 13 17 38.741061 13 17 38.754758 11700
    532 13 17 38.751005 13 17 38.764557 11700
    533 13 17 38.761068 13 17 38.774442 11700
    534 13 17 38.771101 13 17 38.784340 11700
    535 13 17 38.781064 13 17 38.794189 11700
    536 13 17 38.791032 13 17 38.804408 11700
    537 13 17 38.801104 13 17 38.814284 11700
    538 13 17 38.811095 13 17 38.824156 11700
    539 13 17 38.821063 13 17 38.834031 11700
    540 13 17 38.831065 13 17 38.843905 11700
    541 13 17 38.841062 13 17 38.853783 11700
    542 13 17 38.851061 13 17 38.863675 11700
    543 13 17 38.861127 13 17 38.873533 11700
    544 13 17 38.871116 13 17 38.883406 11700
    545 13 17 38.881098 13 17 38.893295 11700
    546 13 17 38.891067 13 17 38.903266 11700
    547 13 17 38.901065 13 17 38.913021 11700
    548 13 17 38.911064 13 17 38.922922 11700
    549 13 17 38.921061 13 17 38.932774 11700
    550 13 17 38.931061 13 17 38.949547 11700
    551 13 17 38.941110 13 17 38.958584 11700
    552 13 17 38.951022 13 17 38.968246 11700
    553 13 17 38.961064 13 17 38.978194 11700
    554 13 17 38.971072 13 17 38.988000 11700
    555 13 17 38.981071 13 17 38.997892 11700
    556 13 17 38.991062 13 17 39.007648 11700
    557 13 17 39.001058 13 17 39.017629 11700
    558 13 17 39.011063 13 17 39.027509 11700
    559 13 17 39.021040 13 17 39.037391 11700
    560 13 17 39.031067 13 17 39.047257 11700
    561 13 17 39.041069 13 17 39.057133 11700
    562 13 17 39.051042 13 17 39.067006 11700
    563 13 17 39.061075 13 17 39.076875 11700
    564 13 17 39.071066 13 17 39.086790 11700
    565 13 17 39.081063 13 17 39.096634 11700
    566 13 17 39.091064 13 17 39.106515 11700
    567 13 17 39.101078 13 17 39.116548 11700
    568 13 17 39.111038 13 17 39.126252 11700
    569 13 17 39.121014 13 17 39.136127 11700
    570 13 17 39.131059 13 17 39.146062 11700
    571 13 17 39.141092 13 17 39.155886 11700
    572 13 17 39.151164 13 17 39.165753 11700
    573 13 17 39.161037 13 17 39.175671 11700
    574 13 17 39.171070 13 17 39.185538 11700
    575 13 17 39.181063 13 17 39.195379 11700
    576 13 17 39.191062 13 17 39.205253 11700
    577 13 17 39.201061 13 17 39.215130 11700
    578 13 17 39.211092 13 17 39.225076 11700
    579 13 17 39.221072 13 17 39.234892 11700
    580 13 17 39.231017 13 17 39.244751 11700
    581 13 17 39.241073 13 17 39.254631 11700
    582 13 17 39.251066 13 17 39.264515 11700
    583 13 17 39.261014 13 17 39.274549 11700
    584 13 17 39.271053 13 17 39.284247 11700
    585 13 17 39.281058 13 17 39.294269 11700
    586 13 17 39.291083 13 17 39.304006 11700
    587 13 17 39.301076 13 17 39.313887 11700
    588 13 17 39.311093 13 17 39.323737 11700
    589 13 17 39.321063 13 17 39.339511 11700
    590 13 17 39.331063 13 17 39.344213 11700
    591 13 17 39.341061 13 17 39.353712 11700
    592 13 17 39.351131 13 17 39.363734 11700
    593 13 17 39.361125 13 17 39.373584 11700
    594 13 17 39.371065 13 17 39.383495 11700
    595 13 17 39.381081 13 17 39.393312 11700
    596 13 17 39.391128 13 17 39.403187 11700
    597 13 17 39.401071 13 17 39.413057 11700
    598 13 17 39.411065 13 17 39.422933 11700
    599 13 17 39.421062 13 17 39.432901 11700
    600 13 17 39.431063 13 17 39.448667 11700
    601 13 17 39.441060 13 17 39.458489 11700
    602 13 17 39.451064 13 17 39.468263 11700
    603 13 17 39.461095 13 17 39.478197 11700
    604 13 17 39.471075 13 17 39.487943 11700
    605 13 17 39.481071 13 17 39.497902 11700
    606 13 17 39.491078 13 17 39.507796 11700
    607 13 17 39.501032 13 17 39.517662 11700
    608 13 17 39.511063 13 17 39.527535 11700
    609 13 17 39.521056 13 17 39.537425 11700
    610 13 17 39.531018 13 17 39.547297 11700
    611 13 17 39.541061 13 17 39.557307 11700
    612 13 17 39.551060 13 17 39.567222 11700
    613 13 17 39.561061 13 17 39.576911 11700
    614 13 17 39.571064 13 17 39.586854 11700
    615 13 17 39.581041 13 17 39.596662 11700
    616 13 17 39.591036 13 17 39.606535 11700
    617 13 17 39.601061 13 17 39.616425 11700
    618 13 17 39.611060 13 17 39.626297 11700
    619 13 17 39.621065 13 17 39.636189 11700
    620 13 17 39.631064 13 17 39.646039 11700
    621 13 17 39.641063 13 17 39.655906 11700
    622 13 17 39.651032 13 17 39.665802 11700
    623 13 17 39.661073 13 17 39.675674 11700
    624 13 17 39.671103 13 17 39.685536 11700
    625 13 17 39.681128 13 17 39.695436 11700
    626 13 17 39.691001 13 17 39.705286 11700
    627 13 17 39.701062 13 17 39.715170 11700
    628 13 17 39.711060 13 17 39.725034 11700
    629 13 17 39.721032 13 17 39.734909 11700
    630 13 17 39.731062 13 17 39.744795 11700
    631 13 17 39.741061 13 17 39.754662 11700
    632 13 17 39.751064 13 17 39.764532 11700
    633 13 17 39.761043 13 17 39.774424 11700
    634 13 17 39.771090 13 17 39.784298 11700
    635 13 17 39.781086 13 17 39.794178 11700
    636 13 17 39.791063 13 17 39.804034 11700
    637 13 17 39.801074 13 17 39.813912 11700
    638 13 17 39.811064 13 17 39.823765 11700
    639 13 17 39.821063 13 17 39.833641 11700
    640 13 17 39.831041 13 17 39.843514 11700
    641 13 17 39.841071 13 17 39.853414 11700
    642 13 17 39.851050 13 17 39.863315 11700
    643 13 17 39.861010 13 17 39.873142 11700
    644 13 17 39.871062 13 17 39.883045 11700
    645 13 17 39.881075 13 17 39.892888 11700
    646 13 17 39.891064 13 17 39.902766 11700
    647 13 17 39.901072 13 17 39.912740 11700
    648 13 17 39.911062 13 17 39.922699 11700
    649 13 17 39.921061 13 17 39.932687 11700
    650 13 17 39.931063 13 17 39.948650 11700
    651 13 17 39.941172 13 17 39.958502 11700
    652 13 17 39.951062 13 17 39.968255 11700
    653 13 17 39.961010 13 17 39.978194 11700
    654 13 17 39.971072 13 17 39.988081 11700
    655 13 17 39.981071 13 17 39.997962 11700
    656 13 17 39.991050 13 17 40.007612 11700
    657 13 17 40.001019 13 17 40.017583 11700
    658 13 17 40.011060 13 17 40.027501 11700
    659 13 17 40.021054 13 17 40.037362 11700
    660 13 17 40.031047 13 17 40.047229 11700
    661 13 17 40.041071 13 17 40.057600 11700
    662 13 17 40.051048 13 17 40.067092 11700
    663 13 17 40.061090 13 17 40.076901 11700
    664 13 17 40.071106 13 17 40.086784 11700
    665 13 17 40.081026 13 17 40.096665 11700
    666 13 17 40.091070 13 17 40.106527 11700
    667 13 17 40.101063 13 17 40.116377 11700
    668 13 17 40.111069 13 17 40.126252 11700
    669 13 17 40.121034 13 17 40.136122 11700
    670 13 17 40.131084 13 17 40.146000 11700
    671 13 17 40.141101 13 17 40.155864 11700
    672 13 17 40.151063 13 17 40.165751 11700
    673 13 17 40.161033 13 17 40.175626 11700
    674 13 17 40.171069 13 17 40.185515 11700
    675 13 17 40.181063 13 17 40.195371 11700
    676 13 17 40.191062 13 17 40.205249 11700
    677 13 17 40.201059 13 17 40.215138 11700
    678 13 17 40.211013 13 17 40.225008 11700
    679 13 17 40.221062 13 17 40.234872 11700
    680 13 17 40.231060 13 17 40.244731 11700
    681 13 17 40.241066 13 17 40.254590 11700
    682 13 17 40.251063 13 17 40.264493 11700
    683 13 17 40.261063 13 17 40.274375 11700
    684 13 17 40.271056 13 17 40.284247 11700
    685 13 17 40.281075 13 17 40.294122 11700
    686 13 17 40.291060 13 17 40.303970 11700
    687 13 17 40.301020 13 17 40.313864 11700
    688 13 17 40.311062 13 17 40.323717 11700
    689 13 17 40.321100 13 17 40.333607 11700
    690 13 17 40.331130 13 17 40.343434 11700
    691 13 17 40.341006 13 17 40.353307 11700
    692 13 17 40.351070 13 17 40.363264 11700
    693 13 17 40.361063 13 17 40.373094 11700
    694 13 17 40.371014 13 17 40.382969 11700
    695 13 17 40.381064 13 17 40.392839 11700
    696 13 17 40.391061 13 17 40.402724 11700
    697 13 17 40.401063 13 17 40.412804 11700
    698 13 17 40.411076 13 17 40.422767 11700
    699 13 17 40.421062 13 17 40.432755 11700
    700 13 17 40.431064 13 17 40.448653 11700
    701 13 17 40.441060 13 17 40.458495 11700
    702 13 17 40.451197 13 17 40.468263 11700
    703 13 17 40.461061 13 17 40.478222 11700
    704 13 17 40.471071 13 17 40.487951 11700
    705 13 17 40.481074 13 17 40.497929 11700
    706 13 17 40.491081 13 17 40.507812 11700
    707 13 17 40.501064 13 17 40.517721 11700
    708 13 17 40.511063 13 17 40.527723 11700
    709 13 17 40.521065 13 17 40.537475 11700
    710 13 17 40.531063 13 17 40.547311 11700
    711 13 17 40.541096 13 17 40.557248 11700
    712 13 17 40.551071 13 17 40.567162 11700
    713 13 17 40.561064 13 17 40.576954 11700
    714 13 17 40.571089 13 17 40.586826 11700
    715 13 17 40.581094 13 17 40.596761 11700
    716 13 17 40.591056 13 17 40.606563 11700
    717 13 17 40.601072 13 17 40.616430 11700
    718 13 17 40.611015 13 17 40.626308 11700
    719 13 17 40.621062 13 17 40.636181 11700
    720 13 17 40.631067 13 17 40.646054 11700
    721 13 17 40.641002 13 17 40.655940 11700
    722 13 17 40.651014 13 17 40.665824 11700
    723 13 17 40.661057 13 17 40.675677 11700
    724 13 17 40.671061 13 17 40.685552 11700
    725 13 17 40.681027 13 17 40.695428 11700
    726 13 17 40.691062 13 17 40.705317 11700
    727 13 17 40.701061 13 17 40.715181 11700
    728 13 17 40.711058 13 17 40.725054 11700
    729 13 17 40.721024 13 17 40.734915 11700
    730 13 17 40.731046 13 17 40.744804 11700
    731 13 17 40.741061 13 17 40.754634 11700
    732 13 17 40.751049 13 17 40.764533 11700
    733 13 17 40.761043 13 17 40.774411 11700
    734 13 17 40.771098 13 17 40.784320 11700
    735 13 17 40.781063 13 17 40.794167 11700
    736 13 17 40.791061 13 17 40.804015 11700
    737 13 17 40.801040 13 17 40.813921 11700
    738 13 17 40.811047 13 17 40.823770 11700
    739 13 17 40.821046 13 17 40.833621 11700
    740 13 17 40.831015 13 17 40.843584 11700
    741 13 17 40.841054 13 17 40.853413 11700
    742 13 17 40.851049 13 17 40.863266 11700
    743 13 17 40.861018 13 17 40.873131 11700
    744 13 17 40.871054 13 17 40.883028 11700
    745 13 17 40.881062 13 17 40.892912 11700
    746 13 17 40.891061 13 17 40.902752 11700
    747 13 17 40.901060 13 17 40.912661 11700
    748 13 17 40.911059 13 17 40.922682 11700
    749 13 17 40.921061 13 17 40.932682 11700
    750 13 17 40.931058 13 17 40.948638 11700
    751 13 17 40.941077 13 17 40.958606 11700
    752 13 17 40.951050 13 17 40.968201 11700
    753 13 17 40.961055 13 17 40.978169 11700
    754 13 17 40.971049 13 17 40.987959 11700
    755 13 17 40.981071 13 17 40.997881 11700
    756 13 17 40.991070 13 17 41.007747 11700
    757 13 17 41.001007 13 17 41.017626 11700
    758 13 17 41.011063 13 17 41.027529 11700
    759 13 17 41.021054 13 17 41.037466 11700
    760 13 17 41.031064 13 17 41.047255 11700
    761 13 17 41.041048 13 17 41.057180 11700
    762 13 17 41.051042 13 17 41.067041 11700
    763 13 17 41.061104 13 17 41.076951 11700
    764 13 17 41.071057 13 17 41.086787 11700
    765 13 17 41.081029 13 17 41.096660 11700
    766 13 17 41.091051 13 17 41.106538 11700
    767 13 17 41.101049 13 17 41.116411 11700
    768 13 17 41.111052 13 17 41.126286 11700
    769 13 17 41.121053 13 17 41.136158 11700
    770 13 17 41.131095 13 17 41.146036 11700
    771 13 17 41.141052 13 17 41.155900 11700
    772 13 17 41.151038 13 17 41.165787 11700
    773 13 17 41.161081 13 17 41.175660 11700
    774 13 17 41.171042 13 17 41.186329 11700
    775 13 17 41.181064 13 17 41.195405 11700
    776 13 17 41.191012 13 17 41.205285 11700
    777 13 17 41.201031 13 17 41.215158 11700
    778 13 17 41.211061 13 17 41.224997 11700
    779 13 17 41.221018 13 17 41.234909 11700
    780 13 17 41.231060 13 17 41.244782 11700
    781 13 17 41.241092 13 17 41.254640 11700
    782 13 17 41.251063 13 17 41.264525 11700
    783 13 17 41.261035 13 17 41.274383 11700
    784 13 17 41.271079 13 17 41.284283 11700
    785 13 17 41.281063 13 17 41.294136 11700
    786 13 17 41.291060 13 17 41.304017 11700
    787 13 17 41.301046 13 17 41.313892 11700
    788 13 17 41.311073 13 17 41.323900 11700
    789 13 17 41.321063 13 17 41.333641 11700
    790 13 17 41.331032 13 17 41.343507 11700
    791 13 17 41.341071 13 17 41.353405 11700
    792 13 17 41.351064 13 17 41.363253 11700
    793 13 17 41.361058 13 17 41.373145 11700
    794 13 17 41.371065 13 17 41.383006 11700
    795 13 17 41.381064 13 17 41.392876 11700
    796 13 17 41.391049 13 17 41.402751 11700
    797 13 17 41.401060 13 17 41.412686 11700
    798 13 17 41.411060 13 17 41.422803 11700
    799 13 17 41.421059 13 17 41.432707 11700
    800 13 17 41.431060 13 17 41.448636 11700
    801 13 17 41.441060 13 17 41.458474 11700
    802 13 17 41.451062 13 17 41.468248 11700
    803 13 17 41.461069 13 17 41.478186 11700
    804 13 17 41.471071 13 17 41.487940 11700
    805 13 17 41.481064 13 17 41.497917 11700
    806 13 17 41.491078 13 17 41.507812 11700
    807 13 17 41.501052 13 17 41.517667 11700
    808 13 17 41.511065 13 17 41.527540 11700
    809 13 17 41.521070 13 17 41.537439 11700
    810 13 17 41.531061 13 17 41.547291 11700
    811 13 17 41.541049 13 17 41.557161 11700
    812 13 17 41.551025 13 17 41.567168 11700
    813 13 17 41.561092 13 17 41.576926 11700
    814 13 17 41.571049 13 17 41.586798 11700
    815 13 17 41.581040 13 17 41.596666 11700
    816 13 17 41.591061 13 17 41.606541 11700
    817 13 17 41.601061 13 17 41.616419 11700
    818 13 17 41.611061 13 17 41.626308 11700
    819 13 17 41.621062 13 17 41.636156 11700
    820 13 17 41.631090 13 17 41.646047 11700
    821 13 17 41.641061 13 17 41.655966 11700
    822 13 17 41.651026 13 17 41.665812 11700
    823 13 17 41.661073 13 17 41.675645 11700
    824 13 17 41.671064 13 17 41.685527 11700
    825 13 17 41.681004 13 17 41.695413 11700
    826 13 17 41.691060 13 17 41.705714 11700
    827 13 17 41.701059 13 17 41.715162 11700
    828 13 17 41.711032 13 17 41.725034 11700
    829 13 17 41.721013 13 17 41.734931 11700
    830 13 17 41.731062 13 17 41.744788 11700
    831 13 17 41.741061 13 17 41.754668 11700
    832 13 17 41.751064 13 17 41.764538 11700
    833 13 17 41.761048 13 17 41.774416 11700
    834 13 17 41.771019 13 17 41.784295 11700
    835 13 17 41.781064 13 17 41.794158 11700
    836 13 17 41.791055 13 17 41.804004 11700
    837 13 17 41.801051 13 17 41.813898 11700
    838 13 17 41.811062 13 17 41.823771 11700
    839 13 17 41.821066 13 17 41.833646 11700
    840 13 17 41.831040 13 17 41.843488 11700
    841 13 17 41.841061 13 17 41.853402 11700
    842 13 17 41.851050 13 17 41.863252 11700
    843 13 17 41.861004 13 17 41.873111 11700
    844 13 17 41.871057 13 17 41.883012 11700
    845 13 17 41.881062 13 17 41.893002 11700
    846 13 17 41.891061 13 17 41.902762 11700
    847 13 17 41.901060 13 17 41.912685 11700
    848 13 17 41.911059 13 17 41.922671 11700
    849 13 17 41.921061 13 17 41.932693 11700
    850 13 17 41.931061 13 17 41.948641 11700
    851 13 17 41.941062 13 17 41.958497 11700
    852 13 17 41.951051 13 17 41.968207 11700
    853 13 17 41.961060 13 17 41.978189 11700
    854 13 17 41.971048 13 17 41.988118 11700
    855 13 17 41.981071 13 17 41.997847 11700
    856 13 17 41.991050 13 17 42.007615 11700
    857 13 17 42.001046 13 17 42.017620 11700
    858 13 17 42.011063 13 17 42.027510 11700
    859 13 17 42.021037 13 17 42.037382 11700
    860 13 17 42.031064 13 17 42.047243 11700
    861 13 17 42.041063 13 17 42.057135 11700
    862 13 17 42.051011 13 17 42.067010 11700
    863 13 17 42.061073 13 17 42.076886 11700
    864 13 17 42.071064 13 17 42.088020 11700
    865 13 17 42.081065 13 17 42.097825 11700
    866 13 17 42.091067 13 17 42.107567 11700
    867 13 17 42.101063 13 17 42.117556 11700
    868 13 17 42.111096 13 17 42.127411 11700
    869 13 17 42.121065 13 17 42.137284 11700
    870 13 17 42.131062 13 17 42.147162 11700
    871 13 17 42.141145 13 17 42.157038 11700
    872 13 17 42.151018 13 17 42.166913 11700
    873 13 17 42.161070 13 17 42.176794 11700
    874 13 17 42.171066 13 17 42.186666 11700
    875 13 17 42.181064 13 17 42.196536 11700
    876 13 17 42.191063 13 17 42.206411 11700
    877 13 17 42.201016 13 17 42.216285 11700
    878 13 17 42.211064 13 17 42.226163 11700
    879 13 17 42.221063 13 17 42.236052 11700
    880 13 17 42.231000 13 17 42.245911 11700
    881 13 17 42.241160 13 17 42.255826 11700
    882 13 17 42.251069 13 17 42.265664 11700
    883 13 17 42.261093 13 17 42.275553 11700
    884 13 17 42.271073 13 17 42.285401 11700
    885 13 17 42.281064 13 17 42.295287 11700
    886 13 17 42.291071 13 17 42.305171 11700
    887 13 17 42.301119 13 17 42.316040 11700
    888 13 17 42.311079 13 17 42.324914 11700
    889 13 17 42.321081 13 17 42.334792 11700
    890 13 17 42.331062 13 17 42.344741 11700
    891 13 17 42.341081 13 17 42.354537 11700
    892 13 17 42.351066 13 17 42.364409 11700
    893 13 17 42.361066 13 17 42.374290 11700
    894 13 17 42.371085 13 17 42.384163 11700
    895 13 17 42.381086 13 17 42.394038 11700
    896 13 17 42.391097 13 17 42.403947 11700
    897 13 17 42.401065 13 17 42.413912 11700
    898 13 17 42.411064 13 17 42.423696 11700
    899 13 17 42.421061 13 17 42.433537 11700
    900 13 17 42.431122 13 17 42.449983 11700
    901 13 17 42.441156 13 17 42.458875 11700
    902 13 17 42.451034 13 17 42.468660 11700
    903 13 17 42.461025 13 17 42.478571 11700
    904 13 17 42.471063 13 17 42.488348 11700
    905 13 17 42.480994 13 17 42.498297 11700
    906 13 17 42.491064 13 17 42.507989 11700
    907 13 17 42.501069 13 17 42.517964 11700
    908 13 17 42.511015 13 17 42.527723 11700
    909 13 17 42.521059 13 17 42.537683 11700
    910 13 17 42.531064 13 17 42.547587 11700
    911 13 17 42.541051 13 17 42.557878 11700
    912 13 17 42.551043 13 17 42.567326 11700
    913 13 17 42.561100 13 17 42.577232 11700
    914 13 17 42.571074 13 17 42.587051 11700
    915 13 17 42.581066 13 17 42.596957 11700
    916 13 17 42.591020 13 17 42.606833 11700
    917 13 17 42.601070 13 17 42.616709 11700
    918 13 17 42.611061 13 17 42.626582 11700
    919 13 17 42.621062 13 17 42.636473 11700
    920 13 17 42.631050 13 17 42.646331 11700
    921 13 17 42.641063 13 17 42.656204 11700
    922 13 17 42.651023 13 17 42.666080 11700
    923 13 17 42.661016 13 17 42.675960 11700
    924 13 17 42.671059 13 17 42.685870 11700
    925 13 17 42.681089 13 17 42.695712 11700
    926 13 17 42.691063 13 17 42.705581 11700
    927 13 17 42.701045 13 17 42.715457 11700
    928 13 17 42.711063 13 17 42.725333 11700
    929 13 17 42.721071 13 17 42.735219 11700
    930 13 17 42.731060 13 17 42.745080 11700
    931 13 17 42.741050 13 17 42.754956 11700
    932 13 17 42.751094 13 17 42.764830 11700
    933 13 17 42.761062 13 17 42.774704 11700
    934 13 17 42.771023 13 17 42.784596 11700
    935 13 17 42.781072 13 17 42.794474 11700
    936 13 17 42.791063 13 17 42.804330 11700
    937 13 17 42.801006 13 17 42.814205 11700
    938 13 17 42.811061 13 17 42.824129 11700
    939 13 17 42.821075 13 17 42.833959 11700
    940 13 17 42.831063 13 17 42.843767 11700
    941 13 17 42.841064 13 17 42.853645 11700
    942 13 17 42.851072 13 17 42.863568 11700
    943 13 17 42.861060 13 17 42.873500 11700
    944 13 17 42.871065 13 17 42.883293 11700
    945 13 17 42.881047 13 17 42.893188 11700
    946 13 17 42.891064 13 17 42.903047 11700
    947 13 17 42.901071 13 17 42.912919 11700
    948 13 17 42.911062 13 17 42.922792 11700
    949 13 17 42.921064 13 17 42.932693 11700
    950 13 17 42.931063 13 17 42.948687 11700
    951 13 17 42.941074 13 17 42.958531 11700
    952 13 17 42.951073 13 17 42.968259 11700
    953 13 17 42.961015 13 17 42.978194 11700
    954 13 17 42.971071 13 17 42.988041 11700
    955 13 17 42.981071 13 17 42.997852 11700
    956 13 17 42.991028 13 17 43.007730 11700
    957 13 17 43.001047 13 17 43.026263 11700
    958 13 17 43.011068 13 17 43.034660 11700
    959 13 17 43.026214 13 17 43.044386 11700
    960 13 17 43.031067 13 17 43.054358 11700
    961 13 17 43.041071 13 17 43.064103 11700
    962 13 17 43.051065 13 17 43.074060 11700
    963 13 17 43.061072 13 17 43.083786 11700
    964 13 17 43.071084 13 17 43.093800 11700
    965 13 17 43.081088 13 17 43.103487 11700
    966 13 17 43.091065 13 17 43.113515 11700
    967 13 17 43.101059 13 17 43.123184 11700
    968 13 17 43.111054 13 17 43.133158 11700
    969 13 17 43.121071 13 17 43.142879 11700
    970 13 17 43.131064 13 17 43.153267 11700
    971 13 17 43.141066 13 17 43.162584 11700
    972 13 17 43.152332 13 17 43.172595 11700
    973 13 17 43.161118 13 17 43.182284 11700
    974 13 17 43.171008 13 17 43.192248 11700
    975 13 17 43.181066 13 17 43.201979 11700
    976 13 17 43.191062 13 17 43.211944 11700
    977 13 17 43.201062 13 17 43.221679 11700
    978 13 17 43.211064 13 17 43.231642 11700
    979 13 17 43.221058 13 17 43.241391 11700
    980 13 17 43.231071 13 17 43.251384 11700
    981 13 17 43.241062 13 17 43.261108 11700
    982 13 17 43.251061 13 17 43.271143 11700
    983 13 17 43.261060 13 17 43.280774 11700
    984 13 17 43.271087 13 17 43.290787 11700
    985 13 17 43.281028 13 17 43.300476 11700
    986 13 17 43.291088 13 17 43.310445 11700
    987 13 17 43.301065 13 17 43.320191 11700
    988 13 17 43.311061 13 17 43.330142 11700
    989 13 17 43.321071 13 17 43.339871 11700
    990 13 17 43.331066 13 17 43.349836 11700
    991 13 17 43.341061 13 17 43.359555 11700
    992 13 17 43.351044 13 17 43.369643 11700
    993 13 17 43.361209 13 17 43.380070 11700
    994 13 17 43.371062 13 17 43.389285 11700
    995 13 17 43.381062 13 17 43.398955 11700
    996 13 17 43.391086 13 17 43.409300 11700
    997 13 17 43.401049 13 17 43.418669 11700
    998 13 17 43.411060 13 17 43.428640 11700
    999 13 17 43.421062 13 17 43.438367 11700
   1000 13 17 43.431074 13 17 43.453850 11700
