      1 13 6 25.279551 13 6 25.279551 10300
      2 13 6 25.289670 13 6 25.289670 10300
      3 13 6 25.299654 13 6 25.299654 10300
      4 13 6 25.309795 13 6 25.309795 10300
      5 13 6 25.319652 13 6 25.319652 10300
      6 13 6 25.329767 13 6 25.329767 10300
      7 13 6 25.339722 13 6 25.339722 10300
      8 13 6 25.349655 13 6 25.349655 10300
      9 13 6 25.359659 13 6 25.359659 10300
     10 13 6 25.369617 13 6 25.369617 10300
     11 13 6 25.379695 13 6 25.379695 10300
     12 13 6 25.389659 13 6 25.389659 10300
     13 13 6 25.399664 13 6 25.399664 10300
     14 13 6 25.409663 13 6 25.409663 10300
     15 13 6 25.419646 13 6 25.419646 10300
     16 13 6 25.429670 13 6 25.429670 10300
     17 13 6 25.439654 13 6 25.439654 10300
     18 13 6 25.449722 13 6 25.449722 10300
     19 13 6 25.459732 13 6 25.459732 10300
     20 13 6 25.469768 13 6 25.469768 10300
     21 13 6 25.479669 13 6 25.479669 10300
     22 13 6 25.489739 13 6 25.489739 10300
     23 13 6 25.499748 13 6 25.499748 10300
     24 13 6 25.509731 13 6 25.509731 10300
     25 13 6 25.519712 13 6 25.519712 10300
     26 13 6 25.529661 13 6 25.529661 10300
     27 13 6 25.539650 13 6 25.539650 10300
     28 13 6 25.549665 13 6 25.549665 10300
     29 13 6 25.559650 13 6 25.559650 10300
     30 13 6 25.569658 13 6 25.569658 10300
     31 13 6 25.579668 13 6 25.579668 10300
     32 13 6 25.589660 13 6 25.589660 10300
     33 13 6 25.599661 13 6 25.599661 10300
     34 13 6 25.609645 13 6 25.609645 10300
     35 13 6 25.619903 13 6 25.619903 10300
     36 13 6 25.629726 13 6 25.629726 10300
     37 13 6 25.639718 13 6 25.639718 10300
     38 13 6 25.649726 13 6 25.649726 10300
     39 13 6 25.659724 13 6 25.659724 10300
     40 13 6 25.669658 13 6 25.669658 10300
     41 13 6 25.679736 13 6 25.679736 10300
     42 13 6 25.690038 13 6 25.690038 10300
     43 13 6 25.699662 13 6 25.699662 10300
     44 13 6 25.709724 13 6 25.709724 10300
     45 13 6 25.719715 13 6 25.719715 10300
     46 13 6 25.729722 13 6 25.729722 10300
     47 13 6 25.739661 13 6 25.739661 10300
     48 13 6 25.749715 13 6 25.749715 10300
     49 13 6 25.759667 13 6 25.759667 10300
     50 13 6 25.769686 13 6 25.769686 10300
     51 13 6 25.779690 13 6 25.779690 10300
     52 13 6 25.789670 13 6 25.789670 10300
     53 13 6 25.799700 13 6 25.799700 10300
     54 13 6 25.809664 13 6 25.809664 10300
     55 13 6 25.819759 13 6 25.819759 10300
     56 13 6 25.829806 13 6 25.829806 10300
     57 13 6 25.839680 13 6 25.839680 10300
     58 13 6 25.849736 13 6 25.849736 10300
     59 13 6 25.859697 13 6 25.859697 10300
     60 13 6 25.869717 13 6 25.869717 10300
     61 13 6 25.879735 13 6 25.879735 10300
     62 13 6 25.889762 13 6 25.889762 10300
     63 13 6 25.899736 13 6 25.899736 10300
     64 13 6 25.909773 13 6 25.909773 10300
     65 13 6 25.919726 13 6 25.919726 10300
     66 13 6 25.929722 13 6 25.929722 10300
     67 13 6 25.939657 13 6 25.939657 10300
     68 13 6 25.949677 13 6 25.949677 10300
     69 13 6 25.959641 13 6 25.959641 10300
     70 13 6 25.969636 13 6 25.969636 10300
     71 13 6 25.979637 13 6 25.979637 10300
     72 13 6 25.989660 13 6 25.989660 10300
     73 13 6 25.999638 13 6 25.999638 10300
     74 13 6 26.009714 13 6 26.009714 10300
     75 13 6 26.019714 13 6 26.019714 10300
     76 13 6 26.029645 13 6 26.029645 10300
     77 13 6 26.040002 13 6 26.040002 10300
     78 13 6 26.049713 13 6 26.049713 10300
     79 13 6 26.059673 13 6 26.059673 10300
     80 13 6 26.069734 13 6 26.069734 10300
     81 13 6 26.079699 13 6 26.079699 10300
     82 13 6 26.089960 13 6 26.089960 10300
     83 13 6 26.099728 13 6 26.099728 10300
     84 13 6 26.109753 13 6 26.109753 10300
     85 13 6 26.119707 13 6 26.119707 10300
     86 13 6 26.129719 13 6 26.129719 10300
     87 13 6 26.139656 13 6 26.139656 10300
     88 13 6 26.149663 13 6 26.149663 10300
     89 13 6 26.159656 13 6 26.159656 10300
     90 13 6 26.169677 13 6 26.169677 10300
     91 13 6 26.179698 13 6 26.179698 10300
     92 13 6 26.189710 13 6 26.189710 10300
     93 13 6 26.199656 13 6 26.199656 10300
     94 13 6 26.209619 13 6 26.209619 10300
     95 13 6 26.219822 13 6 26.219822 10300
     96 13 6 26.229683 13 6 26.229683 10300
     97 13 6 26.239678 13 6 26.239678 10300
     98 13 6 26.249651 13 6 26.249651 10300
     99 13 6 26.259713 13 6 26.259713 10300
    100 13 6 26.269722 13 6 26.269722 10300
    101 13 6 26.279681 13 6 26.279681 10300
    102 13 6 26.289708 13 6 26.289708 10300
    103 13 6 26.300257 13 6 26.300257 10300
    104 13 6 26.309701 13 6 26.309701 10300
    105 13 6 26.319732 13 6 26.319732 10300
    106 13 6 26.329716 13 6 26.329716 10300
    107 13 6 26.339663 13 6 26.339663 10300
    108 13 6 26.349664 13 6 26.349664 10300
    109 13 6 26.359657 13 6 26.359657 10300
    110 13 6 26.369661 13 6 26.369661 10300
    111 13 6 26.379885 13 6 26.379885 10300
    112 13 6 26.389668 13 6 26.389668 10300
    113 13 6 26.399654 13 6 26.399654 10300
    114 13 6 26.409649 13 6 26.409649 10300
    115 13 6 26.419726 13 6 26.419726 10300
    116 13 6 26.429707 13 6 26.429707 10300
    117 13 6 26.439968 13 6 26.439968 10300
    118 13 6 26.449657 13 6 26.449657 10300
    119 13 6 26.459652 13 6 26.459652 10300
    120 13 6 26.469725 13 6 26.469725 10300
    121 13 6 26.479728 13 6 26.479728 10300
    122 13 6 26.490353 13 6 26.490353 10300
    123 13 6 26.500340 13 6 26.500340 10300
    124 13 6 26.509655 13 6 26.509655 10300
    125 13 6 26.519712 13 6 26.519712 10300
    126 13 6 26.529721 13 6 26.529721 10300
    127 13 6 26.540241 13 6 26.540241 10300
    128 13 6 26.549689 13 6 26.549689 10300
    129 13 6 26.559650 13 6 26.559650 10300
    130 13 6 26.569670 13 6 26.569670 10300
    131 13 6 26.579663 13 6 26.579663 10300
    132 13 6 26.589710 13 6 26.589710 10300
    133 13 6 26.599653 13 6 26.599653 10300
    134 13 6 26.609656 13 6 26.609656 10300
    135 13 6 26.619711 13 6 26.619711 10300
    136 13 6 26.629753 13 6 26.629753 10300
    137 13 6 26.639686 13 6 26.639686 10300
    138 13 6 26.649733 13 6 26.649733 10300
    139 13 6 26.659718 13 6 26.659718 10300
    140 13 6 26.669688 13 6 26.669688 10300
    141 13 6 26.679718 13 6 26.679718 10300
    142 13 6 26.689930 13 6 26.689930 10300
    143 13 6 26.699704 13 6 26.699704 10300
    144 13 6 26.709727 13 6 26.709727 10300
    145 13 6 26.720091 13 6 26.720091 10300
    146 13 6 26.729804 13 6 26.729804 10300
    147 13 6 26.739723 13 6 26.739723 10300
    148 13 6 26.749673 13 6 26.749673 10300
    149 13 6 26.759661 13 6 26.759661 10300
    150 13 6 26.769643 13 6 26.769643 10300
    151 13 6 26.779654 13 6 26.779654 10300
    152 13 6 26.789681 13 6 26.789681 10300
    153 13 6 26.799720 13 6 26.799720 10300
    154 13 6 26.809651 13 6 26.809651 10300
    155 13 6 26.819655 13 6 26.819655 10300
    156 13 6 26.829715 13 6 26.829715 10300
    157 13 6 26.839763 13 6 26.839763 10300
    158 13 6 26.849813 13 6 26.849813 10300
    159 13 6 26.859715 13 6 26.859715 10300
    160 13 6 26.869714 13 6 26.869714 10300
    161 13 6 26.879721 13 6 26.879721 10300
    162 13 6 26.889697 13 6 26.889697 10300
    163 13 6 26.899802 13 6 26.899802 10300
    164 13 6 26.909738 13 6 26.909738 10300
    165 13 6 26.919717 13 6 26.919717 10300
    166 13 6 26.929722 13 6 26.929722 10300
    167 13 6 26.939741 13 6 26.939741 10300
    168 13 6 26.949654 13 6 26.949654 10300
    169 13 6 26.959672 13 6 26.959672 10300
    170 13 6 26.970494 13 6 26.970494 10300
    171 13 6 26.979662 13 6 26.979662 10300
    172 13 6 26.989661 13 6 26.989661 10300
    173 13 6 26.999655 13 6 26.999655 10300
    174 13 6 27.009679 13 6 27.009679 10300
    175 13 6 27.019638 13 6 27.019638 10300
    176 13 6 27.029742 13 6 27.029742 10300
    177 13 6 27.039725 13 6 27.039725 10300
    178 13 6 27.049686 13 6 27.049686 10300
    179 13 6 27.059730 13 6 27.059730 10300
    180 13 6 27.069728 13 6 27.069728 10300
    181 13 6 27.079719 13 6 27.079719 10300
    182 13 6 27.089721 13 6 27.089721 10300
    183 13 6 27.099716 13 6 27.099716 10300
    184 13 6 27.109933 13 6 27.109933 10300
    185 13 6 27.119717 13 6 27.119717 10300
    186 13 6 27.129722 13 6 27.129722 10300
    187 13 6 27.139652 13 6 27.139652 10300
    188 13 6 27.149680 13 6 27.149680 10300
    189 13 6 27.159675 13 6 27.159675 10300
    190 13 6 27.169660 13 6 27.169660 10300
    191 13 6 27.179663 13 6 27.179663 10300
    192 13 6 27.189662 13 6 27.189662 10300
    193 13 6 27.199697 13 6 27.199697 10300
    194 13 6 27.209662 13 6 27.209662 10300
    195 13 6 27.219660 13 6 27.219660 10300
    196 13 6 27.229825 13 6 27.229825 10300
    197 13 6 27.239654 13 6 27.239654 10300
    198 13 6 27.249662 13 6 27.249662 10300
    199 13 6 27.259754 13 6 27.259754 10300
    200 13 6 27.269725 13 6 27.269725 10300
    201 13 6 27.279716 13 6 27.279716 10300
    202 13 6 27.290569 13 6 27.290569 10300
    203 13 6 27.299782 13 6 27.299782 10300
    204 13 6 27.309778 13 6 27.309778 10300
    205 13 6 27.319731 13 6 27.319731 10300
    206 13 6 27.329727 13 6 27.329727 10300
    207 13 6 27.339718 13 6 27.339718 10300
    208 13 6 27.349661 13 6 27.349661 10300
    209 13 6 27.359660 13 6 27.359660 10300
    210 13 6 27.369658 13 6 27.369658 10300
    211 13 6 27.379663 13 6 27.379663 10300
    212 13 6 27.389659 13 6 27.389659 10300
    213 13 6 27.399660 13 6 27.399660 10300
    214 13 6 27.409667 13 6 27.409667 10300
    215 13 6 27.420472 13 6 27.420472 10300
    216 13 6 27.429701 13 6 27.429701 10300
    217 13 6 27.439696 13 6 27.439696 10300
    218 13 6 27.449721 13 6 27.449721 10300
    219 13 6 27.459648 13 6 27.459648 10300
    220 13 6 27.469723 13 6 27.469723 10300
    221 13 6 27.479717 13 6 27.479717 10300
    222 13 6 27.489701 13 6 27.489701 10300
    223 13 6 27.499721 13 6 27.499721 10300
    224 13 6 27.509720 13 6 27.509720 10300
    225 13 6 27.519717 13 6 27.519717 10300
    226 13 6 27.529730 13 6 27.529730 10300
    227 13 6 27.539653 13 6 27.539653 10300
    228 13 6 27.549671 13 6 27.549671 10300
    229 13 6 27.559671 13 6 27.559671 10300
    230 13 6 27.569661 13 6 27.569661 10300
    231 13 6 27.579648 13 6 27.579648 10300
    232 13 6 27.589683 13 6 27.589683 10300
    233 13 6 27.599671 13 6 27.599671 10300
    234 13 6 27.609701 13 6 27.609701 10300
    235 13 6 27.619668 13 6 27.619668 10300
    236 13 6 27.629888 13 6 27.629888 10300
    237 13 6 27.639725 13 6 27.639725 10300
    238 13 6 27.649748 13 6 27.649748 10300
    239 13 6 27.659663 13 6 27.659663 10300
    240 13 6 27.669727 13 6 27.669727 10300
    241 13 6 27.679722 13 6 27.679722 10300
    242 13 6 27.690865 13 6 27.690865 10300
    243 13 6 27.700064 13 6 27.700064 10300
    244 13 6 27.709724 13 6 27.709724 10300
    245 13 6 27.719706 13 6 27.719706 10300
    246 13 6 27.729721 13 6 27.729721 10300
    247 13 6 27.739712 13 6 27.739712 10300
    248 13 6 27.749663 13 6 27.749663 10300
    249 13 6 27.759744 13 6 27.759744 10300
    250 13 6 27.769684 13 6 27.769684 10300
    251 13 6 27.779638 13 6 27.779638 10300
    252 13 6 27.789674 13 6 27.789674 10300
    253 13 6 27.799659 13 6 27.799659 10300
    254 13 6 27.809650 13 6 27.809650 10300
    255 13 6 27.819659 13 6 27.819659 10300
    256 13 6 27.829578 13 6 27.829578 10300
    257 13 6 27.839710 13 6 27.839710 10300
    258 13 6 27.849644 13 6 27.849644 10300
    259 13 6 27.859662 13 6 27.859662 10300
    260 13 6 27.869672 13 6 27.869672 10300
    261 13 6 27.879670 13 6 27.879670 10300
    262 13 6 27.889696 13 6 27.889696 10300
    263 13 6 27.899650 13 6 27.899650 10300
    264 13 6 27.909745 13 6 27.909745 10300
    265 13 6 27.919751 13 6 27.919751 10300
    266 13 6 27.929724 13 6 27.929724 10300
    267 13 6 27.939654 13 6 27.939654 10300
    268 13 6 27.949670 13 6 27.949670 10300
    269 13 6 27.959662 13 6 27.959662 10300
    270 13 6 27.969654 13 6 27.969654 10300
    271 13 6 27.979649 13 6 27.979649 10300
    272 13 6 27.989661 13 6 27.989661 10300
    273 13 6 27.999646 13 6 27.999646 10300
    274 13 6 28.009661 13 6 28.009661 10300
    275 13 6 28.019649 13 6 28.019649 10300
    276 13 6 28.029844 13 6 28.029844 10300
    277 13 6 28.039742 13 6 28.039742 10300
    278 13 6 28.049723 13 6 28.049723 10300
    279 13 6 28.059716 13 6 28.059716 10300
    280 13 6 28.069720 13 6 28.069720 10300
    281 13 6 28.079681 13 6 28.079681 10300
    282 13 6 28.089780 13 6 28.089780 10300
    283 13 6 28.099724 13 6 28.099724 10300
    284 13 6 28.109714 13 6 28.109714 10300
    285 13 6 28.119745 13 6 28.119745 10300
    286 13 6 28.129719 13 6 28.129719 10300
    287 13 6 28.139655 13 6 28.139655 10300
    288 13 6 28.149709 13 6 28.149709 10300
    289 13 6 28.159655 13 6 28.159655 10300
    290 13 6 28.169661 13 6 28.169661 10300
    291 13 6 28.179662 13 6 28.179662 10300
    292 13 6 28.189661 13 6 28.189661 10300
    293 13 6 28.199663 13 6 28.199663 10300
    294 13 6 28.210407 13 6 28.210407 10300
    295 13 6 28.219758 13 6 28.219758 10300
    296 13 6 28.229917 13 6 28.229917 10300
    297 13 6 28.239720 13 6 28.239720 10300
    298 13 6 28.249707 13 6 28.249707 10300
    299 13 6 28.259713 13 6 28.259713 10300
    300 13 6 28.269724 13 6 28.269724 10300
    301 13 6 28.279724 13 6 28.279724 10300
    302 13 6 28.289781 13 6 28.289781 10300
    303 13 6 28.299838 13 6 28.299838 10300
    304 13 6 28.309723 13 6 28.309723 10300
    305 13 6 28.319714 13 6 28.319714 10300
    306 13 6 28.329717 13 6 28.329717 10300
    307 13 6 28.340474 13 6 28.340474 10300
    308 13 6 28.349703 13 6 28.349703 10300
    309 13 6 28.359676 13 6 28.359676 10300
    310 13 6 28.369665 13 6 28.369665 10300
    311 13 6 28.379688 13 6 28.379688 10300
    312 13 6 28.389659 13 6 28.389659 10300
    313 13 6 28.399702 13 6 28.399702 10300
    314 13 6 28.409665 13 6 28.409665 10300
    315 13 6 28.419653 13 6 28.419653 10300
    316 13 6 28.429856 13 6 28.429856 10300
    317 13 6 28.439717 13 6 28.439717 10300
    318 13 6 28.449777 13 6 28.449777 10300
    319 13 6 28.459676 13 6 28.459676 10300
    320 13 6 28.469727 13 6 28.469727 10300
    321 13 6 28.479779 13 6 28.479779 10300
    322 13 6 28.489723 13 6 28.489723 10300
    323 13 6 28.499749 13 6 28.499749 10300
    324 13 6 28.509762 13 6 28.509762 10300
    325 13 6 28.520172 13 6 28.520172 10300
    326 13 6 28.529685 13 6 28.529685 10300
    327 13 6 28.539705 13 6 28.539705 10300
    328 13 6 28.549773 13 6 28.549773 10300
    329 13 6 28.559751 13 6 28.559751 10300
    330 13 6 28.569684 13 6 28.569684 10300
    331 13 6 28.579657 13 6 28.579657 10300
    332 13 6 28.589670 13 6 28.589670 10300
    333 13 6 28.599720 13 6 28.599720 10300
    334 13 6 28.609673 13 6 28.609673 10300
    335 13 6 28.619655 13 6 28.619655 10300
    336 13 6 28.629643 13 6 28.629643 10300
    337 13 6 28.639728 13 6 28.639728 10300
    338 13 6 28.649757 13 6 28.649757 10300
    339 13 6 28.659707 13 6 28.659707 10300
    340 13 6 28.669737 13 6 28.669737 10300
    341 13 6 28.679718 13 6 28.679718 10300
    342 13 6 28.690048 13 6 28.690048 10300
    343 13 6 28.699701 13 6 28.699701 10300
    344 13 6 28.709728 13 6 28.709728 10300
    345 13 6 28.719711 13 6 28.719711 10300
    346 13 6 28.729751 13 6 28.729751 10300
    347 13 6 28.739715 13 6 28.739715 10300
    348 13 6 28.749770 13 6 28.749770 10300
    349 13 6 28.759671 13 6 28.759671 10300
    350 13 6 28.769908 13 6 28.769908 10300
    351 13 6 28.779675 13 6 28.779675 10300
    352 13 6 28.789653 13 6 28.789653 10300
    353 13 6 28.799655 13 6 28.799655 10300
    354 13 6 28.809660 13 6 28.809660 10300
    355 13 6 28.819669 13 6 28.819669 10300
    356 13 6 28.829654 13 6 28.829654 10300
    357 13 6 28.839676 13 6 28.839676 10300
    358 13 6 28.850607 13 6 28.850607 10300
    359 13 6 28.859732 13 6 28.859732 10300
    360 13 6 28.869748 13 6 28.869748 10300
    361 13 6 28.879735 13 6 28.879735 10300
    362 13 6 28.889697 13 6 28.889697 10300
    363 13 6 28.899739 13 6 28.899739 10300
    364 13 6 28.909635 13 6 28.909635 10300
    365 13 6 28.919762 13 6 28.919762 10300
    366 13 6 28.929777 13 6 28.929777 10300
    367 13 6 28.939824 13 6 28.939824 10300
    368 13 6 28.949829 13 6 28.949829 10300
    369 13 6 28.959723 13 6 28.959723 10300
    370 13 6 28.969684 13 6 28.969684 10300
    371 13 6 28.981707 13 6 28.981707 10300
    372 13 6 28.989671 13 6 28.989671 10300
    373 13 6 28.999665 13 6 28.999665 10300
    374 13 6 29.009698 13 6 29.009698 10300
    375 13 6 29.019944 13 6 29.019944 10300
    376 13 6 29.029720 13 6 29.029720 10300
    377 13 6 29.039676 13 6 29.039676 10300
    378 13 6 29.049676 13 6 29.049676 10300
    379 13 6 29.059969 13 6 29.059969 10300
    380 13 6 29.069742 13 6 29.069742 10300
    381 13 6 29.079743 13 6 29.079743 10300
    382 13 6 29.089691 13 6 29.089691 10300
    383 13 6 29.099975 13 6 29.099975 10300
    384 13 6 29.109707 13 6 29.109707 10300
    385 13 6 29.119738 13 6 29.119738 10300
    386 13 6 29.129684 13 6 29.129684 10300
    387 13 6 29.139752 13 6 29.139752 10300
    388 13 6 29.149764 13 6 29.149764 10300
    389 13 6 29.161410 13 6 29.161410 10300
    390 13 6 29.169719 13 6 29.169719 10300
    391 13 6 29.179662 13 6 29.179662 10300
    392 13 6 29.189667 13 6 29.189667 10300
    393 13 6 29.199691 13 6 29.199691 10300
    394 13 6 29.209664 13 6 29.209664 10300
    395 13 6 29.219663 13 6 29.219663 10300
    396 13 6 29.229662 13 6 29.229662 10300
    397 13 6 29.239681 13 6 29.239681 10300
    398 13 6 29.249659 13 6 29.249659 10300
    399 13 6 29.259661 13 6 29.259661 10300
    400 13 6 29.269667 13 6 29.269667 10300
    401 13 6 29.280356 13 6 29.280356 10300
    402 13 6 29.289757 13 6 29.289757 10300
    403 13 6 29.299848 13 6 29.299848 10300
    404 13 6 29.309799 13 6 29.309799 10300
    405 13 6 29.320389 13 6 29.320389 10300
    406 13 6 29.329789 13 6 29.329789 10300
    407 13 6 29.339697 13 6 29.339697 10300
    408 13 6 29.349734 13 6 29.349734 10300
    409 13 6 29.359719 13 6 29.359719 10300
    410 13 6 29.369727 13 6 29.369727 10300
    411 13 6 29.379729 13 6 29.379729 10300
    412 13 6 29.389665 13 6 29.389665 10300
    413 13 6 29.399650 13 6 29.399650 10300
    414 13 6 29.409663 13 6 29.409663 10300
    415 13 6 29.419677 13 6 29.419677 10300
    416 13 6 29.429717 13 6 29.429717 10300
    417 13 6 29.439720 13 6 29.439720 10300
    418 13 6 29.450030 13 6 29.450030 10300
    419 13 6 29.459666 13 6 29.459666 10300
    420 13 6 29.469692 13 6 29.469692 10300
    421 13 6 29.479679 13 6 29.479679 10300
    422 13 6 29.489578 13 6 29.489578 10300
    423 13 6 29.499666 13 6 29.499666 10300
    424 13 6 29.509772 13 6 29.509772 10300
    425 13 6 29.519701 13 6 29.519701 10300
    426 13 6 29.529717 13 6 29.529717 10300
    427 13 6 29.539723 13 6 29.539723 10300
    428 13 6 29.549704 13 6 29.549704 10300
    429 13 6 29.559792 13 6 29.559792 10300
    430 13 6 29.569798 13 6 29.569798 10300
    431 13 6 29.579698 13 6 29.579698 10300
    432 13 6 29.589718 13 6 29.589718 10300
    433 13 6 29.600545 13 6 29.600545 10300
    434 13 6 29.609694 13 6 29.609694 10300
    435 13 6 29.619662 13 6 29.619662 10300
    436 13 6 29.629657 13 6 29.629657 10300
    437 13 6 29.639665 13 6 29.639665 10300
    438 13 6 29.649687 13 6 29.649687 10300
    439 13 6 29.659656 13 6 29.659656 10300
    440 13 6 29.669685 13 6 29.669685 10300
    441 13 6 29.680593 13 6 29.680593 10300
    442 13 6 29.689717 13 6 29.689717 10300
    443 13 6 29.699736 13 6 29.699736 10300
    444 13 6 29.709703 13 6 29.709703 10300
    445 13 6 29.719681 13 6 29.719681 10300
    446 13 6 29.729741 13 6 29.729741 10300
    447 13 6 29.739751 13 6 29.739751 10300
    448 13 6 29.749704 13 6 29.749704 10300
    449 13 6 29.759720 13 6 29.759720 10300
    450 13 6 29.769715 13 6 29.769715 10300
    451 13 6 29.779813 13 6 29.779813 10300
    452 13 6 29.789715 13 6 29.789715 10300
    453 13 6 29.799769 13 6 29.799769 10300
    454 13 6 29.809674 13 6 29.809674 10300
    455 13 6 29.819669 13 6 29.819669 10300
    456 13 6 29.829688 13 6 29.829688 10300
    457 13 6 29.839655 13 6 29.839655 10300
    458 13 6 29.849669 13 6 29.849669 10300
    459 13 6 29.859664 13 6 29.859664 10300
    460 13 6 29.869665 13 6 29.869665 10300
    461 13 6 29.879685 13 6 29.879685 10300
    462 13 6 29.889780 13 6 29.889780 10300
    463 13 6 29.899723 13 6 29.899723 10300
    464 13 6 29.909735 13 6 29.909735 10300
    465 13 6 29.919769 13 6 29.919769 10300
    466 13 6 29.929745 13 6 29.929745 10300
    467 13 6 29.939911 13 6 29.939911 10300
    468 13 6 29.949740 13 6 29.949740 10300
    469 13 6 29.959742 13 6 29.959742 10300
    470 13 6 29.969743 13 6 29.969743 10300
    471 13 6 29.979662 13 6 29.979662 10300
    472 13 6 29.989761 13 6 29.989761 10300
    473 13 6 29.999777 13 6 29.999777 10300
    474 13 6 30.009695 13 6 30.009695 10300
    475 13 6 30.019731 13 6 30.019731 10300
    476 13 6 30.029676 13 6 30.029676 10300
    477 13 6 30.039690 13 6 30.039690 10300
    478 13 6 30.049675 13 6 30.049675 10300
    479 13 6 30.059701 13 6 30.059701 10300
    480 13 6 30.069666 13 6 30.069666 10300
    481 13 6 30.079688 13 6 30.079688 10300
    482 13 6 30.089743 13 6 30.089743 10300
    483 13 6 30.099959 13 6 30.099959 10300
    484 13 6 30.109795 13 6 30.109795 10300
    485 13 6 30.119744 13 6 30.119744 10300
    486 13 6 30.129912 13 6 30.129912 10300
    487 13 6 30.139963 13 6 30.139963 10300
    488 13 6 30.149816 13 6 30.149816 10300
    489 13 6 30.159734 13 6 30.159734 10300
    490 13 6 30.169805 13 6 30.169805 10300
    491 13 6 30.179722 13 6 30.179722 10300
    492 13 6 30.189723 13 6 30.189723 10300
    493 13 6 30.199787 13 6 30.199787 10300
    494 13 6 30.209762 13 6 30.209762 10300
    495 13 6 30.219671 13 6 30.219671 10300
    496 13 6 30.229669 13 6 30.229669 10300
    497 13 6 30.239653 13 6 30.239653 10300
    498 13 6 30.249871 13 6 30.249871 10300
    499 13 6 30.259668 13 6 30.259668 10300
    500 13 6 30.269624 13 6 30.269624 10300
    501 13 6 30.280021 13 6 30.280021 10300
    502 13 6 30.289739 13 6 30.289739 10300
    503 13 6 30.299762 13 6 30.299762 10300
    504 13 6 30.309784 13 6 30.309784 10300
    505 13 6 30.319828 13 6 30.319828 10300
    506 13 6 30.329715 13 6 30.329715 10300
    507 13 6 30.339755 13 6 30.339755 10300
    508 13 6 30.349693 13 6 30.349693 10300
    509 13 6 30.359677 13 6 30.359677 10300
    510 13 6 30.369716 13 6 30.369716 10300
    511 13 6 30.379674 13 6 30.379674 10300
    512 13 6 30.389708 13 6 30.389708 10300
    513 13 6 30.399726 13 6 30.399726 10300
    514 13 6 30.409718 13 6 30.409718 10300
    515 13 6 30.419723 13 6 30.419723 10300
    516 13 6 30.429677 13 6 30.429677 10300
    517 13 6 30.439664 13 6 30.439664 10300
    518 13 6 30.449671 13 6 30.449671 10300
    519 13 6 30.459678 13 6 30.459678 10300
    520 13 6 30.469650 13 6 30.469650 10300
    521 13 6 30.479662 13 6 30.479662 10300
    522 13 6 30.489594 13 6 30.489594 10300
    523 13 6 30.499742 13 6 30.499742 10300
    524 13 6 30.509722 13 6 30.509722 10300
    525 13 6 30.519735 13 6 30.519735 10300
    526 13 6 30.529771 13 6 30.529771 10300
    527 13 6 30.539715 13 6 30.539715 10300
    528 13 6 30.549720 13 6 30.549720 10300
    529 13 6 30.559715 13 6 30.559715 10300
    530 13 6 30.569759 13 6 30.569759 10300
    531 13 6 30.579730 13 6 30.579730 10300
    532 13 6 30.589832 13 6 30.589832 10300
    533 13 6 30.599716 13 6 30.599716 10300
    534 13 6 30.609712 13 6 30.609712 10300
    535 13 6 30.619651 13 6 30.619651 10300
    536 13 6 30.629664 13 6 30.629664 10300
    537 13 6 30.639662 13 6 30.639662 10300
    538 13 6 30.649653 13 6 30.649653 10300
    539 13 6 30.659660 13 6 30.659660 10300
    540 13 6 30.669682 13 6 30.669682 10300
    541 13 6 30.679665 13 6 30.679665 10300
    542 13 6 30.689654 13 6 30.689654 10300
    543 13 6 30.699719 13 6 30.699719 10300
    544 13 6 30.709717 13 6 30.709717 10300
    545 13 6 30.719719 13 6 30.719719 10300
    546 13 6 30.729694 13 6 30.729694 10300
    547 13 6 30.740010 13 6 30.740010 10300
    548 13 6 30.749669 13 6 30.749669 10300
    549 13 6 30.759661 13 6 30.759661 10300
    550 13 6 30.769739 13 6 30.769739 10300
    551 13 6 30.779710 13 6 30.779710 10300
    552 13 6 30.789715 13 6 30.789715 10300
    553 13 6 30.799790 13 6 30.799790 10300
    554 13 6 30.809727 13 6 30.809727 10300
    555 13 6 30.819717 13 6 30.819717 10300
    556 13 6 30.829661 13 6 30.829661 10300
    557 13 6 30.839652 13 6 30.839652 10300
    558 13 6 30.849661 13 6 30.849661 10300
    559 13 6 30.859659 13 6 30.859659 10300
    560 13 6 30.869644 13 6 30.869644 10300
    561 13 6 30.879654 13 6 30.879654 10300
    562 13 6 30.889662 13 6 30.889662 10300
    563 13 6 30.899756 13 6 30.899756 10300
    564 13 6 30.909651 13 6 30.909651 10300
    565 13 6 30.919651 13 6 30.919651 10300
    566 13 6 30.929649 13 6 30.929649 10300
    567 13 6 30.939699 13 6 30.939699 10300
    568 13 6 30.949761 13 6 30.949761 10300
    569 13 6 30.959745 13 6 30.959745 10300
    570 13 6 30.969760 13 6 30.969760 10300
    571 13 6 30.979718 13 6 30.979718 10300
    572 13 6 30.989730 13 6 30.989730 10300
    573 13 6 30.999739 13 6 30.999739 10300
    574 13 6 31.009660 13 6 31.009660 10300
    575 13 6 31.019677 13 6 31.019677 10300
    576 13 6 31.029661 13 6 31.029661 10300
    577 13 6 31.039663 13 6 31.039663 10300
    578 13 6 31.049659 13 6 31.049659 10300
    579 13 6 31.059650 13 6 31.059650 10300
    580 13 6 31.069660 13 6 31.069660 10300
    581 13 6 31.079647 13 6 31.079647 10300
    582 13 6 31.089738 13 6 31.089738 10300
    583 13 6 31.099727 13 6 31.099727 10300
    584 13 6 31.109723 13 6 31.109723 10300
    585 13 6 31.119748 13 6 31.119748 10300
    586 13 6 31.129719 13 6 31.129719 10300
    587 13 6 31.139797 13 6 31.139797 10300
    588 13 6 31.149709 13 6 31.149709 10300
    589 13 6 31.159731 13 6 31.159731 10300
    590 13 6 31.169713 13 6 31.169713 10300
    591 13 6 31.179729 13 6 31.179729 10300
    592 13 6 31.189720 13 6 31.189720 10300
    593 13 6 31.199732 13 6 31.199732 10300
    594 13 6 31.209734 13 6 31.209734 10300
    595 13 6 31.219663 13 6 31.219663 10300
    596 13 6 31.229659 13 6 31.229659 10300
    597 13 6 31.239982 13 6 31.239982 10300
    598 13 6 31.249666 13 6 31.249666 10300
    599 13 6 31.259664 13 6 31.259664 10300
    600 13 6 31.269659 13 6 31.269659 10300
    601 13 6 31.279651 13 6 31.279651 10300
    602 13 6 31.289623 13 6 31.289623 10300
    603 13 6 31.299724 13 6 31.299724 10300
    604 13 6 31.309722 13 6 31.309722 10300
    605 13 6 31.319828 13 6 31.319828 10300
    606 13 6 31.329679 13 6 31.329679 10300
    607 13 6 31.339732 13 6 31.339732 10300
    608 13 6 31.350059 13 6 31.350059 10300
    609 13 6 31.359694 13 6 31.359694 10300
    610 13 6 31.369679 13 6 31.369679 10300
    611 13 6 31.379761 13 6 31.379761 10300
    612 13 6 31.389652 13 6 31.389652 10300
    613 13 6 31.399719 13 6 31.399719 10300
    614 13 6 31.409735 13 6 31.409735 10300
    615 13 6 31.419737 13 6 31.419737 10300
    616 13 6 31.429660 13 6 31.429660 10300
    617 13 6 31.439674 13 6 31.439674 10300
    618 13 6 31.449660 13 6 31.449660 10300
    619 13 6 31.459651 13 6 31.459651 10300
    620 13 6 31.469661 13 6 31.469661 10300
    621 13 6 31.479883 13 6 31.479883 10300
    622 13 6 31.489719 13 6 31.489719 10300
    623 13 6 31.499749 13 6 31.499749 10300
    624 13 6 31.509682 13 6 31.509682 10300
    625 13 6 31.519717 13 6 31.519717 10300
    626 13 6 31.529730 13 6 31.529730 10300
    627 13 6 31.539719 13 6 31.539719 10300
    628 13 6 31.549709 13 6 31.549709 10300
    629 13 6 31.559647 13 6 31.559647 10300
    630 13 6 31.569738 13 6 31.569738 10300
    631 13 6 31.579731 13 6 31.579731 10300
    632 13 6 31.589725 13 6 31.589725 10300
    633 13 6 31.599803 13 6 31.599803 10300
    634 13 6 31.609663 13 6 31.609663 10300
    635 13 6 31.619807 13 6 31.619807 10300
    636 13 6 31.629721 13 6 31.629721 10300
    637 13 6 31.639673 13 6 31.639673 10300
    638 13 6 31.649658 13 6 31.649658 10300
    639 13 6 31.659660 13 6 31.659660 10300
    640 13 6 31.669658 13 6 31.669658 10300
    641 13 6 31.679988 13 6 31.679988 10300
    642 13 6 31.689679 13 6 31.689679 10300
    643 13 6 31.699716 13 6 31.699716 10300
    644 13 6 31.709661 13 6 31.709661 10300
    645 13 6 31.719722 13 6 31.719722 10300
    646 13 6 31.729731 13 6 31.729731 10300
    647 13 6 31.739661 13 6 31.739661 10300
    648 13 6 31.749697 13 6 31.749697 10300
    649 13 6 31.759668 13 6 31.759668 10300
    650 13 6 31.769755 13 6 31.769755 10300
    651 13 6 31.779765 13 6 31.779765 10300
    652 13 6 31.789691 13 6 31.789691 10300
    653 13 6 31.799886 13 6 31.799886 10300
    654 13 6 31.809736 13 6 31.809736 10300
    655 13 6 31.819762 13 6 31.819762 10300
    656 13 6 31.829654 13 6 31.829654 10300
    657 13 6 31.839659 13 6 31.839659 10300
    658 13 6 31.849667 13 6 31.849667 10300
    659 13 6 31.859649 13 6 31.859649 10300
    660 13 6 31.869658 13 6 31.869658 10300
    661 13 6 31.879657 13 6 31.879657 10300
    662 13 6 31.889659 13 6 31.889659 10300
    663 13 6 31.899658 13 6 31.899658 10300
    664 13 6 31.909728 13 6 31.909728 10300
    665 13 6 31.919733 13 6 31.919733 10300
    666 13 6 31.929736 13 6 31.929736 10300
    667 13 6 31.939724 13 6 31.939724 10300
    668 13 6 31.949659 13 6 31.949659 10300
    669 13 6 31.959720 13 6 31.959720 10300
    670 13 6 31.969719 13 6 31.969719 10300
    671 13 6 31.979724 13 6 31.979724 10300
    672 13 6 31.989726 13 6 31.989726 10300
    673 13 6 31.999721 13 6 31.999721 10300
    674 13 6 32.009714 13 6 32.009714 10300
    675 13 6 32.019649 13 6 32.019649 10300
    676 13 6 32.029660 13 6 32.029660 10300
    677 13 6 32.039869 13 6 32.039869 10300
    678 13 6 32.049663 13 6 32.049663 10300
    679 13 6 32.059654 13 6 32.059654 10300
    680 13 6 32.069662 13 6 32.069662 10300
    681 13 6 32.079918 13 6 32.079918 10300
    682 13 6 32.089668 13 6 32.089668 10300
    683 13 6 32.099713 13 6 32.099713 10300
    684 13 6 32.109704 13 6 32.109704 10300
    685 13 6 32.119731 13 6 32.119731 10300
    686 13 6 32.129716 13 6 32.129716 10300
    687 13 6 32.139758 13 6 32.139758 10300
    688 13 6 32.149703 13 6 32.149703 10300
    689 13 6 32.159740 13 6 32.159740 10300
    690 13 6 32.169983 13 6 32.169983 10300
    691 13 6 32.179791 13 6 32.179791 10300
    692 13 6 32.189723 13 6 32.189723 10300
    693 13 6 32.199725 13 6 32.199725 10300
    694 13 6 32.209721 13 6 32.209721 10300
    695 13 6 32.219675 13 6 32.219675 10300
    696 13 6 32.229717 13 6 32.229717 10300
    697 13 6 32.240087 13 6 32.240087 10300
    698 13 6 32.249668 13 6 32.249668 10300
    699 13 6 32.259658 13 6 32.259658 10300
    700 13 6 32.269658 13 6 32.269658 10300
    701 13 6 32.279716 13 6 32.279716 10300
    702 13 6 32.290742 13 6 32.290742 10300
    703 13 6 32.300258 13 6 32.300258 10300
    704 13 6 32.309721 13 6 32.309721 10300
    705 13 6 32.319713 13 6 32.319713 10300
    706 13 6 32.329712 13 6 32.329712 10300
    707 13 6 32.340649 13 6 32.340649 10300
    708 13 6 32.349747 13 6 32.349747 10300
    709 13 6 32.359766 13 6 32.359766 10300
    710 13 6 32.369674 13 6 32.369674 10300
    711 13 6 32.379721 13 6 32.379721 10300
    712 13 6 32.389721 13 6 32.389721 10300
    713 13 6 32.399731 13 6 32.399731 10300
    714 13 6 32.409725 13 6 32.409725 10300
    715 13 6 32.419710 13 6 32.419710 10300
    716 13 6 32.429662 13 6 32.429662 10300
    717 13 6 32.439670 13 6 32.439670 10300
    718 13 6 32.449652 13 6 32.449652 10300
    719 13 6 32.459653 13 6 32.459653 10300
    720 13 6 32.469673 13 6 32.469673 10300
    721 13 6 32.479674 13 6 32.479674 10300
    722 13 6 32.489643 13 6 32.489643 10300
    723 13 6 32.499955 13 6 32.499955 10300
    724 13 6 32.509720 13 6 32.509720 10300
    725 13 6 32.519675 13 6 32.519675 10300
    726 13 6 32.529662 13 6 32.529662 10300
    727 13 6 32.539825 13 6 32.539825 10300
    728 13 6 32.549728 13 6 32.549728 10300
    729 13 6 32.559714 13 6 32.559714 10300
    730 13 6 32.569724 13 6 32.569724 10300
    731 13 6 32.579715 13 6 32.579715 10300
    732 13 6 32.589714 13 6 32.589714 10300
    733 13 6 32.599728 13 6 32.599728 10300
    734 13 6 32.609726 13 6 32.609726 10300
    735 13 6 32.619661 13 6 32.619661 10300
    736 13 6 32.629658 13 6 32.629658 10300
    737 13 6 32.639648 13 6 32.639648 10300
    738 13 6 32.649658 13 6 32.649658 10300
    739 13 6 32.659650 13 6 32.659650 10300
    740 13 6 32.669659 13 6 32.669659 10300
    741 13 6 32.679653 13 6 32.679653 10300
    742 13 6 32.689642 13 6 32.689642 10300
    743 13 6 32.699632 13 6 32.699632 10300
    744 13 6 32.709721 13 6 32.709721 10300
    745 13 6 32.719721 13 6 32.719721 10300
    746 13 6 32.729722 13 6 32.729722 10300
    747 13 6 32.739828 13 6 32.739828 10300
    748 13 6 32.749758 13 6 32.749758 10300
    749 13 6 32.759686 13 6 32.759686 10300
    750 13 6 32.769733 13 6 32.769733 10300
    751 13 6 32.779719 13 6 32.779719 10300
    752 13 6 32.789715 13 6 32.789715 10300
    753 13 6 32.799669 13 6 32.799669 10300
    754 13 6 32.809719 13 6 32.809719 10300
    755 13 6 32.819654 13 6 32.819654 10300
    756 13 6 32.829658 13 6 32.829658 10300
    757 13 6 32.839683 13 6 32.839683 10300
    758 13 6 32.849656 13 6 32.849656 10300
    759 13 6 32.859662 13 6 32.859662 10300
    760 13 6 32.869655 13 6 32.869655 10300
    761 13 6 32.879651 13 6 32.879651 10300
    762 13 6 32.889696 13 6 32.889696 10300
    763 13 6 32.899861 13 6 32.899861 10300
    764 13 6 32.909725 13 6 32.909725 10300
    765 13 6 32.919716 13 6 32.919716 10300
    766 13 6 32.929757 13 6 32.929757 10300
    767 13 6 32.939670 13 6 32.939670 10300
    768 13 6 32.949705 13 6 32.949705 10300
    769 13 6 32.959642 13 6 32.959642 10300
    770 13 6 32.969704 13 6 32.969704 10300
    771 13 6 32.979841 13 6 32.979841 10300
    772 13 6 32.989718 13 6 32.989718 10300
    773 13 6 32.999701 13 6 32.999701 10300
    774 13 6 33.009737 13 6 33.009737 10300
    775 13 6 33.019652 13 6 33.019652 10300
    776 13 6 33.029662 13 6 33.029662 10300
    777 13 6 33.039658 13 6 33.039658 10300
    778 13 6 33.049655 13 6 33.049655 10300
    779 13 6 33.059659 13 6 33.059659 10300
    780 13 6 33.069662 13 6 33.069662 10300
    781 13 6 33.079658 13 6 33.079658 10300
    782 13 6 33.089669 13 6 33.089669 10300
    783 13 6 33.100062 13 6 33.100062 10300
    784 13 6 33.109766 13 6 33.109766 10300
    785 13 6 33.119655 13 6 33.119655 10300
    786 13 6 33.129719 13 6 33.129719 10300
    787 13 6 33.139690 13 6 33.139690 10300
    788 13 6 33.149715 13 6 33.149715 10300
    789 13 6 33.159717 13 6 33.159717 10300
    790 13 6 33.169660 13 6 33.169660 10300
    791 13 6 33.179650 13 6 33.179650 10300
    792 13 6 33.189691 13 6 33.189691 10300
    793 13 6 33.199738 13 6 33.199738 10300
    794 13 6 33.209719 13 6 33.209719 10300
    795 13 6 33.219655 13 6 33.219655 10300
    796 13 6 33.229658 13 6 33.229658 10300
    797 13 6 33.239651 13 6 33.239651 10300
    798 13 6 33.249772 13 6 33.249772 10300
    799 13 6 33.259653 13 6 33.259653 10300
    800 13 6 33.269657 13 6 33.269657 10300
    801 13 6 33.279651 13 6 33.279651 10300
    802 13 6 33.289650 13 6 33.289650 10300
    803 13 6 33.299663 13 6 33.299663 10300
    804 13 6 33.309724 13 6 33.309724 10300
    805 13 6 33.319651 13 6 33.319651 10300
    806 13 6 33.329723 13 6 33.329723 10300
    807 13 6 33.339772 13 6 33.339772 10300
    808 13 6 33.349744 13 6 33.349744 10300
    809 13 6 33.359647 13 6 33.359647 10300
    810 13 6 33.369731 13 6 33.369731 10300
    811 13 6 33.379722 13 6 33.379722 10300
    812 13 6 33.389648 13 6 33.389648 10300
    813 13 6 33.399760 13 6 33.399760 10300
    814 13 6 33.409726 13 6 33.409726 10300
    815 13 6 33.419724 13 6 33.419724 10300
    816 13 6 33.429676 13 6 33.429676 10300
    817 13 6 33.439660 13 6 33.439660 10300
    818 13 6 33.449669 13 6 33.449669 10300
    819 13 6 33.459659 13 6 33.459659 10300
    820 13 6 33.469664 13 6 33.469664 10300
    821 13 6 33.480055 13 6 33.480055 10300
    822 13 6 33.489660 13 6 33.489660 10300
    823 13 6 33.499701 13 6 33.499701 10300
    824 13 6 33.509721 13 6 33.509721 10300
    825 13 6 33.519720 13 6 33.519720 10300
    826 13 6 33.529725 13 6 33.529725 10300
    827 13 6 33.539653 13 6 33.539653 10300
    828 13 6 33.550300 13 6 33.550300 10300
    829 13 6 33.559694 13 6 33.559694 10300
    830 13 6 33.569712 13 6 33.569712 10300
    831 13 6 33.579771 13 6 33.579771 10300
    832 13 6 33.589651 13 6 33.589651 10300
    833 13 6 33.599727 13 6 33.599727 10300
    834 13 6 33.609659 13 6 33.609659 10300
    835 13 6 33.619723 13 6 33.619723 10300
    836 13 6 33.629717 13 6 33.629717 10300
    837 13 6 33.639654 13 6 33.639654 10300
    838 13 6 33.649662 13 6 33.649662 10300
    839 13 6 33.659694 13 6 33.659694 10300
    840 13 6 33.669722 13 6 33.669722 10300
    841 13 6 33.679653 13 6 33.679653 10300
    842 13 6 33.689658 13 6 33.689658 10300
    843 13 6 33.699815 13 6 33.699815 10300
    844 13 6 33.709715 13 6 33.709715 10300
    845 13 6 33.719782 13 6 33.719782 10300
    846 13 6 33.729785 13 6 33.729785 10300
    847 13 6 33.739722 13 6 33.739722 10300
    848 13 6 33.749699 13 6 33.749699 10300
    849 13 6 33.759720 13 6 33.759720 10300
    850 13 6 33.769736 13 6 33.769736 10300
    851 13 6 33.780462 13 6 33.780462 10300
    852 13 6 33.789821 13 6 33.789821 10300
    853 13 6 33.799782 13 6 33.799782 10300
    854 13 6 33.809719 13 6 33.809719 10300
    855 13 6 33.819681 13 6 33.819681 10300
    856 13 6 33.829729 13 6 33.829729 10300
    857 13 6 33.839654 13 6 33.839654 10300
    858 13 6 33.849674 13 6 33.849674 10300
    859 13 6 33.859667 13 6 33.859667 10300
    860 13 6 33.869655 13 6 33.869655 10300
    861 13 6 33.879882 13 6 33.879882 10300
    862 13 6 33.889668 13 6 33.889668 10300
    863 13 6 33.900244 13 6 33.900244 10300
    864 13 6 33.909736 13 6 33.909736 10300
    865 13 6 33.919769 13 6 33.919769 10300
    866 13 6 33.929760 13 6 33.929760 10300
    867 13 6 33.939644 13 6 33.939644 10300
    868 13 6 33.949700 13 6 33.949700 10300
    869 13 6 33.959744 13 6 33.959744 10300
    870 13 6 33.969689 13 6 33.969689 10300
    871 13 6 33.979714 13 6 33.979714 10300
    872 13 6 33.989728 13 6 33.989728 10300
    873 13 6 33.999715 13 6 33.999715 10300
    874 13 6 34.009753 13 6 34.009753 10300
    875 13 6 34.019725 13 6 34.019725 10300
    876 13 6 34.029663 13 6 34.029663 10300
    877 13 6 34.039661 13 6 34.039661 10300
    878 13 6 34.049658 13 6 34.049658 10300
    879 13 6 34.059649 13 6 34.059649 10300
    880 13 6 34.069654 13 6 34.069654 10300
    881 13 6 34.079659 13 6 34.079659 10300
    882 13 6 34.089655 13 6 34.089655 10300
    883 13 6 34.099666 13 6 34.099666 10300
    884 13 6 34.109729 13 6 34.109729 10300
    885 13 6 34.119712 13 6 34.119712 10300
    886 13 6 34.129717 13 6 34.129717 10300
    887 13 6 34.139648 13 6 34.139648 10300
    888 13 6 34.149712 13 6 34.149712 10300
    889 13 6 34.159683 13 6 34.159683 10300
    890 13 6 34.169714 13 6 34.169714 10300
    891 13 6 34.179715 13 6 34.179715 10300
    892 13 6 34.189739 13 6 34.189739 10300
    893 13 6 34.199725 13 6 34.199725 10300
    894 13 6 34.209674 13 6 34.209674 10300
    895 13 6 34.219664 13 6 34.219664 10300
    896 13 6 34.229658 13 6 34.229658 10300
    897 13 6 34.239659 13 6 34.239659 10300
    898 13 6 34.249651 13 6 34.249651 10300
    899 13 6 34.259659 13 6 34.259659 10300
    900 13 6 34.269660 13 6 34.269660 10300
    901 13 6 34.279668 13 6 34.279668 10300
    902 13 6 34.289639 13 6 34.289639 10300
    903 13 6 34.299706 13 6 34.299706 10300
    904 13 6 34.309724 13 6 34.309724 10300
    905 13 6 34.319653 13 6 34.319653 10300
    906 13 6 34.329717 13 6 34.329717 10300
    907 13 6 34.339734 13 6 34.339734 10300
    908 13 6 34.349687 13 6 34.349687 10300
    909 13 6 34.359732 13 6 34.359732 10300
    910 13 6 34.369604 13 6 34.369604 10300
    911 13 6 34.379654 13 6 34.379654 10300
    912 13 6 34.389724 13 6 34.389724 10300
    913 13 6 34.399804 13 6 34.399804 10300
    914 13 6 34.409725 13 6 34.409725 10300
    915 13 6 34.419722 13 6 34.419722 10300
    916 13 6 34.429729 13 6 34.429729 10300
    917 13 6 34.439664 13 6 34.439664 10300
    918 13 6 34.449660 13 6 34.449660 10300
    919 13 6 34.459665 13 6 34.459665 10300
    920 13 6 34.469639 13 6 34.469639 10300
    921 13 6 34.479661 13 6 34.479661 10300
    922 13 6 34.489652 13 6 34.489652 10300
    923 13 6 34.499975 13 6 34.499975 10300
    924 13 6 34.509745 13 6 34.509745 10300
    925 13 6 34.519671 13 6 34.519671 10300
    926 13 6 34.529719 13 6 34.529719 10300
    927 13 6 34.539726 13 6 34.539726 10300
    928 13 6 34.550004 13 6 34.550004 10300
    929 13 6 34.562699 13 6 34.562699 10300
    930 13 6 34.569732 13 6 34.569732 10300
    931 13 6 34.579726 13 6 34.579726 10300
    932 13 6 34.589871 13 6 34.589871 10300
    933 13 6 34.599711 13 6 34.599711 10300
    934 13 6 34.609723 13 6 34.609723 10300
    935 13 6 34.619709 13 6 34.619709 10300
    936 13 6 34.629685 13 6 34.629685 10300
    937 13 6 34.639653 13 6 34.639653 10300
    938 13 6 34.649675 13 6 34.649675 10300
    939 13 6 34.659658 13 6 34.659658 10300
    940 13 6 34.669673 13 6 34.669673 10300
    941 13 6 34.679653 13 6 34.679653 10300
    942 13 6 34.689666 13 6 34.689666 10300
    943 13 6 34.699641 13 6 34.699641 10300
    944 13 6 34.709651 13 6 34.709651 10300
    945 13 6 34.719880 13 6 34.719880 10300
    946 13 6 34.729669 13 6 34.729669 10300
    947 13 6 34.739714 13 6 34.739714 10300
    948 13 6 34.749625 13 6 34.749625 10300
    949 13 6 34.759712 13 6 34.759712 10300
    950 13 6 34.769688 13 6 34.769688 10300
    951 13 6 34.779716 13 6 34.779716 10300
    952 13 6 34.789678 13 6 34.789678 10300
    953 13 6 34.799731 13 6 34.799731 10300
    954 13 6 34.809714 13 6 34.809714 10300
    955 13 6 34.819682 13 6 34.819682 10300
    956 13 6 34.829777 13 6 34.829777 10300
    957 13 6 34.839686 13 6 34.839686 10300
    958 13 6 34.849665 13 6 34.849665 10300
    959 13 6 34.859662 13 6 34.859662 10300
    960 13 6 34.869660 13 6 34.869660 10300
    961 13 6 34.879663 13 6 34.879663 10300
    962 13 6 34.889657 13 6 34.889657 10300
    963 13 6 34.899673 13 6 34.899673 10300
    964 13 6 34.909801 13 6 34.909801 10300
    965 13 6 34.919730 13 6 34.919730 10300
    966 13 6 34.929650 13 6 34.929650 10300
    967 13 6 34.939748 13 6 34.939748 10300
    968 13 6 34.949722 13 6 34.949722 10300
    969 13 6 34.959719 13 6 34.959719 10300
    970 13 6 34.969723 13 6 34.969723 10300
    971 13 6 34.979747 13 6 34.979747 10300
    972 13 6 34.989677 13 6 34.989677 10300
    973 13 6 34.999723 13 6 34.999723 10300
    974 13 6 35.009720 13 6 35.009720 10300
    975 13 6 35.019657 13 6 35.019657 10300
    976 13 6 35.029660 13 6 35.029660 10300
    977 13 6 35.039717 13 6 35.039717 10300
    978 13 6 35.049745 13 6 35.049745 10300
    979 13 6 35.059722 13 6 35.059722 10300
    980 13 6 35.069676 13 6 35.069676 10300
    981 13 6 35.079661 13 6 35.079661 10300
    982 13 6 35.089683 13 6 35.089683 10300
    983 13 6 35.099773 13 6 35.099773 10300
    984 13 6 35.109768 13 6 35.109768 10300
    985 13 6 35.119717 13 6 35.119717 10300
    986 13 6 35.129717 13 6 35.129717 10300
    987 13 6 35.139730 13 6 35.139730 10300
    988 13 6 35.149723 13 6 35.149723 10300
    989 13 6 35.159723 13 6 35.159723 10300
    990 13 6 35.169724 13 6 35.169724 10300
    991 13 6 35.180118 13 6 35.180118 10300
    992 13 6 35.189776 13 6 35.189776 10300
    993 13 6 35.199716 13 6 35.199716 10300
    994 13 6 35.209783 13 6 35.209783 10300
    995 13 6 35.219794 13 6 35.219794 10300
    996 13 6 35.229861 13 6 35.229861 10300
    997 13 6 35.239983 13 6 35.239983 10300
    998 13 6 35.249664 13 6 35.249664 10300
    999 13 6 35.259653 13 6 35.259653 10300
   1000 13 6 35.269658 13 6 35.269658 10300
