      1 13 3 59.623848 13 3 59.623848 9100
      2 13 3 59.633935 13 3 59.633935 9100
      3 13 3 59.644061 13 3 59.644061 9100
      4 13 3 59.653939 13 3 59.653939 9100
      5 13 3 59.664012 13 3 59.664012 9100
      6 13 3 59.674028 13 3 59.674028 9100
      7 13 3 59.683926 13 3 59.683926 9100
      8 13 3 59.693947 13 3 59.693947 9100
      9 13 3 59.703969 13 3 59.703969 9100
     10 13 3 59.713951 13 3 59.713951 9100
     11 13 3 59.725580 13 3 59.725580 9100
     12 13 3 59.733950 13 3 59.733950 9100
     13 13 3 59.743958 13 3 59.743958 9100
     14 13 3 59.753959 13 3 59.753959 9100
     15 13 3 59.763958 13 3 59.763958 9100
     16 13 3 59.773950 13 3 59.773950 9100
     17 13 3 59.783968 13 3 59.783968 9100
     18 13 3 59.794164 13 3 59.794164 9100
     19 13 3 59.804564 13 3 59.804564 9100
     20 13 3 59.814807 13 3 59.814807 9100
     21 13 3 59.823949 13 3 59.823949 9100
     22 13 3 59.834100 13 3 59.834100 9100
     23 13 3 59.844020 13 3 59.844020 9100
     24 13 3 59.854002 13 3 59.854002 9100
     25 13 3 59.864021 13 3 59.864021 9100
     26 13 3 59.873961 13 3 59.873961 9100
     27 13 3 59.883952 13 3 59.883952 9100
     28 13 3 59.893959 13 3 59.893959 9100
     29 13 3 59.903948 13 3 59.903948 9100
     30 13 3 59.913983 13 3 59.913983 9100
     31 13 3 59.923971 13 3 59.923971 9100
     32 13 3 59.933960 13 3 59.933960 9100
     33 13 3 59.943949 13 3 59.943949 9100
     34 13 3 59.953958 13 3 59.953958 9100
     35 13 3 59.963980 13 3 59.963980 9100
     36 13 3 59.974286 13 3 59.974286 9100
     37 13 3 59.984186 13 3 59.984186 9100
     38 13 3 59.994022 13 3 59.994022 9100
     39 13 4 0.004051 13 4 0.004051 9100
     40 13 4 0.014042 13 4 0.014042 9100
     41 13 4 0.024024 13 4 0.024024 9100
     42 13 4 0.034057 13 4 0.034057 9100
     43 13 4 0.044022 13 4 0.044022 9100
     44 13 4 0.054033 13 4 0.054033 9100
     45 13 4 0.063998 13 4 0.063998 9100
     46 13 4 0.073953 13 4 0.073953 9100
     47 13 4 0.083951 13 4 0.083951 9100
     48 13 4 0.093949 13 4 0.093949 9100
     49 13 4 0.103949 13 4 0.103949 9100
     50 13 4 0.113954 13 4 0.113954 9100
     51 13 4 0.124101 13 4 0.124101 9100
     52 13 4 0.133973 13 4 0.133973 9100
     53 13 4 0.143978 13 4 0.143978 9100
     54 13 4 0.153990 13 4 0.153990 9100
     55 13 4 0.163956 13 4 0.163956 9100
     56 13 4 0.173953 13 4 0.173953 9100
     57 13 4 0.184022 13 4 0.184022 9100
     58 13 4 0.194057 13 4 0.194057 9100
     59 13 4 0.203990 13 4 0.203990 9100
     60 13 4 0.214036 13 4 0.214036 9100
     61 13 4 0.224039 13 4 0.224039 9100
     62 13 4 0.234039 13 4 0.234039 9100
     63 13 4 0.244023 13 4 0.244023 9100
     64 13 4 0.254157 13 4 0.254157 9100
     65 13 4 0.264025 13 4 0.264025 9100
     66 13 4 0.273953 13 4 0.273953 9100
     67 13 4 0.283958 13 4 0.283958 9100
     68 13 4 0.294138 13 4 0.294138 9100
     69 13 4 0.303958 13 4 0.303958 9100
     70 13 4 0.313966 13 4 0.313966 9100
     71 13 4 0.323941 13 4 0.323941 9100
     72 13 4 0.333965 13 4 0.333965 9100
     73 13 4 0.343968 13 4 0.343968 9100
     74 13 4 0.353950 13 4 0.353950 9100
     75 13 4 0.363940 13 4 0.363940 9100
     76 13 4 0.373960 13 4 0.373960 9100
     77 13 4 0.383983 13 4 0.383983 9100
     78 13 4 0.394038 13 4 0.394038 9100
     79 13 4 0.403980 13 4 0.403980 9100
     80 13 4 0.414026 13 4 0.414026 9100
     81 13 4 0.424006 13 4 0.424006 9100
     82 13 4 0.434070 13 4 0.434070 9100
     83 13 4 0.444016 13 4 0.444016 9100
     84 13 4 0.454063 13 4 0.454063 9100
     85 13 4 0.463971 13 4 0.463971 9100
     86 13 4 0.474050 13 4 0.474050 9100
     87 13 4 0.483953 13 4 0.483953 9100
     88 13 4 0.493967 13 4 0.493967 9100
     89 13 4 0.503954 13 4 0.503954 9100
     90 13 4 0.513947 13 4 0.513947 9100
     91 13 4 0.524012 13 4 0.524012 9100
     92 13 4 0.533953 13 4 0.533953 9100
     93 13 4 0.543950 13 4 0.543950 9100
     94 13 4 0.554781 13 4 0.554781 9100
     95 13 4 0.563981 13 4 0.563981 9100
     96 13 4 0.573953 13 4 0.573953 9100
     97 13 4 0.583967 13 4 0.583967 9100
     98 13 4 0.594091 13 4 0.594091 9100
     99 13 4 0.604506 13 4 0.604506 9100
    100 13 4 0.614093 13 4 0.614093 9100
    101 13 4 0.623975 13 4 0.623975 9100
    102 13 4 0.634175 13 4 0.634175 9100
    103 13 4 0.644021 13 4 0.644021 9100
    104 13 4 0.653998 13 4 0.653998 9100
    105 13 4 0.664010 13 4 0.664010 9100
    106 13 4 0.674039 13 4 0.674039 9100
    107 13 4 0.683935 13 4 0.683935 9100
    108 13 4 0.693960 13 4 0.693960 9100
    109 13 4 0.703980 13 4 0.703980 9100
    110 13 4 0.714003 13 4 0.714003 9100
    111 13 4 0.723953 13 4 0.723953 9100
    112 13 4 0.733954 13 4 0.733954 9100
    113 13 4 0.743977 13 4 0.743977 9100
    114 13 4 0.755282 13 4 0.755282 9100
    115 13 4 0.763971 13 4 0.763971 9100
    116 13 4 0.773972 13 4 0.773972 9100
    117 13 4 0.783956 13 4 0.783956 9100
    118 13 4 0.794016 13 4 0.794016 9100
    119 13 4 0.804015 13 4 0.804015 9100
    120 13 4 0.814241 13 4 0.814241 9100
    121 13 4 0.824048 13 4 0.824048 9100
    122 13 4 0.834017 13 4 0.834017 9100
    123 13 4 0.843953 13 4 0.843953 9100
    124 13 4 0.853978 13 4 0.853978 9100
    125 13 4 0.863915 13 4 0.863915 9100
    126 13 4 0.873981 13 4 0.873981 9100
    127 13 4 0.883979 13 4 0.883979 9100
    128 13 4 0.894200 13 4 0.894200 9100
    129 13 4 0.903950 13 4 0.903950 9100
    130 13 4 0.913974 13 4 0.913974 9100
    131 13 4 0.923952 13 4 0.923952 9100
    132 13 4 0.933974 13 4 0.933974 9100
    133 13 4 0.944279 13 4 0.944279 9100
    134 13 4 0.953978 13 4 0.953978 9100
    135 13 4 0.963952 13 4 0.963952 9100
    136 13 4 0.973949 13 4 0.973949 9100
    137 13 4 0.983949 13 4 0.983949 9100
    138 13 4 0.994681 13 4 0.994681 9100
    139 13 4 1.004043 13 4 1.004043 9100
    140 13 4 1.014083 13 4 1.014083 9100
    141 13 4 1.023954 13 4 1.023954 9100
    142 13 4 1.034029 13 4 1.034029 9100
    143 13 4 1.043949 13 4 1.043949 9100
    144 13 4 1.054021 13 4 1.054021 9100
    145 13 4 1.064011 13 4 1.064011 9100
    146 13 4 1.074008 13 4 1.074008 9100
    147 13 4 1.084004 13 4 1.084004 9100
    148 13 4 1.093995 13 4 1.093995 9100
    149 13 4 1.103957 13 4 1.103957 9100
    150 13 4 1.113950 13 4 1.113950 9100
    151 13 4 1.123971 13 4 1.123971 9100
    152 13 4 1.134103 13 4 1.134103 9100
    153 13 4 1.143955 13 4 1.143955 9100
    154 13 4 1.154011 13 4 1.154011 9100
    155 13 4 1.163988 13 4 1.163988 9100
    156 13 4 1.173972 13 4 1.173972 9100
    157 13 4 1.183980 13 4 1.183980 9100
    158 13 4 1.194280 13 4 1.194280 9100
    159 13 4 1.204291 13 4 1.204291 9100
    160 13 4 1.213994 13 4 1.213994 9100
    161 13 4 1.224056 13 4 1.224056 9100
    162 13 4 1.234048 13 4 1.234048 9100
    163 13 4 1.244026 13 4 1.244026 9100
    164 13 4 1.254019 13 4 1.254019 9100
    165 13 4 1.264505 13 4 1.264505 9100
    166 13 4 1.273984 13 4 1.273984 9100
    167 13 4 1.284073 13 4 1.284073 9100
    168 13 4 1.294032 13 4 1.294032 9100
    169 13 4 1.303948 13 4 1.303948 9100
    170 13 4 1.313947 13 4 1.313947 9100
    171 13 4 1.323970 13 4 1.323970 9100
    172 13 4 1.333963 13 4 1.333963 9100
    173 13 4 1.343958 13 4 1.343958 9100
    174 13 4 1.353950 13 4 1.353950 9100
    175 13 4 1.363960 13 4 1.363960 9100
    176 13 4 1.373949 13 4 1.373949 9100
    177 13 4 1.383963 13 4 1.383963 9100
    178 13 4 1.393934 13 4 1.393934 9100
    179 13 4 1.403996 13 4 1.403996 9100
    180 13 4 1.414019 13 4 1.414019 9100
    181 13 4 1.423956 13 4 1.423956 9100
    182 13 4 1.434037 13 4 1.434037 9100
    183 13 4 1.444061 13 4 1.444061 9100
    184 13 4 1.454795 13 4 1.454795 9100
    185 13 4 1.463982 13 4 1.463982 9100
    186 13 4 1.474037 13 4 1.474037 9100
    187 13 4 1.484018 13 4 1.484018 9100
    188 13 4 1.493964 13 4 1.493964 9100
    189 13 4 1.504038 13 4 1.504038 9100
    190 13 4 1.513949 13 4 1.513949 9100
    191 13 4 1.523952 13 4 1.523952 9100
    192 13 4 1.533958 13 4 1.533958 9100
    193 13 4 1.544878 13 4 1.544878 9100
    194 13 4 1.553989 13 4 1.553989 9100
    195 13 4 1.563947 13 4 1.563947 9100
    196 13 4 1.573970 13 4 1.573970 9100
    197 13 4 1.583944 13 4 1.583944 9100
    198 13 4 1.593961 13 4 1.593961 9100
    199 13 4 1.603959 13 4 1.603959 9100
    200 13 4 1.614113 13 4 1.614113 9100
    201 13 4 1.624134 13 4 1.624134 9100
    202 13 4 1.634017 13 4 1.634017 9100
    203 13 4 1.643940 13 4 1.643940 9100
    204 13 4 1.654045 13 4 1.654045 9100
    205 13 4 1.664034 13 4 1.664034 9100
    206 13 4 1.674029 13 4 1.674029 9100
    207 13 4 1.684019 13 4 1.684019 9100
    208 13 4 1.694049 13 4 1.694049 9100
    209 13 4 1.704083 13 4 1.704083 9100
    210 13 4 1.714054 13 4 1.714054 9100
    211 13 4 1.723959 13 4 1.723959 9100
    212 13 4 1.734220 13 4 1.734220 9100
    213 13 4 1.743957 13 4 1.743957 9100
    214 13 4 1.753952 13 4 1.753952 9100
    215 13 4 1.763946 13 4 1.763946 9100
    216 13 4 1.773960 13 4 1.773960 9100
    217 13 4 1.783968 13 4 1.783968 9100
    218 13 4 1.793949 13 4 1.793949 9100
    219 13 4 1.804106 13 4 1.804106 9100
    220 13 4 1.814023 13 4 1.814023 9100
    221 13 4 1.824266 13 4 1.824266 9100
    222 13 4 1.833998 13 4 1.833998 9100
    223 13 4 1.844025 13 4 1.844025 9100
    224 13 4 1.854015 13 4 1.854015 9100
    225 13 4 1.864005 13 4 1.864005 9100
    226 13 4 1.874063 13 4 1.874063 9100
    227 13 4 1.883956 13 4 1.883956 9100
    228 13 4 1.894037 13 4 1.894037 9100
    229 13 4 1.904024 13 4 1.904024 9100
    230 13 4 1.913993 13 4 1.913993 9100
    231 13 4 1.923937 13 4 1.923937 9100
    232 13 4 1.933951 13 4 1.933951 9100
    233 13 4 1.943957 13 4 1.943957 9100
    234 13 4 1.953952 13 4 1.953952 9100
    235 13 4 1.963951 13 4 1.963951 9100
    236 13 4 1.974073 13 4 1.974073 9100
    237 13 4 1.984007 13 4 1.984007 9100
    238 13 4 1.993951 13 4 1.993951 9100
    239 13 4 2.004021 13 4 2.004021 9100
    240 13 4 2.014016 13 4 2.014016 9100
    241 13 4 2.024042 13 4 2.024042 9100
    242 13 4 2.034006 13 4 2.034006 9100
    243 13 4 2.044058 13 4 2.044058 9100
    244 13 4 2.054756 13 4 2.054756 9100
    245 13 4 2.063972 13 4 2.063972 9100
    246 13 4 2.074022 13 4 2.074022 9100
    247 13 4 2.084011 13 4 2.084011 9100
    248 13 4 2.093998 13 4 2.093998 9100
    249 13 4 2.104014 13 4 2.104014 9100
    250 13 4 2.113961 13 4 2.113961 9100
    251 13 4 2.124031 13 4 2.124031 9100
    252 13 4 2.133961 13 4 2.133961 9100
    253 13 4 2.143945 13 4 2.143945 9100
    254 13 4 2.153963 13 4 2.153963 9100
    255 13 4 2.163950 13 4 2.163950 9100
    256 13 4 2.173941 13 4 2.173941 9100
    257 13 4 2.183949 13 4 2.183949 9100
    258 13 4 2.193940 13 4 2.193940 9100
    259 13 4 2.204007 13 4 2.204007 9100
    260 13 4 2.214024 13 4 2.214024 9100
    261 13 4 2.223980 13 4 2.223980 9100
    262 13 4 2.234567 13 4 2.234567 9100
    263 13 4 2.244018 13 4 2.244018 9100
    264 13 4 2.254014 13 4 2.254014 9100
    265 13 4 2.264016 13 4 2.264016 9100
    266 13 4 2.274020 13 4 2.274020 9100
    267 13 4 2.284024 13 4 2.284024 9100
    268 13 4 2.293956 13 4 2.293956 9100
    269 13 4 2.303955 13 4 2.303955 9100
    270 13 4 2.314011 13 4 2.314011 9100
    271 13 4 2.324380 13 4 2.324380 9100
    272 13 4 2.333981 13 4 2.333981 9100
    273 13 4 2.343955 13 4 2.343955 9100
    274 13 4 2.353950 13 4 2.353950 9100
    275 13 4 2.363948 13 4 2.363948 9100
    276 13 4 2.373985 13 4 2.373985 9100
    277 13 4 2.383970 13 4 2.383970 9100
    278 13 4 2.394733 13 4 2.394733 9100
    279 13 4 2.404078 13 4 2.404078 9100
    280 13 4 2.414048 13 4 2.414048 9100
    281 13 4 2.423976 13 4 2.423976 9100
    282 13 4 2.434057 13 4 2.434057 9100
    283 13 4 2.444046 13 4 2.444046 9100
    284 13 4 2.454035 13 4 2.454035 9100
    285 13 4 2.464020 13 4 2.464020 9100
    286 13 4 2.474005 13 4 2.474005 9100
    287 13 4 2.484004 13 4 2.484004 9100
    288 13 4 2.494028 13 4 2.494028 9100
    289 13 4 2.504017 13 4 2.504017 9100
    290 13 4 2.513951 13 4 2.513951 9100
    291 13 4 2.523953 13 4 2.523953 9100
    292 13 4 2.533967 13 4 2.533967 9100
    293 13 4 2.543955 13 4 2.543955 9100
    294 13 4 2.553982 13 4 2.553982 9100
    295 13 4 2.563946 13 4 2.563946 9100
    296 13 4 2.573967 13 4 2.573967 9100
    297 13 4 2.583994 13 4 2.583994 9100
    298 13 4 2.593983 13 4 2.593983 9100
    299 13 4 2.603946 13 4 2.603946 9100
    300 13 4 2.613979 13 4 2.613979 9100
    301 13 4 2.624038 13 4 2.624038 9100
    302 13 4 2.634630 13 4 2.634630 9100
    303 13 4 2.644018 13 4 2.644018 9100
    304 13 4 2.654030 13 4 2.654030 9100
    305 13 4 2.664092 13 4 2.664092 9100
    306 13 4 2.674052 13 4 2.674052 9100
    307 13 4 2.684003 13 4 2.684003 9100
    308 13 4 2.694008 13 4 2.694008 9100
    309 13 4 2.703955 13 4 2.703955 9100
    310 13 4 2.714039 13 4 2.714039 9100
    311 13 4 2.723971 13 4 2.723971 9100
    312 13 4 2.733998 13 4 2.733998 9100
    313 13 4 2.743976 13 4 2.743976 9100
    314 13 4 2.753952 13 4 2.753952 9100
    315 13 4 2.763960 13 4 2.763960 9100
    316 13 4 2.773963 13 4 2.773963 9100
    317 13 4 2.783960 13 4 2.783960 9100
    318 13 4 2.793960 13 4 2.793960 9100
    319 13 4 2.804349 13 4 2.804349 9100
    320 13 4 2.814038 13 4 2.814038 9100
    321 13 4 2.824005 13 4 2.824005 9100
    322 13 4 2.834036 13 4 2.834036 9100
    323 13 4 2.843998 13 4 2.843998 9100
    324 13 4 2.854873 13 4 2.854873 9100
    325 13 4 2.863945 13 4 2.863945 9100
    326 13 4 2.874070 13 4 2.874070 9100
    327 13 4 2.884002 13 4 2.884002 9100
    328 13 4 2.894026 13 4 2.894026 9100
    329 13 4 2.904018 13 4 2.904018 9100
    330 13 4 2.914024 13 4 2.914024 9100
    331 13 4 2.924818 13 4 2.924818 9100
    332 13 4 2.933959 13 4 2.933959 9100
    333 13 4 2.943940 13 4 2.943940 9100
    334 13 4 2.953987 13 4 2.953987 9100
    335 13 4 2.963941 13 4 2.963941 9100
    336 13 4 2.973996 13 4 2.973996 9100
    337 13 4 2.983956 13 4 2.983956 9100
    338 13 4 2.993984 13 4 2.993984 9100
    339 13 4 3.003976 13 4 3.003976 9100
    340 13 4 3.014021 13 4 3.014021 9100
    341 13 4 3.024011 13 4 3.024011 9100
    342 13 4 3.033938 13 4 3.033938 9100
    343 13 4 3.044017 13 4 3.044017 9100
    344 13 4 3.054136 13 4 3.054136 9100
    345 13 4 3.063985 13 4 3.063985 9100
    346 13 4 3.074012 13 4 3.074012 9100
    347 13 4 3.084020 13 4 3.084020 9100
    348 13 4 3.093977 13 4 3.093977 9100
    349 13 4 3.104001 13 4 3.104001 9100
    350 13 4 3.113971 13 4 3.113971 9100
    351 13 4 3.123960 13 4 3.123960 9100
    352 13 4 3.133951 13 4 3.133951 9100
    353 13 4 3.143947 13 4 3.143947 9100
    354 13 4 3.153951 13 4 3.153951 9100
    355 13 4 3.163975 13 4 3.163975 9100
    356 13 4 3.173951 13 4 3.173951 9100
    357 13 4 3.183918 13 4 3.183918 9100
    358 13 4 3.193982 13 4 3.193982 9100
    359 13 4 3.203984 13 4 3.203984 9100
    360 13 4 3.214007 13 4 3.214007 9100
    361 13 4 3.224024 13 4 3.224024 9100
    362 13 4 3.234096 13 4 3.234096 9100
    363 13 4 3.244034 13 4 3.244034 9100
    364 13 4 3.254042 13 4 3.254042 9100
    365 13 4 3.264002 13 4 3.264002 9100
    366 13 4 3.274023 13 4 3.274023 9100
    367 13 4 3.284011 13 4 3.284011 9100
    368 13 4 3.294016 13 4 3.294016 9100
    369 13 4 3.304019 13 4 3.304019 9100
    370 13 4 3.313982 13 4 3.313982 9100
    371 13 4 3.323954 13 4 3.323954 9100
    372 13 4 3.333997 13 4 3.333997 9100
    373 13 4 3.344654 13 4 3.344654 9100
    374 13 4 3.353982 13 4 3.353982 9100
    375 13 4 3.363939 13 4 3.363939 9100
    376 13 4 3.373953 13 4 3.373953 9100
    377 13 4 3.383939 13 4 3.383939 9100
    378 13 4 3.393956 13 4 3.393956 9100
    379 13 4 3.404177 13 4 3.404177 9100
    380 13 4 3.414158 13 4 3.414158 9100
    381 13 4 3.424008 13 4 3.424008 9100
    382 13 4 3.434037 13 4 3.434037 9100
    383 13 4 3.443935 13 4 3.443935 9100
    384 13 4 3.454139 13 4 3.454139 9100
    385 13 4 3.463948 13 4 3.463948 9100
    386 13 4 3.473955 13 4 3.473955 9100
    387 13 4 3.484004 13 4 3.484004 9100
    388 13 4 3.494013 13 4 3.494013 9100
    389 13 4 3.504013 13 4 3.504013 9100
    390 13 4 3.514056 13 4 3.514056 9100
    391 13 4 3.524038 13 4 3.524038 9100
    392 13 4 3.534072 13 4 3.534072 9100
    393 13 4 3.543950 13 4 3.543950 9100
    394 13 4 3.553970 13 4 3.553970 9100
    395 13 4 3.563959 13 4 3.563959 9100
    396 13 4 3.573948 13 4 3.573948 9100
    397 13 4 3.583969 13 4 3.583969 9100
    398 13 4 3.593950 13 4 3.593950 9100
    399 13 4 3.603981 13 4 3.603981 9100
    400 13 4 3.614018 13 4 3.614018 9100
    401 13 4 3.623969 13 4 3.623969 9100
    402 13 4 3.634007 13 4 3.634007 9100
    403 13 4 3.644800 13 4 3.644800 9100
    404 13 4 3.654033 13 4 3.654033 9100
    405 13 4 3.664010 13 4 3.664010 9100
    406 13 4 3.674033 13 4 3.674033 9100
    407 13 4 3.684005 13 4 3.684005 9100
    408 13 4 3.694037 13 4 3.694037 9100
    409 13 4 3.704016 13 4 3.704016 9100
    410 13 4 3.714016 13 4 3.714016 9100
    411 13 4 3.724011 13 4 3.724011 9100
    412 13 4 3.733957 13 4 3.733957 9100
    413 13 4 3.744000 13 4 3.744000 9100
    414 13 4 3.753972 13 4 3.753972 9100
    415 13 4 3.763958 13 4 3.763958 9100
    416 13 4 3.774852 13 4 3.774852 9100
    417 13 4 3.783961 13 4 3.783961 9100
    418 13 4 3.793963 13 4 3.793963 9100
    419 13 4 3.804005 13 4 3.804005 9100
    420 13 4 3.814049 13 4 3.814049 9100
    421 13 4 3.824020 13 4 3.824020 9100
    422 13 4 3.834038 13 4 3.834038 9100
    423 13 4 3.844323 13 4 3.844323 9100
    424 13 4 3.854026 13 4 3.854026 9100
    425 13 4 3.864017 13 4 3.864017 9100
    426 13 4 3.874048 13 4 3.874048 9100
    427 13 4 3.884026 13 4 3.884026 9100
    428 13 4 3.894050 13 4 3.894050 9100
    429 13 4 3.904021 13 4 3.904021 9100
    430 13 4 3.914016 13 4 3.914016 9100
    431 13 4 3.924067 13 4 3.924067 9100
    432 13 4 3.933994 13 4 3.933994 9100
    433 13 4 3.944059 13 4 3.944059 9100
    434 13 4 3.953954 13 4 3.953954 9100
    435 13 4 3.963956 13 4 3.963956 9100
    436 13 4 3.973951 13 4 3.973951 9100
    437 13 4 3.983947 13 4 3.983947 9100
    438 13 4 3.993965 13 4 3.993965 9100
    439 13 4 4.004766 13 4 4.004766 9100
    440 13 4 4.014043 13 4 4.014043 9100
    441 13 4 4.024026 13 4 4.024026 9100
    442 13 4 4.034495 13 4 4.034495 9100
    443 13 4 4.044033 13 4 4.044033 9100
    444 13 4 4.054490 13 4 4.054490 9100
    445 13 4 4.064042 13 4 4.064042 9100
    446 13 4 4.074014 13 4 4.074014 9100
    447 13 4 4.084022 13 4 4.084022 9100
    448 13 4 4.094044 13 4 4.094044 9100
    449 13 4 4.104027 13 4 4.104027 9100
    450 13 4 4.114027 13 4 4.114027 9100
    451 13 4 4.123943 13 4 4.123943 9100
    452 13 4 4.133962 13 4 4.133962 9100
    453 13 4 4.143962 13 4 4.143962 9100
    454 13 4 4.153957 13 4 4.153957 9100
    455 13 4 4.165509 13 4 4.165509 9100
    456 13 4 4.173979 13 4 4.173979 9100
    457 13 4 4.184002 13 4 4.184002 9100
    458 13 4 4.193958 13 4 4.193958 9100
    459 13 4 4.203964 13 4 4.203964 9100
    460 13 4 4.214005 13 4 4.214005 9100
    461 13 4 4.224013 13 4 4.224013 9100
    462 13 4 4.234004 13 4 4.234004 9100
    463 13 4 4.243905 13 4 4.243905 9100
    464 13 4 4.254004 13 4 4.254004 9100
    465 13 4 4.264015 13 4 4.264015 9100
    466 13 4 4.274021 13 4 4.274021 9100
    467 13 4 4.283977 13 4 4.283977 9100
    468 13 4 4.294022 13 4 4.294022 9100
    469 13 4 4.303943 13 4 4.303943 9100
    470 13 4 4.314082 13 4 4.314082 9100
    471 13 4 4.324020 13 4 4.324020 9100
    472 13 4 4.333981 13 4 4.333981 9100
    473 13 4 4.343957 13 4 4.343957 9100
    474 13 4 4.353982 13 4 4.353982 9100
    475 13 4 4.366093 13 4 4.366093 9100
    476 13 4 4.373971 13 4 4.373971 9100
    477 13 4 4.383956 13 4 4.383956 9100
    478 13 4 4.393953 13 4 4.393953 9100
    479 13 4 4.404104 13 4 4.404104 9100
    480 13 4 4.414085 13 4 4.414085 9100
    481 13 4 4.424019 13 4 4.424019 9100
    482 13 4 4.434025 13 4 4.434025 9100
    483 13 4 4.444064 13 4 4.444064 9100
    484 13 4 4.454362 13 4 4.454362 9100
    485 13 4 4.464088 13 4 4.464088 9100
    486 13 4 4.474052 13 4 4.474052 9100
    487 13 4 4.484014 13 4 4.484014 9100
    488 13 4 4.494038 13 4 4.494038 9100
    489 13 4 4.504013 13 4 4.504013 9100
    490 13 4 4.514006 13 4 4.514006 9100
    491 13 4 4.523947 13 4 4.523947 9100
    492 13 4 4.533965 13 4 4.533965 9100
    493 13 4 4.543950 13 4 4.543950 9100
    494 13 4 4.553950 13 4 4.553950 9100
    495 13 4 4.563976 13 4 4.563976 9100
    496 13 4 4.574005 13 4 4.574005 9100
    497 13 4 4.583956 13 4 4.583956 9100
    498 13 4 4.593960 13 4 4.593960 9100
    499 13 4 4.604016 13 4 4.604016 9100
    500 13 4 4.614029 13 4 4.614029 9100
    501 13 4 4.623960 13 4 4.623960 9100
    502 13 4 4.633957 13 4 4.633957 9100
    503 13 4 4.644009 13 4 4.644009 9100
    504 13 4 4.654077 13 4 4.654077 9100
    505 13 4 4.663952 13 4 4.663952 9100
    506 13 4 4.674040 13 4 4.674040 9100
    507 13 4 4.684002 13 4 4.684002 9100
    508 13 4 4.694048 13 4 4.694048 9100
    509 13 4 4.704027 13 4 4.704027 9100
    510 13 4 4.714050 13 4 4.714050 9100
    511 13 4 4.724014 13 4 4.724014 9100
    512 13 4 4.734041 13 4 4.734041 9100
    513 13 4 4.743983 13 4 4.743983 9100
    514 13 4 4.753985 13 4 4.753985 9100
    515 13 4 4.764032 13 4 4.764032 9100
    516 13 4 4.773953 13 4 4.773953 9100
    517 13 4 4.783942 13 4 4.783942 9100
    518 13 4 4.793942 13 4 4.793942 9100
    519 13 4 4.803858 13 4 4.803858 9100
    520 13 4 4.814922 13 4 4.814922 9100
    521 13 4 4.824022 13 4 4.824022 9100
    522 13 4 4.834018 13 4 4.834018 9100
    523 13 4 4.844018 13 4 4.844018 9100
    524 13 4 4.854777 13 4 4.854777 9100
    525 13 4 4.864007 13 4 4.864007 9100
    526 13 4 4.873960 13 4 4.873960 9100
    527 13 4 4.883957 13 4 4.883957 9100
    528 13 4 4.894019 13 4 4.894019 9100
    529 13 4 4.904072 13 4 4.904072 9100
    530 13 4 4.914021 13 4 4.914021 9100
    531 13 4 4.923993 13 4 4.923993 9100
    532 13 4 4.933965 13 4 4.933965 9100
    533 13 4 4.943946 13 4 4.943946 9100
    534 13 4 4.953949 13 4 4.953949 9100
    535 13 4 4.963951 13 4 4.963951 9100
    536 13 4 4.974676 13 4 4.974676 9100
    537 13 4 4.983969 13 4 4.983969 9100
    538 13 4 4.993948 13 4 4.993948 9100
    539 13 4 5.004705 13 4 5.004705 9100
    540 13 4 5.014035 13 4 5.014035 9100
    541 13 4 5.024013 13 4 5.024013 9100
    542 13 4 5.034006 13 4 5.034006 9100
    543 13 4 5.043961 13 4 5.043961 9100
    544 13 4 5.054019 13 4 5.054019 9100
    545 13 4 5.063953 13 4 5.063953 9100
    546 13 4 5.074000 13 4 5.074000 9100
    547 13 4 5.084007 13 4 5.084007 9100
    548 13 4 5.094032 13 4 5.094032 9100
    549 13 4 5.104033 13 4 5.104033 9100
    550 13 4 5.114012 13 4 5.114012 9100
    551 13 4 5.123973 13 4 5.123973 9100
    552 13 4 5.133951 13 4 5.133951 9100
    553 13 4 5.144080 13 4 5.144080 9100
    554 13 4 5.153952 13 4 5.153952 9100
    555 13 4 5.164102 13 4 5.164102 9100
    556 13 4 5.173958 13 4 5.173958 9100
    557 13 4 5.183952 13 4 5.183952 9100
    558 13 4 5.193984 13 4 5.193984 9100
    559 13 4 5.203936 13 4 5.203936 9100
    560 13 4 5.213980 13 4 5.213980 9100
    561 13 4 5.224133 13 4 5.224133 9100
    562 13 4 5.234041 13 4 5.234041 9100
    563 13 4 5.244094 13 4 5.244094 9100
    564 13 4 5.254001 13 4 5.254001 9100
    565 13 4 5.264018 13 4 5.264018 9100
    566 13 4 5.274254 13 4 5.274254 9100
    567 13 4 5.284018 13 4 5.284018 9100
    568 13 4 5.294013 13 4 5.294013 9100
    569 13 4 5.304110 13 4 5.304110 9100
    570 13 4 5.314009 13 4 5.314009 9100
    571 13 4 5.323948 13 4 5.323948 9100
    572 13 4 5.333948 13 4 5.333948 9100
    573 13 4 5.343945 13 4 5.343945 9100
    574 13 4 5.353932 13 4 5.353932 9100
    575 13 4 5.363952 13 4 5.363952 9100
    576 13 4 5.373947 13 4 5.373947 9100
    577 13 4 5.383953 13 4 5.383953 9100
    578 13 4 5.393962 13 4 5.393962 9100
    579 13 4 5.403972 13 4 5.403972 9100
    580 13 4 5.414689 13 4 5.414689 9100
    581 13 4 5.424008 13 4 5.424008 9100
    582 13 4 5.434006 13 4 5.434006 9100
    583 13 4 5.444034 13 4 5.444034 9100
    584 13 4 5.454015 13 4 5.454015 9100
    585 13 4 5.464059 13 4 5.464059 9100
    586 13 4 5.474021 13 4 5.474021 9100
    587 13 4 5.483978 13 4 5.483978 9100
    588 13 4 5.494080 13 4 5.494080 9100
    589 13 4 5.503978 13 4 5.503978 9100
    590 13 4 5.514013 13 4 5.514013 9100
    591 13 4 5.524015 13 4 5.524015 9100
    592 13 4 5.533982 13 4 5.533982 9100
    593 13 4 5.543954 13 4 5.543954 9100
    594 13 4 5.553958 13 4 5.553958 9100
    595 13 4 5.563970 13 4 5.563970 9100
    596 13 4 5.573984 13 4 5.573984 9100
    597 13 4 5.583956 13 4 5.583956 9100
    598 13 4 5.593981 13 4 5.593981 9100
    599 13 4 5.603942 13 4 5.603942 9100
    600 13 4 5.614079 13 4 5.614079 9100
    601 13 4 5.624062 13 4 5.624062 9100
    602 13 4 5.634023 13 4 5.634023 9100
    603 13 4 5.644003 13 4 5.644003 9100
    604 13 4 5.654008 13 4 5.654008 9100
    605 13 4 5.664029 13 4 5.664029 9100
    606 13 4 5.674026 13 4 5.674026 9100
    607 13 4 5.683978 13 4 5.683978 9100
    608 13 4 5.694049 13 4 5.694049 9100
    609 13 4 5.704082 13 4 5.704082 9100
    610 13 4 5.714035 13 4 5.714035 9100
    611 13 4 5.723965 13 4 5.723965 9100
    612 13 4 5.734016 13 4 5.734016 9100
    613 13 4 5.743948 13 4 5.743948 9100
    614 13 4 5.754253 13 4 5.754253 9100
    615 13 4 5.763952 13 4 5.763952 9100
    616 13 4 5.774273 13 4 5.774273 9100
    617 13 4 5.783961 13 4 5.783961 9100
    618 13 4 5.793968 13 4 5.793968 9100
    619 13 4 5.803989 13 4 5.803989 9100
    620 13 4 5.814098 13 4 5.814098 9100
    621 13 4 5.824033 13 4 5.824033 9100
    622 13 4 5.834016 13 4 5.834016 9100
    623 13 4 5.844007 13 4 5.844007 9100
    624 13 4 5.854258 13 4 5.854258 9100
    625 13 4 5.863950 13 4 5.863950 9100
    626 13 4 5.873948 13 4 5.873948 9100
    627 13 4 5.883944 13 4 5.883944 9100
    628 13 4 5.894026 13 4 5.894026 9100
    629 13 4 5.904034 13 4 5.904034 9100
    630 13 4 5.914018 13 4 5.914018 9100
    631 13 4 5.924052 13 4 5.924052 9100
    632 13 4 5.934425 13 4 5.934425 9100
    633 13 4 5.943958 13 4 5.943958 9100
    634 13 4 5.953943 13 4 5.953943 9100
    635 13 4 5.963966 13 4 5.963966 9100
    636 13 4 5.973949 13 4 5.973949 9100
    637 13 4 5.983956 13 4 5.983956 9100
    638 13 4 5.993984 13 4 5.993984 9100
    639 13 4 6.004031 13 4 6.004031 9100
    640 13 4 6.014033 13 4 6.014033 9100
    641 13 4 6.024121 13 4 6.024121 9100
    642 13 4 6.034024 13 4 6.034024 9100
    643 13 4 6.043973 13 4 6.043973 9100
    644 13 4 6.055068 13 4 6.055068 9100
    645 13 4 6.063985 13 4 6.063985 9100
    646 13 4 6.074762 13 4 6.074762 9100
    647 13 4 6.084020 13 4 6.084020 9100
    648 13 4 6.093943 13 4 6.093943 9100
    649 13 4 6.104017 13 4 6.104017 9100
    650 13 4 6.114029 13 4 6.114029 9100
    651 13 4 6.124011 13 4 6.124011 9100
    652 13 4 6.133957 13 4 6.133957 9100
    653 13 4 6.143955 13 4 6.143955 9100
    654 13 4 6.153978 13 4 6.153978 9100
    655 13 4 6.163977 13 4 6.163977 9100
    656 13 4 6.173955 13 4 6.173955 9100
    657 13 4 6.183957 13 4 6.183957 9100
    658 13 4 6.193923 13 4 6.193923 9100
    659 13 4 6.204021 13 4 6.204021 9100
    660 13 4 6.214025 13 4 6.214025 9100
    661 13 4 6.224117 13 4 6.224117 9100
    662 13 4 6.234023 13 4 6.234023 9100
    663 13 4 6.243951 13 4 6.243951 9100
    664 13 4 6.254305 13 4 6.254305 9100
    665 13 4 6.264033 13 4 6.264033 9100
    666 13 4 6.274023 13 4 6.274023 9100
    667 13 4 6.284016 13 4 6.284016 9100
    668 13 4 6.294032 13 4 6.294032 9100
    669 13 4 6.304003 13 4 6.304003 9100
    670 13 4 6.314040 13 4 6.314040 9100
    671 13 4 6.324016 13 4 6.324016 9100
    672 13 4 6.333952 13 4 6.333952 9100
    673 13 4 6.343949 13 4 6.343949 9100
    674 13 4 6.353951 13 4 6.353951 9100
    675 13 4 6.363954 13 4 6.363954 9100
    676 13 4 6.373960 13 4 6.373960 9100
    677 13 4 6.383942 13 4 6.383942 9100
    678 13 4 6.393938 13 4 6.393938 9100
    679 13 4 6.403982 13 4 6.403982 9100
    680 13 4 6.414068 13 4 6.414068 9100
    681 13 4 6.424010 13 4 6.424010 9100
    682 13 4 6.434006 13 4 6.434006 9100
    683 13 4 6.443950 13 4 6.443950 9100
    684 13 4 6.453989 13 4 6.453989 9100
    685 13 4 6.463972 13 4 6.463972 9100
    686 13 4 6.473951 13 4 6.473951 9100
    687 13 4 6.484079 13 4 6.484079 9100
    688 13 4 6.493955 13 4 6.493955 9100
    689 13 4 6.504033 13 4 6.504033 9100
    690 13 4 6.514026 13 4 6.514026 9100
    691 13 4 6.524016 13 4 6.524016 9100
    692 13 4 6.533949 13 4 6.533949 9100
    693 13 4 6.543959 13 4 6.543959 9100
    694 13 4 6.553950 13 4 6.553950 9100
    695 13 4 6.563955 13 4 6.563955 9100
    696 13 4 6.573969 13 4 6.573969 9100
    697 13 4 6.583949 13 4 6.583949 9100
    698 13 4 6.593950 13 4 6.593950 9100
    699 13 4 6.604015 13 4 6.604015 9100
    700 13 4 6.614012 13 4 6.614012 9100
    701 13 4 6.624049 13 4 6.624049 9100
    702 13 4 6.634007 13 4 6.634007 9100
    703 13 4 6.644002 13 4 6.644002 9100
    704 13 4 6.653961 13 4 6.653961 9100
    705 13 4 6.664041 13 4 6.664041 9100
    706 13 4 6.674031 13 4 6.674031 9100
    707 13 4 6.683964 13 4 6.683964 9100
    708 13 4 6.693983 13 4 6.693983 9100
    709 13 4 6.703957 13 4 6.703957 9100
    710 13 4 6.713960 13 4 6.713960 9100
    711 13 4 6.724056 13 4 6.724056 9100
    712 13 4 6.734008 13 4 6.734008 9100
    713 13 4 6.744017 13 4 6.744017 9100
    714 13 4 6.753976 13 4 6.753976 9100
    715 13 4 6.763960 13 4 6.763960 9100
    716 13 4 6.773951 13 4 6.773951 9100
    717 13 4 6.783954 13 4 6.783954 9100
    718 13 4 6.793948 13 4 6.793948 9100
    719 13 4 6.804003 13 4 6.804003 9100
    720 13 4 6.813938 13 4 6.813938 9100
    721 13 4 6.824011 13 4 6.824011 9100
    722 13 4 6.834011 13 4 6.834011 9100
    723 13 4 6.843949 13 4 6.843949 9100
    724 13 4 6.854019 13 4 6.854019 9100
    725 13 4 6.864378 13 4 6.864378 9100
    726 13 4 6.874044 13 4 6.874044 9100
    727 13 4 6.884023 13 4 6.884023 9100
    728 13 4 6.894097 13 4 6.894097 9100
    729 13 4 6.904014 13 4 6.904014 9100
    730 13 4 6.914026 13 4 6.914026 9100
    731 13 4 6.924052 13 4 6.924052 9100
    732 13 4 6.934016 13 4 6.934016 9100
    733 13 4 6.944014 13 4 6.944014 9100
    734 13 4 6.953948 13 4 6.953948 9100
    735 13 4 6.963957 13 4 6.963957 9100
    736 13 4 6.974171 13 4 6.974171 9100
    737 13 4 6.983971 13 4 6.983971 9100
    738 13 4 6.993958 13 4 6.993958 9100
    739 13 4 7.003902 13 4 7.003902 9100
    740 13 4 7.013948 13 4 7.013948 9100
    741 13 4 7.024068 13 4 7.024068 9100
    742 13 4 7.034055 13 4 7.034055 9100
    743 13 4 7.044012 13 4 7.044012 9100
    744 13 4 7.053987 13 4 7.053987 9100
    745 13 4 7.064556 13 4 7.064556 9100
    746 13 4 7.074036 13 4 7.074036 9100
    747 13 4 7.083957 13 4 7.083957 9100
    748 13 4 7.094027 13 4 7.094027 9100
    749 13 4 7.104020 13 4 7.104020 9100
    750 13 4 7.114033 13 4 7.114033 9100
    751 13 4 7.124044 13 4 7.124044 9100
    752 13 4 7.134027 13 4 7.134027 9100
    753 13 4 7.143955 13 4 7.143955 9100
    754 13 4 7.153958 13 4 7.153958 9100
    755 13 4 7.163948 13 4 7.163948 9100
    756 13 4 7.173964 13 4 7.173964 9100
    757 13 4 7.183959 13 4 7.183959 9100
    758 13 4 7.193952 13 4 7.193952 9100
    759 13 4 7.203929 13 4 7.203929 9100
    760 13 4 7.214025 13 4 7.214025 9100
    761 13 4 7.224034 13 4 7.224034 9100
    762 13 4 7.234020 13 4 7.234020 9100
    763 13 4 7.243954 13 4 7.243954 9100
    764 13 4 7.253949 13 4 7.253949 9100
    765 13 4 7.264028 13 4 7.264028 9100
    766 13 4 7.274024 13 4 7.274024 9100
    767 13 4 7.284000 13 4 7.284000 9100
    768 13 4 7.293995 13 4 7.293995 9100
    769 13 4 7.304001 13 4 7.304001 9100
    770 13 4 7.314004 13 4 7.314004 9100
    771 13 4 7.324020 13 4 7.324020 9100
    772 13 4 7.333939 13 4 7.333939 9100
    773 13 4 7.343996 13 4 7.343996 9100
    774 13 4 7.353950 13 4 7.353950 9100
    775 13 4 7.363953 13 4 7.363953 9100
    776 13 4 7.373949 13 4 7.373949 9100
    777 13 4 7.383957 13 4 7.383957 9100
    778 13 4 7.393955 13 4 7.393955 9100
    779 13 4 7.404645 13 4 7.404645 9100
    780 13 4 7.414115 13 4 7.414115 9100
    781 13 4 7.424042 13 4 7.424042 9100
    782 13 4 7.434110 13 4 7.434110 9100
    783 13 4 7.444073 13 4 7.444073 9100
    784 13 4 7.454112 13 4 7.454112 9100
    785 13 4 7.464539 13 4 7.464539 9100
    786 13 4 7.473987 13 4 7.473987 9100
    787 13 4 7.484011 13 4 7.484011 9100
    788 13 4 7.494012 13 4 7.494012 9100
    789 13 4 7.504037 13 4 7.504037 9100
    790 13 4 7.514038 13 4 7.514038 9100
    791 13 4 7.524042 13 4 7.524042 9100
    792 13 4 7.534015 13 4 7.534015 9100
    793 13 4 7.544003 13 4 7.544003 9100
    794 13 4 7.553916 13 4 7.553916 9100
    795 13 4 7.563953 13 4 7.563953 9100
    796 13 4 7.573958 13 4 7.573958 9100
    797 13 4 7.583949 13 4 7.583949 9100
    798 13 4 7.593944 13 4 7.593944 9100
    799 13 4 7.603947 13 4 7.603947 9100
    800 13 4 7.614010 13 4 7.614010 9100
    801 13 4 7.624024 13 4 7.624024 9100
    802 13 4 7.634014 13 4 7.634014 9100
    803 13 4 7.644012 13 4 7.644012 9100
    804 13 4 7.654014 13 4 7.654014 9100
    805 13 4 7.664245 13 4 7.664245 9100
    806 13 4 7.674023 13 4 7.674023 9100
    807 13 4 7.684012 13 4 7.684012 9100
    808 13 4 7.694014 13 4 7.694014 9100
    809 13 4 7.704019 13 4 7.704019 9100
    810 13 4 7.714054 13 4 7.714054 9100
    811 13 4 7.723970 13 4 7.723970 9100
    812 13 4 7.734021 13 4 7.734021 9100
    813 13 4 7.744056 13 4 7.744056 9100
    814 13 4 7.753966 13 4 7.753966 9100
    815 13 4 7.763962 13 4 7.763962 9100
    816 13 4 7.774017 13 4 7.774017 9100
    817 13 4 7.783946 13 4 7.783946 9100
    818 13 4 7.793953 13 4 7.793953 9100
    819 13 4 7.804001 13 4 7.804001 9100
    820 13 4 7.814019 13 4 7.814019 9100
    821 13 4 7.824017 13 4 7.824017 9100
    822 13 4 7.834004 13 4 7.834004 9100
    823 13 4 7.843949 13 4 7.843949 9100
    824 13 4 7.853950 13 4 7.853950 9100
    825 13 4 7.863973 13 4 7.863973 9100
    826 13 4 7.874010 13 4 7.874010 9100
    827 13 4 7.884013 13 4 7.884013 9100
    828 13 4 7.894014 13 4 7.894014 9100
    829 13 4 7.904022 13 4 7.904022 9100
    830 13 4 7.914044 13 4 7.914044 9100
    831 13 4 7.924018 13 4 7.924018 9100
    832 13 4 7.933954 13 4 7.933954 9100
    833 13 4 7.944293 13 4 7.944293 9100
    834 13 4 7.953954 13 4 7.953954 9100
    835 13 4 7.963948 13 4 7.963948 9100
    836 13 4 7.973948 13 4 7.973948 9100
    837 13 4 7.983956 13 4 7.983956 9100
    838 13 4 7.993973 13 4 7.993973 9100
    839 13 4 8.004208 13 4 8.004208 9100
    840 13 4 8.014013 13 4 8.014013 9100
    841 13 4 8.024029 13 4 8.024029 9100
    842 13 4 8.034019 13 4 8.034019 9100
    843 13 4 8.044038 13 4 8.044038 9100
    844 13 4 8.053957 13 4 8.053957 9100
    845 13 4 8.064202 13 4 8.064202 9100
    846 13 4 8.074018 13 4 8.074018 9100
    847 13 4 8.084020 13 4 8.084020 9100
    848 13 4 8.093968 13 4 8.093968 9100
    849 13 4 8.103965 13 4 8.103965 9100
    850 13 4 8.114022 13 4 8.114022 9100
    851 13 4 8.124033 13 4 8.124033 9100
    852 13 4 8.134042 13 4 8.134042 9100
    853 13 4 8.144004 13 4 8.144004 9100
    854 13 4 8.153962 13 4 8.153962 9100
    855 13 4 8.163952 13 4 8.163952 9100
    856 13 4 8.173961 13 4 8.173961 9100
    857 13 4 8.183961 13 4 8.183961 9100
    858 13 4 8.193956 13 4 8.193956 9100
    859 13 4 8.203917 13 4 8.203917 9100
    860 13 4 8.214050 13 4 8.214050 9100
    861 13 4 8.224012 13 4 8.224012 9100
    862 13 4 8.234011 13 4 8.234011 9100
    863 13 4 8.244016 13 4 8.244016 9100
    864 13 4 8.253951 13 4 8.253951 9100
    865 13 4 8.264091 13 4 8.264091 9100
    866 13 4 8.274276 13 4 8.274276 9100
    867 13 4 8.284919 13 4 8.284919 9100
    868 13 4 8.294072 13 4 8.294072 9100
    869 13 4 8.304050 13 4 8.304050 9100
    870 13 4 8.314031 13 4 8.314031 9100
    871 13 4 8.323959 13 4 8.323959 9100
    872 13 4 8.334008 13 4 8.334008 9100
    873 13 4 8.344025 13 4 8.344025 9100
    874 13 4 8.354027 13 4 8.354027 9100
    875 13 4 8.364005 13 4 8.364005 9100
    876 13 4 8.373955 13 4 8.373955 9100
    877 13 4 8.384180 13 4 8.384180 9100
    878 13 4 8.394047 13 4 8.394047 9100
    879 13 4 8.403995 13 4 8.403995 9100
    880 13 4 8.414046 13 4 8.414046 9100
    881 13 4 8.423949 13 4 8.423949 9100
    882 13 4 8.433944 13 4 8.433944 9100
    883 13 4 8.444015 13 4 8.444015 9100
    884 13 4 8.453951 13 4 8.453951 9100
    885 13 4 8.464304 13 4 8.464304 9100
    886 13 4 8.474012 13 4 8.474012 9100
    887 13 4 8.484011 13 4 8.484011 9100
    888 13 4 8.494013 13 4 8.494013 9100
    889 13 4 8.504020 13 4 8.504020 9100
    890 13 4 8.514013 13 4 8.514013 9100
    891 13 4 8.523946 13 4 8.523946 9100
    892 13 4 8.534050 13 4 8.534050 9100
    893 13 4 8.544059 13 4 8.544059 9100
    894 13 4 8.553983 13 4 8.553983 9100
    895 13 4 8.563954 13 4 8.563954 9100
    896 13 4 8.573997 13 4 8.573997 9100
    897 13 4 8.583956 13 4 8.583956 9100
    898 13 4 8.593958 13 4 8.593958 9100
    899 13 4 8.604409 13 4 8.604409 9100
    900 13 4 8.614622 13 4 8.614622 9100
    901 13 4 8.623944 13 4 8.623944 9100
    902 13 4 8.634067 13 4 8.634067 9100
    903 13 4 8.644017 13 4 8.644017 9100
    904 13 4 8.653952 13 4 8.653952 9100
    905 13 4 8.663949 13 4 8.663949 9100
    906 13 4 8.674110 13 4 8.674110 9100
    907 13 4 8.683965 13 4 8.683965 9100
    908 13 4 8.695059 13 4 8.695059 9100
    909 13 4 8.703960 13 4 8.703960 9100
    910 13 4 8.714034 13 4 8.714034 9100
    911 13 4 8.724023 13 4 8.724023 9100
    912 13 4 8.734031 13 4 8.734031 9100
    913 13 4 8.744011 13 4 8.744011 9100
    914 13 4 8.753966 13 4 8.753966 9100
    915 13 4 8.763940 13 4 8.763940 9100
    916 13 4 8.773951 13 4 8.773951 9100
    917 13 4 8.783927 13 4 8.783927 9100
    918 13 4 8.793988 13 4 8.793988 9100
    919 13 4 8.804038 13 4 8.804038 9100
    920 13 4 8.814030 13 4 8.814030 9100
    921 13 4 8.824061 13 4 8.824061 9100
    922 13 4 8.834020 13 4 8.834020 9100
    923 13 4 8.844018 13 4 8.844018 9100
    924 13 4 8.853968 13 4 8.853968 9100
    925 13 4 8.863889 13 4 8.863889 9100
    926 13 4 8.874065 13 4 8.874065 9100
    927 13 4 8.884040 13 4 8.884040 9100
    928 13 4 8.894102 13 4 8.894102 9100
    929 13 4 8.903973 13 4 8.903973 9100
    930 13 4 8.914044 13 4 8.914044 9100
    931 13 4 8.923947 13 4 8.923947 9100
    932 13 4 8.934053 13 4 8.934053 9100
    933 13 4 8.944029 13 4 8.944029 9100
    934 13 4 8.953969 13 4 8.953969 9100
    935 13 4 8.963946 13 4 8.963946 9100
    936 13 4 8.973948 13 4 8.973948 9100
    937 13 4 8.983947 13 4 8.983947 9100
    938 13 4 8.993959 13 4 8.993959 9100
    939 13 4 9.004015 13 4 9.004015 9100
    940 13 4 9.014056 13 4 9.014056 9100
    941 13 4 9.024001 13 4 9.024001 9100
    942 13 4 9.034026 13 4 9.034026 9100
    943 13 4 9.044053 13 4 9.044053 9100
    944 13 4 9.053952 13 4 9.053952 9100
    945 13 4 9.063954 13 4 9.063954 9100
    946 13 4 9.073995 13 4 9.073995 9100
    947 13 4 9.084018 13 4 9.084018 9100
    948 13 4 9.094514 13 4 9.094514 9100
    949 13 4 9.104008 13 4 9.104008 9100
    950 13 4 9.114029 13 4 9.114029 9100
    951 13 4 9.124017 13 4 9.124017 9100
    952 13 4 9.133969 13 4 9.133969 9100
    953 13 4 9.144030 13 4 9.144030 9100
    954 13 4 9.153954 13 4 9.153954 9100
    955 13 4 9.163952 13 4 9.163952 9100
    956 13 4 9.174098 13 4 9.174098 9100
    957 13 4 9.183982 13 4 9.183982 9100
    958 13 4 9.193972 13 4 9.193972 9100
    959 13 4 9.204299 13 4 9.204299 9100
    960 13 4 9.214012 13 4 9.214012 9100
    961 13 4 9.223960 13 4 9.223960 9100
    962 13 4 9.234021 13 4 9.234021 9100
    963 13 4 9.244061 13 4 9.244061 9100
    964 13 4 9.254060 13 4 9.254060 9100
    965 13 4 9.263953 13 4 9.263953 9100
    966 13 4 9.274031 13 4 9.274031 9100
    967 13 4 9.284007 13 4 9.284007 9100
    968 13 4 9.294028 13 4 9.294028 9100
    969 13 4 9.304016 13 4 9.304016 9100
    970 13 4 9.313957 13 4 9.313957 9100
    971 13 4 9.324023 13 4 9.324023 9100
    972 13 4 9.333970 13 4 9.333970 9100
    973 13 4 9.344089 13 4 9.344089 9100
    974 13 4 9.354029 13 4 9.354029 9100
    975 13 4 9.363951 13 4 9.363951 9100
    976 13 4 9.373958 13 4 9.373958 9100
    977 13 4 9.383972 13 4 9.383972 9100
    978 13 4 9.393986 13 4 9.393986 9100
    979 13 4 9.404075 13 4 9.404075 9100
    980 13 4 9.414509 13 4 9.414509 9100
    981 13 4 9.424037 13 4 9.424037 9100
    982 13 4 9.434039 13 4 9.434039 9100
    983 13 4 9.444143 13 4 9.444143 9100
    984 13 4 9.454077 13 4 9.454077 9100
    985 13 4 9.463950 13 4 9.463950 9100
    986 13 4 9.473900 13 4 9.473900 9100
    987 13 4 9.483945 13 4 9.483945 9100
    988 13 4 9.494001 13 4 9.494001 9100
    989 13 4 9.504006 13 4 9.504006 9100
    990 13 4 9.514034 13 4 9.514034 9100
    991 13 4 9.524062 13 4 9.524062 9100
    992 13 4 9.534024 13 4 9.534024 9100
    993 13 4 9.543950 13 4 9.543950 9100
    994 13 4 9.553960 13 4 9.553960 9100
    995 13 4 9.563952 13 4 9.563952 9100
    996 13 4 9.573949 13 4 9.573949 9100
    997 13 4 9.583949 13 4 9.583949 9100
    998 13 4 9.594144 13 4 9.594144 9100
    999 13 4 9.604025 13 4 9.604025 9100
   1000 13 4 9.614015 13 4 9.614015 9100
