      1 13 12 5.319156 13 12 5.319156 9000
      2 13 12 5.329202 13 12 5.329202 9000
      3 13 12 5.340307 13 12 5.340307 9000
      4 13 12 5.349257 13 12 5.349257 9000
      5 13 12 5.359258 13 12 5.359258 9000
      6 13 12 5.369257 13 12 5.369257 9000
      7 13 12 5.379304 13 12 5.379304 9000
      8 13 12 5.389259 13 12 5.389259 9000
      9 13 12 5.399264 13 12 5.399264 9000
     10 13 12 5.409275 13 12 5.409275 9000
     11 13 12 5.419291 13 12 5.419291 9000
     12 13 12 5.429350 13 12 5.429350 9000
     13 13 12 5.439427 13 12 5.439427 9000
     14 13 12 5.449315 13 12 5.449315 9000
     15 13 12 5.459361 13 12 5.459361 9000
     16 13 12 5.469319 13 12 5.469319 9000
     17 13 12 5.479256 13 12 5.479256 9000
     18 13 12 5.489349 13 12 5.489349 9000
     19 13 12 5.499267 13 12 5.499267 9000
     20 13 12 5.509277 13 12 5.509277 9000
     21 13 12 5.519320 13 12 5.519320 9000
     22 13 12 5.529285 13 12 5.529285 9000
     23 13 12 5.539336 13 12 5.539336 9000
     24 13 12 5.549713 13 12 5.549713 9000
     25 13 12 5.559268 13 12 5.559268 9000
     26 13 12 5.569276 13 12 5.569276 9000
     27 13 12 5.579256 13 12 5.579256 9000
     28 13 12 5.589256 13 12 5.589256 9000
     29 13 12 5.599326 13 12 5.599326 9000
     30 13 12 5.609313 13 12 5.609313 9000
     31 13 12 5.619336 13 12 5.619336 9000
     32 13 12 5.629317 13 12 5.629317 9000
     33 13 12 5.639350 13 12 5.639350 9000
     34 13 12 5.649365 13 12 5.649365 9000
     35 13 12 5.659327 13 12 5.659327 9000
     36 13 12 5.669300 13 12 5.669300 9000
     37 13 12 5.679278 13 12 5.679278 9000
     38 13 12 5.689303 13 12 5.689303 9000
     39 13 12 5.699303 13 12 5.699303 9000
     40 13 12 5.709323 13 12 5.709323 9000
     41 13 12 5.719320 13 12 5.719320 9000
     42 13 12 5.729311 13 12 5.729311 9000
     43 13 12 5.739359 13 12 5.739359 9000
     44 13 12 5.749257 13 12 5.749257 9000
     45 13 12 5.759254 13 12 5.759254 9000
     46 13 12 5.769255 13 12 5.769255 9000
     47 13 12 5.779288 13 12 5.779288 9000
     48 13 12 5.789417 13 12 5.789417 9000
     49 13 12 5.799323 13 12 5.799323 9000
     50 13 12 5.809440 13 12 5.809440 9000
     51 13 12 5.819282 13 12 5.819282 9000
     52 13 12 5.829324 13 12 5.829324 9000
     53 13 12 5.839337 13 12 5.839337 9000
     54 13 12 5.849257 13 12 5.849257 9000
     55 13 12 5.859320 13 12 5.859320 9000
     56 13 12 5.869379 13 12 5.869379 9000
     57 13 12 5.879293 13 12 5.879293 9000
     58 13 12 5.889370 13 12 5.889370 9000
     59 13 12 5.899610 13 12 5.899610 9000
     60 13 12 5.909354 13 12 5.909354 9000
     61 13 12 5.919323 13 12 5.919323 9000
     62 13 12 5.929318 13 12 5.929318 9000
     63 13 12 5.939565 13 12 5.939565 9000
     64 13 12 5.949258 13 12 5.949258 9000
     65 13 12 5.959255 13 12 5.959255 9000
     66 13 12 5.969255 13 12 5.969255 9000
     67 13 12 5.979358 13 12 5.979358 9000
     68 13 12 5.989315 13 12 5.989315 9000
     69 13 12 5.999284 13 12 5.999284 9000
     70 13 12 6.009318 13 12 6.009318 9000
     71 13 12 6.019314 13 12 6.019314 9000
     72 13 12 6.029327 13 12 6.029327 9000
     73 13 12 6.039314 13 12 6.039314 9000
     74 13 12 6.049274 13 12 6.049274 9000
     75 13 12 6.059326 13 12 6.059326 9000
     76 13 12 6.069256 13 12 6.069256 9000
     77 13 12 6.079254 13 12 6.079254 9000
     78 13 12 6.089246 13 12 6.089246 9000
     79 13 12 6.099238 13 12 6.099238 9000
     80 13 12 6.109481 13 12 6.109481 9000
     81 13 12 6.119314 13 12 6.119314 9000
     82 13 12 6.129311 13 12 6.129311 9000
     83 13 12 6.139260 13 12 6.139260 9000
     84 13 12 6.149267 13 12 6.149267 9000
     85 13 12 6.159301 13 12 6.159301 9000
     86 13 12 6.169253 13 12 6.169253 9000
     87 13 12 6.179253 13 12 6.179253 9000
     88 13 12 6.189275 13 12 6.189275 9000
     89 13 12 6.199313 13 12 6.199313 9000
     90 13 12 6.209270 13 12 6.209270 9000
     91 13 12 6.219319 13 12 6.219319 9000
     92 13 12 6.229320 13 12 6.229320 9000
     93 13 12 6.239271 13 12 6.239271 9000
     94 13 12 6.249341 13 12 6.249341 9000
     95 13 12 6.259337 13 12 6.259337 9000
     96 13 12 6.269318 13 12 6.269318 9000
     97 13 12 6.279257 13 12 6.279257 9000
     98 13 12 6.289317 13 12 6.289317 9000
     99 13 12 6.299319 13 12 6.299319 9000
    100 13 12 6.309312 13 12 6.309312 9000
    101 13 12 6.319302 13 12 6.319302 9000
    102 13 12 6.329393 13 12 6.329393 9000
    103 13 12 6.339305 13 12 6.339305 9000
    104 13 12 6.349262 13 12 6.349262 9000
    105 13 12 6.359286 13 12 6.359286 9000
    106 13 12 6.369279 13 12 6.369279 9000
    107 13 12 6.379334 13 12 6.379334 9000
    108 13 12 6.389323 13 12 6.389323 9000
    109 13 12 6.399358 13 12 6.399358 9000
    110 13 12 6.409328 13 12 6.409328 9000
    111 13 12 6.419318 13 12 6.419318 9000
    112 13 12 6.429322 13 12 6.429322 9000
    113 13 12 6.439322 13 12 6.439322 9000
    114 13 12 6.449315 13 12 6.449315 9000
    115 13 12 6.459279 13 12 6.459279 9000
    116 13 12 6.469318 13 12 6.469318 9000
    117 13 12 6.479505 13 12 6.479505 9000
    118 13 12 6.489325 13 12 6.489325 9000
    119 13 12 6.499367 13 12 6.499367 9000
    120 13 12 6.509362 13 12 6.509362 9000
    121 13 12 6.519260 13 12 6.519260 9000
    122 13 12 6.529316 13 12 6.529316 9000
    123 13 12 6.539327 13 12 6.539327 9000
    124 13 12 6.549256 13 12 6.549256 9000
    125 13 12 6.559255 13 12 6.559255 9000
    126 13 12 6.569282 13 12 6.569282 9000
    127 13 12 6.579252 13 12 6.579252 9000
    128 13 12 6.589345 13 12 6.589345 9000
    129 13 12 6.599320 13 12 6.599320 9000
    130 13 12 6.609309 13 12 6.609309 9000
    131 13 12 6.619322 13 12 6.619322 9000
    132 13 12 6.629334 13 12 6.629334 9000
    133 13 12 6.639319 13 12 6.639319 9000
    134 13 12 6.649267 13 12 6.649267 9000
    135 13 12 6.659328 13 12 6.659328 9000
    136 13 12 6.669254 13 12 6.669254 9000
    137 13 12 6.679256 13 12 6.679256 9000
    138 13 12 6.689352 13 12 6.689352 9000
    139 13 12 6.699327 13 12 6.699327 9000
    140 13 12 6.709283 13 12 6.709283 9000
    141 13 12 6.719273 13 12 6.719273 9000
    142 13 12 6.729319 13 12 6.729319 9000
    143 13 12 6.739323 13 12 6.739323 9000
    144 13 12 6.749257 13 12 6.749257 9000
    145 13 12 6.759242 13 12 6.759242 9000
    146 13 12 6.769253 13 12 6.769253 9000
    147 13 12 6.779256 13 12 6.779256 9000
    148 13 12 6.789320 13 12 6.789320 9000
    149 13 12 6.799267 13 12 6.799267 9000
    150 13 12 6.809314 13 12 6.809314 9000
    151 13 12 6.819327 13 12 6.819327 9000
    152 13 12 6.829311 13 12 6.829311 9000
    153 13 12 6.839318 13 12 6.839318 9000
    154 13 12 6.849314 13 12 6.849314 9000
    155 13 12 6.859324 13 12 6.859324 9000
    156 13 12 6.869316 13 12 6.869316 9000
    157 13 12 6.879378 13 12 6.879378 9000
    158 13 12 6.889262 13 12 6.889262 9000
    159 13 12 6.899328 13 12 6.899328 9000
    160 13 12 6.909282 13 12 6.909282 9000
    161 13 12 6.919276 13 12 6.919276 9000
    162 13 12 6.929323 13 12 6.929323 9000
    163 13 12 6.939346 13 12 6.939346 9000
    164 13 12 6.949239 13 12 6.949239 9000
    165 13 12 6.959260 13 12 6.959260 9000
    166 13 12 6.969253 13 12 6.969253 9000
    167 13 12 6.979364 13 12 6.979364 9000
    168 13 12 6.989334 13 12 6.989334 9000
    169 13 12 6.999373 13 12 6.999373 9000
    170 13 12 7.009325 13 12 7.009325 9000
    171 13 12 7.019341 13 12 7.019341 9000
    172 13 12 7.029321 13 12 7.029321 9000
    173 13 12 7.039373 13 12 7.039373 9000
    174 13 12 7.049363 13 12 7.049363 9000
    175 13 12 7.059387 13 12 7.059387 9000
    176 13 12 7.069321 13 12 7.069321 9000
    177 13 12 7.079316 13 12 7.079316 9000
    178 13 12 7.089209 13 12 7.089209 9000
    179 13 12 7.099261 13 12 7.099261 9000
    180 13 12 7.109265 13 12 7.109265 9000
    181 13 12 7.119316 13 12 7.119316 9000
    182 13 12 7.129328 13 12 7.129328 9000
    183 13 12 7.139325 13 12 7.139325 9000
    184 13 12 7.149262 13 12 7.149262 9000
    185 13 12 7.159258 13 12 7.159258 9000
    186 13 12 7.169253 13 12 7.169253 9000
    187 13 12 7.179254 13 12 7.179254 9000
    188 13 12 7.189314 13 12 7.189314 9000
    189 13 12 7.199298 13 12 7.199298 9000
    190 13 12 7.209265 13 12 7.209265 9000
    191 13 12 7.219311 13 12 7.219311 9000
    192 13 12 7.229315 13 12 7.229315 9000
    193 13 12 7.239342 13 12 7.239342 9000
    194 13 12 7.249274 13 12 7.249274 9000
    195 13 12 7.259255 13 12 7.259255 9000
    196 13 12 7.269315 13 12 7.269315 9000
    197 13 12 7.279242 13 12 7.279242 9000
    198 13 12 7.289290 13 12 7.289290 9000
    199 13 12 7.299236 13 12 7.299236 9000
    200 13 12 7.309342 13 12 7.309342 9000
    201 13 12 7.319397 13 12 7.319397 9000
    202 13 12 7.329324 13 12 7.329324 9000
    203 13 12 7.339266 13 12 7.339266 9000
    204 13 12 7.349353 13 12 7.349353 9000
    205 13 12 7.359259 13 12 7.359259 9000
    206 13 12 7.369304 13 12 7.369304 9000
    207 13 12 7.379278 13 12 7.379278 9000
    208 13 12 7.389262 13 12 7.389262 9000
    209 13 12 7.399371 13 12 7.399371 9000
    210 13 12 7.409311 13 12 7.409311 9000
    211 13 12 7.419251 13 12 7.419251 9000
    212 13 12 7.429311 13 12 7.429311 9000
    213 13 12 7.439321 13 12 7.439321 9000
    214 13 12 7.449303 13 12 7.449303 9000
    215 13 12 7.459325 13 12 7.459325 9000
    216 13 12 7.469254 13 12 7.469254 9000
    217 13 12 7.479312 13 12 7.479312 9000
    218 13 12 7.489255 13 12 7.489255 9000
    219 13 12 7.499309 13 12 7.499309 9000
    220 13 12 7.509398 13 12 7.509398 9000
    221 13 12 7.519288 13 12 7.519288 9000
    222 13 12 7.529340 13 12 7.529340 9000
    223 13 12 7.539317 13 12 7.539317 9000
    224 13 12 7.549366 13 12 7.549366 9000
    225 13 12 7.559280 13 12 7.559280 9000
    226 13 12 7.569281 13 12 7.569281 9000
    227 13 12 7.579247 13 12 7.579247 9000
    228 13 12 7.589259 13 12 7.589259 9000
    229 13 12 7.599374 13 12 7.599374 9000
    230 13 12 7.609392 13 12 7.609392 9000
    231 13 12 7.619381 13 12 7.619381 9000
    232 13 12 7.629327 13 12 7.629327 9000
    233 13 12 7.639319 13 12 7.639319 9000
    234 13 12 7.649314 13 12 7.649314 9000
    235 13 12 7.659330 13 12 7.659330 9000
    236 13 12 7.669373 13 12 7.669373 9000
    237 13 12 7.679323 13 12 7.679323 9000
    238 13 12 7.689255 13 12 7.689255 9000
    239 13 12 7.699322 13 12 7.699322 9000
    240 13 12 7.709376 13 12 7.709376 9000
    241 13 12 7.719265 13 12 7.719265 9000
    242 13 12 7.729333 13 12 7.729333 9000
    243 13 12 7.739276 13 12 7.739276 9000
    244 13 12 7.749280 13 12 7.749280 9000
    245 13 12 7.759255 13 12 7.759255 9000
    246 13 12 7.769255 13 12 7.769255 9000
    247 13 12 7.779253 13 12 7.779253 9000
    248 13 12 7.789253 13 12 7.789253 9000
    249 13 12 7.799315 13 12 7.799315 9000
    250 13 12 7.809315 13 12 7.809315 9000
    251 13 12 7.819316 13 12 7.819316 9000
    252 13 12 7.829315 13 12 7.829315 9000
    253 13 12 7.839240 13 12 7.839240 9000
    254 13 12 7.849308 13 12 7.849308 9000
    255 13 12 7.859319 13 12 7.859319 9000
    256 13 12 7.869245 13 12 7.869245 9000
    257 13 12 7.879306 13 12 7.879306 9000
    258 13 12 7.889243 13 12 7.889243 9000
    259 13 12 7.899264 13 12 7.899264 9000
    260 13 12 7.909284 13 12 7.909284 9000
    261 13 12 7.919283 13 12 7.919283 9000
    262 13 12 7.929313 13 12 7.929313 9000
    263 13 12 7.939331 13 12 7.939331 9000
    264 13 12 7.949281 13 12 7.949281 9000
    265 13 12 7.959258 13 12 7.959258 9000
    266 13 12 7.969255 13 12 7.969255 9000
    267 13 12 7.979397 13 12 7.979397 9000
    268 13 12 7.989293 13 12 7.989293 9000
    269 13 12 7.999258 13 12 7.999258 9000
    270 13 12 8.009320 13 12 8.009320 9000
    271 13 12 8.019323 13 12 8.019323 9000
    272 13 12 8.029318 13 12 8.029318 9000
    273 13 12 8.039329 13 12 8.039329 9000
    274 13 12 8.049312 13 12 8.049312 9000
    275 13 12 8.059336 13 12 8.059336 9000
    276 13 12 8.069267 13 12 8.069267 9000
    277 13 12 8.079252 13 12 8.079252 9000
    278 13 12 8.089254 13 12 8.089254 9000
    279 13 12 8.099261 13 12 8.099261 9000
    280 13 12 8.109315 13 12 8.109315 9000
    281 13 12 8.119310 13 12 8.119310 9000
    282 13 12 8.129329 13 12 8.129329 9000
    283 13 12 8.139255 13 12 8.139255 9000
    284 13 12 8.149253 13 12 8.149253 9000
    285 13 12 8.159259 13 12 8.159259 9000
    286 13 12 8.169261 13 12 8.169261 9000
    287 13 12 8.179254 13 12 8.179254 9000
    288 13 12 8.189254 13 12 8.189254 9000
    289 13 12 8.199282 13 12 8.199282 9000
    290 13 12 8.209369 13 12 8.209369 9000
    291 13 12 8.219324 13 12 8.219324 9000
    292 13 12 8.229255 13 12 8.229255 9000
    293 13 12 8.239311 13 12 8.239311 9000
    294 13 12 8.249352 13 12 8.249352 9000
    295 13 12 8.259254 13 12 8.259254 9000
    296 13 12 8.269320 13 12 8.269320 9000
    297 13 12 8.279330 13 12 8.279330 9000
    298 13 12 8.289241 13 12 8.289241 9000
    299 13 12 8.299286 13 12 8.299286 9000
    300 13 12 8.309298 13 12 8.309298 9000
    301 13 12 8.319323 13 12 8.319323 9000
    302 13 12 8.329510 13 12 8.329510 9000
    303 13 12 8.339320 13 12 8.339320 9000
    304 13 12 8.349258 13 12 8.349258 9000
    305 13 12 8.359258 13 12 8.359258 9000
    306 13 12 8.369255 13 12 8.369255 9000
    307 13 12 8.379277 13 12 8.379277 9000
    308 13 12 8.389257 13 12 8.389257 9000
    309 13 12 8.399490 13 12 8.399490 9000
    310 13 12 8.409435 13 12 8.409435 9000
    311 13 12 8.419261 13 12 8.419261 9000
    312 13 12 8.429309 13 12 8.429309 9000
    313 13 12 8.439327 13 12 8.439327 9000
    314 13 12 8.449334 13 12 8.449334 9000
    315 13 12 8.459317 13 12 8.459317 9000
    316 13 12 8.469338 13 12 8.469338 9000
    317 13 12 8.479317 13 12 8.479317 9000
    318 13 12 8.489242 13 12 8.489242 9000
    319 13 12 8.499321 13 12 8.499321 9000
    320 13 12 8.509316 13 12 8.509316 9000
    321 13 12 8.519282 13 12 8.519282 9000
    322 13 12 8.529317 13 12 8.529317 9000
    323 13 12 8.539281 13 12 8.539281 9000
    324 13 12 8.549260 13 12 8.549260 9000
    325 13 12 8.559257 13 12 8.559257 9000
    326 13 12 8.569255 13 12 8.569255 9000
    327 13 12 8.579256 13 12 8.579256 9000
    328 13 12 8.589256 13 12 8.589256 9000
    329 13 12 8.599486 13 12 8.599486 9000
    330 13 12 8.609318 13 12 8.609318 9000
    331 13 12 8.619339 13 12 8.619339 9000
    332 13 12 8.629253 13 12 8.629253 9000
    333 13 12 8.639321 13 12 8.639321 9000
    334 13 12 8.649343 13 12 8.649343 9000
    335 13 12 8.659323 13 12 8.659323 9000
    336 13 12 8.669316 13 12 8.669316 9000
    337 13 12 8.679256 13 12 8.679256 9000
    338 13 12 8.689253 13 12 8.689253 9000
    339 13 12 8.699298 13 12 8.699298 9000
    340 13 12 8.709272 13 12 8.709272 9000
    341 13 12 8.719326 13 12 8.719326 9000
    342 13 12 8.729319 13 12 8.729319 9000
    343 13 12 8.739323 13 12 8.739323 9000
    344 13 12 8.749254 13 12 8.749254 9000
    345 13 12 8.759268 13 12 8.759268 9000
    346 13 12 8.769256 13 12 8.769256 9000
    347 13 12 8.779253 13 12 8.779253 9000
    348 13 12 8.789253 13 12 8.789253 9000
    349 13 12 8.799374 13 12 8.799374 9000
    350 13 12 8.809412 13 12 8.809412 9000
    351 13 12 8.819338 13 12 8.819338 9000
    352 13 12 8.829328 13 12 8.829328 9000
    353 13 12 8.839254 13 12 8.839254 9000
    354 13 12 8.849254 13 12 8.849254 9000
    355 13 12 8.859334 13 12 8.859334 9000
    356 13 12 8.869265 13 12 8.869265 9000
    357 13 12 8.879272 13 12 8.879272 9000
    358 13 12 8.889243 13 12 8.889243 9000
    359 13 12 8.899321 13 12 8.899321 9000
    360 13 12 8.909313 13 12 8.909313 9000
    361 13 12 8.919325 13 12 8.919325 9000
    362 13 12 8.929321 13 12 8.929321 9000
    363 13 12 8.939256 13 12 8.939256 9000
    364 13 12 8.949275 13 12 8.949275 9000
    365 13 12 8.959275 13 12 8.959275 9000
    366 13 12 8.969255 13 12 8.969255 9000
    367 13 12 8.981327 13 12 8.981327 9000
    368 13 12 8.989252 13 12 8.989252 9000
    369 13 12 8.999266 13 12 8.999266 9000
    370 13 12 9.009316 13 12 9.009316 9000
    371 13 12 9.019354 13 12 9.019354 9000
    372 13 12 9.029365 13 12 9.029365 9000
    373 13 12 9.039372 13 12 9.039372 9000
    374 13 12 9.049345 13 12 9.049345 9000
    375 13 12 9.059340 13 12 9.059340 9000
    376 13 12 9.069318 13 12 9.069318 9000
    377 13 12 9.079338 13 12 9.079338 9000
    378 13 12 9.089261 13 12 9.089261 9000
    379 13 12 9.099270 13 12 9.099270 9000
    380 13 12 9.109417 13 12 9.109417 9000
    381 13 12 9.119325 13 12 9.119325 9000
    382 13 12 9.129319 13 12 9.129319 9000
    383 13 12 9.139354 13 12 9.139354 9000
    384 13 12 9.149293 13 12 9.149293 9000
    385 13 12 9.159268 13 12 9.159268 9000
    386 13 12 9.169254 13 12 9.169254 9000
    387 13 12 9.179256 13 12 9.179256 9000
    388 13 12 9.189254 13 12 9.189254 9000
    389 13 12 9.199280 13 12 9.199280 9000
    390 13 12 9.209310 13 12 9.209310 9000
    391 13 12 9.219321 13 12 9.219321 9000
    392 13 12 9.229253 13 12 9.229253 9000
    393 13 12 9.239319 13 12 9.239319 9000
    394 13 12 9.249320 13 12 9.249320 9000
    395 13 12 9.259347 13 12 9.259347 9000
    396 13 12 9.269325 13 12 9.269325 9000
    397 13 12 9.279334 13 12 9.279334 9000
    398 13 12 9.289251 13 12 9.289251 9000
    399 13 12 9.299502 13 12 9.299502 9000
    400 13 12 9.309281 13 12 9.309281 9000
    401 13 12 9.319316 13 12 9.319316 9000
    402 13 12 9.329321 13 12 9.329321 9000
    403 13 12 9.339332 13 12 9.339332 9000
    404 13 12 9.349259 13 12 9.349259 9000
    405 13 12 9.359258 13 12 9.359258 9000
    406 13 12 9.369199 13 12 9.369199 9000
    407 13 12 9.379289 13 12 9.379289 9000
    408 13 12 9.389255 13 12 9.389255 9000
    409 13 12 9.400117 13 12 9.400117 9000
    410 13 12 9.409333 13 12 9.409333 9000
    411 13 12 9.419302 13 12 9.419302 9000
    412 13 12 9.429368 13 12 9.429368 9000
    413 13 12 9.439401 13 12 9.439401 9000
    414 13 12 9.449821 13 12 9.449821 9000
    415 13 12 9.459319 13 12 9.459319 9000
    416 13 12 9.469428 13 12 9.469428 9000
    417 13 12 9.479342 13 12 9.479342 9000
    418 13 12 9.489257 13 12 9.489257 9000
    419 13 12 9.499287 13 12 9.499287 9000
    420 13 12 9.509270 13 12 9.509270 9000
    421 13 12 9.519292 13 12 9.519292 9000
    422 13 12 9.529270 13 12 9.529270 9000
    423 13 12 9.539536 13 12 9.539536 9000
    424 13 12 9.549490 13 12 9.549490 9000
    425 13 12 9.559231 13 12 9.559231 9000
    426 13 12 9.569286 13 12 9.569286 9000
    427 13 12 9.579257 13 12 9.579257 9000
    428 13 12 9.589254 13 12 9.589254 9000
    429 13 12 9.600206 13 12 9.600206 9000
    430 13 12 9.609280 13 12 9.609280 9000
    431 13 12 9.619946 13 12 9.619946 9000
    432 13 12 9.629428 13 12 9.629428 9000
    433 13 12 9.639281 13 12 9.639281 9000
    434 13 12 9.649471 13 12 9.649471 9000
    435 13 12 9.659707 13 12 9.659707 9000
    436 13 12 9.669325 13 12 9.669325 9000
    437 13 12 9.679852 13 12 9.679852 9000
    438 13 12 9.690118 13 12 9.690118 9000
    439 13 12 9.699265 13 12 9.699265 9000
    440 13 12 9.710055 13 12 9.710055 9000
    441 13 12 9.719440 13 12 9.719440 9000
    442 13 12 9.729656 13 12 9.729656 9000
    443 13 12 9.739430 13 12 9.739430 9000
    444 13 12 9.749394 13 12 9.749394 9000
    445 13 12 9.759465 13 12 9.759465 9000
    446 13 12 9.769370 13 12 9.769370 9000
    447 13 12 9.779363 13 12 9.779363 9000
    448 13 12 9.789284 13 12 9.789284 9000
    449 13 12 9.799262 13 12 9.799262 9000
    450 13 12 9.809314 13 12 9.809314 9000
    451 13 12 9.819259 13 12 9.819259 9000
    452 13 12 9.829231 13 12 9.829231 9000
    453 13 12 9.839366 13 12 9.839366 9000
    454 13 12 9.849258 13 12 9.849258 9000
    455 13 12 9.859256 13 12 9.859256 9000
    456 13 12 9.869246 13 12 9.869246 9000
    457 13 12 9.879279 13 12 9.879279 9000
    458 13 12 9.889274 13 12 9.889274 9000
    459 13 12 9.899345 13 12 9.899345 9000
    460 13 12 9.909347 13 12 9.909347 9000
    461 13 12 9.919263 13 12 9.919263 9000
    462 13 12 9.929278 13 12 9.929278 9000
    463 13 12 9.939322 13 12 9.939322 9000
    464 13 12 9.949429 13 12 9.949429 9000
    465 13 12 9.959388 13 12 9.959388 9000
    466 13 12 9.969687 13 12 9.969687 9000
    467 13 12 9.979257 13 12 9.979257 9000
    468 13 12 9.989259 13 12 9.989259 9000
    469 13 12 9.999254 13 12 9.999254 9000
    470 13 12 10.009256 13 12 10.009256 9000
    471 13 12 10.019261 13 12 10.019261 9000
    472 13 12 10.029260 13 12 10.029260 9000
    473 13 12 10.039253 13 12 10.039253 9000
    474 13 12 10.049281 13 12 10.049281 9000
    475 13 12 10.059281 13 12 10.059281 9000
    476 13 12 10.069257 13 12 10.069257 9000
    477 13 12 10.079276 13 12 10.079276 9000
    478 13 12 10.089309 13 12 10.089309 9000
    479 13 12 10.099342 13 12 10.099342 9000
    480 13 12 10.109389 13 12 10.109389 9000
    481 13 12 10.119341 13 12 10.119341 9000
    482 13 12 10.129348 13 12 10.129348 9000
    483 13 12 10.139321 13 12 10.139321 9000
    484 13 12 10.149331 13 12 10.149331 9000
    485 13 12 10.159344 13 12 10.159344 9000
    486 13 12 10.169335 13 12 10.169335 9000
    487 13 12 10.179258 13 12 10.179258 9000
    488 13 12 10.189225 13 12 10.189225 9000
    489 13 12 10.199303 13 12 10.199303 9000
    490 13 12 10.209255 13 12 10.209255 9000
    491 13 12 10.219255 13 12 10.219255 9000
    492 13 12 10.229266 13 12 10.229266 9000
    493 13 12 10.239255 13 12 10.239255 9000
    494 13 12 10.249256 13 12 10.249256 9000
    495 13 12 10.259275 13 12 10.259275 9000
    496 13 12 10.269263 13 12 10.269263 9000
    497 13 12 10.279256 13 12 10.279256 9000
    498 13 12 10.289255 13 12 10.289255 9000
    499 13 12 10.299264 13 12 10.299264 9000
    500 13 12 10.309316 13 12 10.309316 9000
    501 13 12 10.319324 13 12 10.319324 9000
    502 13 12 10.329378 13 12 10.329378 9000
    503 13 12 10.339928 13 12 10.339928 9000
    504 13 12 10.349332 13 12 10.349332 9000
    505 13 12 10.359382 13 12 10.359382 9000
    506 13 12 10.369317 13 12 10.369317 9000
    507 13 12 10.379357 13 12 10.379357 9000
    508 13 12 10.389319 13 12 10.389319 9000
    509 13 12 10.399319 13 12 10.399319 9000
    510 13 12 10.409245 13 12 10.409245 9000
    511 13 12 10.419242 13 12 10.419242 9000
    512 13 12 10.429244 13 12 10.429244 9000
    513 13 12 10.439246 13 12 10.439246 9000
    514 13 12 10.449242 13 12 10.449242 9000
    515 13 12 10.459241 13 12 10.459241 9000
    516 13 12 10.469255 13 12 10.469255 9000
    517 13 12 10.479295 13 12 10.479295 9000
    518 13 12 10.489255 13 12 10.489255 9000
    519 13 12 10.500476 13 12 10.500476 9000
    520 13 12 10.509294 13 12 10.509294 9000
    521 13 12 10.519334 13 12 10.519334 9000
    522 13 12 10.529384 13 12 10.529384 9000
    523 13 12 10.539332 13 12 10.539332 9000
    524 13 12 10.549303 13 12 10.549303 9000
    525 13 12 10.559461 13 12 10.559461 9000
    526 13 12 10.569668 13 12 10.569668 9000
    527 13 12 10.579318 13 12 10.579318 9000
    528 13 12 10.589313 13 12 10.589313 9000
    529 13 12 10.599316 13 12 10.599316 9000
    530 13 12 10.609256 13 12 10.609256 9000
    531 13 12 10.619258 13 12 10.619258 9000
    532 13 12 10.629270 13 12 10.629270 9000
    533 13 12 10.639267 13 12 10.639267 9000
    534 13 12 10.649255 13 12 10.649255 9000
    535 13 12 10.659269 13 12 10.659269 9000
    536 13 12 10.669349 13 12 10.669349 9000
    537 13 12 10.679280 13 12 10.679280 9000
    538 13 12 10.689256 13 12 10.689256 9000
    539 13 12 10.699497 13 12 10.699497 9000
    540 13 12 10.709305 13 12 10.709305 9000
    541 13 12 10.719340 13 12 10.719340 9000
    542 13 12 10.729525 13 12 10.729525 9000
    543 13 12 10.739378 13 12 10.739378 9000
    544 13 12 10.749278 13 12 10.749278 9000
    545 13 12 10.759335 13 12 10.759335 9000
    546 13 12 10.769296 13 12 10.769296 9000
    547 13 12 10.779318 13 12 10.779318 9000
    548 13 12 10.789251 13 12 10.789251 9000
    549 13 12 10.799320 13 12 10.799320 9000
    550 13 12 10.809321 13 12 10.809321 9000
    551 13 12 10.819354 13 12 10.819354 9000
    552 13 12 10.829242 13 12 10.829242 9000
    553 13 12 10.839276 13 12 10.839276 9000
    554 13 12 10.849259 13 12 10.849259 9000
    555 13 12 10.859256 13 12 10.859256 9000
    556 13 12 10.869327 13 12 10.869327 9000
    557 13 12 10.879255 13 12 10.879255 9000
    558 13 12 10.889255 13 12 10.889255 9000
    559 13 12 10.899252 13 12 10.899252 9000
    560 13 12 10.910026 13 12 10.910026 9000
    561 13 12 10.919295 13 12 10.919295 9000
    562 13 12 10.929325 13 12 10.929325 9000
    563 13 12 10.939277 13 12 10.939277 9000
    564 13 12 10.949305 13 12 10.949305 9000
    565 13 12 10.959410 13 12 10.959410 9000
    566 13 12 10.969696 13 12 10.969696 9000
    567 13 12 10.979666 13 12 10.979666 9000
    568 13 12 10.989335 13 12 10.989335 9000
    569 13 12 10.999311 13 12 10.999311 9000
    570 13 12 11.009320 13 12 11.009320 9000
    571 13 12 11.019256 13 12 11.019256 9000
    572 13 12 11.029256 13 12 11.029256 9000
    573 13 12 11.039255 13 12 11.039255 9000
    574 13 12 11.049267 13 12 11.049267 9000
    575 13 12 11.059264 13 12 11.059264 9000
    576 13 12 11.069260 13 12 11.069260 9000
    577 13 12 11.079278 13 12 11.079278 9000
    578 13 12 11.089259 13 12 11.089259 9000
    579 13 12 11.099268 13 12 11.099268 9000
    580 13 12 11.109301 13 12 11.109301 9000
    581 13 12 11.119325 13 12 11.119325 9000
    582 13 12 11.129324 13 12 11.129324 9000
    583 13 12 11.139357 13 12 11.139357 9000
    584 13 12 11.149293 13 12 11.149293 9000
    585 13 12 11.159276 13 12 11.159276 9000
    586 13 12 11.169314 13 12 11.169314 9000
    587 13 12 11.179325 13 12 11.179325 9000
    588 13 12 11.189301 13 12 11.189301 9000
    589 13 12 11.199318 13 12 11.199318 9000
    590 13 12 11.209263 13 12 11.209263 9000
    591 13 12 11.219322 13 12 11.219322 9000
    592 13 12 11.229241 13 12 11.229241 9000
    593 13 12 11.239273 13 12 11.239273 9000
    594 13 12 11.249240 13 12 11.249240 9000
    595 13 12 11.259252 13 12 11.259252 9000
    596 13 12 11.269263 13 12 11.269263 9000
    597 13 12 11.279344 13 12 11.279344 9000
    598 13 12 11.289255 13 12 11.289255 9000
    599 13 12 11.299331 13 12 11.299331 9000
    600 13 12 11.309326 13 12 11.309326 9000
    601 13 12 11.319430 13 12 11.319430 9000
    602 13 12 11.329335 13 12 11.329335 9000
    603 13 12 11.339361 13 12 11.339361 9000
    604 13 12 11.349809 13 12 11.349809 9000
    605 13 12 11.359396 13 12 11.359396 9000
    606 13 12 11.369261 13 12 11.369261 9000
    607 13 12 11.379277 13 12 11.379277 9000
    608 13 12 11.389322 13 12 11.389322 9000
    609 13 12 11.399323 13 12 11.399323 9000
    610 13 12 11.409321 13 12 11.409321 9000
    611 13 12 11.419306 13 12 11.419306 9000
    612 13 12 11.429259 13 12 11.429259 9000
    613 13 12 11.439253 13 12 11.439253 9000
    614 13 12 11.449241 13 12 11.449241 9000
    615 13 12 11.459229 13 12 11.459229 9000
    616 13 12 11.469281 13 12 11.469281 9000
    617 13 12 11.479241 13 12 11.479241 9000
    618 13 12 11.489255 13 12 11.489255 9000
    619 13 12 11.499321 13 12 11.499321 9000
    620 13 12 11.509377 13 12 11.509377 9000
    621 13 12 11.519313 13 12 11.519313 9000
    622 13 12 11.529327 13 12 11.529327 9000
    623 13 12 11.539362 13 12 11.539362 9000
    624 13 12 11.549279 13 12 11.549279 9000
    625 13 12 11.559354 13 12 11.559354 9000
    626 13 12 11.569259 13 12 11.569259 9000
    627 13 12 11.579332 13 12 11.579332 9000
    628 13 12 11.589321 13 12 11.589321 9000
    629 13 12 11.599311 13 12 11.599311 9000
    630 13 12 11.609275 13 12 11.609275 9000
    631 13 12 11.619358 13 12 11.619358 9000
    632 13 12 11.629208 13 12 11.629208 9000
    633 13 12 11.639260 13 12 11.639260 9000
    634 13 12 11.649255 13 12 11.649255 9000
    635 13 12 11.659257 13 12 11.659257 9000
    636 13 12 11.669259 13 12 11.669259 9000
    637 13 12 11.679252 13 12 11.679252 9000
    638 13 12 11.689254 13 12 11.689254 9000
    639 13 12 11.699336 13 12 11.699336 9000
    640 13 12 11.709343 13 12 11.709343 9000
    641 13 12 11.719258 13 12 11.719258 9000
    642 13 12 11.729297 13 12 11.729297 9000
    643 13 12 11.739293 13 12 11.739293 9000
    644 13 12 11.749337 13 12 11.749337 9000
    645 13 12 11.759370 13 12 11.759370 9000
    646 13 12 11.769323 13 12 11.769323 9000
    647 13 12 11.779350 13 12 11.779350 9000
    648 13 12 11.789336 13 12 11.789336 9000
    649 13 12 11.799317 13 12 11.799317 9000
    650 13 12 11.809278 13 12 11.809278 9000
    651 13 12 11.820055 13 12 11.820055 9000
    652 13 12 11.829200 13 12 11.829200 9000
    653 13 12 11.839259 13 12 11.839259 9000
    654 13 12 11.849441 13 12 11.849441 9000
    655 13 12 11.859261 13 12 11.859261 9000
    656 13 12 11.869263 13 12 11.869263 9000
    657 13 12 11.879281 13 12 11.879281 9000
    658 13 12 11.889241 13 12 11.889241 9000
    659 13 12 11.899250 13 12 11.899250 9000
    660 13 12 11.909323 13 12 11.909323 9000
    661 13 12 11.919370 13 12 11.919370 9000
    662 13 12 11.929327 13 12 11.929327 9000
    663 13 12 11.939301 13 12 11.939301 9000
    664 13 12 11.949334 13 12 11.949334 9000
    665 13 12 11.959341 13 12 11.959341 9000
    666 13 12 11.969258 13 12 11.969258 9000
    667 13 12 11.979412 13 12 11.979412 9000
    668 13 12 11.989395 13 12 11.989395 9000
    669 13 12 11.999316 13 12 11.999316 9000
    670 13 12 12.009323 13 12 12.009323 9000
    671 13 12 12.019353 13 12 12.019353 9000
    672 13 12 12.029320 13 12 12.029320 9000
    673 13 12 12.039258 13 12 12.039258 9000
    674 13 12 12.049281 13 12 12.049281 9000
    675 13 12 12.059286 13 12 12.059286 9000
    676 13 12 12.069278 13 12 12.069278 9000
    677 13 12 12.079278 13 12 12.079278 9000
    678 13 12 12.089278 13 12 12.089278 9000
    679 13 12 12.099361 13 12 12.099361 9000
    680 13 12 12.109324 13 12 12.109324 9000
    681 13 12 12.119377 13 12 12.119377 9000
    682 13 12 12.129257 13 12 12.129257 9000
    683 13 12 12.139331 13 12 12.139331 9000
    684 13 12 12.149340 13 12 12.149340 9000
    685 13 12 12.159418 13 12 12.159418 9000
    686 13 12 12.169339 13 12 12.169339 9000
    687 13 12 12.179256 13 12 12.179256 9000
    688 13 12 12.189313 13 12 12.189313 9000
    689 13 12 12.199258 13 12 12.199258 9000
    690 13 12 12.209320 13 12 12.209320 9000
    691 13 12 12.219277 13 12 12.219277 9000
    692 13 12 12.229321 13 12 12.229321 9000
    693 13 12 12.239323 13 12 12.239323 9000
    694 13 12 12.249259 13 12 12.249259 9000
    695 13 12 12.259239 13 12 12.259239 9000
    696 13 12 12.269247 13 12 12.269247 9000
    697 13 12 12.279242 13 12 12.279242 9000
    698 13 12 12.289249 13 12 12.289249 9000
    699 13 12 12.299321 13 12 12.299321 9000
    700 13 12 12.309321 13 12 12.309321 9000
    701 13 12 12.319390 13 12 12.319390 9000
    702 13 12 12.329385 13 12 12.329385 9000
    703 13 12 12.339316 13 12 12.339316 9000
    704 13 12 12.349344 13 12 12.349344 9000
    705 13 12 12.359937 13 12 12.359937 9000
    706 13 12 12.369315 13 12 12.369315 9000
    707 13 12 12.379314 13 12 12.379314 9000
    708 13 12 12.389355 13 12 12.389355 9000
    709 13 12 12.399316 13 12 12.399316 9000
    710 13 12 12.409357 13 12 12.409357 9000
    711 13 12 12.419601 13 12 12.419601 9000
    712 13 12 12.429258 13 12 12.429258 9000
    713 13 12 12.439317 13 12 12.439317 9000
    714 13 12 12.449246 13 12 12.449246 9000
    715 13 12 12.459248 13 12 12.459248 9000
    716 13 12 12.469241 13 12 12.469241 9000
    717 13 12 12.479267 13 12 12.479267 9000
    718 13 12 12.489255 13 12 12.489255 9000
    719 13 12 12.499309 13 12 12.499309 9000
    720 13 12 12.509320 13 12 12.509320 9000
    721 13 12 12.519355 13 12 12.519355 9000
    722 13 12 12.529337 13 12 12.529337 9000
    723 13 12 12.539329 13 12 12.539329 9000
    724 13 12 12.549317 13 12 12.549317 9000
    725 13 12 12.559189 13 12 12.559189 9000
    726 13 12 12.569445 13 12 12.569445 9000
    727 13 12 12.579333 13 12 12.579333 9000
    728 13 12 12.589275 13 12 12.589275 9000
    729 13 12 12.599320 13 12 12.599320 9000
    730 13 12 12.609379 13 12 12.609379 9000
    731 13 12 12.619322 13 12 12.619322 9000
    732 13 12 12.629405 13 12 12.629405 9000
    733 13 12 12.639324 13 12 12.639324 9000
    734 13 12 12.649321 13 12 12.649321 9000
    735 13 12 12.659259 13 12 12.659259 9000
    736 13 12 12.669254 13 12 12.669254 9000
    737 13 12 12.679256 13 12 12.679256 9000
    738 13 12 12.689254 13 12 12.689254 9000
    739 13 12 12.699391 13 12 12.699391 9000
    740 13 12 12.709313 13 12 12.709313 9000
    741 13 12 12.719317 13 12 12.719317 9000
    742 13 12 12.729469 13 12 12.729469 9000
    743 13 12 12.739319 13 12 12.739319 9000
    744 13 12 12.749269 13 12 12.749269 9000
    745 13 12 12.759271 13 12 12.759271 9000
    746 13 12 12.769320 13 12 12.769320 9000
    747 13 12 12.779327 13 12 12.779327 9000
    748 13 12 12.789339 13 12 12.789339 9000
    749 13 12 12.799340 13 12 12.799340 9000
    750 13 12 12.809312 13 12 12.809312 9000
    751 13 12 12.819350 13 12 12.819350 9000
    752 13 12 12.829357 13 12 12.829357 9000
    753 13 12 12.839269 13 12 12.839269 9000
    754 13 12 12.849253 13 12 12.849253 9000
    755 13 12 12.859256 13 12 12.859256 9000
    756 13 12 12.869253 13 12 12.869253 9000
    757 13 12 12.879239 13 12 12.879239 9000
    758 13 12 12.889255 13 12 12.889255 9000
    759 13 12 12.899257 13 12 12.899257 9000
    760 13 12 12.909254 13 12 12.909254 9000
    761 13 12 12.919316 13 12 12.919316 9000
    762 13 12 12.929328 13 12 12.929328 9000
    763 13 12 12.939320 13 12 12.939320 9000
    764 13 12 12.949284 13 12 12.949284 9000
    765 13 12 12.960131 13 12 12.960131 9000
    766 13 12 12.969324 13 12 12.969324 9000
    767 13 12 12.979378 13 12 12.979378 9000
    768 13 12 12.989314 13 12 12.989314 9000
    769 13 12 12.999314 13 12 12.999314 9000
    770 13 12 13.009304 13 12 13.009304 9000
    771 13 12 13.019389 13 12 13.019389 9000
    772 13 12 13.029284 13 12 13.029284 9000
    773 13 12 13.039256 13 12 13.039256 9000
    774 13 12 13.049286 13 12 13.049286 9000
    775 13 12 13.059257 13 12 13.059257 9000
    776 13 12 13.069276 13 12 13.069276 9000
    777 13 12 13.079259 13 12 13.079259 9000
    778 13 12 13.089254 13 12 13.089254 9000
    779 13 12 13.099316 13 12 13.099316 9000
    780 13 12 13.109324 13 12 13.109324 9000
    781 13 12 13.119320 13 12 13.119320 9000
    782 13 12 13.129320 13 12 13.129320 9000
    783 13 12 13.139316 13 12 13.139316 9000
    784 13 12 13.149321 13 12 13.149321 9000
    785 13 12 13.159468 13 12 13.159468 9000
    786 13 12 13.169328 13 12 13.169328 9000
    787 13 12 13.179346 13 12 13.179346 9000
    788 13 12 13.189337 13 12 13.189337 9000
    789 13 12 13.199313 13 12 13.199313 9000
    790 13 12 13.209255 13 12 13.209255 9000
    791 13 12 13.219262 13 12 13.219262 9000
    792 13 12 13.229319 13 12 13.229319 9000
    793 13 12 13.239250 13 12 13.239250 9000
    794 13 12 13.249249 13 12 13.249249 9000
    795 13 12 13.259202 13 12 13.259202 9000
    796 13 12 13.269258 13 12 13.269258 9000
    797 13 12 13.279258 13 12 13.279258 9000
    798 13 12 13.289241 13 12 13.289241 9000
    799 13 12 13.299274 13 12 13.299274 9000
    800 13 12 13.309400 13 12 13.309400 9000
    801 13 12 13.319259 13 12 13.319259 9000
    802 13 12 13.329321 13 12 13.329321 9000
    803 13 12 13.339325 13 12 13.339325 9000
    804 13 12 13.349320 13 12 13.349320 9000
    805 13 12 13.359759 13 12 13.359759 9000
    806 13 12 13.369296 13 12 13.369296 9000
    807 13 12 13.379324 13 12 13.379324 9000
    808 13 12 13.389314 13 12 13.389314 9000
    809 13 12 13.399312 13 12 13.399312 9000
    810 13 12 13.409321 13 12 13.409321 9000
    811 13 12 13.419318 13 12 13.419318 9000
    812 13 12 13.429318 13 12 13.429318 9000
    813 13 12 13.439320 13 12 13.439320 9000
    814 13 12 13.449201 13 12 13.449201 9000
    815 13 12 13.459239 13 12 13.459239 9000
    816 13 12 13.469262 13 12 13.469262 9000
    817 13 12 13.479274 13 12 13.479274 9000
    818 13 12 13.489257 13 12 13.489257 9000
    819 13 12 13.499283 13 12 13.499283 9000
    820 13 12 13.509378 13 12 13.509378 9000
    821 13 12 13.519341 13 12 13.519341 9000
    822 13 12 13.529350 13 12 13.529350 9000
    823 13 12 13.539320 13 12 13.539320 9000
    824 13 12 13.549319 13 12 13.549319 9000
    825 13 12 13.559312 13 12 13.559312 9000
    826 13 12 13.569312 13 12 13.569312 9000
    827 13 12 13.579307 13 12 13.579307 9000
    828 13 12 13.589313 13 12 13.589313 9000
    829 13 12 13.599256 13 12 13.599256 9000
    830 13 12 13.609318 13 12 13.609318 9000
    831 13 12 13.619326 13 12 13.619326 9000
    832 13 12 13.629253 13 12 13.629253 9000
    833 13 12 13.639257 13 12 13.639257 9000
    834 13 12 13.649255 13 12 13.649255 9000
    835 13 12 13.659257 13 12 13.659257 9000
    836 13 12 13.669280 13 12 13.669280 9000
    837 13 12 13.679263 13 12 13.679263 9000
    838 13 12 13.689256 13 12 13.689256 9000
    839 13 12 13.699256 13 12 13.699256 9000
    840 13 12 13.709476 13 12 13.709476 9000
    841 13 12 13.719319 13 12 13.719319 9000
    842 13 12 13.729355 13 12 13.729355 9000
    843 13 12 13.739325 13 12 13.739325 9000
    844 13 12 13.749320 13 12 13.749320 9000
    845 13 12 13.760077 13 12 13.760077 9000
    846 13 12 13.769308 13 12 13.769308 9000
    847 13 12 13.779315 13 12 13.779315 9000
    848 13 12 13.789322 13 12 13.789322 9000
    849 13 12 13.799322 13 12 13.799322 9000
    850 13 12 13.809324 13 12 13.809324 9000
    851 13 12 13.819323 13 12 13.819323 9000
    852 13 12 13.829312 13 12 13.829312 9000
    853 13 12 13.839257 13 12 13.839257 9000
    854 13 12 13.849254 13 12 13.849254 9000
    855 13 12 13.859261 13 12 13.859261 9000
    856 13 12 13.869253 13 12 13.869253 9000
    857 13 12 13.879253 13 12 13.879253 9000
    858 13 12 13.889253 13 12 13.889253 9000
    859 13 12 13.899260 13 12 13.899260 9000
    860 13 12 13.909316 13 12 13.909316 9000
    861 13 12 13.919318 13 12 13.919318 9000
    862 13 12 13.929282 13 12 13.929282 9000
    863 13 12 13.939332 13 12 13.939332 9000
    864 13 12 13.949633 13 12 13.949633 9000
    865 13 12 13.959286 13 12 13.959286 9000
    866 13 12 13.969315 13 12 13.969315 9000
    867 13 12 13.981479 13 12 13.981479 9000
    868 13 12 13.989387 13 12 13.989387 9000
    869 13 12 13.999297 13 12 13.999297 9000
    870 13 12 14.009313 13 12 14.009313 9000
    871 13 12 14.019323 13 12 14.019323 9000
    872 13 12 14.029315 13 12 14.029315 9000
    873 13 12 14.039260 13 12 14.039260 9000
    874 13 12 14.049258 13 12 14.049258 9000
    875 13 12 14.059286 13 12 14.059286 9000
    876 13 12 14.069283 13 12 14.069283 9000
    877 13 12 14.079278 13 12 14.079278 9000
    878 13 12 14.089278 13 12 14.089278 9000
    879 13 12 14.099261 13 12 14.099261 9000
    880 13 12 14.109317 13 12 14.109317 9000
    881 13 12 14.119315 13 12 14.119315 9000
    882 13 12 14.129319 13 12 14.129319 9000
    883 13 12 14.139324 13 12 14.139324 9000
    884 13 12 14.149271 13 12 14.149271 9000
    885 13 12 14.159231 13 12 14.159231 9000
    886 13 12 14.169323 13 12 14.169323 9000
    887 13 12 14.179344 13 12 14.179344 9000
    888 13 12 14.189315 13 12 14.189315 9000
    889 13 12 14.199350 13 12 14.199350 9000
    890 13 12 14.209317 13 12 14.209317 9000
    891 13 12 14.219324 13 12 14.219324 9000
    892 13 12 14.229319 13 12 14.229319 9000
    893 13 12 14.239456 13 12 14.239456 9000
    894 13 12 14.249290 13 12 14.249290 9000
    895 13 12 14.259252 13 12 14.259252 9000
    896 13 12 14.269254 13 12 14.269254 9000
    897 13 12 14.279253 13 12 14.279253 9000
    898 13 12 14.289265 13 12 14.289265 9000
    899 13 12 14.299255 13 12 14.299255 9000
    900 13 12 14.309281 13 12 14.309281 9000
    901 13 12 14.319326 13 12 14.319326 9000
    902 13 12 14.329390 13 12 14.329390 9000
    903 13 12 14.339313 13 12 14.339313 9000
    904 13 12 14.349329 13 12 14.349329 9000
    905 13 12 14.359479 13 12 14.359479 9000
    906 13 12 14.369306 13 12 14.369306 9000
    907 13 12 14.379322 13 12 14.379322 9000
    908 13 12 14.389355 13 12 14.389355 9000
    909 13 12 14.399255 13 12 14.399255 9000
    910 13 12 14.409309 13 12 14.409309 9000
    911 13 12 14.419321 13 12 14.419321 9000
    912 13 12 14.429313 13 12 14.429313 9000
    913 13 12 14.439254 13 12 14.439254 9000
    914 13 12 14.449255 13 12 14.449255 9000
    915 13 12 14.459253 13 12 14.459253 9000
    916 13 12 14.469265 13 12 14.469265 9000
    917 13 12 14.479253 13 12 14.479253 9000
    918 13 12 14.489252 13 12 14.489252 9000
    919 13 12 14.499254 13 12 14.499254 9000
    920 13 12 14.509266 13 12 14.509266 9000
    921 13 12 14.519216 13 12 14.519216 9000
    922 13 12 14.529313 13 12 14.529313 9000
    923 13 12 14.539322 13 12 14.539322 9000
    924 13 12 14.549341 13 12 14.549341 9000
    925 13 12 14.559278 13 12 14.559278 9000
    926 13 12 14.569338 13 12 14.569338 9000
    927 13 12 14.579333 13 12 14.579333 9000
    928 13 12 14.589354 13 12 14.589354 9000
    929 13 12 14.599325 13 12 14.599325 9000
    930 13 12 14.609313 13 12 14.609313 9000
    931 13 12 14.619313 13 12 14.619313 9000
    932 13 12 14.629255 13 12 14.629255 9000
    933 13 12 14.639255 13 12 14.639255 9000
    934 13 12 14.649257 13 12 14.649257 9000
    935 13 12 14.659259 13 12 14.659259 9000
    936 13 12 14.669254 13 12 14.669254 9000
    937 13 12 14.679266 13 12 14.679266 9000
    938 13 12 14.689322 13 12 14.689322 9000
    939 13 12 14.699258 13 12 14.699258 9000
    940 13 12 14.709322 13 12 14.709322 9000
    941 13 12 14.719267 13 12 14.719267 9000
    942 13 12 14.729188 13 12 14.729188 9000
    943 13 12 14.739333 13 12 14.739333 9000
    944 13 12 14.749262 13 12 14.749262 9000
    945 13 12 14.759344 13 12 14.759344 9000
    946 13 12 14.769261 13 12 14.769261 9000
    947 13 12 14.779239 13 12 14.779239 9000
    948 13 12 14.789322 13 12 14.789322 9000
    949 13 12 14.799319 13 12 14.799319 9000
    950 13 12 14.809314 13 12 14.809314 9000
    951 13 12 14.819316 13 12 14.819316 9000
    952 13 12 14.829297 13 12 14.829297 9000
    953 13 12 14.840486 13 12 14.840486 9000
    954 13 12 14.849244 13 12 14.849244 9000
    955 13 12 14.859258 13 12 14.859258 9000
    956 13 12 14.869253 13 12 14.869253 9000
    957 13 12 14.879255 13 12 14.879255 9000
    958 13 12 14.889255 13 12 14.889255 9000
    959 13 12 14.899253 13 12 14.899253 9000
    960 13 12 14.909235 13 12 14.909235 9000
    961 13 12 14.919328 13 12 14.919328 9000
    962 13 12 14.929318 13 12 14.929318 9000
    963 13 12 14.939339 13 12 14.939339 9000
    964 13 12 14.949305 13 12 14.949305 9000
    965 13 12 14.959433 13 12 14.959433 9000
    966 13 12 14.969896 13 12 14.969896 9000
    967 13 12 14.980477 13 12 14.980477 9000
    968 13 12 14.989357 13 12 14.989357 9000
    969 13 12 14.999311 13 12 14.999311 9000
    970 13 12 15.009340 13 12 15.009340 9000
    971 13 12 15.019334 13 12 15.019334 9000
    972 13 12 15.029332 13 12 15.029332 9000
    973 13 12 15.039343 13 12 15.039343 9000
    974 13 12 15.049353 13 12 15.049353 9000
    975 13 12 15.059260 13 12 15.059260 9000
    976 13 12 15.069255 13 12 15.069255 9000
    977 13 12 15.079254 13 12 15.079254 9000
    978 13 12 15.089256 13 12 15.089256 9000
    979 13 12 15.099254 13 12 15.099254 9000
    980 13 12 15.110196 13 12 15.110196 9000
    981 13 12 15.119324 13 12 15.119324 9000
    982 13 12 15.129277 13 12 15.129277 9000
    983 13 12 15.139319 13 12 15.139319 9000
    984 13 12 15.149281 13 12 15.149281 9000
    985 13 12 15.159530 13 12 15.159530 9000
    986 13 12 15.169330 13 12 15.169330 9000
    987 13 12 15.179244 13 12 15.179244 9000
    988 13 12 15.189315 13 12 15.189315 9000
    989 13 12 15.199339 13 12 15.199339 9000
    990 13 12 15.209336 13 12 15.209336 9000
    991 13 12 15.219341 13 12 15.219341 9000
    992 13 12 15.229390 13 12 15.229390 9000
    993 13 12 15.239262 13 12 15.239262 9000
    994 13 12 15.249249 13 12 15.249249 9000
    995 13 12 15.259263 13 12 15.259263 9000
    996 13 12 15.269292 13 12 15.269292 9000
    997 13 12 15.279263 13 12 15.279263 9000
    998 13 12 15.289255 13 12 15.289255 9000
    999 13 12 15.299255 13 12 15.299255 9000
   1000 13 12 15.309991 13 12 15.309991 9000
