      1 13 3 23.235723 13 3 23.235723 8800
      2 13 3 23.245830 13 3 23.245830 8800
      3 13 3 23.255870 13 3 23.255870 8800
      4 13 3 23.265865 13 3 23.265865 8800
      5 13 3 23.275871 13 3 23.275871 8800
      6 13 3 23.285907 13 3 23.285907 8800
      7 13 3 23.295894 13 3 23.295894 8800
      8 13 3 23.305844 13 3 23.305844 8800
      9 13 3 23.316182 13 3 23.316182 8800
     10 13 3 23.325862 13 3 23.325862 8800
     11 13 3 23.335820 13 3 23.335820 8800
     12 13 3 23.345926 13 3 23.345926 8800
     13 13 3 23.355830 13 3 23.355830 8800
     14 13 3 23.365895 13 3 23.365895 8800
     15 13 3 23.375830 13 3 23.375830 8800
     16 13 3 23.385825 13 3 23.385825 8800
     17 13 3 23.395849 13 3 23.395849 8800
     18 13 3 23.405844 13 3 23.405844 8800
     19 13 3 23.415835 13 3 23.415835 8800
     20 13 3 23.425937 13 3 23.425937 8800
     21 13 3 23.435956 13 3 23.435956 8800
     22 13 3 23.445882 13 3 23.445882 8800
     23 13 3 23.455892 13 3 23.455892 8800
     24 13 3 23.465876 13 3 23.465876 8800
     25 13 3 23.475901 13 3 23.475901 8800
     26 13 3 23.485893 13 3 23.485893 8800
     27 13 3 23.495839 13 3 23.495839 8800
     28 13 3 23.505887 13 3 23.505887 8800
     29 13 3 23.515816 13 3 23.515816 8800
     30 13 3 23.525890 13 3 23.525890 8800
     31 13 3 23.535831 13 3 23.535831 8800
     32 13 3 23.545884 13 3 23.545884 8800
     33 13 3 23.555873 13 3 23.555873 8800
     34 13 3 23.565853 13 3 23.565853 8800
     35 13 3 23.575844 13 3 23.575844 8800
     36 13 3 23.585869 13 3 23.585869 8800
     37 13 3 23.595828 13 3 23.595828 8800
     38 13 3 23.605836 13 3 23.605836 8800
     39 13 3 23.616707 13 3 23.616707 8800
     40 13 3 23.625862 13 3 23.625862 8800
     41 13 3 23.635905 13 3 23.635905 8800
     42 13 3 23.645890 13 3 23.645890 8800
     43 13 3 23.655868 13 3 23.655868 8800
     44 13 3 23.665894 13 3 23.665894 8800
     45 13 3 23.675892 13 3 23.675892 8800
     46 13 3 23.685876 13 3 23.685876 8800
     47 13 3 23.695885 13 3 23.695885 8800
     48 13 3 23.705835 13 3 23.705835 8800
     49 13 3 23.715928 13 3 23.715928 8800
     50 13 3 23.725875 13 3 23.725875 8800
     51 13 3 23.735883 13 3 23.735883 8800
     52 13 3 23.745895 13 3 23.745895 8800
     53 13 3 23.755824 13 3 23.755824 8800
     54 13 3 23.765827 13 3 23.765827 8800
     55 13 3 23.775855 13 3 23.775855 8800
     56 13 3 23.785831 13 3 23.785831 8800
     57 13 3 23.795847 13 3 23.795847 8800
     58 13 3 23.805845 13 3 23.805845 8800
     59 13 3 23.815830 13 3 23.815830 8800
     60 13 3 23.825917 13 3 23.825917 8800
     61 13 3 23.835906 13 3 23.835906 8800
     62 13 3 23.845835 13 3 23.845835 8800
     63 13 3 23.855844 13 3 23.855844 8800
     64 13 3 23.865898 13 3 23.865898 8800
     65 13 3 23.875900 13 3 23.875900 8800
     66 13 3 23.885884 13 3 23.885884 8800
     67 13 3 23.895899 13 3 23.895899 8800
     68 13 3 23.905830 13 3 23.905830 8800
     69 13 3 23.915925 13 3 23.915925 8800
     70 13 3 23.925844 13 3 23.925844 8800
     71 13 3 23.935883 13 3 23.935883 8800
     72 13 3 23.945889 13 3 23.945889 8800
     73 13 3 23.955898 13 3 23.955898 8800
     74 13 3 23.965917 13 3 23.965917 8800
     75 13 3 23.975816 13 3 23.975816 8800
     76 13 3 23.986236 13 3 23.986236 8800
     77 13 3 23.995781 13 3 23.995781 8800
     78 13 3 24.005855 13 3 24.005855 8800
     79 13 3 24.015830 13 3 24.015830 8800
     80 13 3 24.025842 13 3 24.025842 8800
     81 13 3 24.035844 13 3 24.035844 8800
     82 13 3 24.045929 13 3 24.045929 8800
     83 13 3 24.056125 13 3 24.056125 8800
     84 13 3 24.066507 13 3 24.066507 8800
     85 13 3 24.075925 13 3 24.075925 8800
     86 13 3 24.086092 13 3 24.086092 8800
     87 13 3 24.095817 13 3 24.095817 8800
     88 13 3 24.105828 13 3 24.105828 8800
     89 13 3 24.115822 13 3 24.115822 8800
     90 13 3 24.125886 13 3 24.125886 8800
     91 13 3 24.135894 13 3 24.135894 8800
     92 13 3 24.145883 13 3 24.145883 8800
     93 13 3 24.155889 13 3 24.155889 8800
     94 13 3 24.165883 13 3 24.165883 8800
     95 13 3 24.175809 13 3 24.175809 8800
     96 13 3 24.185846 13 3 24.185846 8800
     97 13 3 24.196654 13 3 24.196654 8800
     98 13 3 24.205843 13 3 24.205843 8800
     99 13 3 24.216128 13 3 24.216128 8800
    100 13 3 24.225864 13 3 24.225864 8800
    101 13 3 24.236046 13 3 24.236046 8800
    102 13 3 24.246445 13 3 24.246445 8800
    103 13 3 24.256477 13 3 24.256477 8800
    104 13 3 24.265817 13 3 24.265817 8800
    105 13 3 24.275887 13 3 24.275887 8800
    106 13 3 24.285907 13 3 24.285907 8800
    107 13 3 24.295826 13 3 24.295826 8800
    108 13 3 24.305886 13 3 24.305886 8800
    109 13 3 24.315874 13 3 24.315874 8800
    110 13 3 24.325914 13 3 24.325914 8800
    111 13 3 24.335971 13 3 24.335971 8800
    112 13 3 24.345894 13 3 24.345894 8800
    113 13 3 24.355858 13 3 24.355858 8800
    114 13 3 24.365901 13 3 24.365901 8800
    115 13 3 24.375911 13 3 24.375911 8800
    116 13 3 24.386752 13 3 24.386752 8800
    117 13 3 24.395869 13 3 24.395869 8800
    118 13 3 24.406006 13 3 24.406006 8800
    119 13 3 24.415867 13 3 24.415867 8800
    120 13 3 24.425837 13 3 24.425837 8800
    121 13 3 24.435826 13 3 24.435826 8800
    122 13 3 24.445833 13 3 24.445833 8800
    123 13 3 24.455845 13 3 24.455845 8800
    124 13 3 24.465889 13 3 24.465889 8800
    125 13 3 24.475840 13 3 24.475840 8800
    126 13 3 24.485990 13 3 24.485990 8800
    127 13 3 24.495837 13 3 24.495837 8800
    128 13 3 24.505884 13 3 24.505884 8800
    129 13 3 24.515910 13 3 24.515910 8800
    130 13 3 24.525907 13 3 24.525907 8800
    131 13 3 24.535895 13 3 24.535895 8800
    132 13 3 24.545915 13 3 24.545915 8800
    133 13 3 24.555927 13 3 24.555927 8800
    134 13 3 24.565857 13 3 24.565857 8800
    135 13 3 24.575903 13 3 24.575903 8800
    136 13 3 24.586069 13 3 24.586069 8800
    137 13 3 24.595908 13 3 24.595908 8800
    138 13 3 24.605876 13 3 24.605876 8800
    139 13 3 24.615757 13 3 24.615757 8800
    140 13 3 24.626308 13 3 24.626308 8800
    141 13 3 24.635926 13 3 24.635926 8800
    142 13 3 24.646236 13 3 24.646236 8800
    143 13 3 24.656279 13 3 24.656279 8800
    144 13 3 24.665866 13 3 24.665866 8800
    145 13 3 24.675847 13 3 24.675847 8800
    146 13 3 24.685839 13 3 24.685839 8800
    147 13 3 24.695812 13 3 24.695812 8800
    148 13 3 24.705839 13 3 24.705839 8800
    149 13 3 24.715830 13 3 24.715830 8800
    150 13 3 24.726279 13 3 24.726279 8800
    151 13 3 24.735989 13 3 24.735989 8800
    152 13 3 24.745923 13 3 24.745923 8800
    153 13 3 24.755932 13 3 24.755932 8800
    154 13 3 24.765926 13 3 24.765926 8800
    155 13 3 24.775880 13 3 24.775880 8800
    156 13 3 24.785880 13 3 24.785880 8800
    157 13 3 24.795823 13 3 24.795823 8800
    158 13 3 24.805877 13 3 24.805877 8800
    159 13 3 24.815837 13 3 24.815837 8800
    160 13 3 24.825835 13 3 24.825835 8800
    161 13 3 24.835837 13 3 24.835837 8800
    162 13 3 24.845832 13 3 24.845832 8800
    163 13 3 24.855841 13 3 24.855841 8800
    164 13 3 24.865849 13 3 24.865849 8800
    165 13 3 24.875847 13 3 24.875847 8800
    166 13 3 24.886717 13 3 24.886717 8800
    167 13 3 24.896609 13 3 24.896609 8800
    168 13 3 24.905841 13 3 24.905841 8800
    169 13 3 24.915955 13 3 24.915955 8800
    170 13 3 24.925882 13 3 24.925882 8800
    171 13 3 24.935921 13 3 24.935921 8800
    172 13 3 24.945862 13 3 24.945862 8800
    173 13 3 24.955857 13 3 24.955857 8800
    174 13 3 24.965972 13 3 24.965972 8800
    175 13 3 24.975874 13 3 24.975874 8800
    176 13 3 24.985862 13 3 24.985862 8800
    177 13 3 24.995877 13 3 24.995877 8800
    178 13 3 25.005886 13 3 25.005886 8800
    179 13 3 25.015886 13 3 25.015886 8800
    180 13 3 25.025835 13 3 25.025835 8800
    181 13 3 25.035865 13 3 25.035865 8800
    182 13 3 25.045842 13 3 25.045842 8800
    183 13 3 25.055830 13 3 25.055830 8800
    184 13 3 25.065812 13 3 25.065812 8800
    185 13 3 25.075836 13 3 25.075836 8800
    186 13 3 25.085884 13 3 25.085884 8800
    187 13 3 25.096489 13 3 25.096489 8800
    188 13 3 25.105837 13 3 25.105837 8800
    189 13 3 25.115915 13 3 25.115915 8800
    190 13 3 25.125897 13 3 25.125897 8800
    191 13 3 25.135912 13 3 25.135912 8800
    192 13 3 25.145844 13 3 25.145844 8800
    193 13 3 25.155836 13 3 25.155836 8800
    194 13 3 25.165881 13 3 25.165881 8800
    195 13 3 25.175909 13 3 25.175909 8800
    196 13 3 25.185893 13 3 25.185893 8800
    197 13 3 25.195892 13 3 25.195892 8800
    198 13 3 25.205888 13 3 25.205888 8800
    199 13 3 25.215872 13 3 25.215872 8800
    200 13 3 25.225809 13 3 25.225809 8800
    201 13 3 25.235807 13 3 25.235807 8800
    202 13 3 25.245844 13 3 25.245844 8800
    203 13 3 25.256615 13 3 25.256615 8800
    204 13 3 25.265860 13 3 25.265860 8800
    205 13 3 25.275829 13 3 25.275829 8800
    206 13 3 25.285854 13 3 25.285854 8800
    207 13 3 25.295846 13 3 25.295846 8800
    208 13 3 25.306667 13 3 25.306667 8800
    209 13 3 25.316448 13 3 25.316448 8800
    210 13 3 25.325839 13 3 25.325839 8800
    211 13 3 25.335840 13 3 25.335840 8800
    212 13 3 25.345891 13 3 25.345891 8800
    213 13 3 25.355821 13 3 25.355821 8800
    214 13 3 25.365901 13 3 25.365901 8800
    215 13 3 25.375872 13 3 25.375872 8800
    216 13 3 25.385806 13 3 25.385806 8800
    217 13 3 25.395872 13 3 25.395872 8800
    218 13 3 25.405894 13 3 25.405894 8800
    219 13 3 25.415886 13 3 25.415886 8800
    220 13 3 25.425830 13 3 25.425830 8800
    221 13 3 25.435829 13 3 25.435829 8800
    222 13 3 25.445830 13 3 25.445830 8800
    223 13 3 25.455825 13 3 25.455825 8800
    224 13 3 25.465831 13 3 25.465831 8800
    225 13 3 25.475843 13 3 25.475843 8800
    226 13 3 25.485838 13 3 25.485838 8800
    227 13 3 25.495830 13 3 25.495830 8800
    228 13 3 25.505846 13 3 25.505846 8800
    229 13 3 25.515827 13 3 25.515827 8800
    230 13 3 25.525815 13 3 25.525815 8800
    231 13 3 25.535882 13 3 25.535882 8800
    232 13 3 25.545897 13 3 25.545897 8800
    233 13 3 25.555811 13 3 25.555811 8800
    234 13 3 25.565836 13 3 25.565836 8800
    235 13 3 25.575808 13 3 25.575808 8800
    236 13 3 25.585891 13 3 25.585891 8800
    237 13 3 25.595808 13 3 25.595808 8800
    238 13 3 25.605872 13 3 25.605872 8800
    239 13 3 25.615831 13 3 25.615831 8800
    240 13 3 25.625871 13 3 25.625871 8800
    241 13 3 25.635840 13 3 25.635840 8800
    242 13 3 25.645837 13 3 25.645837 8800
    243 13 3 25.655820 13 3 25.655820 8800
    244 13 3 25.665832 13 3 25.665832 8800
    245 13 3 25.675833 13 3 25.675833 8800
    246 13 3 25.685825 13 3 25.685825 8800
    247 13 3 25.695837 13 3 25.695837 8800
    248 13 3 25.705819 13 3 25.705819 8800
    249 13 3 25.715976 13 3 25.715976 8800
    250 13 3 25.725896 13 3 25.725896 8800
    251 13 3 25.735914 13 3 25.735914 8800
    252 13 3 25.746279 13 3 25.746279 8800
    253 13 3 25.755966 13 3 25.755966 8800
    254 13 3 25.765912 13 3 25.765912 8800
    255 13 3 25.775831 13 3 25.775831 8800
    256 13 3 25.785886 13 3 25.785886 8800
    257 13 3 25.795833 13 3 25.795833 8800
    258 13 3 25.805894 13 3 25.805894 8800
    259 13 3 25.815847 13 3 25.815847 8800
    260 13 3 25.825866 13 3 25.825866 8800
    261 13 3 25.835867 13 3 25.835867 8800
    262 13 3 25.845859 13 3 25.845859 8800
    263 13 3 25.855813 13 3 25.855813 8800
    264 13 3 25.865908 13 3 25.865908 8800
    265 13 3 25.875859 13 3 25.875859 8800
    266 13 3 25.885851 13 3 25.885851 8800
    267 13 3 25.895848 13 3 25.895848 8800
    268 13 3 25.906503 13 3 25.906503 8800
    269 13 3 25.915867 13 3 25.915867 8800
    270 13 3 25.925898 13 3 25.925898 8800
    271 13 3 25.935810 13 3 25.935810 8800
    272 13 3 25.945882 13 3 25.945882 8800
    273 13 3 25.955885 13 3 25.955885 8800
    274 13 3 25.966072 13 3 25.966072 8800
    275 13 3 25.975840 13 3 25.975840 8800
    276 13 3 25.985853 13 3 25.985853 8800
    277 13 3 25.995888 13 3 25.995888 8800
    278 13 3 26.005983 13 3 26.005983 8800
    279 13 3 26.015934 13 3 26.015934 8800
    280 13 3 26.025902 13 3 26.025902 8800
    281 13 3 26.035903 13 3 26.035903 8800
    282 13 3 26.045933 13 3 26.045933 8800
    283 13 3 26.055896 13 3 26.055896 8800
    284 13 3 26.066465 13 3 26.066465 8800
    285 13 3 26.076382 13 3 26.076382 8800
    286 13 3 26.086059 13 3 26.086059 8800
    287 13 3 26.096288 13 3 26.096288 8800
    288 13 3 26.105912 13 3 26.105912 8800
    289 13 3 26.115967 13 3 26.115967 8800
    290 13 3 26.125917 13 3 26.125917 8800
    291 13 3 26.136430 13 3 26.136430 8800
    292 13 3 26.145951 13 3 26.145951 8800
    293 13 3 26.155868 13 3 26.155868 8800
    294 13 3 26.165934 13 3 26.165934 8800
    295 13 3 26.175905 13 3 26.175905 8800
    296 13 3 26.185911 13 3 26.185911 8800
    297 13 3 26.195910 13 3 26.195910 8800
    298 13 3 26.206027 13 3 26.206027 8800
    299 13 3 26.216332 13 3 26.216332 8800
    300 13 3 26.226230 13 3 26.226230 8800
    301 13 3 26.235821 13 3 26.235821 8800
    302 13 3 26.245967 13 3 26.245967 8800
    303 13 3 26.255886 13 3 26.255886 8800
    304 13 3 26.266027 13 3 26.266027 8800
    305 13 3 26.276050 13 3 26.276050 8800
    306 13 3 26.286066 13 3 26.286066 8800
    307 13 3 26.295880 13 3 26.295880 8800
    308 13 3 26.305763 13 3 26.305763 8800
    309 13 3 26.316051 13 3 26.316051 8800
    310 13 3 26.325942 13 3 26.325942 8800
    311 13 3 26.336172 13 3 26.336172 8800
    312 13 3 26.345860 13 3 26.345860 8800
    313 13 3 26.356307 13 3 26.356307 8800
    314 13 3 26.366520 13 3 26.366520 8800
    315 13 3 26.375886 13 3 26.375886 8800
    316 13 3 26.385866 13 3 26.385866 8800
    317 13 3 26.395848 13 3 26.395848 8800
    318 13 3 26.405929 13 3 26.405929 8800
    319 13 3 26.415838 13 3 26.415838 8800
    320 13 3 26.425857 13 3 26.425857 8800
    321 13 3 26.435835 13 3 26.435835 8800
    322 13 3 26.445830 13 3 26.445830 8800
    323 13 3 26.455814 13 3 26.455814 8800
    324 13 3 26.465820 13 3 26.465820 8800
    325 13 3 26.475802 13 3 26.475802 8800
    326 13 3 26.486312 13 3 26.486312 8800
    327 13 3 26.496341 13 3 26.496341 8800
    328 13 3 26.505995 13 3 26.505995 8800
    329 13 3 26.515913 13 3 26.515913 8800
    330 13 3 26.525878 13 3 26.525878 8800
    331 13 3 26.535879 13 3 26.535879 8800
    332 13 3 26.545885 13 3 26.545885 8800
    333 13 3 26.555835 13 3 26.555835 8800
    334 13 3 26.566006 13 3 26.566006 8800
    335 13 3 26.575894 13 3 26.575894 8800
    336 13 3 26.586615 13 3 26.586615 8800
    337 13 3 26.595893 13 3 26.595893 8800
    338 13 3 26.606087 13 3 26.606087 8800
    339 13 3 26.615888 13 3 26.615888 8800
    340 13 3 26.626051 13 3 26.626051 8800
    341 13 3 26.635798 13 3 26.635798 8800
    342 13 3 26.645959 13 3 26.645959 8800
    343 13 3 26.656033 13 3 26.656033 8800
    344 13 3 26.665836 13 3 26.665836 8800
    345 13 3 26.676014 13 3 26.676014 8800
    346 13 3 26.686185 13 3 26.686185 8800
    347 13 3 26.695826 13 3 26.695826 8800
    348 13 3 26.705850 13 3 26.705850 8800
    349 13 3 26.715837 13 3 26.715837 8800
    350 13 3 26.725836 13 3 26.725836 8800
    351 13 3 26.735831 13 3 26.735831 8800
    352 13 3 26.745919 13 3 26.745919 8800
    353 13 3 26.755801 13 3 26.755801 8800
    354 13 3 26.766439 13 3 26.766439 8800
    355 13 3 26.775850 13 3 26.775850 8800
    356 13 3 26.785855 13 3 26.785855 8800
    357 13 3 26.796658 13 3 26.796658 8800
    358 13 3 26.805885 13 3 26.805885 8800
    359 13 3 26.815884 13 3 26.815884 8800
    360 13 3 26.825893 13 3 26.825893 8800
    361 13 3 26.835810 13 3 26.835810 8800
    362 13 3 26.845832 13 3 26.845832 8800
    363 13 3 26.855841 13 3 26.855841 8800
    364 13 3 26.865816 13 3 26.865816 8800
    365 13 3 26.875841 13 3 26.875841 8800
    366 13 3 26.885833 13 3 26.885833 8800
    367 13 3 26.895828 13 3 26.895828 8800
    368 13 3 26.905857 13 3 26.905857 8800
    369 13 3 26.915845 13 3 26.915845 8800
    370 13 3 26.925829 13 3 26.925829 8800
    371 13 3 26.935915 13 3 26.935915 8800
    372 13 3 26.945896 13 3 26.945896 8800
    373 13 3 26.955843 13 3 26.955843 8800
    374 13 3 26.965834 13 3 26.965834 8800
    375 13 3 26.975826 13 3 26.975826 8800
    376 13 3 26.985859 13 3 26.985859 8800
    377 13 3 26.995833 13 3 26.995833 8800
    378 13 3 27.005873 13 3 27.005873 8800
    379 13 3 27.015896 13 3 27.015896 8800
    380 13 3 27.025911 13 3 27.025911 8800
    381 13 3 27.035906 13 3 27.035906 8800
    382 13 3 27.045843 13 3 27.045843 8800
    383 13 3 27.055823 13 3 27.055823 8800
    384 13 3 27.066918 13 3 27.066918 8800
    385 13 3 27.075842 13 3 27.075842 8800
    386 13 3 27.086708 13 3 27.086708 8800
    387 13 3 27.095843 13 3 27.095843 8800
    388 13 3 27.106722 13 3 27.106722 8800
    389 13 3 27.115857 13 3 27.115857 8800
    390 13 3 27.125840 13 3 27.125840 8800
    391 13 3 27.135835 13 3 27.135835 8800
    392 13 3 27.145824 13 3 27.145824 8800
    393 13 3 27.155861 13 3 27.155861 8800
    394 13 3 27.166040 13 3 27.166040 8800
    395 13 3 27.175872 13 3 27.175872 8800
    396 13 3 27.185883 13 3 27.185883 8800
    397 13 3 27.195948 13 3 27.195948 8800
    398 13 3 27.205884 13 3 27.205884 8800
    399 13 3 27.215894 13 3 27.215894 8800
    400 13 3 27.225888 13 3 27.225888 8800
    401 13 3 27.235866 13 3 27.235866 8800
    402 13 3 27.245910 13 3 27.245910 8800
    403 13 3 27.255867 13 3 27.255867 8800
    404 13 3 27.265854 13 3 27.265854 8800
    405 13 3 27.275812 13 3 27.275812 8800
    406 13 3 27.286545 13 3 27.286545 8800
    407 13 3 27.295836 13 3 27.295836 8800
    408 13 3 27.305859 13 3 27.305859 8800
    409 13 3 27.315843 13 3 27.315843 8800
    410 13 3 27.325829 13 3 27.325829 8800
    411 13 3 27.335844 13 3 27.335844 8800
    412 13 3 27.346038 13 3 27.346038 8800
    413 13 3 27.355893 13 3 27.355893 8800
    414 13 3 27.365825 13 3 27.365825 8800
    415 13 3 27.375827 13 3 27.375827 8800
    416 13 3 27.385926 13 3 27.385926 8800
    417 13 3 27.395891 13 3 27.395891 8800
    418 13 3 27.405879 13 3 27.405879 8800
    419 13 3 27.415883 13 3 27.415883 8800
    420 13 3 27.425883 13 3 27.425883 8800
    421 13 3 27.435894 13 3 27.435894 8800
    422 13 3 27.445830 13 3 27.445830 8800
    423 13 3 27.455906 13 3 27.455906 8800
    424 13 3 27.465982 13 3 27.465982 8800
    425 13 3 27.476351 13 3 27.476351 8800
    426 13 3 27.486100 13 3 27.486100 8800
    427 13 3 27.496189 13 3 27.496189 8800
    428 13 3 27.505884 13 3 27.505884 8800
    429 13 3 27.515965 13 3 27.515965 8800
    430 13 3 27.525870 13 3 27.525870 8800
    431 13 3 27.535827 13 3 27.535827 8800
    432 13 3 27.545891 13 3 27.545891 8800
    433 13 3 27.555973 13 3 27.555973 8800
    434 13 3 27.565823 13 3 27.565823 8800
    435 13 3 27.575758 13 3 27.575758 8800
    436 13 3 27.585927 13 3 27.585927 8800
    437 13 3 27.595925 13 3 27.595925 8800
    438 13 3 27.605917 13 3 27.605917 8800
    439 13 3 27.615860 13 3 27.615860 8800
    440 13 3 27.625827 13 3 27.625827 8800
    441 13 3 27.635874 13 3 27.635874 8800
    442 13 3 27.645900 13 3 27.645900 8800
    443 13 3 27.655906 13 3 27.655906 8800
    444 13 3 27.665873 13 3 27.665873 8800
    445 13 3 27.675819 13 3 27.675819 8800
    446 13 3 27.685839 13 3 27.685839 8800
    447 13 3 27.695895 13 3 27.695895 8800
    448 13 3 27.705829 13 3 27.705829 8800
    449 13 3 27.715831 13 3 27.715831 8800
    450 13 3 27.726316 13 3 27.726316 8800
    451 13 3 27.735828 13 3 27.735828 8800
    452 13 3 27.745882 13 3 27.745882 8800
    453 13 3 27.755901 13 3 27.755901 8800
    454 13 3 27.765945 13 3 27.765945 8800
    455 13 3 27.775945 13 3 27.775945 8800
    456 13 3 27.785885 13 3 27.785885 8800
    457 13 3 27.796658 13 3 27.796658 8800
    458 13 3 27.805911 13 3 27.805911 8800
    459 13 3 27.815819 13 3 27.815819 8800
    460 13 3 27.825890 13 3 27.825890 8800
    461 13 3 27.835891 13 3 27.835891 8800
    462 13 3 27.845886 13 3 27.845886 8800
    463 13 3 27.855899 13 3 27.855899 8800
    464 13 3 27.865811 13 3 27.865811 8800
    465 13 3 27.875824 13 3 27.875824 8800
    466 13 3 27.885833 13 3 27.885833 8800
    467 13 3 27.895827 13 3 27.895827 8800
    468 13 3 27.905830 13 3 27.905830 8800
    469 13 3 27.915831 13 3 27.915831 8800
    470 13 3 27.925850 13 3 27.925850 8800
    471 13 3 27.935856 13 3 27.935856 8800
    472 13 3 27.946007 13 3 27.946007 8800
    473 13 3 27.955929 13 3 27.955929 8800
    474 13 3 27.965879 13 3 27.965879 8800
    475 13 3 27.976019 13 3 27.976019 8800
    476 13 3 27.985883 13 3 27.985883 8800
    477 13 3 27.995882 13 3 27.995882 8800
    478 13 3 28.006126 13 3 28.006126 8800
    479 13 3 28.015851 13 3 28.015851 8800
    480 13 3 28.025891 13 3 28.025891 8800
    481 13 3 28.035868 13 3 28.035868 8800
    482 13 3 28.045815 13 3 28.045815 8800
    483 13 3 28.055887 13 3 28.055887 8800
    484 13 3 28.065895 13 3 28.065895 8800
    485 13 3 28.075845 13 3 28.075845 8800
    486 13 3 28.085833 13 3 28.085833 8800
    487 13 3 28.095842 13 3 28.095842 8800
    488 13 3 28.105837 13 3 28.105837 8800
    489 13 3 28.115822 13 3 28.115822 8800
    490 13 3 28.125831 13 3 28.125831 8800
    491 13 3 28.135812 13 3 28.135812 8800
    492 13 3 28.145908 13 3 28.145908 8800
    493 13 3 28.156067 13 3 28.156067 8800
    494 13 3 28.165888 13 3 28.165888 8800
    495 13 3 28.175840 13 3 28.175840 8800
    496 13 3 28.186695 13 3 28.186695 8800
    497 13 3 28.195920 13 3 28.195920 8800
    498 13 3 28.205901 13 3 28.205901 8800
    499 13 3 28.215733 13 3 28.215733 8800
    500 13 3 28.225996 13 3 28.225996 8800
    501 13 3 28.235894 13 3 28.235894 8800
    502 13 3 28.245893 13 3 28.245893 8800
    503 13 3 28.255960 13 3 28.255960 8800
    504 13 3 28.265893 13 3 28.265893 8800
    505 13 3 28.275874 13 3 28.275874 8800
    506 13 3 28.285875 13 3 28.285875 8800
    507 13 3 28.295829 13 3 28.295829 8800
    508 13 3 28.305834 13 3 28.305834 8800
    509 13 3 28.315829 13 3 28.315829 8800
    510 13 3 28.325835 13 3 28.325835 8800
    511 13 3 28.335830 13 3 28.335830 8800
    512 13 3 28.346585 13 3 28.346585 8800
    513 13 3 28.355879 13 3 28.355879 8800
    514 13 3 28.365929 13 3 28.365929 8800
    515 13 3 28.375809 13 3 28.375809 8800
    516 13 3 28.385868 13 3 28.385868 8800
    517 13 3 28.395880 13 3 28.395880 8800
    518 13 3 28.405881 13 3 28.405881 8800
    519 13 3 28.415890 13 3 28.415890 8800
    520 13 3 28.425886 13 3 28.425886 8800
    521 13 3 28.435840 13 3 28.435840 8800
    522 13 3 28.445892 13 3 28.445892 8800
    523 13 3 28.455885 13 3 28.455885 8800
    524 13 3 28.465786 13 3 28.465786 8800
    525 13 3 28.475829 13 3 28.475829 8800
    526 13 3 28.485842 13 3 28.485842 8800
    527 13 3 28.495836 13 3 28.495836 8800
    528 13 3 28.505841 13 3 28.505841 8800
    529 13 3 28.516732 13 3 28.516732 8800
    530 13 3 28.525878 13 3 28.525878 8800
    531 13 3 28.535861 13 3 28.535861 8800
    532 13 3 28.545847 13 3 28.545847 8800
    533 13 3 28.555886 13 3 28.555886 8800
    534 13 3 28.565968 13 3 28.565968 8800
    535 13 3 28.575849 13 3 28.575849 8800
    536 13 3 28.585884 13 3 28.585884 8800
    537 13 3 28.595835 13 3 28.595835 8800
    538 13 3 28.606327 13 3 28.606327 8800
    539 13 3 28.615905 13 3 28.615905 8800
    540 13 3 28.625885 13 3 28.625885 8800
    541 13 3 28.635874 13 3 28.635874 8800
    542 13 3 28.645883 13 3 28.645883 8800
    543 13 3 28.655891 13 3 28.655891 8800
    544 13 3 28.665897 13 3 28.665897 8800
    545 13 3 28.675815 13 3 28.675815 8800
    546 13 3 28.685818 13 3 28.685818 8800
    547 13 3 28.695848 13 3 28.695848 8800
    548 13 3 28.705825 13 3 28.705825 8800
    549 13 3 28.715820 13 3 28.715820 8800
    550 13 3 28.725833 13 3 28.725833 8800
    551 13 3 28.735804 13 3 28.735804 8800
    552 13 3 28.745764 13 3 28.745764 8800
    553 13 3 28.755886 13 3 28.755886 8800
    554 13 3 28.765914 13 3 28.765914 8800
    555 13 3 28.775873 13 3 28.775873 8800
    556 13 3 28.785837 13 3 28.785837 8800
    557 13 3 28.795828 13 3 28.795828 8800
    558 13 3 28.805892 13 3 28.805892 8800
    559 13 3 28.815867 13 3 28.815867 8800
    560 13 3 28.825851 13 3 28.825851 8800
    561 13 3 28.835830 13 3 28.835830 8800
    562 13 3 28.845805 13 3 28.845805 8800
    563 13 3 28.855868 13 3 28.855868 8800
    564 13 3 28.865881 13 3 28.865881 8800
    565 13 3 28.875831 13 3 28.875831 8800
    566 13 3 28.885829 13 3 28.885829 8800
    567 13 3 28.895831 13 3 28.895831 8800
    568 13 3 28.905840 13 3 28.905840 8800
    569 13 3 28.915845 13 3 28.915845 8800
    570 13 3 28.925850 13 3 28.925850 8800
    571 13 3 28.935845 13 3 28.935845 8800
    572 13 3 28.945831 13 3 28.945831 8800
    573 13 3 28.957173 13 3 28.957173 8800
    574 13 3 28.965911 13 3 28.965911 8800
    575 13 3 28.975877 13 3 28.975877 8800
    576 13 3 28.985817 13 3 28.985817 8800
    577 13 3 28.995812 13 3 28.995812 8800
    578 13 3 29.005821 13 3 29.005821 8800
    579 13 3 29.015975 13 3 29.015975 8800
    580 13 3 29.025811 13 3 29.025811 8800
    581 13 3 29.035900 13 3 29.035900 8800
    582 13 3 29.045871 13 3 29.045871 8800
    583 13 3 29.055882 13 3 29.055882 8800
    584 13 3 29.065920 13 3 29.065920 8800
    585 13 3 29.075914 13 3 29.075914 8800
    586 13 3 29.085868 13 3 29.085868 8800
    587 13 3 29.095848 13 3 29.095848 8800
    588 13 3 29.106546 13 3 29.106546 8800
    589 13 3 29.115833 13 3 29.115833 8800
    590 13 3 29.125847 13 3 29.125847 8800
    591 13 3 29.135829 13 3 29.135829 8800
    592 13 3 29.145813 13 3 29.145813 8800
    593 13 3 29.155840 13 3 29.155840 8800
    594 13 3 29.165924 13 3 29.165924 8800
    595 13 3 29.175820 13 3 29.175820 8800
    596 13 3 29.185884 13 3 29.185884 8800
    597 13 3 29.195938 13 3 29.195938 8800
    598 13 3 29.205909 13 3 29.205909 8800
    599 13 3 29.215886 13 3 29.215886 8800
    600 13 3 29.225819 13 3 29.225819 8800
    601 13 3 29.235889 13 3 29.235889 8800
    602 13 3 29.245875 13 3 29.245875 8800
    603 13 3 29.255866 13 3 29.255866 8800
    604 13 3 29.265840 13 3 29.265840 8800
    605 13 3 29.275922 13 3 29.275922 8800
    606 13 3 29.285833 13 3 29.285833 8800
    607 13 3 29.295829 13 3 29.295829 8800
    608 13 3 29.305841 13 3 29.305841 8800
    609 13 3 29.315850 13 3 29.315850 8800
    610 13 3 29.325855 13 3 29.325855 8800
    611 13 3 29.335826 13 3 29.335826 8800
    612 13 3 29.345842 13 3 29.345842 8800
    613 13 3 29.355913 13 3 29.355913 8800
    614 13 3 29.365843 13 3 29.365843 8800
    615 13 3 29.375879 13 3 29.375879 8800
    616 13 3 29.385815 13 3 29.385815 8800
    617 13 3 29.395831 13 3 29.395831 8800
    618 13 3 29.405885 13 3 29.405885 8800
    619 13 3 29.415883 13 3 29.415883 8800
    620 13 3 29.425875 13 3 29.425875 8800
    621 13 3 29.435946 13 3 29.435946 8800
    622 13 3 29.445889 13 3 29.445889 8800
    623 13 3 29.455894 13 3 29.455894 8800
    624 13 3 29.465882 13 3 29.465882 8800
    625 13 3 29.475835 13 3 29.475835 8800
    626 13 3 29.485830 13 3 29.485830 8800
    627 13 3 29.495832 13 3 29.495832 8800
    628 13 3 29.505828 13 3 29.505828 8800
    629 13 3 29.515855 13 3 29.515855 8800
    630 13 3 29.525826 13 3 29.525826 8800
    631 13 3 29.535821 13 3 29.535821 8800
    632 13 3 29.545819 13 3 29.545819 8800
    633 13 3 29.555897 13 3 29.555897 8800
    634 13 3 29.565913 13 3 29.565913 8800
    635 13 3 29.575839 13 3 29.575839 8800
    636 13 3 29.585895 13 3 29.585895 8800
    637 13 3 29.595849 13 3 29.595849 8800
    638 13 3 29.605874 13 3 29.605874 8800
    639 13 3 29.615839 13 3 29.615839 8800
    640 13 3 29.625873 13 3 29.625873 8800
    641 13 3 29.635877 13 3 29.635877 8800
    642 13 3 29.645883 13 3 29.645883 8800
    643 13 3 29.655836 13 3 29.655836 8800
    644 13 3 29.665908 13 3 29.665908 8800
    645 13 3 29.675831 13 3 29.675831 8800
    646 13 3 29.685821 13 3 29.685821 8800
    647 13 3 29.695830 13 3 29.695830 8800
    648 13 3 29.705881 13 3 29.705881 8800
    649 13 3 29.715849 13 3 29.715849 8800
    650 13 3 29.726531 13 3 29.726531 8800
    651 13 3 29.735835 13 3 29.735835 8800
    652 13 3 29.745832 13 3 29.745832 8800
    653 13 3 29.755756 13 3 29.755756 8800
    654 13 3 29.765805 13 3 29.765805 8800
    655 13 3 29.775905 13 3 29.775905 8800
    656 13 3 29.785875 13 3 29.785875 8800
    657 13 3 29.795895 13 3 29.795895 8800
    658 13 3 29.805914 13 3 29.805914 8800
    659 13 3 29.815898 13 3 29.815898 8800
    660 13 3 29.825986 13 3 29.825986 8800
    661 13 3 29.835882 13 3 29.835882 8800
    662 13 3 29.845911 13 3 29.845911 8800
    663 13 3 29.855882 13 3 29.855882 8800
    664 13 3 29.865915 13 3 29.865915 8800
    665 13 3 29.875882 13 3 29.875882 8800
    666 13 3 29.886700 13 3 29.886700 8800
    667 13 3 29.895831 13 3 29.895831 8800
    668 13 3 29.905820 13 3 29.905820 8800
    669 13 3 29.915820 13 3 29.915820 8800
    670 13 3 29.925827 13 3 29.925827 8800
    671 13 3 29.935831 13 3 29.935831 8800
    672 13 3 29.946715 13 3 29.946715 8800
    673 13 3 29.955897 13 3 29.955897 8800
    674 13 3 29.965879 13 3 29.965879 8800
    675 13 3 29.975909 13 3 29.975909 8800
    676 13 3 29.985822 13 3 29.985822 8800
    677 13 3 29.995878 13 3 29.995878 8800
    678 13 3 30.005893 13 3 30.005893 8800
    679 13 3 30.015883 13 3 30.015883 8800
    680 13 3 30.025833 13 3 30.025833 8800
    681 13 3 30.035886 13 3 30.035886 8800
    682 13 3 30.045894 13 3 30.045894 8800
    683 13 3 30.055869 13 3 30.055869 8800
    684 13 3 30.065870 13 3 30.065870 8800
    685 13 3 30.075874 13 3 30.075874 8800
    686 13 3 30.085840 13 3 30.085840 8800
    687 13 3 30.095829 13 3 30.095829 8800
    688 13 3 30.105827 13 3 30.105827 8800
    689 13 3 30.115839 13 3 30.115839 8800
    690 13 3 30.125828 13 3 30.125828 8800
    691 13 3 30.135840 13 3 30.135840 8800
    692 13 3 30.145853 13 3 30.145853 8800
    693 13 3 30.155954 13 3 30.155954 8800
    694 13 3 30.166654 13 3 30.166654 8800
    695 13 3 30.175854 13 3 30.175854 8800
    696 13 3 30.185888 13 3 30.185888 8800
    697 13 3 30.195837 13 3 30.195837 8800
    698 13 3 30.205877 13 3 30.205877 8800
    699 13 3 30.215811 13 3 30.215811 8800
    700 13 3 30.225895 13 3 30.225895 8800
    701 13 3 30.235955 13 3 30.235955 8800
    702 13 3 30.246010 13 3 30.246010 8800
    703 13 3 30.255834 13 3 30.255834 8800
    704 13 3 30.265934 13 3 30.265934 8800
    705 13 3 30.275894 13 3 30.275894 8800
    706 13 3 30.285823 13 3 30.285823 8800
    707 13 3 30.295839 13 3 30.295839 8800
    708 13 3 30.305849 13 3 30.305849 8800
    709 13 3 30.315913 13 3 30.315913 8800
    710 13 3 30.326568 13 3 30.326568 8800
    711 13 3 30.335865 13 3 30.335865 8800
    712 13 3 30.345832 13 3 30.345832 8800
    713 13 3 30.355899 13 3 30.355899 8800
    714 13 3 30.365869 13 3 30.365869 8800
    715 13 3 30.375878 13 3 30.375878 8800
    716 13 3 30.385884 13 3 30.385884 8800
    717 13 3 30.395924 13 3 30.395924 8800
    718 13 3 30.405857 13 3 30.405857 8800
    719 13 3 30.415817 13 3 30.415817 8800
    720 13 3 30.425888 13 3 30.425888 8800
    721 13 3 30.435880 13 3 30.435880 8800
    722 13 3 30.445879 13 3 30.445879 8800
    723 13 3 30.455881 13 3 30.455881 8800
    724 13 3 30.465886 13 3 30.465886 8800
    725 13 3 30.475833 13 3 30.475833 8800
    726 13 3 30.486547 13 3 30.486547 8800
    727 13 3 30.495854 13 3 30.495854 8800
    728 13 3 30.505824 13 3 30.505824 8800
    729 13 3 30.515830 13 3 30.515830 8800
    730 13 3 30.525833 13 3 30.525833 8800
    731 13 3 30.535851 13 3 30.535851 8800
    732 13 3 30.545833 13 3 30.545833 8800
    733 13 3 30.555821 13 3 30.555821 8800
    734 13 3 30.565889 13 3 30.565889 8800
    735 13 3 30.575873 13 3 30.575873 8800
    736 13 3 30.585885 13 3 30.585885 8800
    737 13 3 30.596039 13 3 30.596039 8800
    738 13 3 30.605869 13 3 30.605869 8800
    739 13 3 30.615909 13 3 30.615909 8800
    740 13 3 30.625989 13 3 30.625989 8800
    741 13 3 30.635887 13 3 30.635887 8800
    742 13 3 30.645811 13 3 30.645811 8800
    743 13 3 30.655923 13 3 30.655923 8800
    744 13 3 30.665934 13 3 30.665934 8800
    745 13 3 30.675885 13 3 30.675885 8800
    746 13 3 30.685832 13 3 30.685832 8800
    747 13 3 30.697034 13 3 30.697034 8800
    748 13 3 30.705832 13 3 30.705832 8800
    749 13 3 30.715827 13 3 30.715827 8800
    750 13 3 30.725820 13 3 30.725820 8800
    751 13 3 30.735807 13 3 30.735807 8800
    752 13 3 30.745840 13 3 30.745840 8800
    753 13 3 30.756094 13 3 30.756094 8800
    754 13 3 30.767354 13 3 30.767354 8800
    755 13 3 30.775831 13 3 30.775831 8800
    756 13 3 30.785895 13 3 30.785895 8800
    757 13 3 30.795874 13 3 30.795874 8800
    758 13 3 30.805839 13 3 30.805839 8800
    759 13 3 30.815877 13 3 30.815877 8800
    760 13 3 30.825932 13 3 30.825932 8800
    761 13 3 30.835906 13 3 30.835906 8800
    762 13 3 30.845880 13 3 30.845880 8800
    763 13 3 30.855886 13 3 30.855886 8800
    764 13 3 30.865880 13 3 30.865880 8800
    765 13 3 30.875811 13 3 30.875811 8800
    766 13 3 30.885833 13 3 30.885833 8800
    767 13 3 30.895841 13 3 30.895841 8800
    768 13 3 30.905808 13 3 30.905808 8800
    769 13 3 30.915808 13 3 30.915808 8800
    770 13 3 30.925844 13 3 30.925844 8800
    771 13 3 30.935807 13 3 30.935807 8800
    772 13 3 30.946529 13 3 30.946529 8800
    773 13 3 30.955915 13 3 30.955915 8800
    774 13 3 30.965892 13 3 30.965892 8800
    775 13 3 30.975885 13 3 30.975885 8800
    776 13 3 30.985896 13 3 30.985896 8800
    777 13 3 30.995886 13 3 30.995886 8800
    778 13 3 31.005963 13 3 31.005963 8800
    779 13 3 31.015830 13 3 31.015830 8800
    780 13 3 31.025859 13 3 31.025859 8800
    781 13 3 31.035914 13 3 31.035914 8800
    782 13 3 31.045956 13 3 31.045956 8800
    783 13 3 31.055890 13 3 31.055890 8800
    784 13 3 31.065881 13 3 31.065881 8800
    785 13 3 31.075939 13 3 31.075939 8800
    786 13 3 31.085943 13 3 31.085943 8800
    787 13 3 31.095832 13 3 31.095832 8800
    788 13 3 31.106670 13 3 31.106670 8800
    789 13 3 31.116717 13 3 31.116717 8800
    790 13 3 31.126664 13 3 31.126664 8800
    791 13 3 31.136635 13 3 31.136635 8800
    792 13 3 31.145838 13 3 31.145838 8800
    793 13 3 31.155847 13 3 31.155847 8800
    794 13 3 31.165888 13 3 31.165888 8800
    795 13 3 31.175889 13 3 31.175889 8800
    796 13 3 31.185874 13 3 31.185874 8800
    797 13 3 31.195883 13 3 31.195883 8800
    798 13 3 31.206085 13 3 31.206085 8800
    799 13 3 31.215887 13 3 31.215887 8800
    800 13 3 31.225912 13 3 31.225912 8800
    801 13 3 31.235904 13 3 31.235904 8800
    802 13 3 31.245882 13 3 31.245882 8800
    803 13 3 31.255911 13 3 31.255911 8800
    804 13 3 31.265876 13 3 31.265876 8800
    805 13 3 31.275884 13 3 31.275884 8800
    806 13 3 31.285837 13 3 31.285837 8800
    807 13 3 31.295819 13 3 31.295819 8800
    808 13 3 31.305823 13 3 31.305823 8800
    809 13 3 31.315868 13 3 31.315868 8800
    810 13 3 31.325848 13 3 31.325848 8800
    811 13 3 31.335840 13 3 31.335840 8800
    812 13 3 31.345843 13 3 31.345843 8800
    813 13 3 31.356636 13 3 31.356636 8800
    814 13 3 31.365908 13 3 31.365908 8800
    815 13 3 31.375889 13 3 31.375889 8800
    816 13 3 31.385881 13 3 31.385881 8800
    817 13 3 31.395893 13 3 31.395893 8800
    818 13 3 31.405977 13 3 31.405977 8800
    819 13 3 31.415905 13 3 31.415905 8800
    820 13 3 31.425892 13 3 31.425892 8800
    821 13 3 31.435884 13 3 31.435884 8800
    822 13 3 31.445886 13 3 31.445886 8800
    823 13 3 31.455885 13 3 31.455885 8800
    824 13 3 31.465890 13 3 31.465890 8800
    825 13 3 31.475840 13 3 31.475840 8800
    826 13 3 31.485844 13 3 31.485844 8800
    827 13 3 31.495832 13 3 31.495832 8800
    828 13 3 31.505842 13 3 31.505842 8800
    829 13 3 31.515834 13 3 31.515834 8800
    830 13 3 31.525849 13 3 31.525849 8800
    831 13 3 31.535820 13 3 31.535820 8800
    832 13 3 31.545837 13 3 31.545837 8800
    833 13 3 31.555893 13 3 31.555893 8800
    834 13 3 31.565940 13 3 31.565940 8800
    835 13 3 31.575890 13 3 31.575890 8800
    836 13 3 31.585884 13 3 31.585884 8800
    837 13 3 31.595888 13 3 31.595888 8800
    838 13 3 31.605962 13 3 31.605962 8800
    839 13 3 31.615908 13 3 31.615908 8800
    840 13 3 31.625902 13 3 31.625902 8800
    841 13 3 31.635881 13 3 31.635881 8800
    842 13 3 31.645818 13 3 31.645818 8800
    843 13 3 31.655888 13 3 31.655888 8800
    844 13 3 31.665894 13 3 31.665894 8800
    845 13 3 31.675892 13 3 31.675892 8800
    846 13 3 31.685835 13 3 31.685835 8800
    847 13 3 31.695820 13 3 31.695820 8800
    848 13 3 31.705846 13 3 31.705846 8800
    849 13 3 31.715847 13 3 31.715847 8800
    850 13 3 31.725829 13 3 31.725829 8800
    851 13 3 31.735821 13 3 31.735821 8800
    852 13 3 31.745787 13 3 31.745787 8800
    853 13 3 31.755821 13 3 31.755821 8800
    854 13 3 31.765879 13 3 31.765879 8800
    855 13 3 31.775863 13 3 31.775863 8800
    856 13 3 31.785882 13 3 31.785882 8800
    857 13 3 31.795849 13 3 31.795849 8800
    858 13 3 31.806145 13 3 31.806145 8800
    859 13 3 31.815896 13 3 31.815896 8800
    860 13 3 31.825844 13 3 31.825844 8800
    861 13 3 31.835882 13 3 31.835882 8800
    862 13 3 31.845894 13 3 31.845894 8800
    863 13 3 31.855881 13 3 31.855881 8800
    864 13 3 31.865891 13 3 31.865891 8800
    865 13 3 31.875838 13 3 31.875838 8800
    866 13 3 31.885832 13 3 31.885832 8800
    867 13 3 31.896367 13 3 31.896367 8800
    868 13 3 31.905819 13 3 31.905819 8800
    869 13 3 31.915820 13 3 31.915820 8800
    870 13 3 31.925836 13 3 31.925836 8800
    871 13 3 31.935842 13 3 31.935842 8800
    872 13 3 31.945831 13 3 31.945831 8800
    873 13 3 31.956188 13 3 31.956188 8800
    874 13 3 31.965824 13 3 31.965824 8800
    875 13 3 31.975825 13 3 31.975825 8800
    876 13 3 31.985883 13 3 31.985883 8800
    877 13 3 31.995895 13 3 31.995895 8800
    878 13 3 32.006037 13 3 32.006037 8800
    879 13 3 32.015847 13 3 32.015847 8800
    880 13 3 32.025880 13 3 32.025880 8800
    881 13 3 32.035874 13 3 32.035874 8800
    882 13 3 32.045876 13 3 32.045876 8800
    883 13 3 32.055923 13 3 32.055923 8800
    884 13 3 32.065873 13 3 32.065873 8800
    885 13 3 32.075896 13 3 32.075896 8800
    886 13 3 32.085830 13 3 32.085830 8800
    887 13 3 32.095843 13 3 32.095843 8800
    888 13 3 32.105840 13 3 32.105840 8800
    889 13 3 32.115836 13 3 32.115836 8800
    890 13 3 32.125822 13 3 32.125822 8800
    891 13 3 32.135820 13 3 32.135820 8800
    892 13 3 32.145828 13 3 32.145828 8800
    893 13 3 32.156654 13 3 32.156654 8800
    894 13 3 32.165897 13 3 32.165897 8800
    895 13 3 32.175927 13 3 32.175927 8800
    896 13 3 32.185898 13 3 32.185898 8800
    897 13 3 32.195886 13 3 32.195886 8800
    898 13 3 32.205807 13 3 32.205807 8800
    899 13 3 32.215885 13 3 32.215885 8800
    900 13 3 32.225883 13 3 32.225883 8800
    901 13 3 32.235917 13 3 32.235917 8800
    902 13 3 32.245981 13 3 32.245981 8800
    903 13 3 32.255893 13 3 32.255893 8800
    904 13 3 32.265884 13 3 32.265884 8800
    905 13 3 32.275908 13 3 32.275908 8800
    906 13 3 32.285826 13 3 32.285826 8800
    907 13 3 32.296622 13 3 32.296622 8800
    908 13 3 32.305838 13 3 32.305838 8800
    909 13 3 32.316603 13 3 32.316603 8800
    910 13 3 32.326590 13 3 32.326590 8800
    911 13 3 32.335828 13 3 32.335828 8800
    912 13 3 32.345838 13 3 32.345838 8800
    913 13 3 32.356036 13 3 32.356036 8800
    914 13 3 32.365884 13 3 32.365884 8800
    915 13 3 32.375830 13 3 32.375830 8800
    916 13 3 32.385888 13 3 32.385888 8800
    917 13 3 32.395853 13 3 32.395853 8800
    918 13 3 32.406433 13 3 32.406433 8800
    919 13 3 32.415874 13 3 32.415874 8800
    920 13 3 32.425885 13 3 32.425885 8800
    921 13 3 32.435885 13 3 32.435885 8800
    922 13 3 32.445891 13 3 32.445891 8800
    923 13 3 32.455817 13 3 32.455817 8800
    924 13 3 32.465871 13 3 32.465871 8800
    925 13 3 32.475833 13 3 32.475833 8800
    926 13 3 32.485829 13 3 32.485829 8800
    927 13 3 32.495832 13 3 32.495832 8800
    928 13 3 32.505834 13 3 32.505834 8800
    929 13 3 32.515835 13 3 32.515835 8800
    930 13 3 32.525829 13 3 32.525829 8800
    931 13 3 32.535820 13 3 32.535820 8800
    932 13 3 32.545819 13 3 32.545819 8800
    933 13 3 32.555883 13 3 32.555883 8800
    934 13 3 32.565809 13 3 32.565809 8800
    935 13 3 32.575882 13 3 32.575882 8800
    936 13 3 32.585889 13 3 32.585889 8800
    937 13 3 32.595886 13 3 32.595886 8800
    938 13 3 32.606636 13 3 32.606636 8800
    939 13 3 32.615890 13 3 32.615890 8800
    940 13 3 32.625897 13 3 32.625897 8800
    941 13 3 32.635871 13 3 32.635871 8800
    942 13 3 32.645896 13 3 32.645896 8800
    943 13 3 32.655990 13 3 32.655990 8800
    944 13 3 32.665894 13 3 32.665894 8800
    945 13 3 32.675885 13 3 32.675885 8800
    946 13 3 32.685862 13 3 32.685862 8800
    947 13 3 32.695829 13 3 32.695829 8800
    948 13 3 32.705827 13 3 32.705827 8800
    949 13 3 32.715825 13 3 32.715825 8800
    950 13 3 32.725817 13 3 32.725817 8800
    951 13 3 32.735807 13 3 32.735807 8800
    952 13 3 32.745826 13 3 32.745826 8800
    953 13 3 32.755809 13 3 32.755809 8800
    954 13 3 32.765886 13 3 32.765886 8800
    955 13 3 32.775866 13 3 32.775866 8800
    956 13 3 32.785831 13 3 32.785831 8800
    957 13 3 32.795816 13 3 32.795816 8800
    958 13 3 32.806885 13 3 32.806885 8800
    959 13 3 32.816662 13 3 32.816662 8800
    960 13 3 32.825901 13 3 32.825901 8800
    961 13 3 32.835906 13 3 32.835906 8800
    962 13 3 32.845905 13 3 32.845905 8800
    963 13 3 32.855820 13 3 32.855820 8800
    964 13 3 32.865889 13 3 32.865889 8800
    965 13 3 32.875889 13 3 32.875889 8800
    966 13 3 32.885953 13 3 32.885953 8800
    967 13 3 32.895879 13 3 32.895879 8800
    968 13 3 32.905844 13 3 32.905844 8800
    969 13 3 32.915826 13 3 32.915826 8800
    970 13 3 32.925834 13 3 32.925834 8800
    971 13 3 32.935833 13 3 32.935833 8800
    972 13 3 32.945849 13 3 32.945849 8800
    973 13 3 32.956192 13 3 32.956192 8800
    974 13 3 32.966597 13 3 32.966597 8800
    975 13 3 32.975825 13 3 32.975825 8800
    976 13 3 32.985841 13 3 32.985841 8800
    977 13 3 32.995885 13 3 32.995885 8800
    978 13 3 33.006646 13 3 33.006646 8800
    979 13 3 33.015887 13 3 33.015887 8800
    980 13 3 33.025937 13 3 33.025937 8800
    981 13 3 33.035961 13 3 33.035961 8800
    982 13 3 33.045825 13 3 33.045825 8800
    983 13 3 33.055875 13 3 33.055875 8800
    984 13 3 33.065829 13 3 33.065829 8800
    985 13 3 33.075907 13 3 33.075907 8800
    986 13 3 33.085929 13 3 33.085929 8800
    987 13 3 33.096127 13 3 33.096127 8800
    988 13 3 33.105848 13 3 33.105848 8800
    989 13 3 33.115839 13 3 33.115839 8800
    990 13 3 33.125827 13 3 33.125827 8800
    991 13 3 33.136507 13 3 33.136507 8800
    992 13 3 33.146597 13 3 33.146597 8800
    993 13 3 33.155915 13 3 33.155915 8800
    994 13 3 33.165889 13 3 33.165889 8800
    995 13 3 33.175890 13 3 33.175890 8800
    996 13 3 33.185808 13 3 33.185808 8800
    997 13 3 33.195830 13 3 33.195830 8800
    998 13 3 33.206856 13 3 33.206856 8800
    999 13 3 33.215899 13 3 33.215899 8800
   1000 13 3 33.225836 13 3 33.225836 8800
