      1 13 10 15.885557 13 10 15.894213 8100
      2 13 10 15.895714 13 10 15.903890 8100
      3 13 10 15.905670 13 10 15.914011 8100
      4 13 10 15.915704 13 10 15.923878 8100
      5 13 10 15.925724 13 10 15.933989 8100
      6 13 10 15.935655 13 10 15.945816 8100
      7 13 10 15.945750 13 10 15.954008 8100
      8 13 10 15.955729 13 10 15.964567 8100
      9 13 10 15.965612 13 10 15.974653 8100
     10 13 10 15.975728 13 10 15.984277 8100
     11 13 10 15.985770 13 10 15.994125 8100
     12 13 10 15.995729 13 10 16.003886 8100
     13 13 10 16.005722 13 10 16.013853 8100
     14 13 10 16.015713 13 10 16.024041 8100
     15 13 10 16.025656 13 10 16.033639 8100
     16 13 10 16.035671 13 10 16.045048 8100
     17 13 10 16.045667 13 10 16.053684 8100
     18 13 10 16.055661 13 10 16.064603 8100
     19 13 10 16.065675 13 10 16.074649 8100
     20 13 10 16.075704 13 10 16.084740 8100
     21 13 10 16.086013 13 10 16.095103 8100
     22 13 10 16.095694 13 10 16.104120 8100
     23 13 10 16.105723 13 10 16.113841 8100
     24 13 10 16.115722 13 10 16.123954 8100
     25 13 10 16.125717 13 10 16.133922 8100
     26 13 10 16.135674 13 10 16.143976 8100
     27 13 10 16.145721 13 10 16.153953 8100
     28 13 10 16.155720 13 10 16.163955 8100
     29 13 10 16.165732 13 10 16.173909 8100
     30 13 10 16.175682 13 10 16.183990 8100
     31 13 10 16.185718 13 10 16.193957 8100
     32 13 10 16.195682 13 10 16.203831 8100
     33 13 10 16.205716 13 10 16.213972 8100
     34 13 10 16.215661 13 10 16.223641 8100
     35 13 10 16.225608 13 10 16.233613 8100
     36 13 10 16.235710 13 10 16.244678 8100
     37 13 10 16.245720 13 10 16.253778 8100
     38 13 10 16.255687 13 10 16.263712 8100
     39 13 10 16.265678 13 10 16.273690 8100
     40 13 10 16.275677 13 10 16.283760 8100
     41 13 10 16.285669 13 10 16.294516 8100
     42 13 10 16.295746 13 10 16.303972 8100
     43 13 10 16.305655 13 10 16.313870 8100
     44 13 10 16.315715 13 10 16.323941 8100
     45 13 10 16.325735 13 10 16.334082 8100
     46 13 10 16.335719 13 10 16.343925 8100
     47 13 10 16.345736 13 10 16.353894 8100
     48 13 10 16.355733 13 10 16.363882 8100
     49 13 10 16.365676 13 10 16.377054 8100
     50 13 10 16.376073 13 10 16.390488 8100
     51 13 10 16.385767 13 10 16.397337 8100
     52 13 10 16.395723 13 10 16.404070 8100
     53 13 10 16.405663 13 10 16.414725 8100
     54 13 10 16.415801 13 10 16.423918 8100
     55 13 10 16.425647 13 10 16.433638 8100
     56 13 10 16.435742 13 10 16.444842 8100
     57 13 10 16.445662 13 10 16.453682 8100
     58 13 10 16.455680 13 10 16.464518 8100
     59 13 10 16.465668 13 10 16.474484 8100
     60 13 10 16.475660 13 10 16.483730 8100
     61 13 10 16.485759 13 10 16.495843 8100
     62 13 10 16.495778 13 10 16.504156 8100
     63 13 10 16.506066 13 10 16.514475 8100
     64 13 10 16.515798 13 10 16.524218 8100
     65 13 10 16.525781 13 10 16.534978 8100
     66 13 10 16.535762 13 10 16.544077 8100
     67 13 10 16.545739 13 10 16.554624 8100
     68 13 10 16.555745 13 10 16.563897 8100
     69 13 10 16.565671 13 10 16.575842 8100
     70 13 10 16.575761 13 10 16.584869 8100
     71 13 10 16.585843 13 10 16.594733 8100
     72 13 10 16.595653 13 10 16.603805 8100
     73 13 10 16.606003 13 10 16.615152 8100
     74 13 10 16.615776 13 10 16.624079 8100
     75 13 10 16.625696 13 10 16.633822 8100
     76 13 10 16.635660 13 10 16.643664 8100
     77 13 10 16.645665 13 10 16.653707 8100
     78 13 10 16.655671 13 10 16.664597 8100
     79 13 10 16.665676 13 10 16.674578 8100
     80 13 10 16.675646 13 10 16.683831 8100
     81 13 10 16.685721 13 10 16.695017 8100
     82 13 10 16.695709 13 10 16.703880 8100
     83 13 10 16.705739 13 10 16.713971 8100
     84 13 10 16.716598 13 10 16.724724 8100
     85 13 10 16.725781 13 10 16.733924 8100
     86 13 10 16.735746 13 10 16.743950 8100
     87 13 10 16.745740 13 10 16.753972 8100
     88 13 10 16.755724 13 10 16.764592 8100
     89 13 10 16.765706 13 10 16.775244 8100
     90 13 10 16.776095 13 10 16.784946 8100
     91 13 10 16.785685 13 10 16.794575 8100
     92 13 10 16.795680 13 10 16.803833 8100
     93 13 10 16.805676 13 10 16.813794 8100
     94 13 10 16.815712 13 10 16.823871 8100
     95 13 10 16.825765 13 10 16.833842 8100
     96 13 10 16.835658 13 10 16.843640 8100
     97 13 10 16.845663 13 10 16.855170 8100
     98 13 10 16.855661 13 10 16.863689 8100
     99 13 10 16.865670 13 10 16.873740 8100
    100 13 10 16.875764 13 10 16.891491 8100
    101 13 10 16.885829 13 10 16.898983 8100
    102 13 10 16.895803 13 10 16.908056 8100
    103 13 10 16.906718 13 10 16.915147 8100
    104 13 10 16.915729 13 10 16.924063 8100
    105 13 10 16.925678 13 10 16.934145 8100
    106 13 10 16.935725 13 10 16.943833 8100
    107 13 10 16.945720 13 10 16.954111 8100
    108 13 10 16.955731 13 10 16.963840 8100
    109 13 10 16.965740 13 10 16.974683 8100
    110 13 10 16.975757 13 10 16.983864 8100
    111 13 10 16.985756 13 10 16.993953 8100
    112 13 10 16.995723 13 10 17.003952 8100
    113 13 10 17.005659 13 10 17.013788 8100
    114 13 10 17.015727 13 10 17.024715 8100
    115 13 10 17.025662 13 10 17.033663 8100
    116 13 10 17.035657 13 10 17.044665 8100
    117 13 10 17.045659 13 10 17.054590 8100
    118 13 10 17.055655 13 10 17.063735 8100
    119 13 10 17.065657 13 10 17.073637 8100
    120 13 10 17.075676 13 10 17.084735 8100
    121 13 10 17.085661 13 10 17.093707 8100
    122 13 10 17.095665 13 10 17.104137 8100
    123 13 10 17.106251 13 10 17.114491 8100
    124 13 10 17.115718 13 10 17.123885 8100
    125 13 10 17.125723 13 10 17.133839 8100
    126 13 10 17.135653 13 10 17.143840 8100
    127 13 10 17.145734 13 10 17.153908 8100
    128 13 10 17.155823 13 10 17.164090 8100
    129 13 10 17.165991 13 10 17.174973 8100
    130 13 10 17.175755 13 10 17.184712 8100
    131 13 10 17.185798 13 10 17.194002 8100
    132 13 10 17.195717 13 10 17.203758 8100
    133 13 10 17.205795 13 10 17.213871 8100
    134 13 10 17.215748 13 10 17.223852 8100
    135 13 10 17.225661 13 10 17.233636 8100
    136 13 10 17.235656 13 10 17.243687 8100
    137 13 10 17.245670 13 10 17.253647 8100
    138 13 10 17.255665 13 10 17.263680 8100
    139 13 10 17.265674 13 10 17.273707 8100
    140 13 10 17.275676 13 10 17.283712 8100
    141 13 10 17.285678 13 10 17.295695 8100
    142 13 10 17.295725 13 10 17.304704 8100
    143 13 10 17.305685 13 10 17.313963 8100
    144 13 10 17.315667 13 10 17.323879 8100
    145 13 10 17.325768 13 10 17.334030 8100
    146 13 10 17.335722 13 10 17.344090 8100
    147 13 10 17.345670 13 10 17.353885 8100
    148 13 10 17.355730 13 10 17.363942 8100
    149 13 10 17.365632 13 10 17.374006 8100
    150 13 10 17.375704 13 10 17.390644 8100
    151 13 10 17.385746 13 10 17.397303 8100
    152 13 10 17.395731 13 10 17.403943 8100
    153 13 10 17.405688 13 10 17.413854 8100
    154 13 10 17.415721 13 10 17.424050 8100
    155 13 10 17.425729 13 10 17.433741 8100
    156 13 10 17.435662 13 10 17.444620 8100
    157 13 10 17.446453 13 10 17.454461 8100
    158 13 10 17.455670 13 10 17.463702 8100
    159 13 10 17.465659 13 10 17.473662 8100
    160 13 10 17.475671 13 10 17.484667 8100
    161 13 10 17.485731 13 10 17.493778 8100
    162 13 10 17.496462 13 10 17.504978 8100
    163 13 10 17.505691 13 10 17.514475 8100
    164 13 10 17.515671 13 10 17.523908 8100
    165 13 10 17.525722 13 10 17.534079 8100
    166 13 10 17.535721 13 10 17.543945 8100
    167 13 10 17.545753 13 10 17.554090 8100
    168 13 10 17.555675 13 10 17.563853 8100
    169 13 10 17.565788 13 10 17.574988 8100
    170 13 10 17.575901 13 10 17.584284 8100
    171 13 10 17.586456 13 10 17.594619 8100
    172 13 10 17.595700 13 10 17.603884 8100
    173 13 10 17.605677 13 10 17.614103 8100
    174 13 10 17.615693 13 10 17.624663 8100
    175 13 10 17.625799 13 10 17.633846 8100
    176 13 10 17.635662 13 10 17.643641 8100
    177 13 10 17.645672 13 10 17.653693 8100
    178 13 10 17.655657 13 10 17.663640 8100
    179 13 10 17.665718 13 10 17.674686 8100
    180 13 10 17.675661 13 10 17.684552 8100
    181 13 10 17.685621 13 10 17.694576 8100
    182 13 10 17.695692 13 10 17.704936 8100
    183 13 10 17.705670 13 10 17.713906 8100
    184 13 10 17.715721 13 10 17.724759 8100
    185 13 10 17.725659 13 10 17.733857 8100
    186 13 10 17.735734 13 10 17.752821 8100
    187 13 10 17.750540 13 10 17.759011 8100
    188 13 10 17.755787 13 10 17.766199 8100
    189 13 10 17.765723 13 10 17.774132 8100
    190 13 10 17.776381 13 10 17.784600 8100
    191 13 10 17.785762 13 10 17.794791 8100
    192 13 10 17.795770 13 10 17.804816 8100
    193 13 10 17.805745 13 10 17.814129 8100
    194 13 10 17.815826 13 10 17.824571 8100
    195 13 10 17.825703 13 10 17.834717 8100
    196 13 10 17.835763 13 10 17.843872 8100
    197 13 10 17.845732 13 10 17.853885 8100
    198 13 10 17.855657 13 10 17.863638 8100
    199 13 10 17.865660 13 10 17.874655 8100
    200 13 10 17.875734 13 10 17.889791 8100
    201 13 10 17.885671 13 10 17.896499 8100
    202 13 10 17.895831 13 10 17.903856 8100
    203 13 10 17.905722 13 10 17.913731 8100
    204 13 10 17.915675 13 10 17.923711 8100
    205 13 10 17.925688 13 10 17.935427 8100
    206 13 10 17.935766 13 10 17.944378 8100
    207 13 10 17.945738 13 10 17.953852 8100
    208 13 10 17.955656 13 10 17.963740 8100
    209 13 10 17.965711 13 10 17.974085 8100
    210 13 10 17.975701 13 10 17.984902 8100
    211 13 10 17.985834 13 10 17.994234 8100
    212 13 10 17.995696 13 10 18.004847 8100
    213 13 10 18.005742 13 10 18.014070 8100
    214 13 10 18.015753 13 10 18.024121 8100
    215 13 10 18.025697 13 10 18.034496 8100
    216 13 10 18.035703 13 10 18.043911 8100
    217 13 10 18.045656 13 10 18.053658 8100
    218 13 10 18.055658 13 10 18.063645 8100
    219 13 10 18.065657 13 10 18.073703 8100
    220 13 10 18.075662 13 10 18.083648 8100
    221 13 10 18.085661 13 10 18.093654 8100
    222 13 10 18.095659 13 10 18.103643 8100
    223 13 10 18.105669 13 10 18.114854 8100
    224 13 10 18.115659 13 10 18.123653 8100
    225 13 10 18.125655 13 10 18.135393 8100
    226 13 10 18.135690 13 10 18.145316 8100
    227 13 10 18.145741 13 10 18.154075 8100
    228 13 10 18.155806 13 10 18.164014 8100
    229 13 10 18.165773 13 10 18.175257 8100
    230 13 10 18.175792 13 10 18.184039 8100
    231 13 10 18.185680 13 10 18.194400 8100
    232 13 10 18.196279 13 10 18.204560 8100
    233 13 10 18.205769 13 10 18.214911 8100
    234 13 10 18.215751 13 10 18.224088 8100
    235 13 10 18.225849 13 10 18.234453 8100
    236 13 10 18.235662 13 10 18.244575 8100
    237 13 10 18.245736 13 10 18.253762 8100
    238 13 10 18.255658 13 10 18.263788 8100
    239 13 10 18.265661 13 10 18.273672 8100
    240 13 10 18.275656 13 10 18.284608 8100
    241 13 10 18.285682 13 10 18.294601 8100
    242 13 10 18.295667 13 10 18.304467 8100
    243 13 10 18.305665 13 10 18.313708 8100
    244 13 10 18.315660 13 10 18.323629 8100
    245 13 10 18.325655 13 10 18.333642 8100
    246 13 10 18.335657 13 10 18.344598 8100
    247 13 10 18.345669 13 10 18.354949 8100
    248 13 10 18.355761 13 10 18.364380 8100
    249 13 10 18.365753 13 10 18.374483 8100
    250 13 10 18.376265 13 10 18.390477 8100
    251 13 10 18.385725 13 10 18.398078 8100
    252 13 10 18.395799 13 10 18.404538 8100
    253 13 10 18.405647 13 10 18.413864 8100
    254 13 10 18.415691 13 10 18.424655 8100
    255 13 10 18.425770 13 10 18.434798 8100
    256 13 10 18.435729 13 10 18.444625 8100
    257 13 10 18.445734 13 10 18.453849 8100
    258 13 10 18.455694 13 10 18.463779 8100
    259 13 10 18.465662 13 10 18.473673 8100
    260 13 10 18.475660 13 10 18.484659 8100
    261 13 10 18.485724 13 10 18.493731 8100
    262 13 10 18.495671 13 10 18.503695 8100
    263 13 10 18.505665 13 10 18.513704 8100
    264 13 10 18.515685 13 10 18.524761 8100
    265 13 10 18.525742 13 10 18.534672 8100
    266 13 10 18.535658 13 10 18.544639 8100
    267 13 10 18.545685 13 10 18.555572 8100
    268 13 10 18.555875 13 10 18.564144 8100
    269 13 10 18.565742 13 10 18.575030 8100
    270 13 10 18.575725 13 10 18.585620 8100
    271 13 10 18.585650 13 10 18.594756 8100
    272 13 10 18.595742 13 10 18.604082 8100
    273 13 10 18.606076 13 10 18.614316 8100
    274 13 10 18.615662 13 10 18.624639 8100
    275 13 10 18.625862 13 10 18.634803 8100
    276 13 10 18.635688 13 10 18.644738 8100
    277 13 10 18.645735 13 10 18.654037 8100
    278 13 10 18.655739 13 10 18.663951 8100
    279 13 10 18.665717 13 10 18.673805 8100
    280 13 10 18.675656 13 10 18.683643 8100
    281 13 10 18.685655 13 10 18.693668 8100
    282 13 10 18.695669 13 10 18.703648 8100
    283 13 10 18.705666 13 10 18.713664 8100
    284 13 10 18.715673 13 10 18.723673 8100
    285 13 10 18.725676 13 10 18.733668 8100
    286 13 10 18.735672 13 10 18.744852 8100
    287 13 10 18.745660 13 10 18.753689 8100
    288 13 10 18.755676 13 10 18.764839 8100
    289 13 10 18.765646 13 10 18.774650 8100
    290 13 10 18.775773 13 10 18.784622 8100
    291 13 10 18.785797 13 10 18.794087 8100
    292 13 10 18.795694 13 10 18.804650 8100
    293 13 10 18.805747 13 10 18.814472 8100
    294 13 10 18.815682 13 10 18.823814 8100
    295 13 10 18.825738 13 10 18.834818 8100
    296 13 10 18.835737 13 10 18.843930 8100
    297 13 10 18.845728 13 10 18.853895 8100
    298 13 10 18.855703 13 10 18.863914 8100
    299 13 10 18.865683 13 10 18.873795 8100
    300 13 10 18.875679 13 10 18.889614 8100
    301 13 10 18.885667 13 10 18.896471 8100
    302 13 10 18.895669 13 10 18.903707 8100
    303 13 10 18.905670 13 10 18.915585 8100
    304 13 10 18.915742 13 10 18.923818 8100
    305 13 10 18.925641 13 10 18.933669 8100
    306 13 10 18.935679 13 10 18.943660 8100
    307 13 10 18.945684 13 10 18.955069 8100
    308 13 10 18.955680 13 10 18.963719 8100
    309 13 10 18.965678 13 10 18.975483 8100
    310 13 10 18.975771 13 10 18.985009 8100
    311 13 10 18.985814 13 10 18.994552 8100
    312 13 10 18.995760 13 10 19.004494 8100
    313 13 10 19.005665 13 10 19.014844 8100
    314 13 10 19.015964 13 10 19.024174 8100
    315 13 10 19.025694 13 10 19.033950 8100
    316 13 10 19.035683 13 10 19.043890 8100
    317 13 10 19.045677 13 10 19.053943 8100
    318 13 10 19.055720 13 10 19.063953 8100
    319 13 10 19.065726 13 10 19.073938 8100
    320 13 10 19.075676 13 10 19.083836 8100
    321 13 10 19.085726 13 10 19.093816 8100
    322 13 10 19.095656 13 10 19.103636 8100
    323 13 10 19.105671 13 10 19.114549 8100
    324 13 10 19.115611 13 10 19.123602 8100
    325 13 10 19.125685 13 10 19.134577 8100
    326 13 10 19.135640 13 10 19.144546 8100
    327 13 10 19.145631 13 10 19.154540 8100
    328 13 10 19.155663 13 10 19.164412 8100
    329 13 10 19.165669 13 10 19.174690 8100
    330 13 10 19.175971 13 10 19.184432 8100
    331 13 10 19.185721 13 10 19.194804 8100
    332 13 10 19.195776 13 10 19.204557 8100
    333 13 10 19.205680 13 10 19.213919 8100
    334 13 10 19.215734 13 10 19.224979 8100
    335 13 10 19.225659 13 10 19.234017 8100
    336 13 10 19.235731 13 10 19.244008 8100
    337 13 10 19.245691 13 10 19.253904 8100
    338 13 10 19.255725 13 10 19.264020 8100
    339 13 10 19.265771 13 10 19.274347 8100
    340 13 10 19.275708 13 10 19.284157 8100
    341 13 10 19.285758 13 10 19.294254 8100
    342 13 10 19.295756 13 10 19.303754 8100
    343 13 10 19.305665 13 10 19.313745 8100
    344 13 10 19.315674 13 10 19.323669 8100
    345 13 10 19.325656 13 10 19.333650 8100
    346 13 10 19.335658 13 10 19.343654 8100
    347 13 10 19.345656 13 10 19.353661 8100
    348 13 10 19.355660 13 10 19.363638 8100
    349 13 10 19.365695 13 10 19.373754 8100
    350 13 10 19.376017 13 10 19.390309 8100
    351 13 10 19.385732 13 10 19.397062 8100
    352 13 10 19.395838 13 10 19.404614 8100
    353 13 10 19.405742 13 10 19.414937 8100
    354 13 10 19.415790 13 10 19.424129 8100
    355 13 10 19.425663 13 10 19.434159 8100
    356 13 10 19.435731 13 10 19.443909 8100
    357 13 10 19.445730 13 10 19.453976 8100
    358 13 10 19.455715 13 10 19.463906 8100
    359 13 10 19.465731 13 10 19.473911 8100
    360 13 10 19.475725 13 10 19.483999 8100
    361 13 10 19.485724 13 10 19.493922 8100
    362 13 10 19.495726 13 10 19.503819 8100
    363 13 10 19.505653 13 10 19.513725 8100
    364 13 10 19.515682 13 10 19.524782 8100
    365 13 10 19.525662 13 10 19.533697 8100
    366 13 10 19.535681 13 10 19.543749 8100
    367 13 10 19.545685 13 10 19.554787 8100
    368 13 10 19.555673 13 10 19.563673 8100
    369 13 10 19.565663 13 10 19.573789 8100
    370 13 10 19.575744 13 10 19.584223 8100
    371 13 10 19.585979 13 10 19.594093 8100
    372 13 10 19.595725 13 10 19.604378 8100
    373 13 10 19.605740 13 10 19.613834 8100
    374 13 10 19.615717 13 10 19.624276 8100
    375 13 10 19.625752 13 10 19.634059 8100
    376 13 10 19.635663 13 10 19.643837 8100
    377 13 10 19.645675 13 10 19.653862 8100
    378 13 10 19.655722 13 10 19.663893 8100
    379 13 10 19.665858 13 10 19.674102 8100
    380 13 10 19.675726 13 10 19.683913 8100
    381 13 10 19.685732 13 10 19.693964 8100
    382 13 10 19.695727 13 10 19.703720 8100
    383 13 10 19.705664 13 10 19.713626 8100
    384 13 10 19.715658 13 10 19.724966 8100
    385 13 10 19.725656 13 10 19.733703 8100
    386 13 10 19.735668 13 10 19.743663 8100
    387 13 10 19.745658 13 10 19.754902 8100
    388 13 10 19.755606 13 10 19.763594 8100
    389 13 10 19.765681 13 10 19.774074 8100
    390 13 10 19.775980 13 10 19.784752 8100
    391 13 10 19.785750 13 10 19.794177 8100
    392 13 10 19.795667 13 10 19.804386 8100
    393 13 10 19.805731 13 10 19.814544 8100
    394 13 10 19.815706 13 10 19.825742 8100
    395 13 10 19.825677 13 10 19.834343 8100
    396 13 10 19.836428 13 10 19.844754 8100
    397 13 10 19.845725 13 10 19.853857 8100
    398 13 10 19.855769 13 10 19.863935 8100
    399 13 10 19.865666 13 10 19.873816 8100
    400 13 10 19.875713 13 10 19.889877 8100
    401 13 10 19.885715 13 10 19.897451 8100
    402 13 10 19.895658 13 10 19.903704 8100
    403 13 10 19.905674 13 10 19.914602 8100
    404 13 10 19.915666 13 10 19.923656 8100
    405 13 10 19.925657 13 10 19.933655 8100
    406 13 10 19.935680 13 10 19.944580 8100
    407 13 10 19.945651 13 10 19.953655 8100
    408 13 10 19.955657 13 10 19.964656 8100
    409 13 10 19.965700 13 10 19.975058 8100
    410 13 10 19.975685 13 10 19.984857 8100
    411 13 10 19.985820 13 10 19.994078 8100
    412 13 10 19.995723 13 10 20.004167 8100
    413 13 10 20.005637 13 10 20.014186 8100
    414 13 10 20.016311 13 10 20.024483 8100
    415 13 10 20.026135 13 10 20.035240 8100
    416 13 10 20.035758 13 10 20.043960 8100
    417 13 10 20.045722 13 10 20.053889 8100
    418 13 10 20.055703 13 10 20.063960 8100
    419 13 10 20.065725 13 10 20.073971 8100
    420 13 10 20.075665 13 10 20.083832 8100
    421 13 10 20.085716 13 10 20.093928 8100
    422 13 10 20.095714 13 10 20.103882 8100
    423 13 10 20.105602 13 10 20.113596 8100
    424 13 10 20.115680 13 10 20.124593 8100
    425 13 10 20.125661 13 10 20.133676 8100
    426 13 10 20.135684 13 10 20.144700 8100
    427 13 10 20.145659 13 10 20.153636 8100
    428 13 10 20.155736 13 10 20.163875 8100
    429 13 10 20.165658 13 10 20.174009 8100
    430 13 10 20.176301 13 10 20.184795 8100
    431 13 10 20.185732 13 10 20.193965 8100
    432 13 10 20.195679 13 10 20.204534 8100
    433 13 10 20.205681 13 10 20.213965 8100
    434 13 10 20.215675 13 10 20.224574 8100
    435 13 10 20.225721 13 10 20.234065 8100
    436 13 10 20.235686 13 10 20.243932 8100
    437 13 10 20.245726 13 10 20.253938 8100
    438 13 10 20.255722 13 10 20.263937 8100
    439 13 10 20.265681 13 10 20.274059 8100
    440 13 10 20.275721 13 10 20.283971 8100
    441 13 10 20.285675 13 10 20.293848 8100
    442 13 10 20.295705 13 10 20.303744 8100
    443 13 10 20.305658 13 10 20.313669 8100
    444 13 10 20.315657 13 10 20.323646 8100
    445 13 10 20.325656 13 10 20.333653 8100
    446 13 10 20.335657 13 10 20.343662 8100
    447 13 10 20.345656 13 10 20.353666 8100
    448 13 10 20.355669 13 10 20.363704 8100
    449 13 10 20.365660 13 10 20.373785 8100
    450 13 10 20.376408 13 10 20.390539 8100
    451 13 10 20.385867 13 10 20.397242 8100
    452 13 10 20.395724 13 10 20.404992 8100
    453 13 10 20.405698 13 10 20.413909 8100
    454 13 10 20.415866 13 10 20.424085 8100
    455 13 10 20.425706 13 10 20.434045 8100
    456 13 10 20.436106 13 10 20.444613 8100
    457 13 10 20.445752 13 10 20.454102 8100
    458 13 10 20.455719 13 10 20.463978 8100
    459 13 10 20.465726 13 10 20.473952 8100
    460 13 10 20.475744 13 10 20.483954 8100
    461 13 10 20.485728 13 10 20.494799 8100
    462 13 10 20.495660 13 10 20.503665 8100
    463 13 10 20.505676 13 10 20.513683 8100
    464 13 10 20.515658 13 10 20.523659 8100
    465 13 10 20.525666 13 10 20.533687 8100
    466 13 10 20.535688 13 10 20.543703 8100
    467 13 10 20.545670 13 10 20.553709 8100
    468 13 10 20.555662 13 10 20.564586 8100
    469 13 10 20.565660 13 10 20.573722 8100
    470 13 10 20.576322 13 10 20.584496 8100
    471 13 10 20.585694 13 10 20.594062 8100
    472 13 10 20.595720 13 10 20.604614 8100
    473 13 10 20.605716 13 10 20.614015 8100
    474 13 10 20.615659 13 10 20.624079 8100
    475 13 10 20.625685 13 10 20.633897 8100
    476 13 10 20.635732 13 10 20.644764 8100
    477 13 10 20.645744 13 10 20.653974 8100
    478 13 10 20.655711 13 10 20.663799 8100
    479 13 10 20.665679 13 10 20.673763 8100
    480 13 10 20.675729 13 10 20.683885 8100
    481 13 10 20.685725 13 10 20.693857 8100
    482 13 10 20.695675 13 10 20.703679 8100
    483 13 10 20.705660 13 10 20.714964 8100
    484 13 10 20.715658 13 10 20.723653 8100
    485 13 10 20.725663 13 10 20.734611 8100
    486 13 10 20.736575 13 10 20.744607 8100
    487 13 10 20.745678 13 10 20.754549 8100
    488 13 10 20.755601 13 10 20.763663 8100
    489 13 10 20.765665 13 10 20.775297 8100
    490 13 10 20.775753 13 10 20.784597 8100
    491 13 10 20.785705 13 10 20.794613 8100
    492 13 10 20.795752 13 10 20.803860 8100
    493 13 10 20.806796 13 10 20.815726 8100
    494 13 10 20.815653 13 10 20.823904 8100
    495 13 10 20.825663 13 10 20.833954 8100
    496 13 10 20.835743 13 10 20.843830 8100
    497 13 10 20.845742 13 10 20.853953 8100
    498 13 10 20.855748 13 10 20.863980 8100
    499 13 10 20.865732 13 10 20.873943 8100
    500 13 10 20.875721 13 10 20.889938 8100
    501 13 10 20.885664 13 10 20.896525 8100
    502 13 10 20.895661 13 10 20.903642 8100
    503 13 10 20.905657 13 10 20.913761 8100
    504 13 10 20.915655 13 10 20.923667 8100
    505 13 10 20.925656 13 10 20.934695 8100
    506 13 10 20.935659 13 10 20.943770 8100
    507 13 10 20.945734 13 10 20.954640 8100
    508 13 10 20.955681 13 10 20.964437 8100
    509 13 10 20.965659 13 10 20.973863 8100
    510 13 10 20.975690 13 10 20.984797 8100
    511 13 10 20.985980 13 10 20.994323 8100
    512 13 10 20.995798 13 10 21.004601 8100
    513 13 10 21.005793 13 10 21.014779 8100
    514 13 10 21.015685 13 10 21.025185 8100
    515 13 10 21.027052 13 10 21.036615 8100
    516 13 10 21.036305 13 10 21.045028 8100
    517 13 10 21.045712 13 10 21.053940 8100
    518 13 10 21.055738 13 10 21.063967 8100
    519 13 10 21.065718 13 10 21.073927 8100
    520 13 10 21.075756 13 10 21.084264 8100
    521 13 10 21.085727 13 10 21.093986 8100
    522 13 10 21.095683 13 10 21.103971 8100
    523 13 10 21.105675 13 10 21.113765 8100
    524 13 10 21.115708 13 10 21.123867 8100
    525 13 10 21.125661 13 10 21.133836 8100
    526 13 10 21.135704 13 10 21.143771 8100
    527 13 10 21.145714 13 10 21.153963 8100
    528 13 10 21.155659 13 10 21.163716 8100
    529 13 10 21.165694 13 10 21.173845 8100
    530 13 10 21.176334 13 10 21.184853 8100
    531 13 10 21.185718 13 10 21.193975 8100
    532 13 10 21.195720 13 10 21.203908 8100
    533 13 10 21.205766 13 10 21.214558 8100
    534 13 10 21.215641 13 10 21.223829 8100
    535 13 10 21.225661 13 10 21.233903 8100
    536 13 10 21.235761 13 10 21.244209 8100
    537 13 10 21.245698 13 10 21.253875 8100
    538 13 10 21.255718 13 10 21.263929 8100
    539 13 10 21.265737 13 10 21.273924 8100
    540 13 10 21.275714 13 10 21.283964 8100
    541 13 10 21.285720 13 10 21.293894 8100
    542 13 10 21.295662 13 10 21.303639 8100
    543 13 10 21.305720 13 10 21.314986 8100
    544 13 10 21.315678 13 10 21.323667 8100
    545 13 10 21.325658 13 10 21.333650 8100
    546 13 10 21.335668 13 10 21.343647 8100
    547 13 10 21.345658 13 10 21.354939 8100
    548 13 10 21.355633 13 10 21.363604 8100
    549 13 10 21.365687 13 10 21.375019 8100
    550 13 10 21.375723 13 10 21.390568 8100
    551 13 10 21.385804 13 10 21.397306 8100
    552 13 10 21.395732 13 10 21.404057 8100
    553 13 10 21.405722 13 10 21.414059 8100
    554 13 10 21.415796 13 10 21.423989 8100
    555 13 10 21.426605 13 10 21.434919 8100
    556 13 10 21.435729 13 10 21.444514 8100
    557 13 10 21.446538 13 10 21.455767 8100
    558 13 10 21.455660 13 10 21.463982 8100
    559 13 10 21.465731 13 10 21.473952 8100
    560 13 10 21.475660 13 10 21.483775 8100
    561 13 10 21.485724 13 10 21.493901 8100
    562 13 10 21.495730 13 10 21.503880 8100
    563 13 10 21.505659 13 10 21.513692 8100
    564 13 10 21.515685 13 10 21.523727 8100
    565 13 10 21.525660 13 10 21.534652 8100
    566 13 10 21.535696 13 10 21.543690 8100
    567 13 10 21.545667 13 10 21.554603 8100
    568 13 10 21.555658 13 10 21.564406 8100
    569 13 10 21.565659 13 10 21.573753 8100
    570 13 10 21.575745 13 10 21.584742 8100
    571 13 10 21.585846 13 10 21.594242 8100
    572 13 10 21.595732 13 10 21.604637 8100
    573 13 10 21.605740 13 10 21.614519 8100
    574 13 10 21.616246 13 10 21.625164 8100
    575 13 10 21.625750 13 10 21.634291 8100
    576 13 10 21.635725 13 10 21.644133 8100
    577 13 10 21.645675 13 10 21.653881 8100
    578 13 10 21.655729 13 10 21.663980 8100
    579 13 10 21.665804 13 10 21.674085 8100
    580 13 10 21.675730 13 10 21.683900 8100
    581 13 10 21.685780 13 10 21.694109 8100
    582 13 10 21.695722 13 10 21.703897 8100
    583 13 10 21.705767 13 10 21.714182 8100
    584 13 10 21.715720 13 10 21.724850 8100
    585 13 10 21.725676 13 10 21.733726 8100
    586 13 10 21.735672 13 10 21.744668 8100
    587 13 10 21.745664 13 10 21.753741 8100
    588 13 10 21.755676 13 10 21.764755 8100
    589 13 10 21.765674 13 10 21.774588 8100
    590 13 10 21.775722 13 10 21.784686 8100
    591 13 10 21.785820 13 10 21.794055 8100
    592 13 10 21.795667 13 10 21.803826 8100
    593 13 10 21.805728 13 10 21.813987 8100
    594 13 10 21.815713 13 10 21.824622 8100
    595 13 10 21.825779 13 10 21.834903 8100
    596 13 10 21.835764 13 10 21.843990 8100
    597 13 10 21.845746 13 10 21.854689 8100
    598 13 10 21.855893 13 10 21.864074 8100
    599 13 10 21.865729 13 10 21.873929 8100
    600 13 10 21.875690 13 10 21.889929 8100
    601 13 10 21.885804 13 10 21.896691 8100
    602 13 10 21.895839 13 10 21.904645 8100
    603 13 10 21.905818 13 10 21.914010 8100
    604 13 10 21.915717 13 10 21.923760 8100
    605 13 10 21.925678 13 10 21.933679 8100
    606 13 10 21.935667 13 10 21.944877 8100
    607 13 10 21.945661 13 10 21.953649 8100
    608 13 10 21.955679 13 10 21.964923 8100
    609 13 10 21.965671 13 10 21.973803 8100
    610 13 10 21.975712 13 10 21.984456 8100
    611 13 10 21.985765 13 10 21.994610 8100
    612 13 10 21.995739 13 10 22.003976 8100
    613 13 10 22.005818 13 10 22.013956 8100
    614 13 10 22.015730 13 10 22.023904 8100
    615 13 10 22.025739 13 10 22.034863 8100
    616 13 10 22.036000 13 10 22.044821 8100
    617 13 10 22.045687 13 10 22.053878 8100
    618 13 10 22.055725 13 10 22.063929 8100
    619 13 10 22.065763 13 10 22.074058 8100
    620 13 10 22.075763 13 10 22.083992 8100
    621 13 10 22.085747 13 10 22.093942 8100
    622 13 10 22.095714 13 10 22.103967 8100
    623 13 10 22.105720 13 10 22.113906 8100
    624 13 10 22.115625 13 10 22.123550 8100
    625 13 10 22.125631 13 10 22.133601 8100
    626 13 10 22.135685 13 10 22.143678 8100
    627 13 10 22.145672 13 10 22.153698 8100
    628 13 10 22.155682 13 10 22.163689 8100
    629 13 10 22.165675 13 10 22.173700 8100
    630 13 10 22.175717 13 10 22.184775 8100
    631 13 10 22.185726 13 10 22.194586 8100
    632 13 10 22.195678 13 10 22.203800 8100
    633 13 10 22.205711 13 10 22.213982 8100
    634 13 10 22.215678 13 10 22.223834 8100
    635 13 10 22.225733 13 10 22.234031 8100
    636 13 10 22.235727 13 10 22.243959 8100
    637 13 10 22.245729 13 10 22.253986 8100
    638 13 10 22.255728 13 10 22.263960 8100
    639 13 10 22.265740 13 10 22.273906 8100
    640 13 10 22.275715 13 10 22.283932 8100
    641 13 10 22.285658 13 10 22.293836 8100
    642 13 10 22.295722 13 10 22.303885 8100
    643 13 10 22.305655 13 10 22.313641 8100
    644 13 10 22.315657 13 10 22.323654 8100
    645 13 10 22.325658 13 10 22.334568 8100
    646 13 10 22.335627 13 10 22.344632 8100
    647 13 10 22.345684 13 10 22.353680 8100
    648 13 10 22.355672 13 10 22.364519 8100
    649 13 10 22.365667 13 10 22.373654 8100
    650 13 10 22.375651 13 10 22.390639 8100
    651 13 10 22.385732 13 10 22.397289 8100
    652 13 10 22.395716 13 10 22.403932 8100
    653 13 10 22.405684 13 10 22.413747 8100
    654 13 10 22.415653 13 10 22.423857 8100
    655 13 10 22.425699 13 10 22.434353 8100
    656 13 10 22.435728 13 10 22.443946 8100
    657 13 10 22.445731 13 10 22.454104 8100
    658 13 10 22.455829 13 10 22.465053 8100
    659 13 10 22.465827 13 10 22.474917 8100
    660 13 10 22.475794 13 10 22.484127 8100
    661 13 10 22.485936 13 10 22.494230 8100
    662 13 10 22.495739 13 10 22.504080 8100
    663 13 10 22.505745 13 10 22.513956 8100
    664 13 10 22.515660 13 10 22.523699 8100
    665 13 10 22.525676 13 10 22.533725 8100
    666 13 10 22.535668 13 10 22.543680 8100
    667 13 10 22.545687 13 10 22.554701 8100
    668 13 10 22.555679 13 10 22.563756 8100
    669 13 10 22.565673 13 10 22.574697 8100
    670 13 10 22.575804 13 10 22.584671 8100
    671 13 10 22.585761 13 10 22.594380 8100
    672 13 10 22.595721 13 10 22.603819 8100
    673 13 10 22.605730 13 10 22.613928 8100
    674 13 10 22.615721 13 10 22.623809 8100
    675 13 10 22.625658 13 10 22.635182 8100
    676 13 10 22.635775 13 10 22.644116 8100
    677 13 10 22.645700 13 10 22.653915 8100
    678 13 10 22.655715 13 10 22.664007 8100
    679 13 10 22.665734 13 10 22.673957 8100
    680 13 10 22.675730 13 10 22.683852 8100
    681 13 10 22.685718 13 10 22.693923 8100
    682 13 10 22.695723 13 10 22.703893 8100
    683 13 10 22.705728 13 10 22.713909 8100
    684 13 10 22.715661 13 10 22.723756 8100
    685 13 10 22.725657 13 10 22.734117 8100
    686 13 10 22.735655 13 10 22.743625 8100
    687 13 10 22.745654 13 10 22.753650 8100
    688 13 10 22.755655 13 10 22.763649 8100
    689 13 10 22.765654 13 10 22.773638 8100
    690 13 10 22.775784 13 10 22.784371 8100
    691 13 10 22.785728 13 10 22.794640 8100
    692 13 10 22.795757 13 10 22.803972 8100
    693 13 10 22.805758 13 10 22.813953 8100
    694 13 10 22.815791 13 10 22.824049 8100
    695 13 10 22.825737 13 10 22.834206 8100
    696 13 10 22.835741 13 10 22.843993 8100
    697 13 10 22.845655 13 10 22.853908 8100
    698 13 10 22.855662 13 10 22.863821 8100
    699 13 10 22.865724 13 10 22.873957 8100
    700 13 10 22.875713 13 10 22.889780 8100
    701 13 10 22.885735 13 10 22.896767 8100
    702 13 10 22.895834 13 10 22.904030 8100
    703 13 10 22.905657 13 10 22.913629 8100
    704 13 10 22.915717 13 10 22.923960 8100
    705 13 10 22.925663 13 10 22.933648 8100
    706 13 10 22.935679 13 10 22.943660 8100
    707 13 10 22.945664 13 10 22.954961 8100
    708 13 10 22.955657 13 10 22.963637 8100
    709 13 10 22.965727 13 10 22.973814 8100
    710 13 10 22.975729 13 10 22.984037 8100
    711 13 10 22.985686 13 10 22.993929 8100
    712 13 10 22.995733 13 10 23.003917 8100
    713 13 10 23.005727 13 10 23.013978 8100
    714 13 10 23.015755 13 10 23.023828 8100
    715 13 10 23.025655 13 10 23.034223 8100
    716 13 10 23.035716 13 10 23.043969 8100
    717 13 10 23.045730 13 10 23.054811 8100
    718 13 10 23.055682 13 10 23.063884 8100
    719 13 10 23.065736 13 10 23.073896 8100
    720 13 10 23.075713 13 10 23.083970 8100
    721 13 10 23.085726 13 10 23.093906 8100
    722 13 10 23.095714 13 10 23.103856 8100
    723 13 10 23.105657 13 10 23.113627 8100
    724 13 10 23.115659 13 10 23.124538 8100
    725 13 10 23.125652 13 10 23.133632 8100
    726 13 10 23.135654 13 10 23.144611 8100
    727 13 10 23.145680 13 10 23.154550 8100
    728 13 10 23.155612 13 10 23.164407 8100
    729 13 10 23.165669 13 10 23.173684 8100
    730 13 10 23.175682 13 10 23.184190 8100
    731 13 10 23.185659 13 10 23.193988 8100
    732 13 10 23.195727 13 10 23.203820 8100
    733 13 10 23.205722 13 10 23.213954 8100
    734 13 10 23.215713 13 10 23.224278 8100
    735 13 10 23.225681 13 10 23.234673 8100
    736 13 10 23.235693 13 10 23.244106 8100
    737 13 10 23.245733 13 10 23.253927 8100
    738 13 10 23.255721 13 10 23.263971 8100
    739 13 10 23.265733 13 10 23.273842 8100
    740 13 10 23.275722 13 10 23.283978 8100
    741 13 10 23.285723 13 10 23.293936 8100
    742 13 10 23.295716 13 10 23.303761 8100
    743 13 10 23.305672 13 10 23.313714 8100
    744 13 10 23.315667 13 10 23.323660 8100
    745 13 10 23.325656 13 10 23.333690 8100
    746 13 10 23.335663 13 10 23.344704 8100
    747 13 10 23.345679 13 10 23.354593 8100
    748 13 10 23.355671 13 10 23.363689 8100
    749 13 10 23.365676 13 10 23.373667 8100
    750 13 10 23.375859 13 10 23.390046 8100
    751 13 10 23.385708 13 10 23.397845 8100
    752 13 10 23.395741 13 10 23.404779 8100
    753 13 10 23.405734 13 10 23.413944 8100
    754 13 10 23.415707 13 10 23.424139 8100
    755 13 10 23.425664 13 10 23.434242 8100
    756 13 10 23.435725 13 10 23.444019 8100
    757 13 10 23.445989 13 10 23.454454 8100
    758 13 10 23.455735 13 10 23.463982 8100
    759 13 10 23.465679 13 10 23.473928 8100
    760 13 10 23.475663 13 10 23.483896 8100
    761 13 10 23.485708 13 10 23.493895 8100
    762 13 10 23.495654 13 10 23.503830 8100
    763 13 10 23.505660 13 10 23.513666 8100
    764 13 10 23.515658 13 10 23.523654 8100
    765 13 10 23.525645 13 10 23.533674 8100
    766 13 10 23.535652 13 10 23.543748 8100
    767 13 10 23.545663 13 10 23.553709 8100
    768 13 10 23.555675 13 10 23.563790 8100
    769 13 10 23.565663 13 10 23.573699 8100
    770 13 10 23.575617 13 10 23.584232 8100
    771 13 10 23.585737 13 10 23.593973 8100
    772 13 10 23.595714 13 10 23.603812 8100
    773 13 10 23.605654 13 10 23.613917 8100
    774 13 10 23.615657 13 10 23.623810 8100
    775 13 10 23.625652 13 10 23.634700 8100
    776 13 10 23.635861 13 10 23.644068 8100
    777 13 10 23.645724 13 10 23.653946 8100
    778 13 10 23.655722 13 10 23.664038 8100
    779 13 10 23.665731 13 10 23.673915 8100
    780 13 10 23.675677 13 10 23.683820 8100
    781 13 10 23.685711 13 10 23.693826 8100
    782 13 10 23.695717 13 10 23.703934 8100
    783 13 10 23.705729 13 10 23.713826 8100
    784 13 10 23.715643 13 10 23.723597 8100
    785 13 10 23.725726 13 10 23.733737 8100
    786 13 10 23.735666 13 10 23.744485 8100
    787 13 10 23.745667 13 10 23.753685 8100
    788 13 10 23.755682 13 10 23.763725 8100
    789 13 10 23.765692 13 10 23.774698 8100
    790 13 10 23.775663 13 10 23.784694 8100
    791 13 10 23.785788 13 10 23.794012 8100
    792 13 10 23.795722 13 10 23.803982 8100
    793 13 10 23.805731 13 10 23.813914 8100
    794 13 10 23.815712 13 10 23.824024 8100
    795 13 10 23.825679 13 10 23.834911 8100
    796 13 10 23.835713 13 10 23.843824 8100
    797 13 10 23.845728 13 10 23.853940 8100
    798 13 10 23.855720 13 10 23.863779 8100
    799 13 10 23.865725 13 10 23.874636 8100
    800 13 10 23.875738 13 10 23.889973 8100
    801 13 10 23.885729 13 10 23.896736 8100
    802 13 10 23.895730 13 10 23.903894 8100
    803 13 10 23.905678 13 10 23.914525 8100
    804 13 10 23.915644 13 10 23.924361 8100
    805 13 10 23.925660 13 10 23.933681 8100
    806 13 10 23.935676 13 10 23.944576 8100
    807 13 10 23.945637 13 10 23.953659 8100
    808 13 10 23.955694 13 10 23.965751 8100
    809 13 10 23.965647 13 10 23.973922 8100
    810 13 10 23.975704 13 10 23.985056 8100
    811 13 10 23.985866 13 10 23.994288 8100
    812 13 10 23.995726 13 10 24.003972 8100
    813 13 10 24.005731 13 10 24.013843 8100
    814 13 10 24.015713 13 10 24.024767 8100
    815 13 10 24.025726 13 10 24.034044 8100
    816 13 10 24.036084 13 10 24.044391 8100
    817 13 10 24.045629 13 10 24.053914 8100
    818 13 10 24.055716 13 10 24.064001 8100
    819 13 10 24.065729 13 10 24.074013 8100
    820 13 10 24.075724 13 10 24.083959 8100
    821 13 10 24.085726 13 10 24.094090 8100
    822 13 10 24.095718 13 10 24.103795 8100
    823 13 10 24.105715 13 10 24.113911 8100
    824 13 10 24.115666 13 10 24.123689 8100
    825 13 10 24.125661 13 10 24.134758 8100
    826 13 10 24.135612 13 10 24.143605 8100
    827 13 10 24.145693 13 10 24.153843 8100
    828 13 10 24.155809 13 10 24.164819 8100
    829 13 10 24.165672 13 10 24.173686 8100
    830 13 10 24.175691 13 10 24.184431 8100
    831 13 10 24.185739 13 10 24.193988 8100
    832 13 10 24.195660 13 10 24.204094 8100
    833 13 10 24.205731 13 10 24.213983 8100
    834 13 10 24.215657 13 10 24.223791 8100
    835 13 10 24.225660 13 10 24.234049 8100
    836 13 10 24.236775 13 10 24.245886 8100
    837 13 10 24.245726 13 10 24.253796 8100
    838 13 10 24.255731 13 10 24.263975 8100
    839 13 10 24.265731 13 10 24.273782 8100
    840 13 10 24.275731 13 10 24.283999 8100
    841 13 10 24.285733 13 10 24.293934 8100
    842 13 10 24.295718 13 10 24.303871 8100
    843 13 10 24.305717 13 10 24.313884 8100
    844 13 10 24.315674 13 10 24.323658 8100
    845 13 10 24.325662 13 10 24.333649 8100
    846 13 10 24.335664 13 10 24.343640 8100
    847 13 10 24.345667 13 10 24.353683 8100
    848 13 10 24.355657 13 10 24.363776 8100
    849 13 10 24.365673 13 10 24.373706 8100
    850 13 10 24.375659 13 10 24.389737 8100
    851 13 10 24.385728 13 10 24.397110 8100
    852 13 10 24.395651 13 10 24.403756 8100
    853 13 10 24.405740 13 10 24.413916 8100
    854 13 10 24.415659 13 10 24.423764 8100
    855 13 10 24.425660 13 10 24.433630 8100
    856 13 10 24.435871 13 10 24.444175 8100
    857 13 10 24.445817 13 10 24.454781 8100
    858 13 10 24.455726 13 10 24.465102 8100
    859 13 10 24.465855 13 10 24.474844 8100
    860 13 10 24.475722 13 10 24.484466 8100
    861 13 10 24.485794 13 10 24.495993 8100
    862 13 10 24.495886 13 10 24.504099 8100
    863 13 10 24.505684 13 10 24.514016 8100
    864 13 10 24.515716 13 10 24.524125 8100
    865 13 10 24.525808 13 10 24.534050 8100
    866 13 10 24.535661 13 10 24.543634 8100
    867 13 10 24.545664 13 10 24.553689 8100
    868 13 10 24.555689 13 10 24.563703 8100
    869 13 10 24.565671 13 10 24.573671 8100
    870 13 10 24.575662 13 10 24.585164 8100
    871 13 10 24.585733 13 10 24.594069 8100
    872 13 10 24.595673 13 10 24.603896 8100
    873 13 10 24.605720 13 10 24.613939 8100
    874 13 10 24.615725 13 10 24.623948 8100
    875 13 10 24.625727 13 10 24.634202 8100
    876 13 10 24.635690 13 10 24.644904 8100
    877 13 10 24.645755 13 10 24.654063 8100
    878 13 10 24.655704 13 10 24.663903 8100
    879 13 10 24.665722 13 10 24.673884 8100
    880 13 10 24.675723 13 10 24.683923 8100
    881 13 10 24.685715 13 10 24.693891 8100
    882 13 10 24.695720 13 10 24.703993 8100
    883 13 10 24.705725 13 10 24.714691 8100
    884 13 10 24.715827 13 10 24.723952 8100
    885 13 10 24.725653 13 10 24.733625 8100
    886 13 10 24.735652 13 10 24.743652 8100
    887 13 10 24.745656 13 10 24.753651 8100
    888 13 10 24.755656 13 10 24.763645 8100
    889 13 10 24.765751 13 10 24.774636 8100
    890 13 10 24.775677 13 10 24.785114 8100
    891 13 10 24.785796 13 10 24.794415 8100
    892 13 10 24.795684 13 10 24.803885 8100
    893 13 10 24.805665 13 10 24.813880 8100
    894 13 10 24.815715 13 10 24.824739 8100
    895 13 10 24.825908 13 10 24.834555 8100
    896 13 10 24.835720 13 10 24.844960 8100
    897 13 10 24.845745 13 10 24.854078 8100
    898 13 10 24.855727 13 10 24.863835 8100
    899 13 10 24.865657 13 10 24.873886 8100
    900 13 10 24.875723 13 10 24.889963 8100
    901 13 10 24.885729 13 10 24.896677 8100
    902 13 10 24.895731 13 10 24.903981 8100
    903 13 10 24.905739 13 10 24.913869 8100
    904 13 10 24.915717 13 10 24.924755 8100
    905 13 10 24.925671 13 10 24.933682 8100
    906 13 10 24.935673 13 10 24.943666 8100
    907 13 10 24.945674 13 10 24.953700 8100
    908 13 10 24.955677 13 10 24.963709 8100
    909 13 10 24.965673 13 10 24.974737 8100
    910 13 10 24.975678 13 10 24.984252 8100
    911 13 10 24.986322 13 10 24.994713 8100
    912 13 10 24.995803 13 10 25.004177 8100
    913 13 10 25.005794 13 10 25.014102 8100
    914 13 10 25.016045 13 10 25.024394 8100
    915 13 10 25.025777 13 10 25.034544 8100
    916 13 10 25.035682 13 10 25.044223 8100
    917 13 10 25.045649 13 10 25.053869 8100
    918 13 10 25.055720 13 10 25.064762 8100
    919 13 10 25.065715 13 10 25.073941 8100
    920 13 10 25.075728 13 10 25.083874 8100
    921 13 10 25.085720 13 10 25.093872 8100
    922 13 10 25.095718 13 10 25.103941 8100
    923 13 10 25.105729 13 10 25.114864 8100
    924 13 10 25.115659 13 10 25.123653 8100
    925 13 10 25.125679 13 10 25.134851 8100
    926 13 10 25.135646 13 10 25.143609 8100
    927 13 10 25.145690 13 10 25.153693 8100
    928 13 10 25.155657 13 10 25.163686 8100
    929 13 10 25.165659 13 10 25.173670 8100
    930 13 10 25.175657 13 10 25.184920 8100
    931 13 10 25.185701 13 10 25.193791 8100
    932 13 10 25.195720 13 10 25.204087 8100
    933 13 10 25.205753 13 10 25.214023 8100
    934 13 10 25.215654 13 10 25.223848 8100
    935 13 10 25.225725 13 10 25.233943 8100
    936 13 10 25.235703 13 10 25.244448 8100
    937 13 10 25.245729 13 10 25.255071 8100
    938 13 10 25.255738 13 10 25.263943 8100
    939 13 10 25.265727 13 10 25.273892 8100
    940 13 10 25.275650 13 10 25.283780 8100
    941 13 10 25.285712 13 10 25.293905 8100
    942 13 10 25.295728 13 10 25.303986 8100
    943 13 10 25.305676 13 10 25.313950 8100
    944 13 10 25.315678 13 10 25.323662 8100
    945 13 10 25.325658 13 10 25.333659 8100
    946 13 10 25.335661 13 10 25.343706 8100
    947 13 10 25.345658 13 10 25.353661 8100
    948 13 10 25.355657 13 10 25.364544 8100
    949 13 10 25.365628 13 10 25.373629 8100
    950 13 10 25.375661 13 10 25.391276 8100
    951 13 10 25.385705 13 10 25.397992 8100
    952 13 10 25.395737 13 10 25.404486 8100
    953 13 10 25.405729 13 10 25.413916 8100
    954 13 10 25.415721 13 10 25.423933 8100
    955 13 10 25.425723 13 10 25.433817 8100
    956 13 10 25.435715 13 10 25.444717 8100
    957 13 10 25.445647 13 10 25.454606 8100
    958 13 10 25.455732 13 10 25.463923 8100
    959 13 10 25.465727 13 10 25.474057 8100
    960 13 10 25.475715 13 10 25.483868 8100
    961 13 10 25.485656 13 10 25.493967 8100
    962 13 10 25.495767 13 10 25.503982 8100
    963 13 10 25.505732 13 10 25.513987 8100
    964 13 10 25.515726 13 10 25.523899 8100
    965 13 10 25.525662 13 10 25.533664 8100
    966 13 10 25.535661 13 10 25.544637 8100
    967 13 10 25.545667 13 10 25.553795 8100
    968 13 10 25.555686 13 10 25.563690 8100
    969 13 10 25.565668 13 10 25.575074 8100
    970 13 10 25.575658 13 10 25.584161 8100
    971 13 10 25.585688 13 10 25.593851 8100
    972 13 10 25.595732 13 10 25.603985 8100
    973 13 10 25.605723 13 10 25.613997 8100
    974 13 10 25.615707 13 10 25.623958 8100
    975 13 10 25.626597 13 10 25.634744 8100
    976 13 10 25.635849 13 10 25.644946 8100
    977 13 10 25.645758 13 10 25.654541 8100
    978 13 10 25.655702 13 10 25.664048 8100
    979 13 10 25.665911 13 10 25.674257 8100
    980 13 10 25.675727 13 10 25.683969 8100
    981 13 10 25.685774 13 10 25.694015 8100
    982 13 10 25.695748 13 10 25.703967 8100
    983 13 10 25.705749 13 10 25.714054 8100
    984 13 10 25.715658 13 10 25.723807 8100
    985 13 10 25.725661 13 10 25.733665 8100
    986 13 10 25.735748 13 10 25.744730 8100
    987 13 10 25.745694 13 10 25.754585 8100
    988 13 10 25.755638 13 10 25.763753 8100
    989 13 10 25.765672 13 10 25.773671 8100
    990 13 10 25.775656 13 10 25.783766 8100
    991 13 10 25.786089 13 10 25.794817 8100
    992 13 10 25.796502 13 10 25.804843 8100
    993 13 10 25.805731 13 10 25.813947 8100
    994 13 10 25.815722 13 10 25.823871 8100
    995 13 10 25.825720 13 10 25.833908 8100
    996 13 10 25.835702 13 10 25.845677 8100
    997 13 10 25.845707 13 10 25.853964 8100
    998 13 10 25.855655 13 10 25.863913 8100
    999 13 10 25.865732 13 10 25.873944 8100
   1000 13 10 25.875751 13 10 25.890010 8100
