      1 13 11 28.825458 13 11 28.837192 8700
      2 13 11 28.835546 13 11 28.844844 8700
      3 13 11 28.845631 13 11 28.854914 8700
      4 13 11 28.855561 13 11 28.864764 8700
      5 13 11 28.865542 13 11 28.875900 8700
      6 13 11 28.875561 13 11 28.884761 8700
      7 13 11 28.885556 13 11 28.894763 8700
      8 13 11 28.895555 13 11 28.904816 8700
      9 13 11 28.905612 13 11 28.916215 8700
     10 13 11 28.915579 13 11 28.925136 8700
     11 13 11 28.925581 13 11 28.934974 8700
     12 13 11 28.935613 13 11 28.945111 8700
     13 13 11 28.945640 13 11 28.955918 8700
     14 13 11 28.955645 13 11 28.965233 8700
     15 13 11 28.965630 13 11 28.975797 8700
     16 13 11 28.975533 13 11 28.984933 8700
     17 13 11 28.985627 13 11 28.995124 8700
     18 13 11 28.995663 13 11 29.005801 8700
     19 13 11 29.005736 13 11 29.015101 8700
     20 13 11 29.015665 13 11 29.024964 8700
     21 13 11 29.025559 13 11 29.034749 8700
     22 13 11 29.035553 13 11 29.044750 8700
     23 13 11 29.045560 13 11 29.054780 8700
     24 13 11 29.055555 13 11 29.064755 8700
     25 13 11 29.065556 13 11 29.074770 8700
     26 13 11 29.075556 13 11 29.084790 8700
     27 13 11 29.085563 13 11 29.094754 8700
     28 13 11 29.095555 13 11 29.104760 8700
     29 13 11 29.105557 13 11 29.114809 8700
     30 13 11 29.115634 13 11 29.126041 8700
     31 13 11 29.125596 13 11 29.134928 8700
     32 13 11 29.135622 13 11 29.145198 8700
     33 13 11 29.145628 13 11 29.155823 8700
     34 13 11 29.155549 13 11 29.165444 8700
     35 13 11 29.165576 13 11 29.175115 8700
     36 13 11 29.175595 13 11 29.184978 8700
     37 13 11 29.185580 13 11 29.195802 8700
     38 13 11 29.195624 13 11 29.205086 8700
     39 13 11 29.205618 13 11 29.215173 8700
     40 13 11 29.215651 13 11 29.225287 8700
     41 13 11 29.225560 13 11 29.234760 8700
     42 13 11 29.235555 13 11 29.244769 8700
     43 13 11 29.245554 13 11 29.254751 8700
     44 13 11 29.255555 13 11 29.264790 8700
     45 13 11 29.265557 13 11 29.274943 8700
     46 13 11 29.275558 13 11 29.284818 8700
     47 13 11 29.285561 13 11 29.294827 8700
     48 13 11 29.295556 13 11 29.304821 8700
     49 13 11 29.305557 13 11 29.314855 8700
     50 13 11 29.315561 13 11 29.332070 8700
     51 13 11 29.325672 13 11 29.338706 8700
     52 13 11 29.335723 13 11 29.345660 8700
     53 13 11 29.345593 13 11 29.355014 8700
     54 13 11 29.356096 13 11 29.366779 8700
     55 13 11 29.365631 13 11 29.375689 8700
     56 13 11 29.375629 13 11 29.385722 8700
     57 13 11 29.385656 13 11 29.395914 8700
     58 13 11 29.395582 13 11 29.405930 8700
     59 13 11 29.405660 13 11 29.415072 8700
     60 13 11 29.415655 13 11 29.425159 8700
     61 13 11 29.425630 13 11 29.435019 8700
     62 13 11 29.435559 13 11 29.444746 8700
     63 13 11 29.445555 13 11 29.454771 8700
     64 13 11 29.455556 13 11 29.464756 8700
     65 13 11 29.465555 13 11 29.474755 8700
     66 13 11 29.475554 13 11 29.484749 8700
     67 13 11 29.485541 13 11 29.494720 8700
     68 13 11 29.495532 13 11 29.504795 8700
     69 13 11 29.505542 13 11 29.514706 8700
     70 13 11 29.515519 13 11 29.524767 8700
     71 13 11 29.525579 13 11 29.534818 8700
     72 13 11 29.535620 13 11 29.545632 8700
     73 13 11 29.545566 13 11 29.555170 8700
     74 13 11 29.555642 13 11 29.566110 8700
     75 13 11 29.565678 13 11 29.575677 8700
     76 13 11 29.575610 13 11 29.585831 8700
     77 13 11 29.585763 13 11 29.595725 8700
     78 13 11 29.595659 13 11 29.605108 8700
     79 13 11 29.605602 13 11 29.616445 8700
     80 13 11 29.616051 13 11 29.626080 8700
     81 13 11 29.625589 13 11 29.635013 8700
     82 13 11 29.635618 13 11 29.645838 8700
     83 13 11 29.645772 13 11 29.654986 8700
     84 13 11 29.655559 13 11 29.664766 8700
     85 13 11 29.665561 13 11 29.674755 8700
     86 13 11 29.675558 13 11 29.684754 8700
     87 13 11 29.685555 13 11 29.694773 8700
     88 13 11 29.695544 13 11 29.704727 8700
     89 13 11 29.705556 13 11 29.714894 8700
     90 13 11 29.715582 13 11 29.724824 8700
     91 13 11 29.725556 13 11 29.734746 8700
     92 13 11 29.735555 13 11 29.744758 8700
     93 13 11 29.745557 13 11 29.755234 8700
     94 13 11 29.755890 13 11 29.766266 8700
     95 13 11 29.765582 13 11 29.776167 8700
     96 13 11 29.775674 13 11 29.785596 8700
     97 13 11 29.785617 13 11 29.794996 8700
     98 13 11 29.795660 13 11 29.806155 8700
     99 13 11 29.805686 13 11 29.815045 8700
    100 13 11 29.815671 13 11 29.831254 8700
    101 13 11 29.825621 13 11 29.838833 8700
    102 13 11 29.837631 13 11 29.847142 8700
    103 13 11 29.845634 13 11 29.855209 8700
    104 13 11 29.855639 13 11 29.865050 8700
    105 13 11 29.865635 13 11 29.875368 8700
    106 13 11 29.875638 13 11 29.884886 8700
    107 13 11 29.885546 13 11 29.894698 8700
    108 13 11 29.895581 13 11 29.904859 8700
    109 13 11 29.905546 13 11 29.914757 8700
    110 13 11 29.915545 13 11 29.924742 8700
    111 13 11 29.925560 13 11 29.934778 8700
    112 13 11 29.935555 13 11 29.944745 8700
    113 13 11 29.945557 13 11 29.954900 8700
    114 13 11 29.955594 13 11 29.965146 8700
    115 13 11 29.965644 13 11 29.975186 8700
    116 13 11 29.975626 13 11 29.985880 8700
    117 13 11 29.985807 13 11 29.995248 8700
    118 13 11 29.995575 13 11 30.005710 8700
    119 13 11 30.005639 13 11 30.015270 8700
    120 13 11 30.015692 13 11 30.025275 8700
    121 13 11 30.025628 13 11 30.035077 8700
    122 13 11 30.035585 13 11 30.045040 8700
    123 13 11 30.045615 13 11 30.055057 8700
    124 13 11 30.055631 13 11 30.065173 8700
    125 13 11 30.065643 13 11 30.075092 8700
    126 13 11 30.075579 13 11 30.084883 8700
    127 13 11 30.085574 13 11 30.094898 8700
    128 13 11 30.095580 13 11 30.104856 8700
    129 13 11 30.105591 13 11 30.114792 8700
    130 13 11 30.115559 13 11 30.124774 8700
    131 13 11 30.125562 13 11 30.134765 8700
    132 13 11 30.135562 13 11 30.144752 8700
    133 13 11 30.145562 13 11 30.154823 8700
    134 13 11 30.155871 13 11 30.166346 8700
    135 13 11 30.165624 13 11 30.175110 8700
    136 13 11 30.175595 13 11 30.185279 8700
    137 13 11 30.186188 13 11 30.195893 8700
    138 13 11 30.195724 13 11 30.206143 8700
    139 13 11 30.205670 13 11 30.215889 8700
    140 13 11 30.215637 13 11 30.226130 8700
    141 13 11 30.225695 13 11 30.235201 8700
    142 13 11 30.236513 13 11 30.246092 8700
    143 13 11 30.245671 13 11 30.255089 8700
    144 13 11 30.255693 13 11 30.265322 8700
    145 13 11 30.265561 13 11 30.275097 8700
    146 13 11 30.275620 13 11 30.284891 8700
    147 13 11 30.285710 13 11 30.295244 8700
    148 13 11 30.295601 13 11 30.304933 8700
    149 13 11 30.305657 13 11 30.314924 8700
    150 13 11 30.315556 13 11 30.330750 8700
    151 13 11 30.325559 13 11 30.338157 8700
    152 13 11 30.335578 13 11 30.345452 8700
    153 13 11 30.345597 13 11 30.354990 8700
    154 13 11 30.356300 13 11 30.365937 8700
    155 13 11 30.365563 13 11 30.375199 8700
    156 13 11 30.375558 13 11 30.385718 8700
    157 13 11 30.385656 13 11 30.395236 8700
    158 13 11 30.395618 13 11 30.405937 8700
    159 13 11 30.405674 13 11 30.415642 8700
    160 13 11 30.415566 13 11 30.425049 8700
    161 13 11 30.425632 13 11 30.435172 8700
    162 13 11 30.435569 13 11 30.444994 8700
    163 13 11 30.445613 13 11 30.455020 8700
    164 13 11 30.455614 13 11 30.464963 8700
    165 13 11 30.465617 13 11 30.475023 8700
    166 13 11 30.475628 13 11 30.485088 8700
    167 13 11 30.485620 13 11 30.495067 8700
    168 13 11 30.495636 13 11 30.504963 8700
    169 13 11 30.505544 13 11 30.514696 8700
    170 13 11 30.515579 13 11 30.524827 8700
    171 13 11 30.525549 13 11 30.534742 8700
    172 13 11 30.535541 13 11 30.544778 8700
    173 13 11 30.545557 13 11 30.554835 8700
    174 13 11 30.555568 13 11 30.566530 8700
    175 13 11 30.565636 13 11 30.575095 8700
    176 13 11 30.575556 13 11 30.584948 8700
    177 13 11 30.585620 13 11 30.594996 8700
    178 13 11 30.595615 13 11 30.605067 8700
    179 13 11 30.605581 13 11 30.615849 8700
    180 13 11 30.615778 13 11 30.625436 8700
    181 13 11 30.625643 13 11 30.634975 8700
    182 13 11 30.635559 13 11 30.644949 8700
    183 13 11 30.645637 13 11 30.655021 8700
    184 13 11 30.655557 13 11 30.664885 8700
    185 13 11 30.665610 13 11 30.675062 8700
    186 13 11 30.675558 13 11 30.684923 8700
    187 13 11 30.685643 13 11 30.694956 8700
    188 13 11 30.695558 13 11 30.704746 8700
    189 13 11 30.705556 13 11 30.714787 8700
    190 13 11 30.715557 13 11 30.724721 8700
    191 13 11 30.725553 13 11 30.734746 8700
    192 13 11 30.735551 13 11 30.744748 8700
    193 13 11 30.745556 13 11 30.755092 8700
    194 13 11 30.755506 13 11 30.765769 8700
    195 13 11 30.765675 13 11 30.775157 8700
    196 13 11 30.775628 13 11 30.785077 8700
    197 13 11 30.785654 13 11 30.795056 8700
    198 13 11 30.795625 13 11 30.805028 8700
    199 13 11 30.805559 13 11 30.815947 8700
    200 13 11 30.815626 13 11 30.831296 8700
    201 13 11 30.825614 13 11 30.838338 8700
    202 13 11 30.835922 13 11 30.845763 8700
    203 13 11 30.845717 13 11 30.855335 8700
    204 13 11 30.855634 13 11 30.865052 8700
    205 13 11 30.865614 13 11 30.875059 8700
    206 13 11 30.875638 13 11 30.885068 8700
    207 13 11 30.885607 13 11 30.895043 8700
    208 13 11 30.895611 13 11 30.905010 8700
    209 13 11 30.905557 13 11 30.914764 8700
    210 13 11 30.915569 13 11 30.924794 8700
    211 13 11 30.925558 13 11 30.934754 8700
    212 13 11 30.935553 13 11 30.944745 8700
    213 13 11 30.945554 13 11 30.954778 8700
    214 13 11 30.955642 13 11 30.966090 8700
    215 13 11 30.965620 13 11 30.975874 8700
    216 13 11 30.975685 13 11 30.985144 8700
    217 13 11 30.985634 13 11 30.995069 8700
    218 13 11 30.995622 13 11 31.005060 8700
    219 13 11 31.005559 13 11 31.015212 8700
    220 13 11 31.015625 13 11 31.025323 8700
    221 13 11 31.025636 13 11 31.035064 8700
    222 13 11 31.035633 13 11 31.045056 8700
    223 13 11 31.045615 13 11 31.055012 8700
    224 13 11 31.055614 13 11 31.064983 8700
    225 13 11 31.065622 13 11 31.075019 8700
    226 13 11 31.075621 13 11 31.085007 8700
    227 13 11 31.085613 13 11 31.095088 8700
    228 13 11 31.095559 13 11 31.104749 8700
    229 13 11 31.105555 13 11 31.114761 8700
    230 13 11 31.115556 13 11 31.124755 8700
    231 13 11 31.125554 13 11 31.134793 8700
    232 13 11 31.135555 13 11 31.144739 8700
    233 13 11 31.145548 13 11 31.154810 8700
    234 13 11 31.155650 13 11 31.166408 8700
    235 13 11 31.165559 13 11 31.174911 8700
    236 13 11 31.175623 13 11 31.184975 8700
    237 13 11 31.185620 13 11 31.195080 8700
    238 13 11 31.195623 13 11 31.204993 8700
    239 13 11 31.205505 13 11 31.215147 8700
    240 13 11 31.215623 13 11 31.224963 8700
    241 13 11 31.225619 13 11 31.235019 8700
    242 13 11 31.235627 13 11 31.245094 8700
    243 13 11 31.245623 13 11 31.255053 8700
    244 13 11 31.255621 13 11 31.265084 8700
    245 13 11 31.265633 13 11 31.275044 8700
    246 13 11 31.275642 13 11 31.285064 8700
    247 13 11 31.285622 13 11 31.294986 8700
    248 13 11 31.295548 13 11 31.304735 8700
    249 13 11 31.305555 13 11 31.314776 8700
    250 13 11 31.315556 13 11 31.331842 8700
    251 13 11 31.325575 13 11 31.338142 8700
    252 13 11 31.335606 13 11 31.345399 8700
    253 13 11 31.345570 13 11 31.354950 8700
    254 13 11 31.355568 13 11 31.366253 8700
    255 13 11 31.365642 13 11 31.375244 8700
    256 13 11 31.375606 13 11 31.384900 8700
    257 13 11 31.385608 13 11 31.395042 8700
    258 13 11 31.395603 13 11 31.405004 8700
    259 13 11 31.405549 13 11 31.415499 8700
    260 13 11 31.415579 13 11 31.424951 8700
    261 13 11 31.425633 13 11 31.434947 8700
    262 13 11 31.435618 13 11 31.445001 8700
    263 13 11 31.445592 13 11 31.454959 8700
    264 13 11 31.455628 13 11 31.465060 8700
    265 13 11 31.465620 13 11 31.475025 8700
    266 13 11 31.475619 13 11 31.485682 8700
    267 13 11 31.485638 13 11 31.495684 8700
    268 13 11 31.495573 13 11 31.504750 8700
    269 13 11 31.505555 13 11 31.514749 8700
    270 13 11 31.515567 13 11 31.525732 8700
    271 13 11 31.525573 13 11 31.534828 8700
    272 13 11 31.535555 13 11 31.544740 8700
    273 13 11 31.545604 13 11 31.554870 8700
    274 13 11 31.555651 13 11 31.565390 8700
    275 13 11 31.565636 13 11 31.575146 8700
    276 13 11 31.575690 13 11 31.585114 8700
    277 13 11 31.585616 13 11 31.595055 8700
    278 13 11 31.595624 13 11 31.605053 8700
    279 13 11 31.605606 13 11 31.615798 8700
    280 13 11 31.615621 13 11 31.625147 8700
    281 13 11 31.625633 13 11 31.635684 8700
    282 13 11 31.635615 13 11 31.645058 8700
    283 13 11 31.645662 13 11 31.655046 8700
    284 13 11 31.655619 13 11 31.665060 8700
    285 13 11 31.665625 13 11 31.675042 8700
    286 13 11 31.675622 13 11 31.685741 8700
    287 13 11 31.685577 13 11 31.694793 8700
    288 13 11 31.695555 13 11 31.704746 8700
    289 13 11 31.705621 13 11 31.715755 8700
    290 13 11 31.715551 13 11 31.725851 8700
    291 13 11 31.725563 13 11 31.734754 8700
    292 13 11 31.735565 13 11 31.744758 8700
    293 13 11 31.745556 13 11 31.754895 8700
    294 13 11 31.755580 13 11 31.765823 8700
    295 13 11 31.765755 13 11 31.775324 8700
    296 13 11 31.775642 13 11 31.785001 8700
    297 13 11 31.785640 13 11 31.795045 8700
    298 13 11 31.795629 13 11 31.805036 8700
    299 13 11 31.805561 13 11 31.815706 8700
    300 13 11 31.815612 13 11 31.830978 8700
    301 13 11 31.825641 13 11 31.838232 8700
    302 13 11 31.835591 13 11 31.845919 8700
    303 13 11 31.845644 13 11 31.855135 8700
    304 13 11 31.855620 13 11 31.865034 8700
    305 13 11 31.865622 13 11 31.875129 8700
    306 13 11 31.875637 13 11 31.885000 8700
    307 13 11 31.885580 13 11 31.895770 8700
    308 13 11 31.895559 13 11 31.904765 8700
    309 13 11 31.905553 13 11 31.914764 8700
    310 13 11 31.915561 13 11 31.924752 8700
    311 13 11 31.925554 13 11 31.934771 8700
    312 13 11 31.935555 13 11 31.944731 8700
    313 13 11 31.945584 13 11 31.955736 8700
    314 13 11 31.955608 13 11 31.965263 8700
    315 13 11 31.965643 13 11 31.975073 8700
    316 13 11 31.975626 13 11 31.984992 8700
    317 13 11 31.985617 13 11 31.995159 8700
    318 13 11 31.995561 13 11 32.004992 8700
    319 13 11 32.005625 13 11 32.015591 8700
    320 13 11 32.015619 13 11 32.026792 8700
    321 13 11 32.025666 13 11 32.035657 8700
    322 13 11 32.035595 13 11 32.045071 8700
    323 13 11 32.045630 13 11 32.055025 8700
    324 13 11 32.055576 13 11 32.065795 8700
    325 13 11 32.065731 13 11 32.075218 8700
    326 13 11 32.075642 13 11 32.085146 8700
    327 13 11 32.085630 13 11 32.095024 8700
    328 13 11 32.095621 13 11 32.105086 8700
    329 13 11 32.105556 13 11 32.114750 8700
    330 13 11 32.115557 13 11 32.124777 8700
    331 13 11 32.125560 13 11 32.134807 8700
    332 13 11 32.135607 13 11 32.144826 8700
    333 13 11 32.145547 13 11 32.154738 8700
    334 13 11 32.155619 13 11 32.165913 8700
    335 13 11 32.165624 13 11 32.175029 8700
    336 13 11 32.175621 13 11 32.185054 8700
    337 13 11 32.185633 13 11 32.195014 8700
    338 13 11 32.195616 13 11 32.205120 8700
    339 13 11 32.205627 13 11 32.216518 8700
    340 13 11 32.215595 13 11 32.225808 8700
    341 13 11 32.225569 13 11 32.235899 8700
    342 13 11 32.235602 13 11 32.245094 8700
    343 13 11 32.245643 13 11 32.255355 8700
    344 13 11 32.255645 13 11 32.265064 8700
    345 13 11 32.265579 13 11 32.275030 8700
    346 13 11 32.275627 13 11 32.284908 8700
    347 13 11 32.285631 13 11 32.295028 8700
    348 13 11 32.295654 13 11 32.305106 8700
    349 13 11 32.305557 13 11 32.315067 8700
    350 13 11 32.315556 13 11 32.330716 8700
    351 13 11 32.325561 13 11 32.338098 8700
    352 13 11 32.335569 13 11 32.345412 8700
    353 13 11 32.345570 13 11 32.354914 8700
    354 13 11 32.355693 13 11 32.365108 8700
    355 13 11 32.365625 13 11 32.375951 8700
    356 13 11 32.375675 13 11 32.385128 8700
    357 13 11 32.385638 13 11 32.395086 8700
    358 13 11 32.395645 13 11 32.405836 8700
    359 13 11 32.405723 13 11 32.415702 8700
    360 13 11 32.415537 13 11 32.425468 8700
    361 13 11 32.425649 13 11 32.436835 8700
    362 13 11 32.435679 13 11 32.445149 8700
    363 13 11 32.445635 13 11 32.455086 8700
    364 13 11 32.455620 13 11 32.464939 8700
    365 13 11 32.465566 13 11 32.474991 8700
    366 13 11 32.475555 13 11 32.484943 8700
    367 13 11 32.485624 13 11 32.495133 8700
    368 13 11 32.495618 13 11 32.505003 8700
    369 13 11 32.505558 13 11 32.514761 8700
    370 13 11 32.515554 13 11 32.524731 8700
    371 13 11 32.525556 13 11 32.534744 8700
    372 13 11 32.535583 13 11 32.544848 8700
    373 13 11 32.545557 13 11 32.554752 8700
    374 13 11 32.555559 13 11 32.565790 8700
    375 13 11 32.565621 13 11 32.574970 8700
    376 13 11 32.575617 13 11 32.585042 8700
    377 13 11 32.585616 13 11 32.594966 8700
    378 13 11 32.595592 13 11 32.604978 8700
    379 13 11 32.605570 13 11 32.616573 8700
    380 13 11 32.616104 13 11 32.625610 8700
    381 13 11 32.625642 13 11 32.635643 8700
    382 13 11 32.635576 13 11 32.645046 8700
    383 13 11 32.645648 13 11 32.655082 8700
    384 13 11 32.655560 13 11 32.665222 8700
    385 13 11 32.665674 13 11 32.675421 8700
    386 13 11 32.675584 13 11 32.684998 8700
    387 13 11 32.685633 13 11 32.694890 8700
    388 13 11 32.695556 13 11 32.704757 8700
    389 13 11 32.705554 13 11 32.714734 8700
    390 13 11 32.715598 13 11 32.724857 8700
    391 13 11 32.725543 13 11 32.734701 8700
    392 13 11 32.735565 13 11 32.744827 8700
    393 13 11 32.745556 13 11 32.754730 8700
    394 13 11 32.755595 13 11 32.765903 8700
    395 13 11 32.765833 13 11 32.775415 8700
    396 13 11 32.775562 13 11 32.784909 8700
    397 13 11 32.785628 13 11 32.795113 8700
    398 13 11 32.795628 13 11 32.805663 8700
    399 13 11 32.805599 13 11 32.815463 8700
    400 13 11 32.815589 13 11 32.830902 8700
    401 13 11 32.825622 13 11 32.838408 8700
    402 13 11 32.835737 13 11 32.845604 8700
    403 13 11 32.845636 13 11 32.855049 8700
    404 13 11 32.855623 13 11 32.865406 8700
    405 13 11 32.865544 13 11 32.874867 8700
    406 13 11 32.875619 13 11 32.885010 8700
    407 13 11 32.885624 13 11 32.895054 8700
    408 13 11 32.895623 13 11 32.905037 8700
    409 13 11 32.905622 13 11 32.914824 8700
    410 13 11 32.915556 13 11 32.924742 8700
    411 13 11 32.925556 13 11 32.934790 8700
    412 13 11 32.935554 13 11 32.944732 8700
    413 13 11 32.945588 13 11 32.954751 8700
    414 13 11 32.955558 13 11 32.965763 8700
    415 13 11 32.965595 13 11 32.975451 8700
    416 13 11 32.975594 13 11 32.985157 8700
    417 13 11 32.985670 13 11 32.995294 8700
    418 13 11 32.995649 13 11 33.005133 8700
    419 13 11 33.005622 13 11 33.016177 8700
    420 13 11 33.015748 13 11 33.026909 8700
    421 13 11 33.025694 13 11 33.035809 8700
    422 13 11 33.035621 13 11 33.045082 8700
    423 13 11 33.045726 13 11 33.055124 8700
    424 13 11 33.055624 13 11 33.065376 8700
    425 13 11 33.065629 13 11 33.075015 8700
    426 13 11 33.075614 13 11 33.085078 8700
    427 13 11 33.085585 13 11 33.095019 8700
    428 13 11 33.095627 13 11 33.105125 8700
    429 13 11 33.105618 13 11 33.115051 8700
    430 13 11 33.115558 13 11 33.124786 8700
    431 13 11 33.125556 13 11 33.134763 8700
    432 13 11 33.135553 13 11 33.144745 8700
    433 13 11 33.145543 13 11 33.154733 8700
    434 13 11 33.155549 13 11 33.165278 8700
    435 13 11 33.165602 13 11 33.175055 8700
    436 13 11 33.175668 13 11 33.185161 8700
    437 13 11 33.185696 13 11 33.195247 8700
    438 13 11 33.195619 13 11 33.204998 8700
    439 13 11 33.205610 13 11 33.215054 8700
    440 13 11 33.215820 13 11 33.226108 8700
    441 13 11 33.226042 13 11 33.235742 8700
    442 13 11 33.235661 13 11 33.245184 8700
    443 13 11 33.245688 13 11 33.255097 8700
    444 13 11 33.255622 13 11 33.265095 8700
    445 13 11 33.265625 13 11 33.274952 8700
    446 13 11 33.275654 13 11 33.286448 8700
    447 13 11 33.286391 13 11 33.296425 8700
    448 13 11 33.295605 13 11 33.304946 8700
    449 13 11 33.305661 13 11 33.316204 8700
    450 13 11 33.315595 13 11 33.330911 8700
    451 13 11 33.325592 13 11 33.338225 8700
    452 13 11 33.335572 13 11 33.345734 8700
    453 13 11 33.345537 13 11 33.354922 8700
    454 13 11 33.355558 13 11 33.365831 8700
    455 13 11 33.365667 13 11 33.375697 8700
    456 13 11 33.375635 13 11 33.385001 8700
    457 13 11 33.385620 13 11 33.394942 8700
    458 13 11 33.395620 13 11 33.404918 8700
    459 13 11 33.405611 13 11 33.414957 8700
    460 13 11 33.415557 13 11 33.424925 8700
    461 13 11 33.425570 13 11 33.436050 8700
    462 13 11 33.435586 13 11 33.445495 8700
    463 13 11 33.445577 13 11 33.455686 8700
    464 13 11 33.455589 13 11 33.465046 8700
    465 13 11 33.465623 13 11 33.475006 8700
    466 13 11 33.475627 13 11 33.485078 8700
    467 13 11 33.485624 13 11 33.494953 8700
    468 13 11 33.495618 13 11 33.504944 8700
    469 13 11 33.505563 13 11 33.514780 8700
    470 13 11 33.515555 13 11 33.524709 8700
    471 13 11 33.525588 13 11 33.534802 8700
    472 13 11 33.535555 13 11 33.544736 8700
    473 13 11 33.545555 13 11 33.554836 8700
    474 13 11 33.555557 13 11 33.565395 8700
    475 13 11 33.565762 13 11 33.575431 8700
    476 13 11 33.575612 13 11 33.585036 8700
    477 13 11 33.585625 13 11 33.595104 8700
    478 13 11 33.595582 13 11 33.605063 8700
    479 13 11 33.605592 13 11 33.614916 8700
    480 13 11 33.615566 13 11 33.624881 8700
    481 13 11 33.625621 13 11 33.635728 8700
    482 13 11 33.635618 13 11 33.645181 8700
    483 13 11 33.645614 13 11 33.655366 8700
    484 13 11 33.655630 13 11 33.665849 8700
    485 13 11 33.665613 13 11 33.675099 8700
    486 13 11 33.675669 13 11 33.685240 8700
    487 13 11 33.685679 13 11 33.695230 8700
    488 13 11 33.695681 13 11 33.705146 8700
    489 13 11 33.705623 13 11 33.715124 8700
    490 13 11 33.715662 13 11 33.724960 8700
    491 13 11 33.725569 13 11 33.734766 8700
    492 13 11 33.735557 13 11 33.744858 8700
    493 13 11 33.745542 13 11 33.754756 8700
    494 13 11 33.755560 13 11 33.766832 8700
    495 13 11 33.765667 13 11 33.776474 8700
    496 13 11 33.776026 13 11 33.785457 8700
    497 13 11 33.785662 13 11 33.795099 8700
    498 13 11 33.795623 13 11 33.805055 8700
    499 13 11 33.805624 13 11 33.814945 8700
    500 13 11 33.815556 13 11 33.831086 8700
    501 13 11 33.825628 13 11 33.838253 8700
    502 13 11 33.835582 13 11 33.845455 8700
    503 13 11 33.845562 13 11 33.855077 8700
    504 13 11 33.855631 13 11 33.865149 8700
    505 13 11 33.865622 13 11 33.874940 8700
    506 13 11 33.875616 13 11 33.885091 8700
    507 13 11 33.885612 13 11 33.895097 8700
    508 13 11 33.895628 13 11 33.905039 8700
    509 13 11 33.905588 13 11 33.914968 8700
    510 13 11 33.915554 13 11 33.924773 8700
    511 13 11 33.925544 13 11 33.934753 8700
    512 13 11 33.935564 13 11 33.944952 8700
    513 13 11 33.945552 13 11 33.954827 8700
    514 13 11 33.955565 13 11 33.965891 8700
    515 13 11 33.965774 13 11 33.975991 8700
    516 13 11 33.975620 13 11 33.985039 8700
    517 13 11 33.985636 13 11 33.995012 8700
    518 13 11 33.995629 13 11 34.005116 8700
    519 13 11 34.005625 13 11 34.015062 8700
    520 13 11 34.015574 13 11 34.025111 8700
    521 13 11 34.025632 13 11 34.036414 8700
    522 13 11 34.035621 13 11 34.045259 8700
    523 13 11 34.045664 13 11 34.055053 8700
    524 13 11 34.055615 13 11 34.065114 8700
    525 13 11 34.065623 13 11 34.075097 8700
    526 13 11 34.075620 13 11 34.085008 8700
    527 13 11 34.085617 13 11 34.095077 8700
    528 13 11 34.095579 13 11 34.104899 8700
    529 13 11 34.105556 13 11 34.114749 8700
    530 13 11 34.115557 13 11 34.124786 8700
    531 13 11 34.125560 13 11 34.134796 8700
    532 13 11 34.135570 13 11 34.144812 8700
    533 13 11 34.145570 13 11 34.154797 8700
    534 13 11 34.155563 13 11 34.166941 8700
    535 13 11 34.166421 13 11 34.176188 8700
    536 13 11 34.175654 13 11 34.184933 8700
    537 13 11 34.185558 13 11 34.195107 8700
    538 13 11 34.195642 13 11 34.205055 8700
    539 13 11 34.205624 13 11 34.215007 8700
    540 13 11 34.215558 13 11 34.224831 8700
    541 13 11 34.225580 13 11 34.235317 8700
    542 13 11 34.235565 13 11 34.245072 8700
    543 13 11 34.245576 13 11 34.254995 8700
    544 13 11 34.255616 13 11 34.265040 8700
    545 13 11 34.265622 13 11 34.274912 8700
    546 13 11 34.275678 13 11 34.285150 8700
    547 13 11 34.285580 13 11 34.294953 8700
    548 13 11 34.295577 13 11 34.305050 8700
    549 13 11 34.305616 13 11 34.314846 8700
    550 13 11 34.315561 13 11 34.330756 8700
    551 13 11 34.325557 13 11 34.338197 8700
    552 13 11 34.335546 13 11 34.345429 8700
    553 13 11 34.345576 13 11 34.354793 8700
    554 13 11 34.355562 13 11 34.366087 8700
    555 13 11 34.365586 13 11 34.375342 8700
    556 13 11 34.375619 13 11 34.384931 8700
    557 13 11 34.385610 13 11 34.394978 8700
    558 13 11 34.395577 13 11 34.404989 8700
    559 13 11 34.405566 13 11 34.414760 8700
    560 13 11 34.415556 13 11 34.424813 8700
    561 13 11 34.425562 13 11 34.435360 8700
    562 13 11 34.435631 13 11 34.445064 8700
    563 13 11 34.445577 13 11 34.454980 8700
    564 13 11 34.455548 13 11 34.464953 8700
    565 13 11 34.465620 13 11 34.475065 8700
    566 13 11 34.475557 13 11 34.484951 8700
    567 13 11 34.485635 13 11 34.495029 8700
    568 13 11 34.495634 13 11 34.505152 8700
    569 13 11 34.505549 13 11 34.514710 8700
    570 13 11 34.515588 13 11 34.524847 8700
    571 13 11 34.525548 13 11 34.534737 8700
    572 13 11 34.535555 13 11 34.544803 8700
    573 13 11 34.545555 13 11 34.554738 8700
    574 13 11 34.555557 13 11 34.565727 8700
    575 13 11 34.565613 13 11 34.575395 8700
    576 13 11 34.575619 13 11 34.584983 8700
    577 13 11 34.585686 13 11 34.595933 8700
    578 13 11 34.595629 13 11 34.605026 8700
    579 13 11 34.605626 13 11 34.615156 8700
    580 13 11 34.615580 13 11 34.624890 8700
    581 13 11 34.625588 13 11 34.635925 8700
    582 13 11 34.635679 13 11 34.645409 8700
    583 13 11 34.645628 13 11 34.655081 8700
    584 13 11 34.655670 13 11 34.665228 8700
    585 13 11 34.665638 13 11 34.675868 8700
    586 13 11 34.675649 13 11 34.685116 8700
    587 13 11 34.685640 13 11 34.695143 8700
    588 13 11 34.695570 13 11 34.705387 8700
    589 13 11 34.705683 13 11 34.715344 8700
    590 13 11 34.715598 13 11 34.724868 8700
    591 13 11 34.725563 13 11 34.734819 8700
    592 13 11 34.735559 13 11 34.744799 8700
    593 13 11 34.745584 13 11 34.754815 8700
    594 13 11 34.755567 13 11 34.765607 8700
    595 13 11 34.765546 13 11 34.776595 8700
    596 13 11 34.775604 13 11 34.785018 8700
    597 13 11 34.785626 13 11 34.795028 8700
    598 13 11 34.795622 13 11 34.804941 8700
    599 13 11 34.805613 13 11 34.815010 8700
    600 13 11 34.815558 13 11 34.831809 8700
    601 13 11 34.825667 13 11 34.840193 8700
    602 13 11 34.836292 13 11 34.847301 8700
    603 13 11 34.845641 13 11 34.855066 8700
    604 13 11 34.855558 13 11 34.864865 8700
    605 13 11 34.865622 13 11 34.875034 8700
    606 13 11 34.875625 13 11 34.885021 8700
    607 13 11 34.885629 13 11 34.895136 8700
    608 13 11 34.895617 13 11 34.905090 8700
    609 13 11 34.905617 13 11 34.915033 8700
    610 13 11 34.915579 13 11 34.924785 8700
    611 13 11 34.925587 13 11 34.934820 8700
    612 13 11 34.935555 13 11 34.944738 8700
    613 13 11 34.945559 13 11 34.954740 8700
    614 13 11 34.955561 13 11 34.965690 8700
    615 13 11 34.965623 13 11 34.975827 8700
    616 13 11 34.975639 13 11 34.985061 8700
    617 13 11 34.985643 13 11 34.994984 8700
    618 13 11 34.995615 13 11 35.005056 8700
    619 13 11 35.005617 13 11 35.014941 8700
    620 13 11 35.015565 13 11 35.024763 8700
    621 13 11 35.025683 13 11 35.036752 8700
    622 13 11 35.036372 13 11 35.045929 8700
    623 13 11 35.045681 13 11 35.055128 8700
    624 13 11 35.055615 13 11 35.065637 8700
    625 13 11 35.065578 13 11 35.075037 8700
    626 13 11 35.075614 13 11 35.084994 8700
    627 13 11 35.085625 13 11 35.095090 8700
    628 13 11 35.095618 13 11 35.105009 8700
    629 13 11 35.105625 13 11 35.114899 8700
    630 13 11 35.115568 13 11 35.124752 8700
    631 13 11 35.125554 13 11 35.134754 8700
    632 13 11 35.135564 13 11 35.144767 8700
    633 13 11 35.145555 13 11 35.154739 8700
    634 13 11 35.155557 13 11 35.164853 8700
    635 13 11 35.165565 13 11 35.176448 8700
    636 13 11 35.175642 13 11 35.185142 8700
    637 13 11 35.185662 13 11 35.195031 8700
    638 13 11 35.195619 13 11 35.205094 8700
    639 13 11 35.205626 13 11 35.214944 8700
    640 13 11 35.215556 13 11 35.224742 8700
    641 13 11 35.225661 13 11 35.235781 8700
    642 13 11 35.235712 13 11 35.245140 8700
    643 13 11 35.245632 13 11 35.255096 8700
    644 13 11 35.255620 13 11 35.265141 8700
    645 13 11 35.265630 13 11 35.275157 8700
    646 13 11 35.275643 13 11 35.285085 8700
    647 13 11 35.285620 13 11 35.294938 8700
    648 13 11 35.295610 13 11 35.304962 8700
    649 13 11 35.305584 13 11 35.314943 8700
    650 13 11 35.315542 13 11 35.330722 8700
    651 13 11 35.325589 13 11 35.338154 8700
    652 13 11 35.335503 13 11 35.345379 8700
    653 13 11 35.345602 13 11 35.354846 8700
    654 13 11 35.355632 13 11 35.365757 8700
    655 13 11 35.365692 13 11 35.376652 8700
    656 13 11 35.376252 13 11 35.385680 8700
    657 13 11 35.385620 13 11 35.395099 8700
    658 13 11 35.395639 13 11 35.405239 8700
    659 13 11 35.405569 13 11 35.414771 8700
    660 13 11 35.415556 13 11 35.424748 8700
    661 13 11 35.425507 13 11 35.435060 8700
    662 13 11 35.435665 13 11 35.444955 8700
    663 13 11 35.445619 13 11 35.454926 8700
    664 13 11 35.455626 13 11 35.465000 8700
    665 13 11 35.465622 13 11 35.475099 8700
    666 13 11 35.475555 13 11 35.484909 8700
    667 13 11 35.485633 13 11 35.495032 8700
    668 13 11 35.495606 13 11 35.505136 8700
    669 13 11 35.505631 13 11 35.515177 8700
    670 13 11 35.515557 13 11 35.524768 8700
    671 13 11 35.525556 13 11 35.534744 8700
    672 13 11 35.535555 13 11 35.544767 8700
    673 13 11 35.545555 13 11 35.554741 8700
    674 13 11 35.555559 13 11 35.564872 8700
    675 13 11 35.566817 13 11 35.576576 8700
    676 13 11 35.575647 13 11 35.584977 8700
    677 13 11 35.585607 13 11 35.595069 8700
    678 13 11 35.595636 13 11 35.605021 8700
    679 13 11 35.605643 13 11 35.614915 8700
    680 13 11 35.615557 13 11 35.624797 8700
    681 13 11 35.625557 13 11 35.635145 8700
    682 13 11 35.635649 13 11 35.645662 8700
    683 13 11 35.645603 13 11 35.655706 8700
    684 13 11 35.655630 13 11 35.665036 8700
    685 13 11 35.665616 13 11 35.675044 8700
    686 13 11 35.675624 13 11 35.684969 8700
    687 13 11 35.685614 13 11 35.695096 8700
    688 13 11 35.695633 13 11 35.705010 8700
    689 13 11 35.705508 13 11 35.714821 8700
    690 13 11 35.715556 13 11 35.724753 8700
    691 13 11 35.725555 13 11 35.734743 8700
    692 13 11 35.735565 13 11 35.744754 8700
    693 13 11 35.745555 13 11 35.754742 8700
    694 13 11 35.755595 13 11 35.764845 8700
    695 13 11 35.765591 13 11 35.776318 8700
    696 13 11 35.775672 13 11 35.784962 8700
    697 13 11 35.785612 13 11 35.794882 8700
    698 13 11 35.795613 13 11 35.804867 8700
    699 13 11 35.805627 13 11 35.815035 8700
    700 13 11 35.815578 13 11 35.831175 8700
    701 13 11 35.825544 13 11 35.838681 8700
    702 13 11 35.835562 13 11 35.845725 8700
    703 13 11 35.845658 13 11 35.855761 8700
    704 13 11 35.855558 13 11 35.864888 8700
    705 13 11 35.865623 13 11 35.874972 8700
    706 13 11 35.875557 13 11 35.884918 8700
    707 13 11 35.885579 13 11 35.895133 8700
    708 13 11 35.895673 13 11 35.905067 8700
    709 13 11 35.905628 13 11 35.914982 8700
    710 13 11 35.915557 13 11 35.924765 8700
    711 13 11 35.925581 13 11 35.934888 8700
    712 13 11 35.935560 13 11 35.944763 8700
    713 13 11 35.945537 13 11 35.954731 8700
    714 13 11 35.955595 13 11 35.965068 8700
    715 13 11 35.965578 13 11 35.975417 8700
    716 13 11 35.975568 13 11 35.984951 8700
    717 13 11 35.985622 13 11 35.995027 8700
    718 13 11 35.995618 13 11 36.005009 8700
    719 13 11 36.005611 13 11 36.015022 8700
    720 13 11 36.015503 13 11 36.024743 8700
    721 13 11 36.025556 13 11 36.035499 8700
    722 13 11 36.035629 13 11 36.045360 8700
    723 13 11 36.045636 13 11 36.055191 8700
    724 13 11 36.055627 13 11 36.065230 8700
    725 13 11 36.065587 13 11 36.075777 8700
    726 13 11 36.075563 13 11 36.084941 8700
    727 13 11 36.085554 13 11 36.094942 8700
    728 13 11 36.095624 13 11 36.105007 8700
    729 13 11 36.105634 13 11 36.114967 8700
    730 13 11 36.115560 13 11 36.124749 8700
    731 13 11 36.125554 13 11 36.134746 8700
    732 13 11 36.135553 13 11 36.144742 8700
    733 13 11 36.145555 13 11 36.154769 8700
    734 13 11 36.155560 13 11 36.164926 8700
    735 13 11 36.165629 13 11 36.175494 8700
    736 13 11 36.175589 13 11 36.185197 8700
    737 13 11 36.185589 13 11 36.194955 8700
    738 13 11 36.195624 13 11 36.205101 8700
    739 13 11 36.205545 13 11 36.214950 8700
    740 13 11 36.215558 13 11 36.224932 8700
    741 13 11 36.225569 13 11 36.236139 8700
    742 13 11 36.236051 13 11 36.245981 8700
    743 13 11 36.245646 13 11 36.255014 8700
    744 13 11 36.255585 13 11 36.265417 8700
    745 13 11 36.265684 13 11 36.275118 8700
    746 13 11 36.275621 13 11 36.285133 8700
    747 13 11 36.285567 13 11 36.294958 8700
    748 13 11 36.295619 13 11 36.305177 8700
    749 13 11 36.305622 13 11 36.316316 8700
    750 13 11 36.316115 13 11 36.331347 8700
    751 13 11 36.325639 13 11 36.338746 8700
    752 13 11 36.335560 13 11 36.345992 8700
    753 13 11 36.345525 13 11 36.354810 8700
    754 13 11 36.355584 13 11 36.365085 8700
    755 13 11 36.365668 13 11 36.375149 8700
    756 13 11 36.375602 13 11 36.385140 8700
    757 13 11 36.385696 13 11 36.395304 8700
    758 13 11 36.395775 13 11 36.405189 8700
    759 13 11 36.405625 13 11 36.415112 8700
    760 13 11 36.415613 13 11 36.425246 8700
    761 13 11 36.426524 13 11 36.436225 8700
    762 13 11 36.435605 13 11 36.445211 8700
    763 13 11 36.445633 13 11 36.455136 8700
    764 13 11 36.455626 13 11 36.465097 8700
    765 13 11 36.465626 13 11 36.475020 8700
    766 13 11 36.475605 13 11 36.485061 8700
    767 13 11 36.485624 13 11 36.495956 8700
    768 13 11 36.495614 13 11 36.505093 8700
    769 13 11 36.505546 13 11 36.515005 8700
    770 13 11 36.515548 13 11 36.524771 8700
    771 13 11 36.525543 13 11 36.534818 8700
    772 13 11 36.535556 13 11 36.544786 8700
    773 13 11 36.545549 13 11 36.554816 8700
    774 13 11 36.555584 13 11 36.564867 8700
    775 13 11 36.565589 13 11 36.576095 8700
    776 13 11 36.575670 13 11 36.585034 8700
    777 13 11 36.585569 13 11 36.594996 8700
    778 13 11 36.595561 13 11 36.604990 8700
    779 13 11 36.605580 13 11 36.614905 8700
    780 13 11 36.615642 13 11 36.624896 8700
    781 13 11 36.625557 13 11 36.635441 8700
    782 13 11 36.635593 13 11 36.645359 8700
    783 13 11 36.645637 13 11 36.655163 8700
    784 13 11 36.655662 13 11 36.665908 8700
    785 13 11 36.665667 13 11 36.675120 8700
    786 13 11 36.675628 13 11 36.685074 8700
    787 13 11 36.685634 13 11 36.695076 8700
    788 13 11 36.695624 13 11 36.705013 8700
    789 13 11 36.705621 13 11 36.715031 8700
    790 13 11 36.715561 13 11 36.724787 8700
    791 13 11 36.725558 13 11 36.734842 8700
    792 13 11 36.735574 13 11 36.744790 8700
    793 13 11 36.745558 13 11 36.754855 8700
    794 13 11 36.755654 13 11 36.764949 8700
    795 13 11 36.765689 13 11 36.775919 8700
    796 13 11 36.775559 13 11 36.784998 8700
    797 13 11 36.785671 13 11 36.795025 8700
    798 13 11 36.795633 13 11 36.805056 8700
    799 13 11 36.805608 13 11 36.815030 8700
    800 13 11 36.815559 13 11 36.830834 8700
    801 13 11 36.825561 13 11 36.838692 8700
    802 13 11 36.835599 13 11 36.846085 8700
    803 13 11 36.845616 13 11 36.854965 8700
    804 13 11 36.855615 13 11 36.864986 8700
    805 13 11 36.865578 13 11 36.874946 8700
    806 13 11 36.875632 13 11 36.885089 8700
    807 13 11 36.885615 13 11 36.894967 8700
    808 13 11 36.895620 13 11 36.905009 8700
    809 13 11 36.905558 13 11 36.915795 8700
    810 13 11 36.915560 13 11 36.924754 8700
    811 13 11 36.925556 13 11 36.934767 8700
    812 13 11 36.935555 13 11 36.944775 8700
    813 13 11 36.945579 13 11 36.954819 8700
    814 13 11 36.955559 13 11 36.964894 8700
    815 13 11 36.965569 13 11 36.975686 8700
    816 13 11 36.975619 13 11 36.985103 8700
    817 13 11 36.985627 13 11 36.995972 8700
    818 13 11 36.995694 13 11 37.005113 8700
    819 13 11 37.005589 13 11 37.015017 8700
    820 13 11 37.015568 13 11 37.024762 8700
    821 13 11 37.025556 13 11 37.035516 8700
    822 13 11 37.035859 13 11 37.045448 8700
    823 13 11 37.045665 13 11 37.055855 8700
    824 13 11 37.055700 13 11 37.065075 8700
    825 13 11 37.065618 13 11 37.075015 8700
    826 13 11 37.075623 13 11 37.085129 8700
    827 13 11 37.085644 13 11 37.095123 8700
    828 13 11 37.095615 13 11 37.105052 8700
    829 13 11 37.105623 13 11 37.114938 8700
    830 13 11 37.115560 13 11 37.124747 8700
    831 13 11 37.125557 13 11 37.134771 8700
    832 13 11 37.135556 13 11 37.144745 8700
    833 13 11 37.145556 13 11 37.154769 8700
    834 13 11 37.155555 13 11 37.164822 8700
    835 13 11 37.165677 13 11 37.175648 8700
    836 13 11 37.175584 13 11 37.184997 8700
    837 13 11 37.185639 13 11 37.195157 8700
    838 13 11 37.195560 13 11 37.204998 8700
    839 13 11 37.205613 13 11 37.214992 8700
    840 13 11 37.215560 13 11 37.224857 8700
    841 13 11 37.225554 13 11 37.236173 8700
    842 13 11 37.235601 13 11 37.245260 8700
    843 13 11 37.245623 13 11 37.255079 8700
    844 13 11 37.255560 13 11 37.264986 8700
    845 13 11 37.265622 13 11 37.275263 8700
    846 13 11 37.275612 13 11 37.285032 8700
    847 13 11 37.285556 13 11 37.295036 8700
    848 13 11 37.295603 13 11 37.305132 8700
    849 13 11 37.305630 13 11 37.316039 8700
    850 13 11 37.315970 13 11 37.331113 8700
    851 13 11 37.325518 13 11 37.338456 8700
    852 13 11 37.335557 13 11 37.345818 8700
    853 13 11 37.345559 13 11 37.354748 8700
    854 13 11 37.355558 13 11 37.364843 8700
    855 13 11 37.365634 13 11 37.375968 8700
    856 13 11 37.375672 13 11 37.385148 8700
    857 13 11 37.385632 13 11 37.394981 8700
    858 13 11 37.395575 13 11 37.405900 8700
    859 13 11 37.405667 13 11 37.416196 8700
    860 13 11 37.415894 13 11 37.425133 8700
    861 13 11 37.425573 13 11 37.434958 8700
    862 13 11 37.435597 13 11 37.445985 8700
    863 13 11 37.445639 13 11 37.455482 8700
    864 13 11 37.455616 13 11 37.465125 8700
    865 13 11 37.465597 13 11 37.475186 8700
    866 13 11 37.475675 13 11 37.485045 8700
    867 13 11 37.485621 13 11 37.495091 8700
    868 13 11 37.495632 13 11 37.505310 8700
    869 13 11 37.505636 13 11 37.515706 8700
    870 13 11 37.515636 13 11 37.525064 8700
    871 13 11 37.525565 13 11 37.534852 8700
    872 13 11 37.535544 13 11 37.544704 8700
    873 13 11 37.545589 13 11 37.556097 8700
    874 13 11 37.555587 13 11 37.564888 8700
    875 13 11 37.565567 13 11 37.575218 8700
    876 13 11 37.575561 13 11 37.585706 8700
    877 13 11 37.585583 13 11 37.595041 8700
    878 13 11 37.595619 13 11 37.605027 8700
    879 13 11 37.605688 13 11 37.615186 8700
    880 13 11 37.615676 13 11 37.625126 8700
    881 13 11 37.625591 13 11 37.636628 8700
    882 13 11 37.635601 13 11 37.646045 8700
    883 13 11 37.645679 13 11 37.655197 8700
    884 13 11 37.655619 13 11 37.665052 8700
    885 13 11 37.665671 13 11 37.675274 8700
    886 13 11 37.675631 13 11 37.685817 8700
    887 13 11 37.685561 13 11 37.694971 8700
    888 13 11 37.695618 13 11 37.705326 8700
    889 13 11 37.705679 13 11 37.715280 8700
    890 13 11 37.715712 13 11 37.725737 8700
    891 13 11 37.725678 13 11 37.735832 8700
    892 13 11 37.735573 13 11 37.744799 8700
    893 13 11 37.745556 13 11 37.754741 8700
    894 13 11 37.755558 13 11 37.764774 8700
    895 13 11 37.765723 13 11 37.775345 8700
    896 13 11 37.775624 13 11 37.785060 8700
    897 13 11 37.785628 13 11 37.795011 8700
    898 13 11 37.795623 13 11 37.805197 8700
    899 13 11 37.805630 13 11 37.815783 8700
    900 13 11 37.815645 13 11 37.830818 8700
    901 13 11 37.825561 13 11 37.838330 8700
    902 13 11 37.835599 13 11 37.845973 8700
    903 13 11 37.845565 13 11 37.854956 8700
    904 13 11 37.855628 13 11 37.865954 8700
    905 13 11 37.865586 13 11 37.875033 8700
    906 13 11 37.875622 13 11 37.885094 8700
    907 13 11 37.885624 13 11 37.895017 8700
    908 13 11 37.895614 13 11 37.905121 8700
    909 13 11 37.905622 13 11 37.915058 8700
    910 13 11 37.915632 13 11 37.924920 8700
    911 13 11 37.925556 13 11 37.934745 8700
    912 13 11 37.935589 13 11 37.944761 8700
    913 13 11 37.945557 13 11 37.954838 8700
    914 13 11 37.955558 13 11 37.964753 8700
    915 13 11 37.965581 13 11 37.975754 8700
    916 13 11 37.975645 13 11 37.985804 8700
    917 13 11 37.985624 13 11 37.994978 8700
    918 13 11 37.995640 13 11 38.005102 8700
    919 13 11 38.005622 13 11 38.015017 8700
    920 13 11 38.015616 13 11 38.024966 8700
    921 13 11 38.025559 13 11 38.034754 8700
    922 13 11 38.035561 13 11 38.045122 8700
    923 13 11 38.045571 13 11 38.055669 8700
    924 13 11 38.055605 13 11 38.064953 8700
    925 13 11 38.065612 13 11 38.075059 8700
    926 13 11 38.075617 13 11 38.084971 8700
    927 13 11 38.085619 13 11 38.095038 8700
    928 13 11 38.095613 13 11 38.105161 8700
    929 13 11 38.105646 13 11 38.115802 8700
    930 13 11 38.115634 13 11 38.124912 8700
    931 13 11 38.125559 13 11 38.134757 8700
    932 13 11 38.135553 13 11 38.144730 8700
    933 13 11 38.145595 13 11 38.154823 8700
    934 13 11 38.155560 13 11 38.164772 8700
    935 13 11 38.165568 13 11 38.175210 8700
    936 13 11 38.175617 13 11 38.185001 8700
    937 13 11 38.185622 13 11 38.195008 8700
    938 13 11 38.195611 13 11 38.205002 8700
    939 13 11 38.205637 13 11 38.215015 8700
    940 13 11 38.215628 13 11 38.224902 8700
    941 13 11 38.225585 13 11 38.234822 8700
    942 13 11 38.235582 13 11 38.245407 8700
    943 13 11 38.245621 13 11 38.255094 8700
    944 13 11 38.255625 13 11 38.265901 8700
    945 13 11 38.265563 13 11 38.275108 8700
    946 13 11 38.275618 13 11 38.285376 8700
    947 13 11 38.285567 13 11 38.294913 8700
    948 13 11 38.295619 13 11 38.305030 8700
    949 13 11 38.305629 13 11 38.314993 8700
    950 13 11 38.315613 13 11 38.331034 8700
    951 13 11 38.325560 13 11 38.338211 8700
    952 13 11 38.335552 13 11 38.345619 8700
    953 13 11 38.345559 13 11 38.354787 8700
    954 13 11 38.355570 13 11 38.364787 8700
    955 13 11 38.365569 13 11 38.376609 8700
    956 13 11 38.376071 13 11 38.385745 8700
    957 13 11 38.385683 13 11 38.395972 8700
    958 13 11 38.396050 13 11 38.405669 8700
    959 13 11 38.405608 13 11 38.415833 8700
    960 13 11 38.415652 13 11 38.425181 8700
    961 13 11 38.425629 13 11 38.435462 8700
    962 13 11 38.435561 13 11 38.445556 8700
    963 13 11 38.445583 13 11 38.455053 8700
    964 13 11 38.455561 13 11 38.465051 8700
    965 13 11 38.465589 13 11 38.475031 8700
    966 13 11 38.475619 13 11 38.484955 8700
    967 13 11 38.485616 13 11 38.495013 8700
    968 13 11 38.495617 13 11 38.504967 8700
    969 13 11 38.505569 13 11 38.515005 8700
    970 13 11 38.515618 13 11 38.524957 8700
    971 13 11 38.525561 13 11 38.534762 8700
    972 13 11 38.535555 13 11 38.544764 8700
    973 13 11 38.545558 13 11 38.554774 8700
    974 13 11 38.555559 13 11 38.564765 8700
    975 13 11 38.565561 13 11 38.575021 8700
    976 13 11 38.575622 13 11 38.585210 8700
    977 13 11 38.585661 13 11 38.595086 8700
    978 13 11 38.595638 13 11 38.605010 8700
    979 13 11 38.605621 13 11 38.615901 8700
    980 13 11 38.615645 13 11 38.625709 8700
    981 13 11 38.625548 13 11 38.634860 8700
    982 13 11 38.635582 13 11 38.645583 8700
    983 13 11 38.645614 13 11 38.656644 8700
    984 13 11 38.656261 13 11 38.666428 8700
    985 13 11 38.665672 13 11 38.675066 8700
    986 13 11 38.675629 13 11 38.684953 8700
    987 13 11 38.685614 13 11 38.695104 8700
    988 13 11 38.695622 13 11 38.704959 8700
    989 13 11 38.705626 13 11 38.715048 8700
    990 13 11 38.715617 13 11 38.725152 8700
    991 13 11 38.725569 13 11 38.734768 8700
    992 13 11 38.735553 13 11 38.744732 8700
    993 13 11 38.745555 13 11 38.754797 8700
    994 13 11 38.755577 13 11 38.764839 8700
    995 13 11 38.765576 13 11 38.776066 8700
    996 13 11 38.775753 13 11 38.786017 8700
    997 13 11 38.785724 13 11 38.795171 8700
    998 13 11 38.795580 13 11 38.805073 8700
    999 13 11 38.805641 13 11 38.815182 8700
   1000 13 11 38.815615 13 11 38.831232 8700
