      1 13 14 55.626097 13 14 55.637397 10400
      2 13 14 55.636339 13 14 55.646960 10400
      3 13 14 55.646222 13 14 55.656700 10400
      4 13 14 55.656204 13 14 55.666623 10400
      5 13 14 55.666198 13 14 55.676625 10400
      6 13 14 55.676288 13 14 55.686771 10400
      7 13 14 55.686225 13 14 55.696882 10400
      8 13 14 55.696232 13 14 55.706806 10400
      9 13 14 55.706217 13 14 55.716650 10400
     10 13 14 55.716203 13 14 55.726669 10400
     11 13 14 55.726238 13 14 55.736753 10400
     12 13 14 55.736230 13 14 55.746856 10400
     13 13 14 55.746203 13 14 55.756659 10400
     14 13 14 55.756210 13 14 55.766782 10400
     15 13 14 55.766295 13 14 55.777050 10400
     16 13 14 55.776203 13 14 55.787022 10400
     17 13 14 55.786332 13 14 55.796835 10400
     18 13 14 55.796224 13 14 55.806790 10400
     19 13 14 55.806204 13 14 55.816625 10400
     20 13 14 55.816198 13 14 55.826849 10400
     21 13 14 55.826203 13 14 55.836632 10400
     22 13 14 55.836207 13 14 55.846769 10400
     23 13 14 55.846215 13 14 55.856678 10400
     24 13 14 55.856202 13 14 55.867230 10400
     25 13 14 55.866593 13 14 55.877198 10400
     26 13 14 55.876224 13 14 55.886723 10400
     27 13 14 55.886200 13 14 55.896681 10400
     28 13 14 55.896211 13 14 55.906689 10400
     29 13 14 55.906246 13 14 55.916792 10400
     30 13 14 55.916227 13 14 55.926814 10400
     31 13 14 55.926228 13 14 55.936816 10400
     32 13 14 55.936227 13 14 55.946843 10400
     33 13 14 55.946319 13 14 55.956853 10400
     34 13 14 55.956310 13 14 55.966799 10400
     35 13 14 55.966222 13 14 55.976787 10400
     36 13 14 55.976362 13 14 55.986873 10400
     37 13 14 55.986251 13 14 55.996732 10400
     38 13 14 55.996214 13 14 56.006678 10400
     39 13 14 56.006213 13 14 56.016658 10400
     40 13 14 56.016201 13 14 56.026710 10400
     41 13 14 56.026226 13 14 56.036693 10400
     42 13 14 56.036205 13 14 56.046630 10400
     43 13 14 56.046208 13 14 56.056643 10400
     44 13 14 56.056223 13 14 56.066642 10400
     45 13 14 56.066200 13 14 56.076721 10400
     46 13 14 56.076200 13 14 56.086666 10400
     47 13 14 56.086216 13 14 56.096671 10400
     48 13 14 56.096218 13 14 56.106667 10400
     49 13 14 56.106208 13 14 56.116629 10400
     50 13 14 56.116196 13 14 56.132649 10400
     51 13 14 56.126198 13 14 56.141353 10400
     52 13 14 56.136169 13 14 56.150148 10400
     53 13 14 56.146208 13 14 56.158969 10400
     54 13 14 56.156198 13 14 56.167723 10400
     55 13 14 56.166231 13 14 56.176732 10400
     56 13 14 56.176237 13 14 56.186877 10400
     57 13 14 56.186221 13 14 56.196680 10400
     58 13 14 56.196212 13 14 56.206721 10400
     59 13 14 56.206212 13 14 56.216642 10400
     60 13 14 56.216211 13 14 56.226771 10400
     61 13 14 56.226202 13 14 56.236905 10400
     62 13 14 56.236212 13 14 56.246726 10400
     63 13 14 56.246209 13 14 56.256740 10400
     64 13 14 56.256205 13 14 56.266722 10400
     65 13 14 56.266196 13 14 56.276631 10400
     66 13 14 56.276195 13 14 56.286659 10400
     67 13 14 56.286189 13 14 56.296624 10400
     68 13 14 56.296202 13 14 56.306646 10400
     69 13 14 56.306199 13 14 56.316693 10400
     70 13 14 56.316198 13 14 56.326622 10400
     71 13 14 56.326194 13 14 56.336598 10400
     72 13 14 56.336193 13 14 56.346831 10400
     73 13 14 56.346207 13 14 56.356636 10400
     74 13 14 56.356203 13 14 56.366695 10400
     75 13 14 56.366179 13 14 56.376631 10400
     76 13 14 56.376207 13 14 56.386696 10400
     77 13 14 56.386220 13 14 56.396712 10400
     78 13 14 56.396236 13 14 56.406914 10400
     79 13 14 56.406208 13 14 56.416702 10400
     80 13 14 56.416217 13 14 56.426721 10400
     81 13 14 56.426229 13 14 56.437491 10400
     82 13 14 56.436515 13 14 56.446958 10400
     83 13 14 56.446213 13 14 56.456634 10400
     84 13 14 56.456201 13 14 56.466611 10400
     85 13 14 56.466205 13 14 56.476627 10400
     86 13 14 56.476193 13 14 56.486649 10400
     87 13 14 56.486283 13 14 56.496913 10400
     88 13 14 56.496302 13 14 56.506943 10400
     89 13 14 56.506245 13 14 56.516821 10400
     90 13 14 56.516209 13 14 56.526651 10400
     91 13 14 56.526209 13 14 56.536718 10400
     92 13 14 56.536273 13 14 56.546804 10400
     93 13 14 56.546258 13 14 56.556764 10400
     94 13 14 56.556244 13 14 56.566822 10400
     95 13 14 56.566271 13 14 56.576928 10400
     96 13 14 56.576233 13 14 56.586744 10400
     97 13 14 56.586191 13 14 56.596656 10400
     98 13 14 56.596215 13 14 56.606681 10400
     99 13 14 56.606287 13 14 56.616722 10400
    100 13 14 56.616202 13 14 56.632620 10400
    101 13 14 56.626204 13 14 56.641367 10400
    102 13 14 56.636242 13 14 56.650142 10400
    103 13 14 56.646206 13 14 56.658991 10400
    104 13 14 56.656204 13 14 56.669364 10400
    105 13 14 56.666231 13 14 56.677115 10400
    106 13 14 56.676386 13 14 56.686987 10400
    107 13 14 56.686204 13 14 56.696705 10400
    108 13 14 56.696201 13 14 56.706646 10400
    109 13 14 56.706206 13 14 56.716650 10400
    110 13 14 56.716208 13 14 56.728133 10400
    111 13 14 56.727235 13 14 56.737839 10400
    112 13 14 56.736193 13 14 56.746679 10400
    113 13 14 56.746228 13 14 56.756740 10400
    114 13 14 56.756202 13 14 56.766688 10400
    115 13 14 56.766199 13 14 56.776622 10400
    116 13 14 56.776195 13 14 56.786616 10400
    117 13 14 56.786197 13 14 56.796615 10400
    118 13 14 56.796202 13 14 56.806620 10400
    119 13 14 56.806230 13 14 56.816676 10400
    120 13 14 56.816212 13 14 56.826700 10400
    121 13 14 56.826227 13 14 56.836649 10400
    122 13 14 56.836201 13 14 56.846798 10400
    123 13 14 56.846246 13 14 56.856789 10400
    124 13 14 56.856198 13 14 56.866627 10400
    125 13 14 56.866199 13 14 56.876674 10400
    126 13 14 56.876198 13 14 56.886685 10400
    127 13 14 56.886211 13 14 56.896658 10400
    128 13 14 56.896199 13 14 56.906618 10400
    129 13 14 56.906198 13 14 56.916611 10400
    130 13 14 56.916198 13 14 56.926620 10400
    131 13 14 56.926200 13 14 56.936942 10400
    132 13 14 56.936199 13 14 56.946621 10400
    133 13 14 56.946199 13 14 56.956617 10400
    134 13 14 56.956200 13 14 56.966675 10400
    135 13 14 56.966199 13 14 56.976688 10400
    136 13 14 56.976211 13 14 56.986669 10400
    137 13 14 56.986260 13 14 56.996693 10400
    138 13 14 56.996197 13 14 57.006625 10400
    139 13 14 57.006197 13 14 57.016607 10400
    140 13 14 57.016195 13 14 57.026603 10400
    141 13 14 57.026193 13 14 57.036602 10400
    142 13 14 57.036195 13 14 57.046610 10400
    143 13 14 57.046269 13 14 57.056659 10400
    144 13 14 57.056196 13 14 57.066622 10400
    145 13 14 57.066195 13 14 57.076591 10400
    146 13 14 57.076180 13 14 57.086576 10400
    147 13 14 57.086179 13 14 57.096623 10400
    148 13 14 57.096181 13 14 57.106565 10400
    149 13 14 57.106181 13 14 57.116658 10400
    150 13 14 57.116200 13 14 57.132612 10400
    151 13 14 57.126198 13 14 57.141374 10400
    152 13 14 57.136145 13 14 57.150163 10400
    153 13 14 57.146200 13 14 57.159041 10400
    154 13 14 57.156159 13 14 57.167757 10400
    155 13 14 57.166200 13 14 57.176625 10400
    156 13 14 57.176194 13 14 57.186611 10400
    157 13 14 57.186191 13 14 57.196604 10400
    158 13 14 57.196198 13 14 57.206628 10400
    159 13 14 57.206197 13 14 57.216621 10400
    160 13 14 57.216195 13 14 57.226604 10400
    161 13 14 57.226194 13 14 57.236628 10400
    162 13 14 57.236196 13 14 57.246617 10400
    163 13 14 57.246197 13 14 57.256588 10400
    164 13 14 57.256191 13 14 57.266584 10400
    165 13 14 57.266201 13 14 57.276682 10400
    166 13 14 57.276201 13 14 57.286616 10400
    167 13 14 57.286186 13 14 57.296591 10400
    168 13 14 57.296196 13 14 57.306603 10400
    169 13 14 57.306196 13 14 57.316625 10400
    170 13 14 57.316203 13 14 57.326610 10400
    171 13 14 57.326199 13 14 57.336606 10400
    172 13 14 57.336233 13 14 57.346710 10400
    173 13 14 57.346195 13 14 57.356715 10400
    174 13 14 57.356202 13 14 57.366587 10400
    175 13 14 57.366219 13 14 57.376672 10400
    176 13 14 57.376196 13 14 57.386645 10400
    177 13 14 57.386217 13 14 57.396627 10400
    178 13 14 57.396273 13 14 57.406762 10400
    179 13 14 57.406196 13 14 57.416603 10400
    180 13 14 57.416198 13 14 57.426600 10400
    181 13 14 57.426198 13 14 57.436616 10400
    182 13 14 57.436332 13 14 57.446775 10400
    183 13 14 57.446268 13 14 57.456685 10400
    184 13 14 57.456226 13 14 57.466630 10400
    185 13 14 57.466203 13 14 57.476610 10400
    186 13 14 57.476213 13 14 57.486795 10400
    187 13 14 57.486317 13 14 57.496740 10400
    188 13 14 57.496203 13 14 57.506616 10400
    189 13 14 57.506194 13 14 57.516607 10400
    190 13 14 57.516216 13 14 57.526634 10400
    191 13 14 57.526207 13 14 57.536619 10400
    192 13 14 57.536194 13 14 57.546595 10400
    193 13 14 57.546196 13 14 57.556652 10400
    194 13 14 57.556198 13 14 57.566673 10400
    195 13 14 57.566198 13 14 57.576616 10400
    196 13 14 57.576269 13 14 57.586748 10400
    197 13 14 57.586187 13 14 57.596603 10400
    198 13 14 57.596195 13 14 57.606617 10400
    199 13 14 57.606194 13 14 57.616596 10400
    200 13 14 57.616196 13 14 57.632572 10400
    201 13 14 57.626198 13 14 57.641337 10400
    202 13 14 57.636200 13 14 57.650120 10400
    203 13 14 57.646217 13 14 57.658886 10400
    204 13 14 57.656199 13 14 57.667648 10400
    205 13 14 57.666198 13 14 57.676603 10400
    206 13 14 57.676194 13 14 57.686599 10400
    207 13 14 57.686197 13 14 57.696626 10400
    208 13 14 57.696196 13 14 57.706603 10400
    209 13 14 57.706197 13 14 57.716608 10400
    210 13 14 57.716194 13 14 57.726601 10400
    211 13 14 57.726194 13 14 57.736603 10400
    212 13 14 57.736193 13 14 57.746586 10400
    213 13 14 57.746203 13 14 57.757483 10400
    214 13 14 57.756200 13 14 57.766702 10400
    215 13 14 57.766182 13 14 57.776639 10400
    216 13 14 57.776190 13 14 57.786585 10400
    217 13 14 57.786189 13 14 57.796581 10400
    218 13 14 57.796225 13 14 57.806612 10400
    219 13 14 57.806193 13 14 57.816594 10400
    220 13 14 57.816195 13 14 57.826600 10400
    221 13 14 57.826236 13 14 57.836792 10400
    222 13 14 57.836196 13 14 57.846598 10400
    223 13 14 57.846193 13 14 57.856589 10400
    224 13 14 57.856208 13 14 57.866670 10400
    225 13 14 57.866196 13 14 57.876601 10400
    226 13 14 57.876195 13 14 57.886591 10400
    227 13 14 57.886186 13 14 57.896580 10400
    228 13 14 57.896196 13 14 57.906598 10400
    229 13 14 57.906194 13 14 57.916609 10400
    230 13 14 57.916195 13 14 57.926603 10400
    231 13 14 57.926194 13 14 57.936923 10400
    232 13 14 57.936199 13 14 57.946643 10400
    233 13 14 57.946223 13 14 57.956718 10400
    234 13 14 57.956223 13 14 57.966796 10400
    235 13 14 57.966177 13 14 57.976677 10400
    236 13 14 57.976221 13 14 57.986716 10400
    237 13 14 57.986277 13 14 57.996752 10400
    238 13 14 57.996198 13 14 58.006720 10400
    239 13 14 58.006219 13 14 58.016644 10400
    240 13 14 58.016195 13 14 58.026608 10400
    241 13 14 58.026195 13 14 58.036602 10400
    242 13 14 58.036194 13 14 58.046700 10400
    243 13 14 58.046196 13 14 58.056623 10400
    244 13 14 58.056198 13 14 58.066591 10400
    245 13 14 58.066183 13 14 58.076785 10400
    246 13 14 58.076193 13 14 58.086646 10400
    247 13 14 58.086173 13 14 58.096645 10400
    248 13 14 58.096187 13 14 58.106690 10400
    249 13 14 58.106181 13 14 58.116664 10400
    250 13 14 58.116199 13 14 58.132598 10400
    251 13 14 58.126182 13 14 58.141373 10400
    252 13 14 58.136197 13 14 58.150339 10400
    253 13 14 58.146186 13 14 58.158937 10400
    254 13 14 58.156142 13 14 58.167703 10400
    255 13 14 58.166186 13 14 58.176611 10400
    256 13 14 58.176183 13 14 58.186608 10400
    257 13 14 58.186177 13 14 58.196598 10400
    258 13 14 58.196182 13 14 58.206605 10400
    259 13 14 58.206195 13 14 58.216597 10400
    260 13 14 58.216192 13 14 58.226591 10400
    261 13 14 58.226193 13 14 58.236581 10400
    262 13 14 58.236195 13 14 58.246667 10400
    263 13 14 58.246195 13 14 58.256729 10400
    264 13 14 58.256256 13 14 58.266697 10400
    265 13 14 58.266224 13 14 58.276701 10400
    266 13 14 58.276195 13 14 58.286594 10400
    267 13 14 58.286264 13 14 58.296629 10400
    268 13 14 58.296275 13 14 58.306753 10400
    269 13 14 58.306212 13 14 58.316729 10400
    270 13 14 58.316194 13 14 58.326653 10400
    271 13 14 58.326191 13 14 58.336598 10400
    272 13 14 58.336182 13 14 58.346764 10400
    273 13 14 58.346212 13 14 58.356670 10400
    274 13 14 58.356206 13 14 58.366678 10400
    275 13 14 58.366200 13 14 58.376586 10400
    276 13 14 58.376212 13 14 58.386634 10400
    277 13 14 58.386200 13 14 58.396664 10400
    278 13 14 58.396197 13 14 58.406593 10400
    279 13 14 58.406219 13 14 58.416823 10400
    280 13 14 58.416196 13 14 58.426622 10400
    281 13 14 58.426194 13 14 58.437168 10400
    282 13 14 58.436256 13 14 58.446759 10400
    283 13 14 58.446199 13 14 58.456676 10400
    284 13 14 58.456201 13 14 58.466666 10400
    285 13 14 58.466205 13 14 58.476807 10400
    286 13 14 58.476239 13 14 58.486845 10400
    287 13 14 58.486187 13 14 58.496668 10400
    288 13 14 58.496217 13 14 58.506717 10400
    289 13 14 58.506300 13 14 58.516795 10400
    290 13 14 58.516213 13 14 58.526648 10400
    291 13 14 58.526198 13 14 58.536842 10400
    292 13 14 58.536236 13 14 58.546669 10400
    293 13 14 58.546194 13 14 58.556612 10400
    294 13 14 58.556198 13 14 58.566808 10400
    295 13 14 58.566170 13 14 58.576793 10400
    296 13 14 58.576253 13 14 58.586745 10400
    297 13 14 58.586278 13 14 58.596747 10400
    298 13 14 58.596198 13 14 58.606622 10400
    299 13 14 58.606194 13 14 58.616643 10400
    300 13 14 58.616340 13 14 58.633609 10400
    301 13 14 58.626268 13 14 58.641477 10400
    302 13 14 58.636198 13 14 58.649993 10400
    303 13 14 58.646149 13 14 58.658982 10400
    304 13 14 58.656184 13 14 58.667732 10400
    305 13 14 58.666186 13 14 58.676605 10400
    306 13 14 58.676192 13 14 58.686661 10400
    307 13 14 58.686185 13 14 58.696593 10400
    308 13 14 58.696193 13 14 58.706598 10400
    309 13 14 58.706192 13 14 58.716577 10400
    310 13 14 58.716202 13 14 58.726582 10400
    311 13 14 58.726196 13 14 58.736601 10400
    312 13 14 58.736193 13 14 58.746586 10400
    313 13 14 58.746231 13 14 58.756811 10400
    314 13 14 58.756185 13 14 58.766638 10400
    315 13 14 58.766190 13 14 58.776594 10400
    316 13 14 58.776193 13 14 58.786605 10400
    317 13 14 58.786188 13 14 58.796593 10400
    318 13 14 58.796193 13 14 58.806598 10400
    319 13 14 58.806193 13 14 58.816600 10400
    320 13 14 58.816194 13 14 58.826641 10400
    321 13 14 58.826185 13 14 58.836562 10400
    322 13 14 58.836185 13 14 58.846595 10400
    323 13 14 58.846179 13 14 58.856591 10400
    324 13 14 58.856189 13 14 58.866598 10400
    325 13 14 58.866180 13 14 58.876573 10400
    326 13 14 58.876178 13 14 58.886546 10400
    327 13 14 58.886190 13 14 58.896656 10400
    328 13 14 58.896194 13 14 58.906605 10400
    329 13 14 58.906193 13 14 58.916597 10400
    330 13 14 58.916193 13 14 58.926594 10400
    331 13 14 58.926194 13 14 58.936962 10400
    332 13 14 58.936199 13 14 58.946615 10400
    333 13 14 58.946195 13 14 58.956619 10400
    334 13 14 58.956195 13 14 58.966658 10400
    335 13 14 58.966195 13 14 58.976626 10400
    336 13 14 58.976263 13 14 58.986775 10400
    337 13 14 58.986240 13 14 58.996656 10400
    338 13 14 58.996200 13 14 59.006646 10400
    339 13 14 59.006200 13 14 59.016613 10400
    340 13 14 59.016195 13 14 59.026662 10400
    341 13 14 59.026206 13 14 59.036714 10400
    342 13 14 59.036203 13 14 59.046683 10400
    343 13 14 59.046193 13 14 59.056587 10400
    344 13 14 59.056184 13 14 59.066583 10400
    345 13 14 59.066226 13 14 59.076613 10400
    346 13 14 59.076197 13 14 59.086612 10400
    347 13 14 59.086185 13 14 59.096604 10400
    348 13 14 59.096198 13 14 59.106611 10400
    349 13 14 59.106194 13 14 59.116694 10400
    350 13 14 59.116196 13 14 59.132564 10400
    351 13 14 59.126198 13 14 59.141362 10400
    352 13 14 59.136197 13 14 59.150137 10400
    353 13 14 59.146216 13 14 59.158897 10400
    354 13 14 59.156208 13 14 59.167836 10400
    355 13 14 59.166212 13 14 59.176699 10400
    356 13 14 59.176198 13 14 59.186686 10400
    357 13 14 59.186197 13 14 59.196747 10400
    358 13 14 59.196223 13 14 59.206716 10400
    359 13 14 59.206220 13 14 59.216710 10400
    360 13 14 59.216217 13 14 59.226677 10400
    361 13 14 59.226193 13 14 59.236676 10400
    362 13 14 59.236209 13 14 59.246712 10400
    363 13 14 59.246206 13 14 59.256683 10400
    364 13 14 59.256196 13 14 59.266613 10400
    365 13 14 59.266204 13 14 59.276572 10400
    366 13 14 59.276201 13 14 59.286689 10400
    367 13 14 59.286194 13 14 59.296706 10400
    368 13 14 59.296219 13 14 59.306598 10400
    369 13 14 59.306204 13 14 59.320889 10400
    370 13 14 59.317867 13 14 59.328943 10400
    371 13 14 59.326214 13 14 59.337724 10400
    372 13 14 59.336199 13 14 59.346608 10400
    373 13 14 59.346193 13 14 59.356599 10400
    374 13 14 59.356197 13 14 59.366661 10400
    375 13 14 59.366196 13 14 59.376604 10400
    376 13 14 59.376193 13 14 59.386615 10400
    377 13 14 59.386189 13 14 59.396600 10400
    378 13 14 59.396192 13 14 59.408672 10400
    379 13 14 59.406202 13 14 59.417059 10400
    380 13 14 59.416198 13 14 59.426633 10400
    381 13 14 59.426194 13 14 59.436703 10400
    382 13 14 59.436219 13 14 59.446818 10400
    383 13 14 59.446295 13 14 59.456763 10400
    384 13 14 59.456198 13 14 59.466625 10400
    385 13 14 59.466194 13 14 59.476607 10400
    386 13 14 59.476193 13 14 59.486654 10400
    387 13 14 59.486187 13 14 59.496625 10400
    388 13 14 59.496198 13 14 59.506641 10400
    389 13 14 59.506194 13 14 59.516646 10400
    390 13 14 59.516283 13 14 59.526899 10400
    391 13 14 59.526223 13 14 59.536901 10400
    392 13 14 59.536220 13 14 59.546674 10400
    393 13 14 59.546197 13 14 59.556615 10400
    394 13 14 59.556196 13 14 59.566856 10400
    395 13 14 59.566225 13 14 59.576743 10400
    396 13 14 59.576208 13 14 59.586714 10400
    397 13 14 59.586202 13 14 59.596676 10400
    398 13 14 59.596195 13 14 59.606608 10400
    399 13 14 59.606197 13 14 59.616610 10400
    400 13 14 59.616202 13 14 59.632570 10400
    401 13 14 59.626201 13 14 59.641357 10400
    402 13 14 59.636198 13 14 59.650129 10400
    403 13 14 59.646197 13 14 59.658892 10400
    404 13 14 59.656198 13 14 59.667644 10400
    405 13 14 59.666198 13 14 59.676634 10400
    406 13 14 59.676192 13 14 59.686599 10400
    407 13 14 59.686197 13 14 59.696604 10400
    408 13 14 59.696193 13 14 59.706595 10400
    409 13 14 59.706206 13 14 59.716611 10400
    410 13 14 59.716205 13 14 59.726613 10400
    411 13 14 59.726193 13 14 59.736589 10400
    412 13 14 59.736195 13 14 59.746602 10400
    413 13 14 59.746192 13 14 59.756594 10400
    414 13 14 59.756197 13 14 59.766663 10400
    415 13 14 59.766196 13 14 59.776595 10400
    416 13 14 59.776193 13 14 59.786620 10400
    417 13 14 59.786191 13 14 59.796604 10400
    418 13 14 59.796194 13 14 59.806578 10400
    419 13 14 59.806193 13 14 59.816572 10400
    420 13 14 59.816208 13 14 59.826675 10400
    421 13 14 59.826196 13 14 59.836604 10400
    422 13 14 59.836199 13 14 59.846603 10400
    423 13 14 59.846195 13 14 59.856605 10400
    424 13 14 59.856197 13 14 59.866607 10400
    425 13 14 59.866197 13 14 59.876607 10400
    426 13 14 59.876196 13 14 59.886605 10400
    427 13 14 59.886184 13 14 59.896586 10400
    428 13 14 59.896200 13 14 59.906770 10400
    429 13 14 59.906221 13 14 59.916690 10400
    430 13 14 59.916207 13 14 59.926678 10400
    431 13 14 59.926194 13 14 59.936697 10400
    432 13 14 59.936199 13 14 59.946615 10400
    433 13 14 59.946196 13 14 59.956601 10400
    434 13 14 59.956197 13 14 59.966737 10400
    435 13 14 59.966197 13 14 59.976654 10400
    436 13 14 59.976196 13 14 59.986626 10400
    437 13 14 59.986232 13 14 59.996653 10400
    438 13 14 59.996197 13 15 0.006609 10400
    439 13 15 0.006196 13 15 0.016619 10400
    440 13 15 0.016200 13 15 0.026616 10400
    441 13 15 0.026195 13 15 0.036601 10400
    442 13 15 0.036195 13 15 0.046596 10400
    443 13 15 0.046193 13 15 0.056623 10400
    444 13 15 0.056199 13 15 0.066738 10400
    445 13 15 0.066187 13 15 0.076594 10400
    446 13 15 0.076213 13 15 0.086613 10400
    447 13 15 0.086190 13 15 0.096598 10400
    448 13 15 0.096209 13 15 0.106610 10400
    449 13 15 0.106181 13 15 0.116549 10400
    450 13 15 0.116216 13 15 0.133481 10400
    451 13 15 0.126222 13 15 0.141376 10400
    452 13 15 0.136197 13 15 0.149876 10400
    453 13 15 0.146201 13 15 0.158953 10400
    454 13 15 0.156222 13 15 0.167685 10400
    455 13 15 0.166227 13 15 0.176705 10400
    456 13 15 0.176196 13 15 0.186705 10400
    457 13 15 0.186188 13 15 0.196609 10400
    458 13 15 0.196198 13 15 0.206603 10400
    459 13 15 0.206241 13 15 0.216725 10400
    460 13 15 0.216208 13 15 0.226620 10400
    461 13 15 0.226200 13 15 0.236607 10400
    462 13 15 0.236195 13 15 0.246598 10400
    463 13 15 0.246194 13 15 0.256604 10400
    464 13 15 0.256207 13 15 0.266633 10400
    465 13 15 0.266222 13 15 0.276633 10400
    466 13 15 0.276206 13 15 0.286617 10400
    467 13 15 0.286199 13 15 0.296681 10400
    468 13 15 0.296195 13 15 0.306725 10400
    469 13 15 0.306261 13 15 0.316670 10400
    470 13 15 0.316238 13 15 0.326652 10400
    471 13 15 0.326249 13 15 0.336729 10400
    472 13 15 0.336195 13 15 0.346654 10400
    473 13 15 0.346195 13 15 0.356850 10400
    474 13 15 0.356315 13 15 0.366756 10400
    475 13 15 0.366205 13 15 0.376718 10400
    476 13 15 0.376180 13 15 0.386650 10400
    477 13 15 0.386198 13 15 0.396598 10400
    478 13 15 0.396311 13 15 0.406699 10400
    479 13 15 0.406190 13 15 0.416641 10400
    480 13 15 0.416188 13 15 0.426701 10400
    481 13 15 0.426187 13 15 0.436905 10400
    482 13 15 0.436213 13 15 0.446959 10400
    483 13 15 0.446198 13 15 0.456661 10400
    484 13 15 0.456200 13 15 0.466768 10400
    485 13 15 0.466218 13 15 0.476682 10400
    486 13 15 0.476228 13 15 0.486792 10400
    487 13 15 0.486239 13 15 0.496720 10400
    488 13 15 0.496222 13 15 0.506707 10400
    489 13 15 0.506190 13 15 0.517039 10400
    490 13 15 0.516201 13 15 0.526651 10400
    491 13 15 0.526198 13 15 0.536607 10400
    492 13 15 0.536198 13 15 0.546592 10400
    493 13 15 0.546198 13 15 0.556614 10400
    494 13 15 0.556147 13 15 0.566678 10400
    495 13 15 0.566199 13 15 0.576588 10400
    496 13 15 0.576179 13 15 0.586565 10400
    497 13 15 0.586188 13 15 0.596595 10400
    498 13 15 0.596194 13 15 0.606599 10400
    499 13 15 0.606194 13 15 0.616686 10400
    500 13 15 0.616195 13 15 0.632590 10400
    501 13 15 0.626196 13 15 0.641352 10400
    502 13 15 0.636210 13 15 0.650122 10400
    503 13 15 0.646199 13 15 0.658882 10400
    504 13 15 0.656199 13 15 0.667653 10400
    505 13 15 0.666197 13 15 0.676612 10400
    506 13 15 0.676196 13 15 0.686600 10400
    507 13 15 0.686197 13 15 0.696603 10400
    508 13 15 0.696193 13 15 0.706627 10400
    509 13 15 0.706182 13 15 0.716592 10400
    510 13 15 0.716174 13 15 0.726598 10400
    511 13 15 0.726180 13 15 0.736599 10400
    512 13 15 0.736183 13 15 0.746600 10400
    513 13 15 0.746185 13 15 0.756605 10400
    514 13 15 0.756186 13 15 0.766613 10400
    515 13 15 0.766187 13 15 0.776640 10400
    516 13 15 0.776183 13 15 0.786569 10400
    517 13 15 0.786261 13 15 0.796670 10400
    518 13 15 0.796199 13 15 0.806617 10400
    519 13 15 0.806197 13 15 0.816610 10400
    520 13 15 0.816194 13 15 0.826614 10400
    521 13 15 0.826195 13 15 0.836601 10400
    522 13 15 0.836195 13 15 0.846594 10400
    523 13 15 0.846182 13 15 0.856566 10400
    524 13 15 0.856197 13 15 0.867051 10400
    525 13 15 0.866199 13 15 0.876716 10400
    526 13 15 0.876194 13 15 0.886602 10400
    527 13 15 0.886186 13 15 0.896600 10400
    528 13 15 0.896196 13 15 0.906604 10400
    529 13 15 0.906194 13 15 0.916599 10400
    530 13 15 0.916195 13 15 0.926604 10400
    531 13 15 0.926196 13 15 0.936607 10400
    532 13 15 0.936196 13 15 0.946620 10400
    533 13 15 0.946198 13 15 0.956609 10400
    534 13 15 0.956198 13 15 0.966589 10400
    535 13 15 0.966207 13 15 0.976617 10400
    536 13 15 0.976195 13 15 0.986601 10400
    537 13 15 0.986239 13 15 0.996651 10400
    538 13 15 0.996198 13 15 1.006607 10400
    539 13 15 1.006194 13 15 1.016623 10400
    540 13 15 1.016196 13 15 1.026607 10400
    541 13 15 1.026194 13 15 1.037029 10400
    542 13 15 1.036199 13 15 1.046629 10400
    543 13 15 1.046194 13 15 1.056604 10400
    544 13 15 1.056197 13 15 1.066599 10400
    545 13 15 1.066194 13 15 1.076616 10400
    546 13 15 1.076192 13 15 1.086680 10400
    547 13 15 1.086187 13 15 1.096599 10400
    548 13 15 1.096194 13 15 1.106597 10400
    549 13 15 1.106193 13 15 1.116602 10400
    550 13 15 1.116192 13 15 1.133424 10400
    551 13 15 1.126195 13 15 1.142457 10400
    552 13 15 1.136220 13 15 1.149888 10400
    553 13 15 1.146220 13 15 1.158919 10400
    554 13 15 1.156198 13 15 1.167645 10400
    555 13 15 1.166260 13 15 1.176663 10400
    556 13 15 1.176196 13 15 1.186673 10400
    557 13 15 1.186239 13 15 1.196649 10400
    558 13 15 1.196210 13 15 1.206628 10400
    559 13 15 1.206191 13 15 1.216601 10400
    560 13 15 1.216204 13 15 1.226620 10400
    561 13 15 1.226194 13 15 1.236601 10400
    562 13 15 1.236191 13 15 1.246605 10400
    563 13 15 1.246197 13 15 1.256604 10400
    564 13 15 1.256197 13 15 1.266605 10400
    565 13 15 1.266195 13 15 1.276606 10400
    566 13 15 1.276194 13 15 1.286591 10400
    567 13 15 1.286172 13 15 1.296543 10400
    568 13 15 1.296203 13 15 1.306681 10400
    569 13 15 1.306195 13 15 1.316629 10400
    570 13 15 1.316195 13 15 1.326788 10400
    571 13 15 1.326265 13 15 1.336740 10400
    572 13 15 1.336193 13 15 1.346605 10400
    573 13 15 1.346194 13 15 1.356650 10400
    574 13 15 1.356183 13 15 1.366641 10400
    575 13 15 1.366273 13 15 1.376827 10400
    576 13 15 1.376180 13 15 1.386683 10400
    577 13 15 1.386200 13 15 1.396612 10400
    578 13 15 1.396195 13 15 1.406754 10400
    579 13 15 1.406194 13 15 1.416609 10400
    580 13 15 1.416271 13 15 1.426693 10400
    581 13 15 1.426194 13 15 1.436679 10400
    582 13 15 1.436193 13 15 1.446657 10400
    583 13 15 1.446215 13 15 1.456644 10400
    584 13 15 1.456196 13 15 1.466609 10400
    585 13 15 1.466199 13 15 1.476836 10400
    586 13 15 1.476248 13 15 1.486791 10400
    587 13 15 1.486367 13 15 1.496893 10400
    588 13 15 1.496226 13 15 1.506714 10400
    589 13 15 1.506205 13 15 1.516634 10400
    590 13 15 1.516195 13 15 1.526613 10400
    591 13 15 1.526195 13 15 1.536620 10400
    592 13 15 1.536195 13 15 1.546676 10400
    593 13 15 1.546197 13 15 1.556588 10400
    594 13 15 1.556185 13 15 1.566635 10400
    595 13 15 1.566222 13 15 1.576595 10400
    596 13 15 1.576194 13 15 1.586600 10400
    597 13 15 1.586186 13 15 1.596595 10400
    598 13 15 1.596195 13 15 1.606601 10400
    599 13 15 1.606193 13 15 1.616600 10400
    600 13 15 1.616193 13 15 1.633617 10400
    601 13 15 1.626196 13 15 1.641328 10400
    602 13 15 1.636198 13 15 1.649862 10400
    603 13 15 1.646177 13 15 1.658841 10400
    604 13 15 1.656200 13 15 1.667589 10400
    605 13 15 1.666207 13 15 1.677808 10400
    606 13 15 1.676194 13 15 1.686621 10400
    607 13 15 1.686197 13 15 1.696601 10400
    608 13 15 1.696193 13 15 1.706586 10400
    609 13 15 1.706198 13 15 1.716600 10400
    610 13 15 1.716194 13 15 1.726613 10400
    611 13 15 1.726195 13 15 1.736604 10400
    612 13 15 1.736194 13 15 1.746605 10400
    613 13 15 1.746195 13 15 1.756602 10400
    614 13 15 1.756184 13 15 1.766615 10400
    615 13 15 1.766175 13 15 1.776605 10400
    616 13 15 1.776180 13 15 1.786567 10400
    617 13 15 1.786242 13 15 1.796660 10400
    618 13 15 1.796182 13 15 1.806592 10400
    619 13 15 1.806201 13 15 1.816676 10400
    620 13 15 1.816196 13 15 1.826610 10400
    621 13 15 1.826195 13 15 1.836595 10400
    622 13 15 1.836193 13 15 1.846611 10400
    623 13 15 1.846194 13 15 1.856590 10400
    624 13 15 1.856196 13 15 1.866600 10400
    625 13 15 1.866194 13 15 1.876689 10400
    626 13 15 1.876196 13 15 1.886606 10400
    627 13 15 1.886185 13 15 1.896585 10400
    628 13 15 1.896193 13 15 1.906585 10400
    629 13 15 1.906200 13 15 1.916590 10400
    630 13 15 1.916196 13 15 1.926604 10400
    631 13 15 1.926194 13 15 1.936612 10400
    632 13 15 1.936196 13 15 1.946629 10400
    633 13 15 1.946202 13 15 1.956607 10400
    634 13 15 1.956197 13 15 1.966683 10400
    635 13 15 1.966197 13 15 1.976621 10400
    636 13 15 1.976194 13 15 1.986605 10400
    637 13 15 1.986241 13 15 1.996670 10400
    638 13 15 1.996198 13 15 2.006623 10400
    639 13 15 2.006196 13 15 2.016599 10400
    640 13 15 2.016192 13 15 2.026619 10400
    641 13 15 2.026193 13 15 2.036595 10400
    642 13 15 2.036192 13 15 2.046654 10400
    643 13 15 2.046196 13 15 2.056655 10400
    644 13 15 2.056198 13 15 2.066603 10400
    645 13 15 2.066205 13 15 2.076614 10400
    646 13 15 2.076195 13 15 2.086605 10400
    647 13 15 2.086186 13 15 2.096589 10400
    648 13 15 2.096194 13 15 2.106600 10400
    649 13 15 2.106198 13 15 2.116585 10400
    650 13 15 2.116200 13 15 2.132575 10400
    651 13 15 2.126218 13 15 2.141348 10400
    652 13 15 2.136197 13 15 2.150123 10400
    653 13 15 2.146205 13 15 2.158888 10400
    654 13 15 2.156209 13 15 2.167721 10400
    655 13 15 2.166199 13 15 2.176607 10400
    656 13 15 2.176206 13 15 2.186625 10400
    657 13 15 2.186205 13 15 2.196620 10400
    658 13 15 2.196194 13 15 2.206592 10400
    659 13 15 2.206212 13 15 2.216619 10400
    660 13 15 2.216193 13 15 2.226700 10400
    661 13 15 2.226198 13 15 2.236607 10400
    662 13 15 2.236193 13 15 2.246631 10400
    663 13 15 2.246195 13 15 2.256606 10400
    664 13 15 2.256203 13 15 2.266610 10400
    665 13 15 2.266200 13 15 2.276602 10400
    666 13 15 2.276215 13 15 2.286636 10400
    667 13 15 2.286186 13 15 2.296609 10400
    668 13 15 2.296193 13 15 2.306601 10400
    669 13 15 2.306194 13 15 2.316632 10400
    670 13 15 2.316257 13 15 2.326811 10400
    671 13 15 2.326195 13 15 2.336672 10400
    672 13 15 2.336263 13 15 2.346687 10400
    673 13 15 2.346194 13 15 2.356672 10400
    674 13 15 2.356206 13 15 2.366769 10400
    675 13 15 2.366201 13 15 2.376681 10400
    676 13 15 2.376195 13 15 2.386639 10400
    677 13 15 2.386200 13 15 2.396606 10400
    678 13 15 2.396180 13 15 2.407001 10400
    679 13 15 2.406222 13 15 2.416691 10400
    680 13 15 2.416196 13 15 2.426617 10400
    681 13 15 2.426194 13 15 2.436601 10400
    682 13 15 2.436193 13 15 2.446651 10400
    683 13 15 2.446196 13 15 2.456608 10400
    684 13 15 2.456196 13 15 2.466609 10400
    685 13 15 2.466196 13 15 2.476767 10400
    686 13 15 2.476198 13 15 2.486711 10400
    687 13 15 2.486256 13 15 2.496773 10400
    688 13 15 2.496217 13 15 2.506733 10400
    689 13 15 2.506197 13 15 2.516652 10400
    690 13 15 2.516195 13 15 2.526653 10400
    691 13 15 2.526196 13 15 2.536608 10400
    692 13 15 2.536195 13 15 2.546643 10400
    693 13 15 2.546208 13 15 2.556624 10400
    694 13 15 2.556200 13 15 2.566635 10400
    695 13 15 2.566195 13 15 2.576600 10400
    696 13 15 2.576194 13 15 2.586605 10400
    697 13 15 2.586187 13 15 2.596594 10400
    698 13 15 2.596194 13 15 2.606593 10400
    699 13 15 2.606193 13 15 2.616598 10400
    700 13 15 2.616193 13 15 2.632540 10400
    701 13 15 2.626196 13 15 2.641334 10400
    702 13 15 2.636199 13 15 2.650116 10400
    703 13 15 2.646198 13 15 2.658878 10400
    704 13 15 2.656197 13 15 2.667646 10400
    705 13 15 2.666198 13 15 2.676587 10400
    706 13 15 2.676178 13 15 2.686561 10400
    707 13 15 2.686179 13 15 2.696607 10400
    708 13 15 2.696181 13 15 2.706554 10400
    709 13 15 2.706173 13 15 2.716594 10400
    710 13 15 2.716202 13 15 2.726653 10400
    711 13 15 2.726182 13 15 2.736568 10400
    712 13 15 2.736187 13 15 2.746661 10400
    713 13 15 2.746195 13 15 2.756969 10400
    714 13 15 2.756218 13 15 2.766649 10400
    715 13 15 2.766203 13 15 2.776638 10400
    716 13 15 2.776190 13 15 2.786586 10400
    717 13 15 2.786267 13 15 2.796672 10400
    718 13 15 2.796189 13 15 2.806563 10400
    719 13 15 2.806181 13 15 2.816573 10400
    720 13 15 2.816201 13 15 2.826665 10400
    721 13 15 2.826197 13 15 2.836627 10400
    722 13 15 2.836196 13 15 2.846605 10400
    723 13 15 2.846194 13 15 2.856587 10400
    724 13 15 2.856196 13 15 2.866597 10400
    725 13 15 2.866193 13 15 2.876701 10400
    726 13 15 2.876193 13 15 2.886609 10400
    727 13 15 2.886187 13 15 2.896590 10400
    728 13 15 2.896193 13 15 2.907160 10400
    729 13 15 2.906177 13 15 2.916634 10400
    730 13 15 2.916177 13 15 2.926587 10400
    731 13 15 2.926222 13 15 2.936701 10400
    732 13 15 2.936197 13 15 2.946613 10400
    733 13 15 2.946196 13 15 2.956594 10400
    734 13 15 2.956198 13 15 2.966674 10400
    735 13 15 2.966197 13 15 2.976604 10400
    736 13 15 2.976195 13 15 2.986682 10400
    737 13 15 2.986241 13 15 2.996668 10400
    738 13 15 2.996197 13 15 3.006658 10400
    739 13 15 3.006193 13 15 3.016598 10400
    740 13 15 3.016194 13 15 3.026599 10400
    741 13 15 3.026193 13 15 3.036615 10400
    742 13 15 3.036194 13 15 3.046600 10400
    743 13 15 3.046193 13 15 3.056592 10400
    744 13 15 3.056207 13 15 3.066628 10400
    745 13 15 3.066193 13 15 3.076728 10400
    746 13 15 3.076141 13 15 3.086611 10400
    747 13 15 3.086209 13 15 3.096699 10400
    748 13 15 3.096194 13 15 3.106599 10400
    749 13 15 3.106193 13 15 3.116588 10400
    750 13 15 3.116235 13 15 3.132636 10400
    751 13 15 3.126196 13 15 3.141418 10400
    752 13 15 3.136133 13 15 3.150220 10400
    753 13 15 3.146199 13 15 3.158987 10400
    754 13 15 3.156188 13 15 3.167739 10400
    755 13 15 3.166199 13 15 3.176610 10400
    756 13 15 3.176255 13 15 3.186739 10400
    757 13 15 3.186191 13 15 3.196609 10400
    758 13 15 3.196194 13 15 3.206631 10400
    759 13 15 3.206195 13 15 3.216594 10400
    760 13 15 3.216196 13 15 3.226649 10400
    761 13 15 3.226202 13 15 3.236607 10400
    762 13 15 3.236196 13 15 3.246611 10400
    763 13 15 3.246213 13 15 3.256616 10400
    764 13 15 3.256197 13 15 3.267463 10400
    765 13 15 3.266192 13 15 3.276663 10400
    766 13 15 3.276123 13 15 3.286551 10400
    767 13 15 3.286184 13 15 3.296609 10400
    768 13 15 3.296171 13 15 3.306601 10400
    769 13 15 3.306182 13 15 3.316603 10400
    770 13 15 3.316181 13 15 3.326604 10400
    771 13 15 3.326194 13 15 3.336593 10400
    772 13 15 3.336193 13 15 3.346600 10400
    773 13 15 3.346193 13 15 3.356627 10400
    774 13 15 3.356183 13 15 3.366641 10400
    775 13 15 3.366223 13 15 3.376663 10400
    776 13 15 3.376180 13 15 3.386568 10400
    777 13 15 3.386209 13 15 3.396615 10400
    778 13 15 3.396190 13 15 3.406992 10400
    779 13 15 3.406194 13 15 3.416707 10400
    780 13 15 3.416179 13 15 3.426575 10400
    781 13 15 3.426193 13 15 3.437981 10400
    782 13 15 3.436243 13 15 3.446762 10400
    783 13 15 3.446200 13 15 3.456626 10400
    784 13 15 3.456198 13 15 3.466634 10400
    785 13 15 3.466276 13 15 3.476770 10400
    786 13 15 3.476201 13 15 3.486669 10400
    787 13 15 3.486237 13 15 3.496710 10400
    788 13 15 3.496205 13 15 3.506644 10400
    789 13 15 3.506196 13 15 3.516637 10400
    790 13 15 3.516217 13 15 3.526736 10400
    791 13 15 3.526199 13 15 3.536699 10400
    792 13 15 3.536223 13 15 3.546713 10400
    793 13 15 3.546197 13 15 3.556643 10400
    794 13 15 3.556198 13 15 3.566653 10400
    795 13 15 3.566221 13 15 3.576759 10400
    796 13 15 3.576216 13 15 3.590951 10400
    797 13 15 3.586307 13 15 3.599729 10400
    798 13 15 3.596233 13 15 3.608606 10400
    799 13 15 3.606211 13 15 3.617261 10400
    800 13 15 3.616191 13 15 3.632584 10400
    801 13 15 3.626198 13 15 3.641325 10400
    802 13 15 3.636200 13 15 3.650113 10400
    803 13 15 3.646223 13 15 3.658893 10400
    804 13 15 3.656200 13 15 3.667647 10400
    805 13 15 3.666267 13 15 3.676825 10400
    806 13 15 3.676256 13 15 3.686703 10400
    807 13 15 3.686267 13 15 3.696672 10400
    808 13 15 3.696194 13 15 3.706601 10400
    809 13 15 3.706192 13 15 3.716602 10400
    810 13 15 3.716193 13 15 3.726595 10400
    811 13 15 3.726194 13 15 3.736599 10400
    812 13 15 3.736193 13 15 3.746623 10400
    813 13 15 3.746195 13 15 3.756603 10400
    814 13 15 3.756183 13 15 3.766658 10400
    815 13 15 3.766188 13 15 3.776581 10400
    816 13 15 3.776221 13 15 3.786702 10400
    817 13 15 3.786187 13 15 3.796592 10400
    818 13 15 3.796193 13 15 3.806696 10400
    819 13 15 3.806188 13 15 3.816722 10400
    820 13 15 3.816208 13 15 3.826649 10400
    821 13 15 3.826193 13 15 3.836599 10400
    822 13 15 3.836196 13 15 3.846624 10400
    823 13 15 3.846194 13 15 3.856587 10400
    824 13 15 3.856202 13 15 3.866617 10400
    825 13 15 3.866188 13 15 3.876576 10400
    826 13 15 3.876186 13 15 3.886603 10400
    827 13 15 3.886206 13 15 3.896611 10400
    828 13 15 3.896195 13 15 3.906671 10400
    829 13 15 3.906219 13 15 3.916704 10400
    830 13 15 3.916224 13 15 3.926679 10400
    831 13 15 3.926200 13 15 3.936656 10400
    832 13 15 3.936223 13 15 3.946696 10400
    833 13 15 3.946200 13 15 3.956605 10400
    834 13 15 3.956202 13 15 3.966676 10400
    835 13 15 3.966199 13 15 3.976605 10400
    836 13 15 3.976200 13 15 3.986605 10400
    837 13 15 3.986251 13 15 3.996653 10400
    838 13 15 3.996195 13 15 4.006604 10400
    839 13 15 4.006193 13 15 4.016599 10400
    840 13 15 4.016194 13 15 4.026676 10400
    841 13 15 4.026197 13 15 4.036614 10400
    842 13 15 4.036265 13 15 4.046725 10400
    843 13 15 4.046193 13 15 4.056672 10400
    844 13 15 4.056199 13 15 4.066690 10400
    845 13 15 4.066203 13 15 4.076678 10400
    846 13 15 4.076179 13 15 4.086664 10400
    847 13 15 4.086191 13 15 4.096644 10400
    848 13 15 4.096279 13 15 4.106756 10400
    849 13 15 4.106207 13 15 4.116703 10400
    850 13 15 4.116201 13 15 4.133587 10400
    851 13 15 4.126197 13 15 4.141345 10400
    852 13 15 4.136224 13 15 4.149896 10400
    853 13 15 4.146202 13 15 4.158844 10400
    854 13 15 4.156285 13 15 4.167803 10400
    855 13 15 4.166161 13 15 4.176593 10400
    856 13 15 4.176215 13 15 4.186638 10400
    857 13 15 4.186253 13 15 4.196682 10400
    858 13 15 4.196195 13 15 4.206701 10400
    859 13 15 4.206243 13 15 4.216698 10400
    860 13 15 4.216202 13 15 4.226618 10400
    861 13 15 4.226194 13 15 4.236627 10400
    862 13 15 4.236202 13 15 4.246650 10400
    863 13 15 4.246195 13 15 4.256611 10400
    864 13 15 4.256197 13 15 4.266598 10400
    865 13 15 4.266235 13 15 4.276863 10400
    866 13 15 4.276200 13 15 4.286629 10400
    867 13 15 4.286331 13 15 4.296772 10400
    868 13 15 4.296262 13 15 4.306676 10400
    869 13 15 4.306194 13 15 4.320917 10400
    870 13 15 4.318817 13 15 4.329712 10400
    871 13 15 4.326273 13 15 4.338500 10400
    872 13 15 4.336261 13 15 4.347275 10400
    873 13 15 4.346207 13 15 4.356651 10400
    874 13 15 4.356198 13 15 4.366673 10400
    875 13 15 4.366277 13 15 4.376737 10400
    876 13 15 4.376180 13 15 4.386561 10400
    877 13 15 4.386198 13 15 4.396660 10400
    878 13 15 4.396194 13 15 4.406596 10400
    879 13 15 4.406221 13 15 4.416725 10400
    880 13 15 4.416243 13 15 4.426652 10400
    881 13 15 4.426193 13 15 4.436581 10400
    882 13 15 4.436208 13 15 4.446597 10400
    883 13 15 4.446195 13 15 4.456582 10400
    884 13 15 4.456229 13 15 4.466654 10400
    885 13 15 4.466194 13 15 4.476623 10400
    886 13 15 4.476194 13 15 4.486653 10400
    887 13 15 4.486188 13 15 4.496610 10400
    888 13 15 4.496217 13 15 4.506631 10400
    889 13 15 4.506196 13 15 4.516607 10400
    890 13 15 4.516194 13 15 4.526612 10400
    891 13 15 4.526194 13 15 4.536623 10400
    892 13 15 4.536196 13 15 4.546604 10400
    893 13 15 4.546195 13 15 4.556709 10400
    894 13 15 4.556198 13 15 4.566665 10400
    895 13 15 4.566196 13 15 4.576787 10400
    896 13 15 4.576182 13 15 4.586579 10400
    897 13 15 4.586216 13 15 4.596841 10400
    898 13 15 4.596216 13 15 4.606685 10400
    899 13 15 4.606205 13 15 4.616687 10400
    900 13 15 4.616206 13 15 4.632597 10400
    901 13 15 4.626207 13 15 4.641362 10400
    902 13 15 4.636200 13 15 4.650142 10400
    903 13 15 4.646199 13 15 4.658902 10400
    904 13 15 4.656197 13 15 4.667671 10400
    905 13 15 4.666198 13 15 4.676604 10400
    906 13 15 4.676192 13 15 4.686659 10400
    907 13 15 4.686197 13 15 4.696614 10400
    908 13 15 4.696240 13 15 4.706630 10400
    909 13 15 4.706185 13 15 4.716586 10400
    910 13 15 4.716204 13 15 4.726585 10400
    911 13 15 4.726181 13 15 4.736549 10400
    912 13 15 4.736201 13 15 4.746607 10400
    913 13 15 4.746181 13 15 4.756560 10400
    914 13 15 4.756183 13 15 4.766644 10400
    915 13 15 4.766198 13 15 4.776576 10400
    916 13 15 4.776187 13 15 4.786613 10400
    917 13 15 4.786187 13 15 4.796587 10400
    918 13 15 4.796179 13 15 4.806542 10400
    919 13 15 4.806180 13 15 4.816708 10400
    920 13 15 4.816207 13 15 4.826646 10400
    921 13 15 4.826209 13 15 4.836605 10400
    922 13 15 4.836203 13 15 4.846590 10400
    923 13 15 4.846186 13 15 4.856698 10400
    924 13 15 4.856200 13 15 4.866692 10400
    925 13 15 4.866197 13 15 4.876684 10400
    926 13 15 4.876197 13 15 4.886669 10400
    927 13 15 4.886187 13 15 4.896717 10400
    928 13 15 4.896200 13 15 4.906748 10400
    929 13 15 4.906227 13 15 4.916693 10400
    930 13 15 4.916197 13 15 4.926611 10400
    931 13 15 4.926196 13 15 4.936601 10400
    932 13 15 4.936195 13 15 4.946610 10400
    933 13 15 4.946220 13 15 4.956640 10400
    934 13 15 4.956198 13 15 4.966686 10400
    935 13 15 4.966198 13 15 4.976633 10400
    936 13 15 4.976233 13 15 4.986710 10400
    937 13 15 4.986243 13 15 4.996685 10400
    938 13 15 4.996198 13 15 5.006603 10400
    939 13 15 5.006212 13 15 5.016619 10400
    940 13 15 5.016200 13 15 5.026608 10400
    941 13 15 5.026199 13 15 5.036603 10400
    942 13 15 5.036239 13 15 5.046717 10400
    943 13 15 5.046203 13 15 5.056625 10400
    944 13 15 5.056195 13 15 5.066599 10400
    945 13 15 5.066195 13 15 5.076668 10400
    946 13 15 5.076196 13 15 5.086768 10400
    947 13 15 5.086185 13 15 5.096682 10400
    948 13 15 5.096194 13 15 5.106671 10400
    949 13 15 5.106256 13 15 5.116742 10400
    950 13 15 5.116220 13 15 5.133518 10400
    951 13 15 5.126190 13 15 5.141371 10400
    952 13 15 5.136148 13 15 5.149905 10400
    953 13 15 5.146243 13 15 5.158876 10400
    954 13 15 5.156284 13 15 5.167671 10400
    955 13 15 5.166184 13 15 5.176611 10400
    956 13 15 5.176180 13 15 5.186687 10400
    957 13 15 5.186188 13 15 5.196619 10400
    958 13 15 5.196196 13 15 5.206617 10400
    959 13 15 5.206197 13 15 5.216624 10400
    960 13 15 5.216194 13 15 5.226661 10400
    961 13 15 5.226193 13 15 5.236599 10400
    962 13 15 5.236193 13 15 5.246616 10400
    963 13 15 5.246265 13 15 5.256638 10400
    964 13 15 5.256184 13 15 5.266591 10400
    965 13 15 5.266193 13 15 5.276721 10400
    966 13 15 5.276182 13 15 5.286583 10400
    967 13 15 5.286171 13 15 5.296554 10400
    968 13 15 5.296191 13 15 5.306652 10400
    969 13 15 5.306181 13 15 5.316576 10400
    970 13 15 5.316209 13 15 5.326584 10400
    971 13 15 5.326181 13 15 5.336583 10400
    972 13 15 5.336182 13 15 5.346560 10400
    973 13 15 5.346184 13 15 5.356607 10400
    974 13 15 5.356182 13 15 5.366646 10400
    975 13 15 5.366196 13 15 5.376597 10400
    976 13 15 5.376179 13 15 5.386721 10400
    977 13 15 5.386228 13 15 5.396695 10400
    978 13 15 5.396196 13 15 5.406946 10400
    979 13 15 5.406200 13 15 5.416603 10400
    980 13 15 5.416195 13 15 5.426612 10400
    981 13 15 5.426193 13 15 5.436589 10400
    982 13 15 5.436194 13 15 5.446711 10400
    983 13 15 5.446222 13 15 5.456737 10400
    984 13 15 5.456197 13 15 5.466612 10400
    985 13 15 5.466196 13 15 5.476623 10400
    986 13 15 5.476195 13 15 5.486608 10400
    987 13 15 5.486257 13 15 5.496710 10400
    988 13 15 5.496196 13 15 5.506681 10400
    989 13 15 5.506212 13 15 5.516702 10400
    990 13 15 5.516206 13 15 5.526621 10400
    991 13 15 5.526196 13 15 5.536634 10400
    992 13 15 5.536196 13 15 5.546589 10400
    993 13 15 5.546195 13 15 5.556576 10400
    994 13 15 5.556199 13 15 5.566666 10400
    995 13 15 5.566195 13 15 5.576600 10400
    996 13 15 5.576194 13 15 5.586595 10400
    997 13 15 5.586186 13 15 5.596595 10400
    998 13 15 5.596196 13 15 5.606599 10400
    999 13 15 5.606196 13 15 5.616602 10400
   1000 13 15 5.616196 13 15 5.632581 10400
