      1 13 13 18.361484 13 13 18.372008 9600
      2 13 13 18.371575 13 13 18.380804 9600
      3 13 13 18.381575 13 13 18.390775 9600
      4 13 13 18.391570 13 13 18.400831 9600
      5 13 13 18.401589 13 13 18.410866 9600
      6 13 13 18.411612 13 13 18.420974 9600
      7 13 13 18.421613 13 13 18.430845 9600
      8 13 13 18.431591 13 13 18.440850 9600
      9 13 13 18.441611 13 13 18.450897 9600
     10 13 13 18.451588 13 13 18.461040 9600
     11 13 13 18.461770 13 13 18.472176 9600
     12 13 13 18.471717 13 13 18.482485 9600
     13 13 13 18.481653 13 13 18.491172 9600
     14 13 13 18.491731 13 13 18.501685 9600
     15 13 13 18.501626 13 13 18.511849 9600
     16 13 13 18.511668 13 13 18.521148 9600
     17 13 13 18.522538 13 13 18.531984 9600
     18 13 13 18.531660 13 13 18.541071 9600
     19 13 13 18.541667 13 13 18.551024 9600
     20 13 13 18.551639 13 13 18.561112 9600
     21 13 13 18.561621 13 13 18.570993 9600
     22 13 13 18.571584 13 13 18.580769 9600
     23 13 13 18.581579 13 13 18.590803 9600
     24 13 13 18.591581 13 13 18.600766 9600
     25 13 13 18.601580 13 13 18.612695 9600
     26 13 13 18.611543 13 13 18.620778 9600
     27 13 13 18.621580 13 13 18.630763 9600
     28 13 13 18.631581 13 13 18.640823 9600
     29 13 13 18.641587 13 13 18.650752 9600
     30 13 13 18.651565 13 13 18.660737 9600
     31 13 13 18.661616 13 13 18.671931 9600
     32 13 13 18.671869 13 13 18.682415 9600
     33 13 13 18.681723 13 13 18.691725 9600
     34 13 13 18.691662 13 13 18.701274 9600
     35 13 13 18.701661 13 13 18.711967 9600
     36 13 13 18.711655 13 13 18.722056 9600
     37 13 13 18.721744 13 13 18.732329 9600
     38 13 13 18.731670 13 13 18.741976 9600
     39 13 13 18.741879 13 13 18.751270 9600
     40 13 13 18.751623 13 13 18.762463 9600
     41 13 13 18.761696 13 13 18.771087 9600
     42 13 13 18.771650 13 13 18.781043 9600
     43 13 13 18.781708 13 13 18.790928 9600
     44 13 13 18.791584 13 13 18.800772 9600
     45 13 13 18.801580 13 13 18.810800 9600
     46 13 13 18.811585 13 13 18.820783 9600
     47 13 13 18.821583 13 13 18.830805 9600
     48 13 13 18.831589 13 13 18.840776 9600
     49 13 13 18.841583 13 13 18.852399 9600
     50 13 13 18.851600 13 13 18.866772 9600
     51 13 13 18.861589 13 13 18.874884 9600
     52 13 13 18.872589 13 13 18.883669 9600
     53 13 13 18.882328 13 13 18.892807 9600
     54 13 13 18.892344 13 13 18.902235 9600
     55 13 13 18.901695 13 13 18.912001 9600
     56 13 13 18.911729 13 13 18.921829 9600
     57 13 13 18.921759 13 13 18.931097 9600
     58 13 13 18.931584 13 13 18.941044 9600
     59 13 13 18.941617 13 13 18.951426 9600
     60 13 13 18.951608 13 13 18.961120 9600
     61 13 13 18.961660 13 13 18.971021 9600
     62 13 13 18.971648 13 13 18.981684 9600
     63 13 13 18.981711 13 13 18.991212 9600
     64 13 13 18.991606 13 13 19.001415 9600
     65 13 13 19.001594 13 13 19.011055 9600
     66 13 13 19.011579 13 13 19.020772 9600
     67 13 13 19.021581 13 13 19.030767 9600
     68 13 13 19.031580 13 13 19.041678 9600
     69 13 13 19.041529 13 13 19.051597 9600
     70 13 13 19.051625 13 13 19.060832 9600
     71 13 13 19.061567 13 13 19.070733 9600
     72 13 13 19.071604 13 13 19.082630 9600
     73 13 13 19.081561 13 13 19.091787 9600
     74 13 13 19.091696 13 13 19.101178 9600
     75 13 13 19.101668 13 13 19.111754 9600
     76 13 13 19.111650 13 13 19.122844 9600
     77 13 13 19.121697 13 13 19.131116 9600
     78 13 13 19.132152 13 13 19.141524 9600
     79 13 13 19.141629 13 13 19.151112 9600
     80 13 13 19.151648 13 13 19.161234 9600
     81 13 13 19.161646 13 13 19.170956 9600
     82 13 13 19.171582 13 13 19.180866 9600
     83 13 13 19.181577 13 13 19.191174 9600
     84 13 13 19.191586 13 13 19.201091 9600
     85 13 13 19.201651 13 13 19.211117 9600
     86 13 13 19.211580 13 13 19.220770 9600
     87 13 13 19.221582 13 13 19.230810 9600
     88 13 13 19.231580 13 13 19.240769 9600
     89 13 13 19.241582 13 13 19.250823 9600
     90 13 13 19.251581 13 13 19.260763 9600
     91 13 13 19.261580 13 13 19.271699 9600
     92 13 13 19.271633 13 13 19.282112 9600
     93 13 13 19.282046 13 13 19.291603 9600
     94 13 13 19.291540 13 13 19.301058 9600
     95 13 13 19.301663 13 13 19.311149 9600
     96 13 13 19.311651 13 13 19.321110 9600
     97 13 13 19.322068 13 13 19.331444 9600
     98 13 13 19.332193 13 13 19.341778 9600
     99 13 13 19.341716 13 13 19.351203 9600
    100 13 13 19.351656 13 13 19.367118 9600
    101 13 13 19.361647 13 13 19.375222 9600
    102 13 13 19.371597 13 13 19.383207 9600
    103 13 13 19.381709 13 13 19.391218 9600
    104 13 13 19.391607 13 13 19.401647 9600
    105 13 13 19.401588 13 13 19.410779 9600
    106 13 13 19.411581 13 13 19.420788 9600
    107 13 13 19.421580 13 13 19.430761 9600
    108 13 13 19.431581 13 13 19.440813 9600
    109 13 13 19.441580 13 13 19.450759 9600
    110 13 13 19.451579 13 13 19.460795 9600
    111 13 13 19.461580 13 13 19.470760 9600
    112 13 13 19.471581 13 13 19.481811 9600
    113 13 13 19.481754 13 13 19.492415 9600
    114 13 13 19.491582 13 13 19.501792 9600
    115 13 13 19.501667 13 13 19.511143 9600
    116 13 13 19.511603 13 13 19.521394 9600
    117 13 13 19.521730 13 13 19.531904 9600
    118 13 13 19.531832 13 13 19.541892 9600
    119 13 13 19.541671 13 13 19.551207 9600
    120 13 13 19.551704 13 13 19.562279 9600
    121 13 13 19.562207 13 13 19.571996 9600
    122 13 13 19.571705 13 13 19.581751 9600
    123 13 13 19.581641 13 13 19.591179 9600
    124 13 13 19.591640 13 13 19.601438 9600
    125 13 13 19.601711 13 13 19.611343 9600
    126 13 13 19.611710 13 13 19.621223 9600
    127 13 13 19.621631 13 13 19.633096 9600
    128 13 13 19.631806 13 13 19.642074 9600
    129 13 13 19.642026 13 13 19.651375 9600
    130 13 13 19.651613 13 13 19.660955 9600
    131 13 13 19.661590 13 13 19.670795 9600
    132 13 13 19.671592 13 13 19.681017 9600
    133 13 13 19.681667 13 13 19.692363 9600
    134 13 13 19.691672 13 13 19.701575 9600
    135 13 13 19.701619 13 13 19.711155 9600
    136 13 13 19.711719 13 13 19.722066 9600
    137 13 13 19.721698 13 13 19.731251 9600
    138 13 13 19.731633 13 13 19.741302 9600
    139 13 13 19.741596 13 13 19.751099 9600
    140 13 13 19.751642 13 13 19.761040 9600
    141 13 13 19.761689 13 13 19.771792 9600
    142 13 13 19.771647 13 13 19.781134 9600
    143 13 13 19.781659 13 13 19.791136 9600
    144 13 13 19.791643 13 13 19.801034 9600
    145 13 13 19.801583 13 13 19.811052 9600
    146 13 13 19.811641 13 13 19.821017 9600
    147 13 13 19.821647 13 13 19.830857 9600
    148 13 13 19.831582 13 13 19.840810 9600
    149 13 13 19.841588 13 13 19.850777 9600
    150 13 13 19.851593 13 13 19.867695 9600
    151 13 13 19.861585 13 13 19.874808 9600
    152 13 13 19.871587 13 13 19.883720 9600
    153 13 13 19.881810 13 13 19.891825 9600
    154 13 13 19.891655 13 13 19.901057 9600
    155 13 13 19.901638 13 13 19.911003 9600
    156 13 13 19.911642 13 13 19.921613 9600
    157 13 13 19.921551 13 13 19.931069 9600
    158 13 13 19.931550 13 13 19.940798 9600
    159 13 13 19.941586 13 13 19.951667 9600
    160 13 13 19.951595 13 13 19.962008 9600
    161 13 13 19.961722 13 13 19.971215 9600
    162 13 13 19.971654 13 13 19.980944 9600
    163 13 13 19.981664 13 13 19.991095 9600
    164 13 13 19.991638 13 13 20.001020 9600
    165 13 13 20.001646 13 13 20.011084 9600
    166 13 13 20.011594 13 13 20.021004 9600
    167 13 13 20.021647 13 13 20.030978 9600
    168 13 13 20.031582 13 13 20.040769 9600
    169 13 13 20.041584 13 13 20.050802 9600
    170 13 13 20.051581 13 13 20.060762 9600
    171 13 13 20.061581 13 13 20.070786 9600
    172 13 13 20.071580 13 13 20.080871 9600
    173 13 13 20.081686 13 13 20.092320 9600
    174 13 13 20.091708 13 13 20.101168 9600
    175 13 13 20.101656 13 13 20.111079 9600
    176 13 13 20.111647 13 13 20.120975 9600
    177 13 13 20.121645 13 13 20.131085 9600
    178 13 13 20.131595 13 13 20.140806 9600
    179 13 13 20.141591 13 13 20.152758 9600
    180 13 13 20.152263 13 13 20.162421 9600
    181 13 13 20.161664 13 13 20.171946 9600
    182 13 13 20.171652 13 13 20.181159 9600
    183 13 13 20.181658 13 13 20.191092 9600
    184 13 13 20.191707 13 13 20.201087 9600
    185 13 13 20.201655 13 13 20.211162 9600
    186 13 13 20.211662 13 13 20.221101 9600
    187 13 13 20.221655 13 13 20.231073 9600
    188 13 13 20.231607 13 13 20.241730 9600
    189 13 13 20.241585 13 13 20.250804 9600
    190 13 13 20.251630 13 13 20.261880 9600
    191 13 13 20.261628 13 13 20.271658 9600
    192 13 13 20.271601 13 13 20.280926 9600
    193 13 13 20.281651 13 13 20.291989 9600
    194 13 13 20.291653 13 13 20.301182 9600
    195 13 13 20.301715 13 13 20.311153 9600
    196 13 13 20.311592 13 13 20.321045 9600
    197 13 13 20.321649 13 13 20.331032 9600
    198 13 13 20.331586 13 13 20.340859 9600
    199 13 13 20.341609 13 13 20.351013 9600
    200 13 13 20.351848 13 13 20.367689 9600
    201 13 13 20.361612 13 13 20.375671 9600
    202 13 13 20.371653 13 13 20.383963 9600
    203 13 13 20.381623 13 13 20.391871 9600
    204 13 13 20.391587 13 13 20.400946 9600
    205 13 13 20.401650 13 13 20.411118 9600
    206 13 13 20.411646 13 13 20.421126 9600
    207 13 13 20.421685 13 13 20.431080 9600
    208 13 13 20.431585 13 13 20.440791 9600
    209 13 13 20.441593 13 13 20.450824 9600
    210 13 13 20.451595 13 13 20.460816 9600
    211 13 13 20.461607 13 13 20.470825 9600
    212 13 13 20.471592 13 13 20.480917 9600
    213 13 13 20.481639 13 13 20.492460 9600
    214 13 13 20.491713 13 13 20.501193 9600
    215 13 13 20.501649 13 13 20.511859 9600
    216 13 13 20.511800 13 13 20.521273 9600
    217 13 13 20.521658 13 13 20.531202 9600
    218 13 13 20.531607 13 13 20.540801 9600
    219 13 13 20.541595 13 13 20.552499 9600
    220 13 13 20.551597 13 13 20.561423 9600
    221 13 13 20.561651 13 13 20.571011 9600
    222 13 13 20.571584 13 13 20.580967 9600
    223 13 13 20.581638 13 13 20.591011 9600
    224 13 13 20.591640 13 13 20.601088 9600
    225 13 13 20.601638 13 13 20.611000 9600
    226 13 13 20.611581 13 13 20.620916 9600
    227 13 13 20.621586 13 13 20.630798 9600
    228 13 13 20.631592 13 13 20.641922 9600
    229 13 13 20.641645 13 13 20.650936 9600
    230 13 13 20.651593 13 13 20.660848 9600
    231 13 13 20.661574 13 13 20.670922 9600
    232 13 13 20.671599 13 13 20.680939 9600
    233 13 13 20.681685 13 13 20.692046 9600
    234 13 13 20.691749 13 13 20.702093 9600
    235 13 13 20.701616 13 13 20.711221 9600
    236 13 13 20.711732 13 13 20.721264 9600
    237 13 13 20.721751 13 13 20.731823 9600
    238 13 13 20.731714 13 13 20.741420 9600
    239 13 13 20.741597 13 13 20.752621 9600
    240 13 13 20.752159 13 13 20.761873 9600
    241 13 13 20.761780 13 13 20.771152 9600
    242 13 13 20.771661 13 13 20.781096 9600
    243 13 13 20.781703 13 13 20.791350 9600
    244 13 13 20.791709 13 13 20.801141 9600
    245 13 13 20.801656 13 13 20.811022 9600
    246 13 13 20.811654 13 13 20.821139 9600
    247 13 13 20.821673 13 13 20.831053 9600
    248 13 13 20.831644 13 13 20.841067 9600
    249 13 13 20.841584 13 13 20.850788 9600
    250 13 13 20.851583 13 13 20.866816 9600
    251 13 13 20.861585 13 13 20.874949 9600
    252 13 13 20.871549 13 13 20.883037 9600
    253 13 13 20.881605 13 13 20.892205 9600
    254 13 13 20.891935 13 13 20.901392 9600
    255 13 13 20.901647 13 13 20.911163 9600
    256 13 13 20.911573 13 13 20.920944 9600
    257 13 13 20.921645 13 13 20.932099 9600
    258 13 13 20.931999 13 13 20.941210 9600
    259 13 13 20.941582 13 13 20.953023 9600
    260 13 13 20.952462 13 13 20.962056 9600
    261 13 13 20.961659 13 13 20.971847 9600
    262 13 13 20.971785 13 13 20.981268 9600
    263 13 13 20.981669 13 13 20.991655 9600
    264 13 13 20.991569 13 13 21.001273 9600
    265 13 13 21.001671 13 13 21.011202 9600
    266 13 13 21.011644 13 13 21.021073 9600
    267 13 13 21.021653 13 13 21.031090 9600
    268 13 13 21.031583 13 13 21.040981 9600
    269 13 13 21.041568 13 13 21.050748 9600
    270 13 13 21.051584 13 13 21.060890 9600
    271 13 13 21.061582 13 13 21.070771 9600
    272 13 13 21.071580 13 13 21.080780 9600
    273 13 13 21.081595 13 13 21.091753 9600
    274 13 13 21.091629 13 13 21.100999 9600
    275 13 13 21.101670 13 13 21.111018 9600
    276 13 13 21.111639 13 13 21.120892 9600
    277 13 13 21.121649 13 13 21.130950 9600
    278 13 13 21.131582 13 13 21.140841 9600
    279 13 13 21.141581 13 13 21.153476 9600
    280 13 13 21.151586 13 13 21.162009 9600
    281 13 13 21.161647 13 13 21.170967 9600
    282 13 13 21.171625 13 13 21.180969 9600
    283 13 13 21.181664 13 13 21.191144 9600
    284 13 13 21.191634 13 13 21.201024 9600
    285 13 13 21.201637 13 13 21.210940 9600
    286 13 13 21.211645 13 13 21.221095 9600
    287 13 13 21.221661 13 13 21.230882 9600
    288 13 13 21.231583 13 13 21.240784 9600
    289 13 13 21.241582 13 13 21.250818 9600
    290 13 13 21.251581 13 13 21.260764 9600
    291 13 13 21.261580 13 13 21.271876 9600
    292 13 13 21.271578 13 13 21.280767 9600
    293 13 13 21.281621 13 13 21.291837 9600
    294 13 13 21.291646 13 13 21.301477 9600
    295 13 13 21.301590 13 13 21.311071 9600
    296 13 13 21.311742 13 13 21.321988 9600
    297 13 13 21.321640 13 13 21.331094 9600
    298 13 13 21.331648 13 13 21.341011 9600
    299 13 13 21.341606 13 13 21.352105 9600
    300 13 13 21.351914 13 13 21.367374 9600
    301 13 13 21.361650 13 13 21.375515 9600
    302 13 13 21.371635 13 13 21.383521 9600
    303 13 13 21.381654 13 13 21.391769 9600
    304 13 13 21.391705 13 13 21.401185 9600
    305 13 13 21.401675 13 13 21.411145 9600
    306 13 13 21.411657 13 13 21.421134 9600
    307 13 13 21.421655 13 13 21.431027 9600
    308 13 13 21.431667 13 13 21.441209 9600
    309 13 13 21.441586 13 13 21.450777 9600
    310 13 13 21.451579 13 13 21.460815 9600
    311 13 13 21.461583 13 13 21.470765 9600
    312 13 13 21.471581 13 13 21.480771 9600
    313 13 13 21.481581 13 13 21.492073 9600
    314 13 13 21.491680 13 13 21.502015 9600
    315 13 13 21.501799 13 13 21.511147 9600
    316 13 13 21.511569 13 13 21.523337 9600
    317 13 13 21.521658 13 13 21.531383 9600
    318 13 13 21.531648 13 13 21.541668 9600
    319 13 13 21.541606 13 13 21.551869 9600
    320 13 13 21.551774 13 13 21.562055 9600
    321 13 13 21.561672 13 13 21.571791 9600
    322 13 13 21.571730 13 13 21.581285 9600
    323 13 13 21.581655 13 13 21.591142 9600
    324 13 13 21.591580 13 13 21.601030 9600
    325 13 13 21.601645 13 13 21.611042 9600
    326 13 13 21.611644 13 13 21.621006 9600
    327 13 13 21.621652 13 13 21.631036 9600
    328 13 13 21.631650 13 13 21.640978 9600
    329 13 13 21.641583 13 13 21.650794 9600
    330 13 13 21.651583 13 13 21.660802 9600
    331 13 13 21.661569 13 13 21.670826 9600
    332 13 13 21.671582 13 13 21.680914 9600
    333 13 13 21.681587 13 13 21.691400 9600
    334 13 13 21.691610 13 13 21.701944 9600
    335 13 13 21.701582 13 13 21.712122 9600
    336 13 13 21.711681 13 13 21.721819 9600
    337 13 13 21.721717 13 13 21.731329 9600
    338 13 13 21.731653 13 13 21.740999 9600
    339 13 13 21.741586 13 13 21.752907 9600
    340 13 13 21.752334 13 13 21.763151 9600
    341 13 13 21.762731 13 13 21.772379 9600
    342 13 13 21.771677 13 13 21.781815 9600
    343 13 13 21.781732 13 13 21.791261 9600
    344 13 13 21.791668 13 13 21.801183 9600
    345 13 13 21.801656 13 13 21.811742 9600
    346 13 13 21.811651 13 13 21.821007 9600
    347 13 13 21.821653 13 13 21.831078 9600
    348 13 13 21.831714 13 13 21.841243 9600
    349 13 13 21.841622 13 13 21.850815 9600
    350 13 13 21.851583 13 13 21.866751 9600
    351 13 13 21.861609 13 13 21.874970 9600
    352 13 13 21.871587 13 13 21.883200 9600
    353 13 13 21.881608 13 13 21.892496 9600
    354 13 13 21.891754 13 13 21.902293 9600
    355 13 13 21.901685 13 13 21.911055 9600
    356 13 13 21.911578 13 13 21.922046 9600
    357 13 13 21.921582 13 13 21.931018 9600
    358 13 13 21.931647 13 13 21.941731 9600
    359 13 13 21.941580 13 13 21.951685 9600
    360 13 13 21.951617 13 13 21.961901 9600
    361 13 13 21.961662 13 13 21.971527 9600
    362 13 13 21.971693 13 13 21.983214 9600
    363 13 13 21.983233 13 13 21.992781 9600
    364 13 13 21.991606 13 13 22.001249 9600
    365 13 13 22.001630 13 13 22.011099 9600
    366 13 13 22.011583 13 13 22.021098 9600
    367 13 13 22.021591 13 13 22.030854 9600
    368 13 13 22.031655 13 13 22.041964 9600
    369 13 13 22.041904 13 13 22.052875 9600
    370 13 13 22.052417 13 13 22.061782 9600
    371 13 13 22.061592 13 13 22.070795 9600
    372 13 13 22.071574 13 13 22.080849 9600
    373 13 13 22.081614 13 13 22.091774 9600
    374 13 13 22.091705 13 13 22.102109 9600
    375 13 13 22.101656 13 13 22.110997 9600
    376 13 13 22.111585 13 13 22.120992 9600
    377 13 13 22.121673 13 13 22.130991 9600
    378 13 13 22.131584 13 13 22.140786 9600
    379 13 13 22.141524 13 13 22.150874 9600
    380 13 13 22.152847 13 13 22.162279 9600
    381 13 13 22.161650 13 13 22.171008 9600
    382 13 13 22.171649 13 13 22.180941 9600
    383 13 13 22.181626 13 13 22.191103 9600
    384 13 13 22.191653 13 13 22.201836 9600
    385 13 13 22.201744 13 13 22.211155 9600
    386 13 13 22.211665 13 13 22.221153 9600
    387 13 13 22.221681 13 13 22.231117 9600
    388 13 13 22.231639 13 13 22.241103 9600
    389 13 13 22.241689 13 13 22.250873 9600
    390 13 13 22.251618 13 13 22.260866 9600
    391 13 13 22.261580 13 13 22.270775 9600
    392 13 13 22.271582 13 13 22.280778 9600
    393 13 13 22.281583 13 13 22.292114 9600
    394 13 13 22.291546 13 13 22.301664 9600
    395 13 13 22.301601 13 13 22.311133 9600
    396 13 13 22.311706 13 13 22.321318 9600
    397 13 13 22.321708 13 13 22.331420 9600
    398 13 13 22.331663 13 13 22.341079 9600
    399 13 13 22.341592 13 13 22.350982 9600
    400 13 13 22.351708 13 13 22.367205 9600
    401 13 13 22.362514 13 13 22.375111 9600
    402 13 13 22.371694 13 13 22.383369 9600
    403 13 13 22.381669 13 13 22.391411 9600
    404 13 13 22.392488 13 13 22.402982 9600
    405 13 13 22.401626 13 13 22.412907 9600
    406 13 13 22.411794 13 13 22.421275 9600
    407 13 13 22.421655 13 13 22.431284 9600
    408 13 13 22.431643 13 13 22.441248 9600
    409 13 13 22.441622 13 13 22.451088 9600
    410 13 13 22.451661 13 13 22.461241 9600
    411 13 13 22.461597 13 13 22.470793 9600
    412 13 13 22.471581 13 13 22.480761 9600
    413 13 13 22.481581 13 13 22.492546 9600
    414 13 13 22.491590 13 13 22.501535 9600
    415 13 13 22.502193 13 13 22.511683 9600
    416 13 13 22.511617 13 13 22.521087 9600
    417 13 13 22.521651 13 13 22.531027 9600
    418 13 13 22.531663 13 13 22.541727 9600
    419 13 13 22.541546 13 13 22.550748 9600
    420 13 13 22.551608 13 13 22.561810 9600
    421 13 13 22.561637 13 13 22.571782 9600
    422 13 13 22.571702 13 13 22.581309 9600
    423 13 13 22.581717 13 13 22.591135 9600
    424 13 13 22.591640 13 13 22.601015 9600
    425 13 13 22.601638 13 13 22.610976 9600
    426 13 13 22.611598 13 13 22.621019 9600
    427 13 13 22.621653 13 13 22.632165 9600
    428 13 13 22.631876 13 13 22.641867 9600
    429 13 13 22.641750 13 13 22.651097 9600
    430 13 13 22.651589 13 13 22.660781 9600
    431 13 13 22.661584 13 13 22.670781 9600
    432 13 13 22.671585 13 13 22.680811 9600
    433 13 13 22.681587 13 13 22.691786 9600
    434 13 13 22.691593 13 13 22.701003 9600
    435 13 13 22.701608 13 13 22.711072 9600
    436 13 13 22.711642 13 13 22.721016 9600
    437 13 13 22.721648 13 13 22.731560 9600
    438 13 13 22.731638 13 13 22.740836 9600
    439 13 13 22.741582 13 13 22.750769 9600
    440 13 13 22.751583 13 13 22.761724 9600
    441 13 13 22.761656 13 13 22.772114 9600
    442 13 13 22.771560 13 13 22.780913 9600
    443 13 13 22.781590 13 13 22.791183 9600
    444 13 13 22.791647 13 13 22.801310 9600
    445 13 13 22.801607 13 13 22.811133 9600
    446 13 13 22.811666 13 13 22.821153 9600
    447 13 13 22.821650 13 13 22.831067 9600
    448 13 13 22.831645 13 13 22.841007 9600
    449 13 13 22.841584 13 13 22.850770 9600
    450 13 13 22.851580 13 13 22.866859 9600
    451 13 13 22.861688 13 13 22.875022 9600
    452 13 13 22.871665 13 13 22.883009 9600
    453 13 13 22.881589 13 13 22.892386 9600
    454 13 13 22.891635 13 13 22.901320 9600
    455 13 13 22.901595 13 13 22.911038 9600
    456 13 13 22.911652 13 13 22.921081 9600
    457 13 13 22.921676 13 13 22.931177 9600
    458 13 13 22.931658 13 13 22.941379 9600
    459 13 13 22.941599 13 13 22.950907 9600
    460 13 13 22.951591 13 13 22.961480 9600
    461 13 13 22.961802 13 13 22.971209 9600
    462 13 13 22.971665 13 13 22.980934 9600
    463 13 13 22.981649 13 13 22.991039 9600
    464 13 13 22.991651 13 13 23.001536 9600
    465 13 13 23.001594 13 13 23.011075 9600
    466 13 13 23.011646 13 13 23.021035 9600
    467 13 13 23.021668 13 13 23.031012 9600
    468 13 13 23.031597 13 13 23.041053 9600
    469 13 13 23.041575 13 13 23.050948 9600
    470 13 13 23.051569 13 13 23.060728 9600
    471 13 13 23.061603 13 13 23.072189 9600
    472 13 13 23.071577 13 13 23.080774 9600
    473 13 13 23.081583 13 13 23.091276 9600
    474 13 13 23.091940 13 13 23.101454 9600
    475 13 13 23.101700 13 13 23.111153 9600
    476 13 13 23.111675 13 13 23.121711 9600
    477 13 13 23.121652 13 13 23.131192 9600
    478 13 13 23.131648 13 13 23.141086 9600
    479 13 13 23.141666 13 13 23.150854 9600
    480 13 13 23.151585 13 13 23.162248 9600
    481 13 13 23.161619 13 13 23.171368 9600
    482 13 13 23.171676 13 13 23.181475 9600
    483 13 13 23.181664 13 13 23.191365 9600
    484 13 13 23.191608 13 13 23.200991 9600
    485 13 13 23.201584 13 13 23.211009 9600
    486 13 13 23.211656 13 13 23.221091 9600
    487 13 13 23.221589 13 13 23.231052 9600
    488 13 13 23.231649 13 13 23.241025 9600
    489 13 13 23.241583 13 13 23.250817 9600
    490 13 13 23.251581 13 13 23.260763 9600
    491 13 13 23.261580 13 13 23.270807 9600
    492 13 13 23.271585 13 13 23.280871 9600
    493 13 13 23.281589 13 13 23.292190 9600
    494 13 13 23.291937 13 13 23.301520 9600
    495 13 13 23.301798 13 13 23.312075 9600
    496 13 13 23.311903 13 13 23.321733 9600
    497 13 13 23.321674 13 13 23.331088 9600
    498 13 13 23.331652 13 13 23.341256 9600
    499 13 13 23.341592 13 13 23.350829 9600
    500 13 13 23.351589 13 13 23.367291 9600
    501 13 13 23.362166 13 13 23.374980 9600
    502 13 13 23.371597 13 13 23.383179 9600
    503 13 13 23.381645 13 13 23.391090 9600
    504 13 13 23.391650 13 13 23.401074 9600
    505 13 13 23.401645 13 13 23.411110 9600
    506 13 13 23.411667 13 13 23.421182 9600
    507 13 13 23.421679 13 13 23.431857 9600
    508 13 13 23.431795 13 13 23.441296 9600
    509 13 13 23.442627 13 13 23.451888 9600
    510 13 13 23.451634 13 13 23.460910 9600
    511 13 13 23.461580 13 13 23.470794 9600
    512 13 13 23.471574 13 13 23.480910 9600
    513 13 13 23.481573 13 13 23.491716 9600
    514 13 13 23.491647 13 13 23.502176 9600
    515 13 13 23.501746 13 13 23.511160 9600
    516 13 13 23.511655 13 13 23.521107 9600
    517 13 13 23.521596 13 13 23.531096 9600
    518 13 13 23.531663 13 13 23.541508 9600
    519 13 13 23.541665 13 13 23.551090 9600
    520 13 13 23.551593 13 13 23.560960 9600
    521 13 13 23.562595 13 13 23.572151 9600
    522 13 13 23.571601 13 13 23.581074 9600
    523 13 13 23.581700 13 13 23.591312 9600
    524 13 13 23.591629 13 13 23.601749 9600
    525 13 13 23.601651 13 13 23.611128 9600
    526 13 13 23.611692 13 13 23.621269 9600
    527 13 13 23.621810 13 13 23.631745 9600
    528 13 13 23.631644 13 13 23.641117 9600
    529 13 13 23.641648 13 13 23.651095 9600
    530 13 13 23.651648 13 13 23.661114 9600
    531 13 13 23.661666 13 13 23.671005 9600
    532 13 13 23.671538 13 13 23.680793 9600
    533 13 13 23.681604 13 13 23.691956 9600
    534 13 13 23.691556 13 13 23.703602 9600
    535 13 13 23.701591 13 13 23.711190 9600
    536 13 13 23.711700 13 13 23.721282 9600
    537 13 13 23.721675 13 13 23.731152 9600
    538 13 13 23.731656 13 13 23.740995 9600
    539 13 13 23.741661 13 13 23.750969 9600
    540 13 13 23.751587 13 13 23.760781 9600
    541 13 13 23.761583 13 13 23.770941 9600
    542 13 13 23.771840 13 13 23.782149 9600
    543 13 13 23.781659 13 13 23.791147 9600
    544 13 13 23.791640 13 13 23.801068 9600
    545 13 13 23.801655 13 13 23.811135 9600
    546 13 13 23.811648 13 13 23.821086 9600
    547 13 13 23.821650 13 13 23.831105 9600
    548 13 13 23.831641 13 13 23.841110 9600
    549 13 13 23.841647 13 13 23.851122 9600
    550 13 13 23.851589 13 13 23.866763 9600
    551 13 13 23.861584 13 13 23.874814 9600
    552 13 13 23.872299 13 13 23.882891 9600
    553 13 13 23.881588 13 13 23.892243 9600
    554 13 13 23.891594 13 13 23.901514 9600
    555 13 13 23.901716 13 13 23.911286 9600
    556 13 13 23.911654 13 13 23.921140 9600
    557 13 13 23.921635 13 13 23.931308 9600
    558 13 13 23.931611 13 13 23.942294 9600
    559 13 13 23.942094 13 13 23.953050 9600
    560 13 13 23.951847 13 13 23.961299 9600
    561 13 13 23.961634 13 13 23.971056 9600
    562 13 13 23.971685 13 13 23.984034 9600
    563 13 13 23.981681 13 13 23.991303 9600
    564 13 13 23.991634 13 13 24.004470 9600
    565 13 13 24.002556 13 13 24.012830 9600
    566 13 13 24.011686 13 13 24.021323 9600
    567 13 13 24.021701 13 13 24.031324 9600
    568 13 13 24.031638 13 13 24.040993 9600
    569 13 13 24.041631 13 13 24.050961 9600
    570 13 13 24.051649 13 13 24.061168 9600
    571 13 13 24.061661 13 13 24.071082 9600
    572 13 13 24.074031 13 13 24.084343 9600
    573 13 13 24.081596 13 13 24.091664 9600
    574 13 13 24.091592 13 13 24.102492 9600
    575 13 13 24.101834 13 13 24.111235 9600
    576 13 13 24.111654 13 13 24.121234 9600
    577 13 13 24.121673 13 13 24.131137 9600
    578 13 13 24.131651 13 13 24.141058 9600
    579 13 13 24.141642 13 13 24.151026 9600
    580 13 13 24.151610 13 13 24.160854 9600
    581 13 13 24.161611 13 13 24.170870 9600
    582 13 13 24.171611 13 13 24.180844 9600
    583 13 13 24.181619 13 13 24.191832 9600
    584 13 13 24.191562 13 13 24.201854 9600
    585 13 13 24.201623 13 13 24.211141 9600
    586 13 13 24.211614 13 13 24.221022 9600
    587 13 13 24.221658 13 13 24.231553 9600
    588 13 13 24.231684 13 13 24.241358 9600
    589 13 13 24.241683 13 13 24.251158 9600
    590 13 13 24.251609 13 13 24.261051 9600
    591 13 13 24.261658 13 13 24.271321 9600
    592 13 13 24.271595 13 13 24.280915 9600
    593 13 13 24.281586 13 13 24.291029 9600
    594 13 13 24.292695 13 13 24.304189 9600
    595 13 13 24.301728 13 13 24.312377 9600
    596 13 13 24.311862 13 13 24.321593 9600
    597 13 13 24.321618 13 13 24.331391 9600
    598 13 13 24.331721 13 13 24.341346 9600
    599 13 13 24.341722 13 13 24.351209 9600
    600 13 13 24.351601 13 13 24.367125 9600
    601 13 13 24.361709 13 13 24.375267 9600
    602 13 13 24.371629 13 13 24.383136 9600
    603 13 13 24.381647 13 13 24.393149 9600
    604 13 13 24.392244 13 13 24.402391 9600
    605 13 13 24.401652 13 13 24.412321 9600
    606 13 13 24.411625 13 13 24.421842 9600
    607 13 13 24.421776 13 13 24.431345 9600
    608 13 13 24.431650 13 13 24.441245 9600
    609 13 13 24.441700 13 13 24.451205 9600
    610 13 13 24.451664 13 13 24.461149 9600
    611 13 13 24.461694 13 13 24.471195 9600
    612 13 13 24.471668 13 13 24.481072 9600
    613 13 13 24.481660 13 13 24.490985 9600
    614 13 13 24.491661 13 13 24.501857 9600
    615 13 13 24.501660 13 13 24.511046 9600
    616 13 13 24.511492 13 13 24.521032 9600
    617 13 13 24.521664 13 13 24.531064 9600
    618 13 13 24.531653 13 13 24.540983 9600
    619 13 13 24.541608 13 13 24.552094 9600
    620 13 13 24.551622 13 13 24.561078 9600
    621 13 13 24.561633 13 13 24.570941 9600
    622 13 13 24.571587 13 13 24.581018 9600
    623 13 13 24.581606 13 13 24.590820 9600
    624 13 13 24.591587 13 13 24.600833 9600
    625 13 13 24.601700 13 13 24.611198 9600
    626 13 13 24.611858 13 13 24.622211 9600
    627 13 13 24.621636 13 13 24.631806 9600
    628 13 13 24.631692 13 13 24.641239 9600
    629 13 13 24.641698 13 13 24.651350 9600
    630 13 13 24.651716 13 13 24.661421 9600
    631 13 13 24.661743 13 13 24.671110 9600
    632 13 13 24.671607 13 13 24.681297 9600
    633 13 13 24.681660 13 13 24.691359 9600
    634 13 13 24.691653 13 13 24.704536 9600
    635 13 13 24.701654 13 13 24.713041 9600
    636 13 13 24.711912 13 13 24.721340 9600
    637 13 13 24.721640 13 13 24.731051 9600
    638 13 13 24.731608 13 13 24.741070 9600
    639 13 13 24.741657 13 13 24.751004 9600
    640 13 13 24.751608 13 13 24.760870 9600
    641 13 13 24.761586 13 13 24.770813 9600
    642 13 13 24.771609 13 13 24.781841 9600
    643 13 13 24.781587 13 13 24.790867 9600
    644 13 13 24.791585 13 13 24.800774 9600
    645 13 13 24.801601 13 13 24.811876 9600
    646 13 13 24.811816 13 13 24.821977 9600
    647 13 13 24.821661 13 13 24.831790 9600
    648 13 13 24.831727 13 13 24.841280 9600
    649 13 13 24.841666 13 13 24.851150 9600
    650 13 13 24.851644 13 13 24.867139 9600
    651 13 13 24.861582 13 13 24.875553 9600
    652 13 13 24.871635 13 13 24.883082 9600
    653 13 13 24.881678 13 13 24.891818 9600
    654 13 13 24.891618 13 13 24.902169 9600
    655 13 13 24.901635 13 13 24.911122 9600
    656 13 13 24.911663 13 13 24.921085 9600
    657 13 13 24.921640 13 13 24.931117 9600
    658 13 13 24.931643 13 13 24.941039 9600
    659 13 13 24.941656 13 13 24.951046 9600
    660 13 13 24.951585 13 13 24.960782 9600
    661 13 13 24.961586 13 13 24.970839 9600
    662 13 13 24.971581 13 13 24.980771 9600
    663 13 13 24.981581 13 13 24.990800 9600
    664 13 13 24.991582 13 13 25.000790 9600
    665 13 13 25.001592 13 13 25.011784 9600
    666 13 13 25.011717 13 13 25.021846 9600
    667 13 13 25.021709 13 13 25.031977 9600
    668 13 13 25.031704 13 13 25.041018 9600
    669 13 13 25.041661 13 13 25.051079 9600
    670 13 13 25.051659 13 13 25.061050 9600
    671 13 13 25.061582 13 13 25.070937 9600
    672 13 13 25.071622 13 13 25.081158 9600
    673 13 13 25.081659 13 13 25.091208 9600
    674 13 13 25.091663 13 13 25.101577 9600
    675 13 13 25.101607 13 13 25.111122 9600
    676 13 13 25.111655 13 13 25.121037 9600
    677 13 13 25.121603 13 13 25.131057 9600
    678 13 13 25.131650 13 13 25.141066 9600
    679 13 13 25.141584 13 13 25.150863 9600
    680 13 13 25.151582 13 13 25.160827 9600
    681 13 13 25.161581 13 13 25.170767 9600
    682 13 13 25.171580 13 13 25.180794 9600
    683 13 13 25.181667 13 13 25.190905 9600
    684 13 13 25.191583 13 13 25.200782 9600
    685 13 13 25.201581 13 13 25.212002 9600
    686 13 13 25.211567 13 13 25.221285 9600
    687 13 13 25.221651 13 13 25.231825 9600
    688 13 13 25.231650 13 13 25.241111 9600
    689 13 13 25.241682 13 13 25.251007 9600
    690 13 13 25.251657 13 13 25.261095 9600
    691 13 13 25.261652 13 13 25.271132 9600
    692 13 13 25.271660 13 13 25.281136 9600
    693 13 13 25.281663 13 13 25.292017 9600
    694 13 13 25.291917 13 13 25.304308 9600
    695 13 13 25.303426 13 13 25.313731 9600
    696 13 13 25.311648 13 13 25.321054 9600
    697 13 13 25.321652 13 13 25.331110 9600
    698 13 13 25.331645 13 13 25.341093 9600
    699 13 13 25.341598 13 13 25.350895 9600
    700 13 13 25.351583 13 13 25.366762 9600
    701 13 13 25.361584 13 13 25.374870 9600
    702 13 13 25.371600 13 13 25.382887 9600
    703 13 13 25.381585 13 13 25.390955 9600
    704 13 13 25.391584 13 13 25.400773 9600
    705 13 13 25.401582 13 13 25.410902 9600
    706 13 13 25.411588 13 13 25.421255 9600
    707 13 13 25.421663 13 13 25.431177 9600
    708 13 13 25.431578 13 13 25.441214 9600
    709 13 13 25.441655 13 13 25.451112 9600
    710 13 13 25.451655 13 13 25.461092 9600
    711 13 13 25.461662 13 13 25.471081 9600
    712 13 13 25.471662 13 13 25.481028 9600
    713 13 13 25.481654 13 13 25.491063 9600
    714 13 13 25.491661 13 13 25.502124 9600
    715 13 13 25.502020 13 13 25.511727 9600
    716 13 13 25.511631 13 13 25.521042 9600
    717 13 13 25.521611 13 13 25.531003 9600
    718 13 13 25.531641 13 13 25.541011 9600
    719 13 13 25.541582 13 13 25.550792 9600
    720 13 13 25.551583 13 13 25.560760 9600
    721 13 13 25.561567 13 13 25.570797 9600
    722 13 13 25.571584 13 13 25.580767 9600
    723 13 13 25.581582 13 13 25.590809 9600
    724 13 13 25.591581 13 13 25.600768 9600
    725 13 13 25.601582 13 13 25.610917 9600
    726 13 13 25.612013 13 13 25.622308 9600
    727 13 13 25.621632 13 13 25.632249 9600
    728 13 13 25.632038 13 13 25.641877 9600
    729 13 13 25.641725 13 13 25.651149 9600
    730 13 13 25.651623 13 13 25.660979 9600
    731 13 13 25.661646 13 13 25.671098 9600
    732 13 13 25.671697 13 13 25.681042 9600
    733 13 13 25.681643 13 13 25.691015 9600
    734 13 13 25.691651 13 13 25.702255 9600
    735 13 13 25.701653 13 13 25.711082 9600
    736 13 13 25.711704 13 13 25.721094 9600
    737 13 13 25.721752 13 13 25.731242 9600
    738 13 13 25.731591 13 13 25.741230 9600
    739 13 13 25.741713 13 13 25.751366 9600
    740 13 13 25.751719 13 13 25.761241 9600
    741 13 13 25.761642 13 13 25.771087 9600
    742 13 13 25.771609 13 13 25.780916 9600
    743 13 13 25.781608 13 13 25.790957 9600
    744 13 13 25.791606 13 13 25.800952 9600
    745 13 13 25.801584 13 13 25.810828 9600
    746 13 13 25.811640 13 13 25.822181 9600
    747 13 13 25.821650 13 13 25.832104 9600
    748 13 13 25.831755 13 13 25.841196 9600
    749 13 13 25.841740 13 13 25.851046 9600
    750 13 13 25.851620 13 13 25.866959 9600
    751 13 13 25.861660 13 13 25.875265 9600
    752 13 13 25.871697 13 13 25.883046 9600
    753 13 13 25.881648 13 13 25.891117 9600
    754 13 13 25.891584 13 13 25.902059 9600
    755 13 13 25.901617 13 13 25.911198 9600
    756 13 13 25.911590 13 13 25.920991 9600
    757 13 13 25.921582 13 13 25.931547 9600
    758 13 13 25.931680 13 13 25.941183 9600
    759 13 13 25.941669 13 13 25.951256 9600
    760 13 13 25.951606 13 13 25.962310 9600
    761 13 13 25.962250 13 13 25.971619 9600
    762 13 13 25.971561 13 13 25.980785 9600
    763 13 13 25.981569 13 13 25.990753 9600
    764 13 13 25.991568 13 13 26.000813 9600
    765 13 13 26.001581 13 13 26.010775 9600
    766 13 13 26.011570 13 13 26.022690 9600
    767 13 13 26.021633 13 13 26.031977 9600
    768 13 13 26.031649 13 13 26.041139 9600
    769 13 13 26.041682 13 13 26.051027 9600
    770 13 13 26.051635 13 13 26.061087 9600
    771 13 13 26.061706 13 13 26.071141 9600
    772 13 13 26.071626 13 13 26.081088 9600
    773 13 13 26.081676 13 13 26.091076 9600
    774 13 13 26.091684 13 13 26.101903 9600
    775 13 13 26.101773 13 13 26.111233 9600
    776 13 13 26.111651 13 13 26.121159 9600
    777 13 13 26.121646 13 13 26.131018 9600
    778 13 13 26.131647 13 13 26.141103 9600
    779 13 13 26.141652 13 13 26.150933 9600
    780 13 13 26.151585 13 13 26.160778 9600
    781 13 13 26.161581 13 13 26.170791 9600
    782 13 13 26.171580 13 13 26.180762 9600
    783 13 13 26.181581 13 13 26.190785 9600
    784 13 13 26.191580 13 13 26.200769 9600
    785 13 13 26.201579 13 13 26.210779 9600
    786 13 13 26.211581 13 13 26.221690 9600
    787 13 13 26.221630 13 13 26.231566 9600
    788 13 13 26.231587 13 13 26.241483 9600
    789 13 13 26.241613 13 13 26.251277 9600
    790 13 13 26.251697 13 13 26.261029 9600
    791 13 13 26.261638 13 13 26.271065 9600
    792 13 13 26.271598 13 13 26.280979 9600
    793 13 13 26.281662 13 13 26.291004 9600
    794 13 13 26.291679 13 13 26.301739 9600
    795 13 13 26.301670 13 13 26.311008 9600
    796 13 13 26.311630 13 13 26.320962 9600
    797 13 13 26.321604 13 13 26.330950 9600
    798 13 13 26.331662 13 13 26.341083 9600
    799 13 13 26.341633 13 13 26.350999 9600
    800 13 13 26.351585 13 13 26.366741 9600
    801 13 13 26.361585 13 13 26.374908 9600
    802 13 13 26.371582 13 13 26.382891 9600
    803 13 13 26.381586 13 13 26.390968 9600
    804 13 13 26.391586 13 13 26.400774 9600
    805 13 13 26.401582 13 13 26.411718 9600
    806 13 13 26.411547 13 13 26.420991 9600
    807 13 13 26.421676 13 13 26.432124 9600
    808 13 13 26.431688 13 13 26.441282 9600
    809 13 13 26.441660 13 13 26.451961 9600
    810 13 13 26.451764 13 13 26.461071 9600
    811 13 13 26.461621 13 13 26.471199 9600
    812 13 13 26.471664 13 13 26.481103 9600
    813 13 13 26.481649 13 13 26.490966 9600
    814 13 13 26.491586 13 13 26.500990 9600
    815 13 13 26.501636 13 13 26.510960 9600
    816 13 13 26.511659 13 13 26.522128 9600
    817 13 13 26.522068 13 13 26.531793 9600
    818 13 13 26.531645 13 13 26.541021 9600
    819 13 13 26.542510 13 13 26.551953 9600
    820 13 13 26.551619 13 13 26.561015 9600
    821 13 13 26.561647 13 13 26.571170 9600
    822 13 13 26.571584 13 13 26.580774 9600
    823 13 13 26.581582 13 13 26.590827 9600
    824 13 13 26.591581 13 13 26.600768 9600
    825 13 13 26.601580 13 13 26.610779 9600
    826 13 13 26.611581 13 13 26.620781 9600
    827 13 13 26.621583 13 13 26.631706 9600
    828 13 13 26.631540 13 13 26.640874 9600
    829 13 13 26.641583 13 13 26.651455 9600
    830 13 13 26.651675 13 13 26.661153 9600
    831 13 13 26.661660 13 13 26.671074 9600
    832 13 13 26.671582 13 13 26.680790 9600
    833 13 13 26.681581 13 13 26.691039 9600
    834 13 13 26.691680 13 13 26.701298 9600
    835 13 13 26.702033 13 13 26.712379 9600
    836 13 13 26.711663 13 13 26.721202 9600
    837 13 13 26.721654 13 13 26.731117 9600
    838 13 13 26.731632 13 13 26.741005 9600
    839 13 13 26.741644 13 13 26.751228 9600
    840 13 13 26.751621 13 13 26.762102 9600
    841 13 13 26.761800 13 13 26.772161 9600
    842 13 13 26.771604 13 13 26.781022 9600
    843 13 13 26.781590 13 13 26.790817 9600
    844 13 13 26.791588 13 13 26.800784 9600
    845 13 13 26.801581 13 13 26.810810 9600
    846 13 13 26.811586 13 13 26.820782 9600
    847 13 13 26.821594 13 13 26.830846 9600
    848 13 13 26.831603 13 13 26.840835 9600
    849 13 13 26.841585 13 13 26.850774 9600
    850 13 13 26.851582 13 13 26.866741 9600
    851 13 13 26.861584 13 13 26.874842 9600
    852 13 13 26.871580 13 13 26.883693 9600
    853 13 13 26.881972 13 13 26.892236 9600
    854 13 13 26.891673 13 13 26.901112 9600
    855 13 13 26.901641 13 13 26.911525 9600
    856 13 13 26.911647 13 13 26.922042 9600
    857 13 13 26.921935 13 13 26.932279 9600
    858 13 13 26.932067 13 13 26.942129 9600
    859 13 13 26.941658 13 13 26.951036 9600
    860 13 13 26.951617 13 13 26.961446 9600
    861 13 13 26.961700 13 13 26.971274 9600
    862 13 13 26.971599 13 13 26.981068 9600
    863 13 13 26.981649 13 13 26.991126 9600
    864 13 13 26.991675 13 13 27.001008 9600
    865 13 13 27.001608 13 13 27.010812 9600
    866 13 13 27.011586 13 13 27.020776 9600
    867 13 13 27.021584 13 13 27.030820 9600
    868 13 13 27.031583 13 13 27.040831 9600
    869 13 13 27.041588 13 13 27.050810 9600
    870 13 13 27.051628 13 13 27.060898 9600
    871 13 13 27.061569 13 13 27.070738 9600
    872 13 13 27.071574 13 13 27.081832 9600
    873 13 13 27.081596 13 13 27.091509 9600
    874 13 13 27.091594 13 13 27.101027 9600
    875 13 13 27.101603 13 13 27.112577 9600
    876 13 13 27.112310 13 13 27.121764 9600
    877 13 13 27.121598 13 13 27.131153 9600
    878 13 13 27.132101 13 13 27.141522 9600
    879 13 13 27.141731 13 13 27.151469 9600
    880 13 13 27.151664 13 13 27.161163 9600
    881 13 13 27.161653 13 13 27.170995 9600
    882 13 13 27.171799 13 13 27.181331 9600
    883 13 13 27.181663 13 13 27.191182 9600
    884 13 13 27.191680 13 13 27.201975 9600
    885 13 13 27.201612 13 13 27.211735 9600
    886 13 13 27.211676 13 13 27.221064 9600
    887 13 13 27.221593 13 13 27.230823 9600
    888 13 13 27.231583 13 13 27.240770 9600
    889 13 13 27.241582 13 13 27.250896 9600
    890 13 13 27.251584 13 13 27.260770 9600
    891 13 13 27.261585 13 13 27.271820 9600
    892 13 13 27.271580 13 13 27.280805 9600
    893 13 13 27.281580 13 13 27.290767 9600
    894 13 13 27.293741 13 13 27.303622 9600
    895 13 13 27.301598 13 13 27.311824 9600
    896 13 13 27.311761 13 13 27.321253 9600
    897 13 13 27.322669 13 13 27.333705 9600
    898 13 13 27.331645 13 13 27.341750 9600
    899 13 13 27.341595 13 13 27.351138 9600
    900 13 13 27.351668 13 13 27.367620 9600
    901 13 13 27.361551 13 13 27.375659 9600
    902 13 13 27.371717 13 13 27.383613 9600
    903 13 13 27.381619 13 13 27.391773 9600
    904 13 13 27.391607 13 13 27.401030 9600
    905 13 13 27.401661 13 13 27.411169 9600
    906 13 13 27.411705 13 13 27.421253 9600
    907 13 13 27.421714 13 13 27.431119 9600
    908 13 13 27.431605 13 13 27.440854 9600
    909 13 13 27.441603 13 13 27.450845 9600
    910 13 13 27.451596 13 13 27.460816 9600
    911 13 13 27.461591 13 13 27.470797 9600
    912 13 13 27.471589 13 13 27.480769 9600
    913 13 13 27.481659 13 13 27.491759 9600
    914 13 13 27.491609 13 13 27.502403 9600
    915 13 13 27.502338 13 13 27.511897 9600
    916 13 13 27.511651 13 13 27.521155 9600
    917 13 13 27.521651 13 13 27.531776 9600
    918 13 13 27.531658 13 13 27.541767 9600
    919 13 13 27.541722 13 13 27.551140 9600
    920 13 13 27.551740 13 13 27.561848 9600
    921 13 13 27.561803 13 13 27.571249 9600
    922 13 13 27.571588 13 13 27.581006 9600
    923 13 13 27.581651 13 13 27.591110 9600
    924 13 13 27.591633 13 13 27.601068 9600
    925 13 13 27.601579 13 13 27.611511 9600
    926 13 13 27.611729 13 13 27.621396 9600
    927 13 13 27.621704 13 13 27.631222 9600
    928 13 13 27.631665 13 13 27.641760 9600
    929 13 13 27.641697 13 13 27.650922 9600
    930 13 13 27.651593 13 13 27.660848 9600
    931 13 13 27.661595 13 13 27.670801 9600
    932 13 13 27.671586 13 13 27.680790 9600
    933 13 13 27.681594 13 13 27.690837 9600
    934 13 13 27.691586 13 13 27.702839 9600
    935 13 13 27.701689 13 13 27.712143 9600
    936 13 13 27.711695 13 13 27.722097 9600
    937 13 13 27.721793 13 13 27.731455 9600
    938 13 13 27.731664 13 13 27.742394 9600
    939 13 13 27.741793 13 13 27.751805 9600
    940 13 13 27.751614 13 13 27.761223 9600
    941 13 13 27.761683 13 13 27.771269 9600
    942 13 13 27.771589 13 13 27.781040 9600
    943 13 13 27.781666 13 13 27.791270 9600
    944 13 13 27.791592 13 13 27.801909 9600
    945 13 13 27.801614 13 13 27.810967 9600
    946 13 13 27.811657 13 13 27.821034 9600
    947 13 13 27.821604 13 13 27.831133 9600
    948 13 13 27.831586 13 13 27.840977 9600
    949 13 13 27.841604 13 13 27.851072 9600
    950 13 13 27.851693 13 13 27.866939 9600
    951 13 13 27.861594 13 13 27.875074 9600
    952 13 13 27.871611 13 13 27.883131 9600
    953 13 13 27.881637 13 13 27.891207 9600
    954 13 13 27.891587 13 13 27.901807 9600
    955 13 13 27.901630 13 13 27.911878 9600
    956 13 13 27.911695 13 13 27.921371 9600
    957 13 13 27.921652 13 13 27.930948 9600
    958 13 13 27.931581 13 13 27.941001 9600
    959 13 13 27.941645 13 13 27.951888 9600
    960 13 13 27.951826 13 13 27.963125 9600
    961 13 13 27.962641 13 13 27.973117 9600
    962 13 13 27.971644 13 13 27.981604 9600
    963 13 13 27.981546 13 13 27.990867 9600
    964 13 13 27.991586 13 13 28.000972 9600
    965 13 13 28.001705 13 13 28.011288 9600
    966 13 13 28.011721 13 13 28.021139 9600
    967 13 13 28.021667 13 13 28.031147 9600
    968 13 13 28.031666 13 13 28.041077 9600
    969 13 13 28.041599 13 13 28.052312 9600
    970 13 13 28.051583 13 13 28.061008 9600
    971 13 13 28.061603 13 13 28.070806 9600
    972 13 13 28.071595 13 13 28.080891 9600
    973 13 13 28.081582 13 13 28.090775 9600
    974 13 13 28.091658 13 13 28.102109 9600
    975 13 13 28.101617 13 13 28.111729 9600
    976 13 13 28.111667 13 13 28.121307 9600
    977 13 13 28.121652 13 13 28.131060 9600
    978 13 13 28.131644 13 13 28.141221 9600
    979 13 13 28.141705 13 13 28.152024 9600
    980 13 13 28.151588 13 13 28.160920 9600
    981 13 13 28.161712 13 13 28.171806 9600
    982 13 13 28.171741 13 13 28.181309 9600
    983 13 13 28.181650 13 13 28.191126 9600
    984 13 13 28.191649 13 13 28.201387 9600
    985 13 13 28.201677 13 13 28.211097 9600
    986 13 13 28.211655 13 13 28.220984 9600
    987 13 13 28.221658 13 13 28.231334 9600
    988 13 13 28.231587 13 13 28.240829 9600
    989 13 13 28.241596 13 13 28.250788 9600
    990 13 13 28.251581 13 13 28.260812 9600
    991 13 13 28.261580 13 13 28.270762 9600
    992 13 13 28.271581 13 13 28.280808 9600
    993 13 13 28.281583 13 13 28.290763 9600
    994 13 13 28.291623 13 13 28.301957 9600
    995 13 13 28.301854 13 13 28.312269 9600
    996 13 13 28.311696 13 13 28.321545 9600
    997 13 13 28.321712 13 13 28.331289 9600
    998 13 13 28.331547 13 13 28.341857 9600
    999 13 13 28.341760 13 13 28.351905 9600
   1000 13 13 28.351554 13 13 28.367905 9600
