      1 13 11 4.487233 13 11 4.497058 8500
      2 13 11 4.497421 13 11 4.506974 8500
      3 13 11 4.507470 13 11 4.516409 8500
      4 13 11 4.517407 13 11 4.525836 8500
      5 13 11 4.527345 13 11 4.536450 8500
      6 13 11 4.537390 13 11 4.546223 8500
      7 13 11 4.547352 13 11 4.555510 8500
      8 13 11 4.557347 13 11 4.565476 8500
      9 13 11 4.567345 13 11 4.575419 8500
     10 13 11 4.577272 13 11 4.585319 8500
     11 13 11 4.587348 13 11 4.596652 8500
     12 13 11 4.597375 13 11 4.605395 8500
     13 13 11 4.607349 13 11 4.615321 8500
     14 13 11 4.617351 13 11 4.625435 8500
     15 13 11 4.627348 13 11 4.635406 8500
     16 13 11 4.637336 13 11 4.645359 8500
     17 13 11 4.647528 13 11 4.655986 8500
     18 13 11 4.657397 13 11 4.666596 8500
     19 13 11 4.667424 13 11 4.676764 8500
     20 13 11 4.677398 13 11 4.686480 8500
     21 13 11 4.687380 13 11 4.696588 8500
     22 13 11 4.697434 13 11 4.706190 8500
     23 13 11 4.707416 13 11 4.716115 8500
     24 13 11 4.717392 13 11 4.725530 8500
     25 13 11 4.727401 13 11 4.736494 8500
     26 13 11 4.737410 13 11 4.745630 8500
     27 13 11 4.747412 13 11 4.756695 8500
     28 13 11 4.757468 13 11 4.766308 8500
     29 13 11 4.767343 13 11 4.775773 8500
     30 13 11 4.777469 13 11 4.786746 8500
     31 13 11 4.787404 13 11 4.795404 8500
     32 13 11 4.797340 13 11 4.805576 8500
     33 13 11 4.807451 13 11 4.815533 8500
     34 13 11 4.817331 13 11 4.825331 8500
     35 13 11 4.827348 13 11 4.836845 8500
     36 13 11 4.837337 13 11 4.845781 8500
     37 13 11 4.847335 13 11 4.855402 8500
     38 13 11 4.857335 13 11 4.865586 8500
     39 13 11 4.867321 13 11 4.875637 8500
     40 13 11 4.877441 13 11 4.886378 8500
     41 13 11 4.887372 13 11 4.895649 8500
     42 13 11 4.897291 13 11 4.905945 8500
     43 13 11 4.907276 13 11 4.916230 8500
     44 13 11 4.917488 13 11 4.925671 8500
     45 13 11 4.927958 13 11 4.937041 8500
     46 13 11 4.937484 13 11 4.946416 8500
     47 13 11 4.947478 13 11 4.956704 8500
     48 13 11 4.957359 13 11 4.967382 8500
     49 13 11 4.967418 13 11 4.975633 8500
     50 13 11 4.977400 13 11 4.991787 8500
     51 13 11 4.987432 13 11 4.998870 8500
     52 13 11 4.997391 13 11 5.005957 8500
     53 13 11 5.007355 13 11 5.015455 8500
     54 13 11 5.017350 13 11 5.025395 8500
     55 13 11 5.027344 13 11 5.035321 8500
     56 13 11 5.037347 13 11 5.046598 8500
     57 13 11 5.047334 13 11 5.055373 8500
     58 13 11 5.057368 13 11 5.065572 8500
     59 13 11 5.067346 13 11 5.075534 8500
     60 13 11 5.078310 13 11 5.086642 8500
     61 13 11 5.088261 13 11 5.097260 8500
     62 13 11 5.097431 13 11 5.105681 8500
     63 13 11 5.107408 13 11 5.115753 8500
     64 13 11 5.117447 13 11 5.126801 8500
     65 13 11 5.127372 13 11 5.136535 8500
     66 13 11 5.137336 13 11 5.145532 8500
     67 13 11 5.147416 13 11 5.156452 8500
     68 13 11 5.157420 13 11 5.165688 8500
     69 13 11 5.167418 13 11 5.175616 8500
     70 13 11 5.177400 13 11 5.185583 8500
     71 13 11 5.187388 13 11 5.195553 8500
     72 13 11 5.197413 13 11 5.205684 8500
     73 13 11 5.207335 13 11 5.215310 8500
     74 13 11 5.217335 13 11 5.225323 8500
     75 13 11 5.227346 13 11 5.235381 8500
     76 13 11 5.237343 13 11 5.245337 8500
     77 13 11 5.247335 13 11 5.255317 8500
     78 13 11 5.257349 13 11 5.265366 8500
     79 13 11 5.267352 13 11 5.276758 8500
     80 13 11 5.277819 13 11 5.286833 8500
     81 13 11 5.287412 13 11 5.296634 8500
     82 13 11 5.297373 13 11 5.305711 8500
     83 13 11 5.307428 13 11 5.316584 8500
     84 13 11 5.317435 13 11 5.326686 8500
     85 13 11 5.327369 13 11 5.336279 8500
     86 13 11 5.337410 13 11 5.345676 8500
     87 13 11 5.347331 13 11 5.355659 8500
     88 13 11 5.357403 13 11 5.365738 8500
     89 13 11 5.367432 13 11 5.375574 8500
     90 13 11 5.377387 13 11 5.385710 8500
     91 13 11 5.387402 13 11 5.395550 8500
     92 13 11 5.397352 13 11 5.405600 8500
     93 13 11 5.407386 13 11 5.415648 8500
     94 13 11 5.417449 13 11 5.425612 8500
     95 13 11 5.427331 13 11 5.435322 8500
     96 13 11 5.437348 13 11 5.445350 8500
     97 13 11 5.447333 13 11 5.455282 8500
     98 13 11 5.457385 13 11 5.465368 8500
     99 13 11 5.467333 13 11 5.475425 8500
    100 13 11 5.477419 13 11 5.492286 8500
    101 13 11 5.487496 13 11 5.499417 8500
    102 13 11 5.497321 13 11 5.506631 8500
    103 13 11 5.507405 13 11 5.515619 8500
    104 13 11 5.517400 13 11 5.526125 8500
    105 13 11 5.527338 13 11 5.535709 8500
    106 13 11 5.537354 13 11 5.545513 8500
    107 13 11 5.547445 13 11 5.555595 8500
    108 13 11 5.557393 13 11 5.565706 8500
    109 13 11 5.567416 13 11 5.575592 8500
    110 13 11 5.577417 13 11 5.585588 8500
    111 13 11 5.587347 13 11 5.595606 8500
    112 13 11 5.597400 13 11 5.605455 8500
    113 13 11 5.607344 13 11 5.615358 8500
    114 13 11 5.617384 13 11 5.625433 8500
    115 13 11 5.627345 13 11 5.635367 8500
    116 13 11 5.637337 13 11 5.645367 8500
    117 13 11 5.647351 13 11 5.655344 8500
    118 13 11 5.657332 13 11 5.665307 8500
    119 13 11 5.667368 13 11 5.675455 8500
    120 13 11 5.677327 13 11 5.686327 8500
    121 13 11 5.687426 13 11 5.695605 8500
    122 13 11 5.697398 13 11 5.705524 8500
    123 13 11 5.707393 13 11 5.715595 8500
    124 13 11 5.717397 13 11 5.725534 8500
    125 13 11 5.727544 13 11 5.735822 8500
    126 13 11 5.737442 13 11 5.745588 8500
    127 13 11 5.747332 13 11 5.755463 8500
    128 13 11 5.757398 13 11 5.765502 8500
    129 13 11 5.767331 13 11 5.775570 8500
    130 13 11 5.777587 13 11 5.785744 8500
    131 13 11 5.787390 13 11 5.795562 8500
    132 13 11 5.797399 13 11 5.805555 8500
    133 13 11 5.807400 13 11 5.815580 8500
    134 13 11 5.817344 13 11 5.825294 8500
    135 13 11 5.827372 13 11 5.835365 8500
    136 13 11 5.837354 13 11 5.846727 8500
    137 13 11 5.847340 13 11 5.855305 8500
    138 13 11 5.857338 13 11 5.866674 8500
    139 13 11 5.867337 13 11 5.875391 8500
    140 13 11 5.877340 13 11 5.886407 8500
    141 13 11 5.887438 13 11 5.895700 8500
    142 13 11 5.897401 13 11 5.905564 8500
    143 13 11 5.907387 13 11 5.915655 8500
    144 13 11 5.917392 13 11 5.926217 8500
    145 13 11 5.927361 13 11 5.936208 8500
    146 13 11 5.937281 13 11 5.945446 8500
    147 13 11 5.947422 13 11 5.955648 8500
    148 13 11 5.957363 13 11 5.965620 8500
    149 13 11 5.967417 13 11 5.975672 8500
    150 13 11 5.977403 13 11 5.991469 8500
    151 13 11 5.987337 13 11 5.998911 8500
    152 13 11 5.997649 13 11 6.005908 8500
    153 13 11 6.007340 13 11 6.015341 8500
    154 13 11 6.017352 13 11 6.026256 8500
    155 13 11 6.027322 13 11 6.036165 8500
    156 13 11 6.037342 13 11 6.046002 8500
    157 13 11 6.047651 13 11 6.055625 8500
    158 13 11 6.057333 13 11 6.065356 8500
    159 13 11 6.067346 13 11 6.075497 8500
    160 13 11 6.077354 13 11 6.086495 8500
    161 13 11 6.087552 13 11 6.095739 8500
    162 13 11 6.097395 13 11 6.105560 8500
    163 13 11 6.107418 13 11 6.115588 8500
    164 13 11 6.117396 13 11 6.125975 8500
    165 13 11 6.127356 13 11 6.136028 8500
    166 13 11 6.137337 13 11 6.145541 8500
    167 13 11 6.147395 13 11 6.155649 8500
    168 13 11 6.157401 13 11 6.165642 8500
    169 13 11 6.167412 13 11 6.175540 8500
    170 13 11 6.177406 13 11 6.185615 8500
    171 13 11 6.187400 13 11 6.195559 8500
    172 13 11 6.197334 13 11 6.205473 8500
    173 13 11 6.207395 13 11 6.215522 8500
    174 13 11 6.217335 13 11 6.225296 8500
    175 13 11 6.227363 13 11 6.235386 8500
    176 13 11 6.237351 13 11 6.245375 8500
    177 13 11 6.247346 13 11 6.255332 8500
    178 13 11 6.257334 13 11 6.265299 8500
    179 13 11 6.267330 13 11 6.276290 8500
    180 13 11 6.277421 13 11 6.285959 8500
    181 13 11 6.287414 13 11 6.295677 8500
    182 13 11 6.297467 13 11 6.305761 8500
    183 13 11 6.307445 13 11 6.315831 8500
    184 13 11 6.317485 13 11 6.325872 8500
    185 13 11 6.327440 13 11 6.336069 8500
    186 13 11 6.337741 13 11 6.346315 8500
    187 13 11 6.347453 13 11 6.355731 8500
    188 13 11 6.357403 13 11 6.365713 8500
    189 13 11 6.367432 13 11 6.375664 8500
    190 13 11 6.377409 13 11 6.385716 8500
    191 13 11 6.387426 13 11 6.395678 8500
    192 13 11 6.397394 13 11 6.405602 8500
    193 13 11 6.407388 13 11 6.415465 8500
    194 13 11 6.417384 13 11 6.425455 8500
    195 13 11 6.427365 13 11 6.435374 8500
    196 13 11 6.437331 13 11 6.446296 8500
    197 13 11 6.447354 13 11 6.456298 8500
    198 13 11 6.457359 13 11 6.465411 8500
    199 13 11 6.467333 13 11 6.476401 8500
    200 13 11 6.477402 13 11 6.492143 8500
    201 13 11 6.487483 13 11 6.499541 8500
    202 13 11 6.498529 13 11 6.506742 8500
    203 13 11 6.507392 13 11 6.515520 8500
    204 13 11 6.517456 13 11 6.525798 8500
    205 13 11 6.527432 13 11 6.536279 8500
    206 13 11 6.537408 13 11 6.545966 8500
    207 13 11 6.547398 13 11 6.555557 8500
    208 13 11 6.557468 13 11 6.565725 8500
    209 13 11 6.567407 13 11 6.576607 8500
    210 13 11 6.577507 13 11 6.585728 8500
    211 13 11 6.587362 13 11 6.595615 8500
    212 13 11 6.597368 13 11 6.605685 8500
    213 13 11 6.607403 13 11 6.615597 8500
    214 13 11 6.617390 13 11 6.625569 8500
    215 13 11 6.627334 13 11 6.635315 8500
    216 13 11 6.637356 13 11 6.645380 8500
    217 13 11 6.647352 13 11 6.656444 8500
    218 13 11 6.657346 13 11 6.665366 8500
    219 13 11 6.667372 13 11 6.676406 8500
    220 13 11 6.677334 13 11 6.686294 8500
    221 13 11 6.688257 13 11 6.696508 8500
    222 13 11 6.697508 13 11 6.705605 8500
    223 13 11 6.707457 13 11 6.715887 8500
    224 13 11 6.717404 13 11 6.725623 8500
    225 13 11 6.727277 13 11 6.735432 8500
    226 13 11 6.737408 13 11 6.746389 8500
    227 13 11 6.747377 13 11 6.755625 8500
    228 13 11 6.757397 13 11 6.765684 8500
    229 13 11 6.767394 13 11 6.775591 8500
    230 13 11 6.777400 13 11 6.786189 8500
    231 13 11 6.787365 13 11 6.795512 8500
    232 13 11 6.797330 13 11 6.805506 8500
    233 13 11 6.807392 13 11 6.815552 8500
    234 13 11 6.817351 13 11 6.825685 8500
    235 13 11 6.827339 13 11 6.835314 8500
    236 13 11 6.837354 13 11 6.845366 8500
    237 13 11 6.847344 13 11 6.855412 8500
    238 13 11 6.857348 13 11 6.865361 8500
    239 13 11 6.867354 13 11 6.876560 8500
    240 13 11 6.877360 13 11 6.885826 8500
    241 13 11 6.887425 13 11 6.895824 8500
    242 13 11 6.897356 13 11 6.905688 8500
    243 13 11 6.907404 13 11 6.915508 8500
    244 13 11 6.917395 13 11 6.925727 8500
    245 13 11 6.927969 13 11 6.936790 8500
    246 13 11 6.937413 13 11 6.946280 8500
    247 13 11 6.947403 13 11 6.955669 8500
    248 13 11 6.957398 13 11 6.965425 8500
    249 13 11 6.967443 13 11 6.975702 8500
    250 13 11 6.977599 13 11 6.991633 8500
    251 13 11 6.987355 13 11 6.998904 8500
    252 13 11 6.997334 13 11 7.005952 8500
    253 13 11 7.007384 13 11 7.015562 8500
    254 13 11 7.017332 13 11 7.025375 8500
    255 13 11 7.027344 13 11 7.035388 8500
    256 13 11 7.037334 13 11 7.045357 8500
    257 13 11 7.047346 13 11 7.055365 8500
    258 13 11 7.057328 13 11 7.065351 8500
    259 13 11 7.067332 13 11 7.075315 8500
    260 13 11 7.077329 13 11 7.085778 8500
    261 13 11 7.087335 13 11 7.095648 8500
    262 13 11 7.097392 13 11 7.105574 8500
    263 13 11 7.107388 13 11 7.115641 8500
    264 13 11 7.117384 13 11 7.125638 8500
    265 13 11 7.128096 13 11 7.136658 8500
    266 13 11 7.137394 13 11 7.145635 8500
    267 13 11 7.147331 13 11 7.155636 8500
    268 13 11 7.157385 13 11 7.165604 8500
    269 13 11 7.167397 13 11 7.175512 8500
    270 13 11 7.177391 13 11 7.185633 8500
    271 13 11 7.187390 13 11 7.195577 8500
    272 13 11 7.197349 13 11 7.205383 8500
    273 13 11 7.207340 13 11 7.215357 8500
    274 13 11 7.217372 13 11 7.225374 8500
    275 13 11 7.227338 13 11 7.235339 8500
    276 13 11 7.237333 13 11 7.245332 8500
    277 13 11 7.247333 13 11 7.255314 8500
    278 13 11 7.257335 13 11 7.265387 8500
    279 13 11 7.267335 13 11 7.276572 8500
    280 13 11 7.277356 13 11 7.286248 8500
    281 13 11 7.287454 13 11 7.295956 8500
    282 13 11 7.297399 13 11 7.305583 8500
    283 13 11 7.307401 13 11 7.315623 8500
    284 13 11 7.317404 13 11 7.325719 8500
    285 13 11 7.327354 13 11 7.336274 8500
    286 13 11 7.337393 13 11 7.346449 8500
    287 13 11 7.347395 13 11 7.356016 8500
    288 13 11 7.357406 13 11 7.365717 8500
    289 13 11 7.367351 13 11 7.375574 8500
    290 13 11 7.377398 13 11 7.385673 8500
    291 13 11 7.387401 13 11 7.395665 8500
    292 13 11 7.397409 13 11 7.405471 8500
    293 13 11 7.407335 13 11 7.415362 8500
    294 13 11 7.417333 13 11 7.425341 8500
    295 13 11 7.427337 13 11 7.435342 8500
    296 13 11 7.437338 13 11 7.445360 8500
    297 13 11 7.447340 13 11 7.455354 8500
    298 13 11 7.457334 13 11 7.465390 8500
    299 13 11 7.467426 13 11 7.475406 8500
    300 13 11 7.477374 13 11 7.491655 8500
    301 13 11 7.487504 13 11 7.498566 8500
    302 13 11 7.497576 13 11 7.506217 8500
    303 13 11 7.507343 13 11 7.516576 8500
    304 13 11 7.517412 13 11 7.526734 8500
    305 13 11 7.527357 13 11 7.536292 8500
    306 13 11 7.537513 13 11 7.545697 8500
    307 13 11 7.547552 13 11 7.555833 8500
    308 13 11 7.557383 13 11 7.566421 8500
    309 13 11 7.567631 13 11 7.575872 8500
    310 13 11 7.577405 13 11 7.585651 8500
    311 13 11 7.587501 13 11 7.595799 8500
    312 13 11 7.597438 13 11 7.605706 8500
    313 13 11 7.607390 13 11 7.615810 8500
    314 13 11 7.617416 13 11 7.625639 8500
    315 13 11 7.627332 13 11 7.635330 8500
    316 13 11 7.637337 13 11 7.645363 8500
    317 13 11 7.647362 13 11 7.656501 8500
    318 13 11 7.657401 13 11 7.666273 8500
    319 13 11 7.667358 13 11 7.676331 8500
    320 13 11 7.677429 13 11 7.685653 8500
    321 13 11 7.687476 13 11 7.695655 8500
    322 13 11 7.697391 13 11 7.705648 8500
    323 13 11 7.707387 13 11 7.715567 8500
    324 13 11 7.717333 13 11 7.725639 8500
    325 13 11 7.727389 13 11 7.736737 8500
    326 13 11 7.737415 13 11 7.746356 8500
    327 13 11 7.747439 13 11 7.755583 8500
    328 13 11 7.757429 13 11 7.765620 8500
    329 13 11 7.767446 13 11 7.775724 8500
    330 13 11 7.777400 13 11 7.785541 8500
    331 13 11 7.787332 13 11 7.795467 8500
    332 13 11 7.797330 13 11 7.805698 8500
    333 13 11 7.807404 13 11 7.815470 8500
    334 13 11 7.817339 13 11 7.825323 8500
    335 13 11 7.827405 13 11 7.836465 8500
    336 13 11 7.837347 13 11 7.845348 8500
    337 13 11 7.847349 13 11 7.856504 8500
    338 13 11 7.857368 13 11 7.865370 8500
    339 13 11 7.867344 13 11 7.875345 8500
    340 13 11 7.877480 13 11 7.886422 8500
    341 13 11 7.887393 13 11 7.895702 8500
    342 13 11 7.897408 13 11 7.905605 8500
    343 13 11 7.907395 13 11 7.915669 8500
    344 13 11 7.917503 13 11 7.925765 8500
    345 13 11 7.927384 13 11 7.936428 8500
    346 13 11 7.937413 13 11 7.945624 8500
    347 13 11 7.947371 13 11 7.955477 8500
    348 13 11 7.957408 13 11 7.965639 8500
    349 13 11 7.967419 13 11 7.975642 8500
    350 13 11 7.977343 13 11 7.992263 8500
    351 13 11 7.987415 13 11 7.998833 8500
    352 13 11 7.997385 13 11 8.005535 8500
    353 13 11 8.007327 13 11 8.015295 8500
    354 13 11 8.017331 13 11 8.025313 8500
    355 13 11 8.027331 13 11 8.035327 8500
    356 13 11 8.037335 13 11 8.045343 8500
    357 13 11 8.047335 13 11 8.055497 8500
    358 13 11 8.057359 13 11 8.065469 8500
    359 13 11 8.067493 13 11 8.076577 8500
    360 13 11 8.077401 13 11 8.085805 8500
    361 13 11 8.087414 13 11 8.095648 8500
    362 13 11 8.097561 13 11 8.105885 8500
    363 13 11 8.107412 13 11 8.115684 8500
    364 13 11 8.117354 13 11 8.125536 8500
    365 13 11 8.127440 13 11 8.138159 8500
    366 13 11 8.138032 13 11 8.149421 8500
    367 13 11 8.147330 13 11 8.156290 8500
    368 13 11 8.157417 13 11 8.165729 8500
    369 13 11 8.167396 13 11 8.175632 8500
    370 13 11 8.177429 13 11 8.186659 8500
    371 13 11 8.187438 13 11 8.195690 8500
    372 13 11 8.197395 13 11 8.205439 8500
    373 13 11 8.207404 13 11 8.215548 8500
    374 13 11 8.217520 13 11 8.225773 8500
    375 13 11 8.227396 13 11 8.235545 8500
    376 13 11 8.237330 13 11 8.245317 8500
    377 13 11 8.247332 13 11 8.255345 8500
    378 13 11 8.257348 13 11 8.265363 8500
    379 13 11 8.267333 13 11 8.275323 8500
    380 13 11 8.277297 13 11 8.285700 8500
    381 13 11 8.287340 13 11 8.295538 8500
    382 13 11 8.297404 13 11 8.306134 8500
    383 13 11 8.307358 13 11 8.315575 8500
    384 13 11 8.317337 13 11 8.325521 8500
    385 13 11 8.327337 13 11 8.335509 8500
    386 13 11 8.337270 13 11 8.346327 8500
    387 13 11 8.347450 13 11 8.355629 8500
    388 13 11 8.357442 13 11 8.365624 8500
    389 13 11 8.367490 13 11 8.375714 8500
    390 13 11 8.377352 13 11 8.385593 8500
    391 13 11 8.387401 13 11 8.395623 8500
    392 13 11 8.397417 13 11 8.405663 8500
    393 13 11 8.407398 13 11 8.415749 8500
    394 13 11 8.417334 13 11 8.425335 8500
    395 13 11 8.427343 13 11 8.436557 8500
    396 13 11 8.437336 13 11 8.445365 8500
    397 13 11 8.447307 13 11 8.455292 8500
    398 13 11 8.457326 13 11 8.465294 8500
    399 13 11 8.467332 13 11 8.475303 8500
    400 13 11 8.477408 13 11 8.491538 8500
    401 13 11 8.487441 13 11 8.498875 8500
    402 13 11 8.497626 13 11 8.505966 8500
    403 13 11 8.507484 13 11 8.516622 8500
    404 13 11 8.517519 13 11 8.525750 8500
    405 13 11 8.527398 13 11 8.536168 8500
    406 13 11 8.537376 13 11 8.546673 8500
    407 13 11 8.547378 13 11 8.556243 8500
    408 13 11 8.557359 13 11 8.566285 8500
    409 13 11 8.567475 13 11 8.576465 8500
    410 13 11 8.577536 13 11 8.586100 8500
    411 13 11 8.587415 13 11 8.595608 8500
    412 13 11 8.597440 13 11 8.605674 8500
    413 13 11 8.607443 13 11 8.615876 8500
    414 13 11 8.617445 13 11 8.625740 8500
    415 13 11 8.627392 13 11 8.635633 8500
    416 13 11 8.638225 13 11 8.646229 8500
    417 13 11 8.647292 13 11 8.656250 8500
    418 13 11 8.657318 13 11 8.665343 8500
    419 13 11 8.667348 13 11 8.675371 8500
    420 13 11 8.677343 13 11 8.686612 8500
    421 13 11 8.687488 13 11 8.696519 8500
    422 13 11 8.697419 13 11 8.705626 8500
    423 13 11 8.707399 13 11 8.715574 8500
    424 13 11 8.717328 13 11 8.725517 8500
    425 13 11 8.727356 13 11 8.735528 8500
    426 13 11 8.737317 13 11 8.746142 8500
    427 13 11 8.747408 13 11 8.755758 8500
    428 13 11 8.757446 13 11 8.765684 8500
    429 13 11 8.767400 13 11 8.775755 8500
    430 13 11 8.777392 13 11 8.785790 8500
    431 13 11 8.787376 13 11 8.795604 8500
    432 13 11 8.797397 13 11 8.805543 8500
    433 13 11 8.807396 13 11 8.815575 8500
    434 13 11 8.817520 13 11 8.825720 8500
    435 13 11 8.827349 13 11 8.835566 8500
    436 13 11 8.837464 13 11 8.845769 8500
    437 13 11 8.847350 13 11 8.855330 8500
    438 13 11 8.857319 13 11 8.865290 8500
    439 13 11 8.867374 13 11 8.875367 8500
    440 13 11 8.877357 13 11 8.885692 8500
    441 13 11 8.887368 13 11 8.896404 8500
    442 13 11 8.897453 13 11 8.905939 8500
    443 13 11 8.907861 13 11 8.916332 8500
    444 13 11 8.917503 13 11 8.926436 8500
    445 13 11 8.927492 13 11 8.935738 8500
    446 13 11 8.937499 13 11 8.946934 8500
    447 13 11 8.947348 13 11 8.956497 8500
    448 13 11 8.957456 13 11 8.966283 8500
    449 13 11 8.967527 13 11 8.976050 8500
    450 13 11 8.977444 13 11 8.991761 8500
    451 13 11 8.987916 13 11 8.999002 8500
    452 13 11 8.997360 13 11 9.005896 8500
    453 13 11 9.007400 13 11 9.015587 8500
    454 13 11 9.017391 13 11 9.025615 8500
    455 13 11 9.027414 13 11 9.035653 8500
    456 13 11 9.037406 13 11 9.045572 8500
    457 13 11 9.047394 13 11 9.055564 8500
    458 13 11 9.057337 13 11 9.065327 8500
    459 13 11 9.067342 13 11 9.076663 8500
    460 13 11 9.077401 13 11 9.086206 8500
    461 13 11 9.087343 13 11 9.096194 8500
    462 13 11 9.097409 13 11 9.105617 8500
    463 13 11 9.107414 13 11 9.115653 8500
    464 13 11 9.117390 13 11 9.125631 8500
    465 13 11 9.127359 13 11 9.135479 8500
    466 13 11 9.137332 13 11 9.145317 8500
    467 13 11 9.147334 13 11 9.155374 8500
    468 13 11 9.158129 13 11 9.166515 8500
    469 13 11 9.167398 13 11 9.175575 8500
    470 13 11 9.177448 13 11 9.185667 8500
    471 13 11 9.187388 13 11 9.195648 8500
    472 13 11 9.197347 13 11 9.205545 8500
    473 13 11 9.207430 13 11 9.215640 8500
    474 13 11 9.217332 13 11 9.225441 8500
    475 13 11 9.227330 13 11 9.235466 8500
    476 13 11 9.237368 13 11 9.246335 8500
    477 13 11 9.247363 13 11 9.255399 8500
    478 13 11 9.257331 13 11 9.265273 8500
    479 13 11 9.267383 13 11 9.276673 8500
    480 13 11 9.277333 13 11 9.286061 8500
    481 13 11 9.287395 13 11 9.295548 8500
    482 13 11 9.297394 13 11 9.305666 8500
    483 13 11 9.307416 13 11 9.315630 8500
    484 13 11 9.317398 13 11 9.325597 8500
    485 13 11 9.327405 13 11 9.335490 8500
    486 13 11 9.337334 13 11 9.345401 8500
    487 13 11 9.347345 13 11 9.355446 8500
    488 13 11 9.357362 13 11 9.366227 8500
    489 13 11 9.367373 13 11 9.376405 8500
    490 13 11 9.377701 13 11 9.385853 8500
    491 13 11 9.387361 13 11 9.395593 8500
    492 13 11 9.397413 13 11 9.405604 8500
    493 13 11 9.407389 13 11 9.415573 8500
    494 13 11 9.417396 13 11 9.425523 8500
    495 13 11 9.427393 13 11 9.435594 8500
    496 13 11 9.437381 13 11 9.445496 8500
    497 13 11 9.447338 13 11 9.455372 8500
    498 13 11 9.457328 13 11 9.465305 8500
    499 13 11 9.467333 13 11 9.475353 8500
    500 13 11 9.477358 13 11 9.492309 8500
    501 13 11 9.487394 13 11 9.499311 8500
    502 13 11 9.497396 13 11 9.506441 8500
    503 13 11 9.507504 13 11 9.516051 8500
    504 13 11 9.517421 13 11 9.526529 8500
    505 13 11 9.527359 13 11 9.535997 8500
    506 13 11 9.537696 13 11 9.546874 8500
    507 13 11 9.547475 13 11 9.556362 8500
    508 13 11 9.557567 13 11 9.566717 8500
    509 13 11 9.567389 13 11 9.575576 8500
    510 13 11 9.577377 13 11 9.585584 8500
    511 13 11 9.587440 13 11 9.595966 8500
    512 13 11 9.598110 13 11 9.606538 8500
    513 13 11 9.607414 13 11 9.615698 8500
    514 13 11 9.617414 13 11 9.625702 8500
    515 13 11 9.627333 13 11 9.635588 8500
    516 13 11 9.637399 13 11 9.645692 8500
    517 13 11 9.647403 13 11 9.655471 8500
    518 13 11 9.657343 13 11 9.665342 8500
    519 13 11 9.667338 13 11 9.676223 8500
    520 13 11 9.677298 13 11 9.686370 8500
    521 13 11 9.687459 13 11 9.696222 8500
    522 13 11 9.697452 13 11 9.705536 8500
    523 13 11 9.707399 13 11 9.715676 8500
    524 13 11 9.717359 13 11 9.725533 8500
    525 13 11 9.727406 13 11 9.735701 8500
    526 13 11 9.737401 13 11 9.745464 8500
    527 13 11 9.747363 13 11 9.756840 8500
    528 13 11 9.757358 13 11 9.766341 8500
    529 13 11 9.767486 13 11 9.776510 8500
    530 13 11 9.777393 13 11 9.785564 8500
    531 13 11 9.787340 13 11 9.795490 8500
    532 13 11 9.797395 13 11 9.805510 8500
    533 13 11 9.807390 13 11 9.815664 8500
    534 13 11 9.817347 13 11 9.825561 8500
    535 13 11 9.827512 13 11 9.836456 8500
    536 13 11 9.837889 13 11 9.846199 8500
    537 13 11 9.847367 13 11 9.855855 8500
    538 13 11 9.857430 13 11 9.865422 8500
    539 13 11 9.867347 13 11 9.876222 8500
    540 13 11 9.877290 13 11 9.886390 8500
    541 13 11 9.887672 13 11 9.896172 8500
    542 13 11 9.897365 13 11 9.905521 8500
    543 13 11 9.907413 13 11 9.915583 8500
    544 13 11 9.917396 13 11 9.925634 8500
    545 13 11 9.927329 13 11 9.935489 8500
    546 13 11 9.937329 13 11 9.945311 8500
    547 13 11 9.947350 13 11 9.956804 8500
    548 13 11 9.957338 13 11 9.966587 8500
    549 13 11 9.967421 13 11 9.975825 8500
    550 13 11 9.977422 13 11 9.991576 8500
    551 13 11 9.987503 13 11 9.999152 8500
    552 13 11 9.997483 13 11 10.006572 8500
    553 13 11 10.007440 13 11 10.016565 8500
    554 13 11 10.017367 13 11 10.025489 8500
    555 13 11 10.027331 13 11 10.035579 8500
    556 13 11 10.037444 13 11 10.045661 8500
    557 13 11 10.047434 13 11 10.055709 8500
    558 13 11 10.057394 13 11 10.065573 8500
    559 13 11 10.067334 13 11 10.075328 8500
    560 13 11 10.077334 13 11 10.087168 8500
    561 13 11 10.087369 13 11 10.095677 8500
    562 13 11 10.097445 13 11 10.105743 8500
    563 13 11 10.107430 13 11 10.115693 8500
    564 13 11 10.117438 13 11 10.125685 8500
    565 13 11 10.127392 13 11 10.135616 8500
    566 13 11 10.137390 13 11 10.145538 8500
    567 13 11 10.147335 13 11 10.155314 8500
    568 13 11 10.157351 13 11 10.167778 8500
    569 13 11 10.167882 13 11 10.176401 8500
    570 13 11 10.177410 13 11 10.186351 8500
    571 13 11 10.187499 13 11 10.195748 8500
    572 13 11 10.197393 13 11 10.205621 8500
    573 13 11 10.207352 13 11 10.215583 8500
    574 13 11 10.217394 13 11 10.225564 8500
    575 13 11 10.227398 13 11 10.235528 8500
    576 13 11 10.237356 13 11 10.245851 8500
    577 13 11 10.247398 13 11 10.255534 8500
    578 13 11 10.257331 13 11 10.265302 8500
    579 13 11 10.267333 13 11 10.276249 8500
    580 13 11 10.277317 13 11 10.286263 8500
    581 13 11 10.288005 13 11 10.296233 8500
    582 13 11 10.297399 13 11 10.306228 8500
    583 13 11 10.307356 13 11 10.315554 8500
    584 13 11 10.317358 13 11 10.325450 8500
    585 13 11 10.327320 13 11 10.335423 8500
    586 13 11 10.337332 13 11 10.345318 8500
    587 13 11 10.347333 13 11 10.355308 8500
    588 13 11 10.357333 13 11 10.365458 8500
    589 13 11 10.367354 13 11 10.376181 8500
    590 13 11 10.377397 13 11 10.385533 8500
    591 13 11 10.387397 13 11 10.395566 8500
    592 13 11 10.397399 13 11 10.405571 8500
    593 13 11 10.407406 13 11 10.415587 8500
    594 13 11 10.417398 13 11 10.425523 8500
    595 13 11 10.427334 13 11 10.435620 8500
    596 13 11 10.437397 13 11 10.445536 8500
    597 13 11 10.447431 13 11 10.455422 8500
    598 13 11 10.457338 13 11 10.466003 8500
    599 13 11 10.467337 13 11 10.475310 8500
    600 13 11 10.477330 13 11 10.491414 8500
    601 13 11 10.487759 13 11 10.498466 8500
    602 13 11 10.497410 13 11 10.506501 8500
    603 13 11 10.507336 13 11 10.515451 8500
    604 13 11 10.517372 13 11 10.525620 8500
    605 13 11 10.527397 13 11 10.535498 8500
    606 13 11 10.537330 13 11 10.545322 8500
    607 13 11 10.547340 13 11 10.555329 8500
    608 13 11 10.557349 13 11 10.565614 8500
    609 13 11 10.567636 13 11 10.576029 8500
    610 13 11 10.577401 13 11 10.585513 8500
    611 13 11 10.587396 13 11 10.595565 8500
    612 13 11 10.597390 13 11 10.605627 8500
    613 13 11 10.607416 13 11 10.615610 8500
    614 13 11 10.617390 13 11 10.625564 8500
    615 13 11 10.627394 13 11 10.635538 8500
    616 13 11 10.637349 13 11 10.645341 8500
    617 13 11 10.647332 13 11 10.655331 8500
    618 13 11 10.657330 13 11 10.665330 8500
    619 13 11 10.667336 13 11 10.675326 8500
    620 13 11 10.677333 13 11 10.686875 8500
    621 13 11 10.687357 13 11 10.696656 8500
    622 13 11 10.697390 13 11 10.705591 8500
    623 13 11 10.707394 13 11 10.715545 8500
    624 13 11 10.717397 13 11 10.725637 8500
    625 13 11 10.727413 13 11 10.735512 8500
    626 13 11 10.737351 13 11 10.745392 8500
    627 13 11 10.747343 13 11 10.755347 8500
    628 13 11 10.757332 13 11 10.766863 8500
    629 13 11 10.767540 13 11 10.775823 8500
    630 13 11 10.777390 13 11 10.785638 8500
    631 13 11 10.787423 13 11 10.796106 8500
    632 13 11 10.797359 13 11 10.805457 8500
    633 13 11 10.807354 13 11 10.815549 8500
    634 13 11 10.817351 13 11 10.825518 8500
    635 13 11 10.827379 13 11 10.835603 8500
    636 13 11 10.837353 13 11 10.845456 8500
    637 13 11 10.847353 13 11 10.855363 8500
    638 13 11 10.857345 13 11 10.865365 8500
    639 13 11 10.867350 13 11 10.876440 8500
    640 13 11 10.877344 13 11 10.886749 8500
    641 13 11 10.887541 13 11 10.896444 8500
    642 13 11 10.897311 13 11 10.905509 8500
    643 13 11 10.907398 13 11 10.915620 8500
    644 13 11 10.917410 13 11 10.925561 8500
    645 13 11 10.927396 13 11 10.935546 8500
    646 13 11 10.937329 13 11 10.945322 8500
    647 13 11 10.947354 13 11 10.956454 8500
    648 13 11 10.957340 13 11 10.965396 8500
    649 13 11 10.967420 13 11 10.976051 8500
    650 13 11 10.977430 13 11 10.991832 8500
    651 13 11 10.987406 13 11 10.999753 8500
    652 13 11 10.997391 13 11 11.007536 8500
    653 13 11 11.007421 13 11 11.015736 8500
    654 13 11 11.017397 13 11 11.025555 8500
    655 13 11 11.027392 13 11 11.035634 8500
    656 13 11 11.037392 13 11 11.046124 8500
    657 13 11 11.047354 13 11 11.055709 8500
    658 13 11 11.057356 13 11 11.065360 8500
    659 13 11 11.067348 13 11 11.076418 8500
    660 13 11 11.077339 13 11 11.086529 8500
    661 13 11 11.087338 13 11 11.096052 8500
    662 13 11 11.097761 13 11 11.106109 8500
    663 13 11 11.107404 13 11 11.115626 8500
    664 13 11 11.117399 13 11 11.125692 8500
    665 13 11 11.127404 13 11 11.135633 8500
    666 13 11 11.137330 13 11 11.145346 8500
    667 13 11 11.147361 13 11 11.156442 8500
    668 13 11 11.157412 13 11 11.166451 8500
    669 13 11 11.167253 13 11 11.176294 8500
    670 13 11 11.177365 13 11 11.185757 8500
    671 13 11 11.187464 13 11 11.195714 8500
    672 13 11 11.197392 13 11 11.205526 8500
    673 13 11 11.207402 13 11 11.215604 8500
    674 13 11 11.217427 13 11 11.225709 8500
    675 13 11 11.227399 13 11 11.235772 8500
    676 13 11 11.237334 13 11 11.245568 8500
    677 13 11 11.247398 13 11 11.255542 8500
    678 13 11 11.257398 13 11 11.266436 8500
    679 13 11 11.267353 13 11 11.275346 8500
    680 13 11 11.277352 13 11 11.285408 8500
    681 13 11 11.288377 13 11 11.297242 8500
    682 13 11 11.297370 13 11 11.305574 8500
    683 13 11 11.307332 13 11 11.315497 8500
    684 13 11 11.317446 13 11 11.325772 8500
    685 13 11 11.327407 13 11 11.335611 8500
    686 13 11 11.337424 13 11 11.345421 8500
    687 13 11 11.347331 13 11 11.355318 8500
    688 13 11 11.357333 13 11 11.365474 8500
    689 13 11 11.367670 13 11 11.377162 8500
    690 13 11 11.377409 13 11 11.385574 8500
    691 13 11 11.387335 13 11 11.396235 8500
    692 13 11 11.397439 13 11 11.405720 8500
    693 13 11 11.407403 13 11 11.415592 8500
    694 13 11 11.417448 13 11 11.425675 8500
    695 13 11 11.427405 13 11 11.435544 8500
    696 13 11 11.437407 13 11 11.445570 8500
    697 13 11 11.447402 13 11 11.455491 8500
    698 13 11 11.457328 13 11 11.465343 8500
    699 13 11 11.467339 13 11 11.476521 8500
    700 13 11 11.477335 13 11 11.491467 8500
    701 13 11 11.487239 13 11 11.499145 8500
    702 13 11 11.498096 13 11 11.506218 8500
    703 13 11 11.507336 13 11 11.515515 8500
    704 13 11 11.517424 13 11 11.525622 8500
    705 13 11 11.527397 13 11 11.535491 8500
    706 13 11 11.537333 13 11 11.545343 8500
    707 13 11 11.547333 13 11 11.556502 8500
    708 13 11 11.557339 13 11 11.565433 8500
    709 13 11 11.568089 13 11 11.577216 8500
    710 13 11 11.577362 13 11 11.585466 8500
    711 13 11 11.587415 13 11 11.595596 8500
    712 13 11 11.597390 13 11 11.605634 8500
    713 13 11 11.607421 13 11 11.615572 8500
    714 13 11 11.617335 13 11 11.625515 8500
    715 13 11 11.627390 13 11 11.635583 8500
    716 13 11 11.637378 13 11 11.645552 8500
    717 13 11 11.647330 13 11 11.655336 8500
    718 13 11 11.657332 13 11 11.665343 8500
    719 13 11 11.667343 13 11 11.676481 8500
    720 13 11 11.677336 13 11 11.685418 8500
    721 13 11 11.687996 13 11 11.696379 8500
    722 13 11 11.697437 13 11 11.706478 8500
    723 13 11 11.707399 13 11 11.715614 8500
    724 13 11 11.717378 13 11 11.725507 8500
    725 13 11 11.727434 13 11 11.735538 8500
    726 13 11 11.737329 13 11 11.745347 8500
    727 13 11 11.747351 13 11 11.755366 8500
    728 13 11 11.757355 13 11 11.766581 8500
    729 13 11 11.767279 13 11 11.775926 8500
    730 13 11 11.777454 13 11 11.785678 8500
    731 13 11 11.787444 13 11 11.795571 8500
    732 13 11 11.797387 13 11 11.805593 8500
    733 13 11 11.807401 13 11 11.815580 8500
    734 13 11 11.817387 13 11 11.825568 8500
    735 13 11 11.827396 13 11 11.835445 8500
    736 13 11 11.837395 13 11 11.845620 8500
    737 13 11 11.847410 13 11 11.855406 8500
    738 13 11 11.857352 13 11 11.865346 8500
    739 13 11 11.867331 13 11 11.875299 8500
    740 13 11 11.877383 13 11 11.886494 8500
    741 13 11 11.887634 13 11 11.896630 8500
    742 13 11 11.897410 13 11 11.905602 8500
    743 13 11 11.907334 13 11 11.915525 8500
    744 13 11 11.917396 13 11 11.925535 8500
    745 13 11 11.927414 13 11 11.935617 8500
    746 13 11 11.937504 13 11 11.945519 8500
    747 13 11 11.947321 13 11 11.955306 8500
    748 13 11 11.957383 13 11 11.966535 8500
    749 13 11 11.967313 13 11 11.976191 8500
    750 13 11 11.977339 13 11 11.991374 8500
    751 13 11 11.987410 13 11 11.998829 8500
    752 13 11 11.997434 13 11 12.005922 8500
    753 13 11 12.007448 13 11 12.015862 8500
    754 13 11 12.017398 13 11 12.025619 8500
    755 13 11 12.027464 13 11 12.035726 8500
    756 13 11 12.037411 13 11 12.045662 8500
    757 13 11 12.047352 13 11 12.056527 8500
    758 13 11 12.057344 13 11 12.065405 8500
    759 13 11 12.067353 13 11 12.075343 8500
    760 13 11 12.077332 13 11 12.086589 8500
    761 13 11 12.088008 13 11 12.096942 8500
    762 13 11 12.097409 13 11 12.105612 8500
    763 13 11 12.107390 13 11 12.115608 8500
    764 13 11 12.117487 13 11 12.125991 8500
    765 13 11 12.127394 13 11 12.135407 8500
    766 13 11 12.137321 13 11 12.145322 8500
    767 13 11 12.147323 13 11 12.157109 8500
    768 13 11 12.157339 13 11 12.165542 8500
    769 13 11 12.167661 13 11 12.176515 8500
    770 13 11 12.177398 13 11 12.185677 8500
    771 13 11 12.187333 13 11 12.195562 8500
    772 13 11 12.197395 13 11 12.205636 8500
    773 13 11 12.207392 13 11 12.215595 8500
    774 13 11 12.217416 13 11 12.225887 8500
    775 13 11 12.227425 13 11 12.235708 8500
    776 13 11 12.237408 13 11 12.245658 8500
    777 13 11 12.247396 13 11 12.255665 8500
    778 13 11 12.257334 13 11 12.265325 8500
    779 13 11 12.267336 13 11 12.275337 8500
    780 13 11 12.277336 13 11 12.285505 8500
    781 13 11 12.287400 13 11 12.296055 8500
    782 13 11 12.297439 13 11 12.305745 8500
    783 13 11 12.307396 13 11 12.315649 8500
    784 13 11 12.317389 13 11 12.325533 8500
    785 13 11 12.327441 13 11 12.335744 8500
    786 13 11 12.337331 13 11 12.345344 8500
    787 13 11 12.347336 13 11 12.355320 8500
    788 13 11 12.357390 13 11 12.365536 8500
    789 13 11 12.367397 13 11 12.376583 8500
    790 13 11 12.377342 13 11 12.386373 8500
    791 13 11 12.387313 13 11 12.395485 8500
    792 13 11 12.397349 13 11 12.405625 8500
    793 13 11 12.407408 13 11 12.415554 8500
    794 13 11 12.417388 13 11 12.425632 8500
    795 13 11 12.427388 13 11 12.435586 8500
    796 13 11 12.437462 13 11 12.445658 8500
    797 13 11 12.447321 13 11 12.455277 8500
    798 13 11 12.457373 13 11 12.465384 8500
    799 13 11 12.467337 13 11 12.477178 8500
    800 13 11 12.477370 13 11 12.492006 8500
    801 13 11 12.487375 13 11 12.499646 8500
    802 13 11 12.497458 13 11 12.506520 8500
    803 13 11 12.507329 13 11 12.515546 8500
    804 13 11 12.517333 13 11 12.525508 8500
    805 13 11 12.527388 13 11 12.535531 8500
    806 13 11 12.537331 13 11 12.545379 8500
    807 13 11 12.547333 13 11 12.555322 8500
    808 13 11 12.557340 13 11 12.565424 8500
    809 13 11 12.567351 13 11 12.575924 8500
    810 13 11 12.577398 13 11 12.586048 8500
    811 13 11 12.587422 13 11 12.595656 8500
    812 13 11 12.597409 13 11 12.605646 8500
    813 13 11 12.607431 13 11 12.615584 8500
    814 13 11 12.617390 13 11 12.625581 8500
    815 13 11 12.627333 13 11 12.635557 8500
    816 13 11 12.637399 13 11 12.645590 8500
    817 13 11 12.647332 13 11 12.655381 8500
    818 13 11 12.657348 13 11 12.665342 8500
    819 13 11 12.667341 13 11 12.675323 8500
    820 13 11 12.677331 13 11 12.685425 8500
    821 13 11 12.687381 13 11 12.695653 8500
    822 13 11 12.697475 13 11 12.705747 8500
    823 13 11 12.707413 13 11 12.715657 8500
    824 13 11 12.717361 13 11 12.725778 8500
    825 13 11 12.727467 13 11 12.735870 8500
    826 13 11 12.737344 13 11 12.745497 8500
    827 13 11 12.747327 13 11 12.755300 8500
    828 13 11 12.757322 13 11 12.765356 8500
    829 13 11 12.767410 13 11 12.776666 8500
    830 13 11 12.777397 13 11 12.785731 8500
    831 13 11 12.787400 13 11 12.795486 8500
    832 13 11 12.797356 13 11 12.806314 8500
    833 13 11 12.807280 13 11 12.815509 8500
    834 13 11 12.817398 13 11 12.825915 8500
    835 13 11 12.827394 13 11 12.835734 8500
    836 13 11 12.837365 13 11 12.845798 8500
    837 13 11 12.847426 13 11 12.855905 8500
    838 13 11 12.857343 13 11 12.865398 8500
    839 13 11 12.867345 13 11 12.876628 8500
    840 13 11 12.877319 13 11 12.885358 8500
    841 13 11 12.887354 13 11 12.896560 8500
    842 13 11 12.897394 13 11 12.905611 8500
    843 13 11 12.907427 13 11 12.915556 8500
    844 13 11 12.917398 13 11 12.925767 8500
    845 13 11 12.927391 13 11 12.935750 8500
    846 13 11 12.937694 13 11 12.945949 8500
    847 13 11 12.947336 13 11 12.955318 8500
    848 13 11 12.957335 13 11 12.965581 8500
    849 13 11 12.967335 13 11 12.976238 8500
    850 13 11 12.977423 13 11 12.991766 8500
    851 13 11 12.987432 13 11 12.998789 8500
    852 13 11 12.997471 13 11 13.005779 8500
    853 13 11 13.007403 13 11 13.015658 8500
    854 13 11 13.017431 13 11 13.025783 8500
    855 13 11 13.027357 13 11 13.035686 8500
    856 13 11 13.037388 13 11 13.045635 8500
    857 13 11 13.047396 13 11 13.055633 8500
    858 13 11 13.057439 13 11 13.065549 8500
    859 13 11 13.067356 13 11 13.075421 8500
    860 13 11 13.077351 13 11 13.085561 8500
    861 13 11 13.087343 13 11 13.096472 8500
    862 13 11 13.097524 13 11 13.105968 8500
    863 13 11 13.107898 13 11 13.116217 8500
    864 13 11 13.117399 13 11 13.125628 8500
    865 13 11 13.127591 13 11 13.135839 8500
    866 13 11 13.137387 13 11 13.145637 8500
    867 13 11 13.147342 13 11 13.155350 8500
    868 13 11 13.157341 13 11 13.166245 8500
    869 13 11 13.167391 13 11 13.175770 8500
    870 13 11 13.177414 13 11 13.185646 8500
    871 13 11 13.187398 13 11 13.196479 8500
    872 13 11 13.197395 13 11 13.205586 8500
    873 13 11 13.207388 13 11 13.215585 8500
    874 13 11 13.217385 13 11 13.225507 8500
    875 13 11 13.227392 13 11 13.235533 8500
    876 13 11 13.237398 13 11 13.245556 8500
    877 13 11 13.247605 13 11 13.255601 8500
    878 13 11 13.257336 13 11 13.265326 8500
    879 13 11 13.267347 13 11 13.276913 8500
    880 13 11 13.277352 13 11 13.285310 8500
    881 13 11 13.287345 13 11 13.295750 8500
    882 13 11 13.297409 13 11 13.305640 8500
    883 13 11 13.307365 13 11 13.315626 8500
    884 13 11 13.317403 13 11 13.325602 8500
    885 13 11 13.327287 13 11 13.335461 8500
    886 13 11 13.337332 13 11 13.345311 8500
    887 13 11 13.347331 13 11 13.356697 8500
    888 13 11 13.357333 13 11 13.365306 8500
    889 13 11 13.367399 13 11 13.376590 8500
    890 13 11 13.377402 13 11 13.386101 8500
    891 13 11 13.387601 13 11 13.395713 8500
    892 13 11 13.397396 13 11 13.405637 8500
    893 13 11 13.407389 13 11 13.415518 8500
    894 13 11 13.417410 13 11 13.425568 8500
    895 13 11 13.427386 13 11 13.435560 8500
    896 13 11 13.437428 13 11 13.445610 8500
    897 13 11 13.447331 13 11 13.455322 8500
    898 13 11 13.457337 13 11 13.465362 8500
    899 13 11 13.467349 13 11 13.476276 8500
    900 13 11 13.477344 13 11 13.492357 8500
    901 13 11 13.487396 13 11 13.499123 8500
    902 13 11 13.497370 13 11 13.506049 8500
    903 13 11 13.507410 13 11 13.515675 8500
    904 13 11 13.517447 13 11 13.525857 8500
    905 13 11 13.527336 13 11 13.535576 8500
    906 13 11 13.537394 13 11 13.545498 8500
    907 13 11 13.547408 13 11 13.555403 8500
    908 13 11 13.557351 13 11 13.566264 8500
    909 13 11 13.567399 13 11 13.575810 8500
    910 13 11 13.577415 13 11 13.585680 8500
    911 13 11 13.587645 13 11 13.595812 8500
    912 13 11 13.597433 13 11 13.605800 8500
    913 13 11 13.607354 13 11 13.616393 8500
    914 13 11 13.617302 13 11 13.625674 8500
    915 13 11 13.627399 13 11 13.635536 8500
    916 13 11 13.637418 13 11 13.645580 8500
    917 13 11 13.648149 13 11 13.656228 8500
    918 13 11 13.657294 13 11 13.665364 8500
    919 13 11 13.667334 13 11 13.676671 8500
    920 13 11 13.677334 13 11 13.685306 8500
    921 13 11 13.687447 13 11 13.696137 8500
    922 13 11 13.697392 13 11 13.705500 8500
    923 13 11 13.707390 13 11 13.715562 8500
    924 13 11 13.717473 13 11 13.725663 8500
    925 13 11 13.727403 13 11 13.735526 8500
    926 13 11 13.737330 13 11 13.745336 8500
    927 13 11 13.747346 13 11 13.756807 8500
    928 13 11 13.757334 13 11 13.765323 8500
    929 13 11 13.767436 13 11 13.775574 8500
    930 13 11 13.777397 13 11 13.786198 8500
    931 13 11 13.787344 13 11 13.795624 8500
    932 13 11 13.797404 13 11 13.805738 8500
    933 13 11 13.807397 13 11 13.815594 8500
    934 13 11 13.817399 13 11 13.825502 8500
    935 13 11 13.827386 13 11 13.835568 8500
    936 13 11 13.837393 13 11 13.845584 8500
    937 13 11 13.847398 13 11 13.855582 8500
    938 13 11 13.857336 13 11 13.865332 8500
    939 13 11 13.867333 13 11 13.876255 8500
    940 13 11 13.877321 13 11 13.886222 8500
    941 13 11 13.887358 13 11 13.896098 8500
    942 13 11 13.897413 13 11 13.905651 8500
    943 13 11 13.907432 13 11 13.915559 8500
    944 13 11 13.917401 13 11 13.925573 8500
    945 13 11 13.927417 13 11 13.935689 8500
    946 13 11 13.937333 13 11 13.945316 8500
    947 13 11 13.947421 13 11 13.956310 8500
    948 13 11 13.957361 13 11 13.965510 8500
    949 13 11 13.967430 13 11 13.976053 8500
    950 13 11 13.977411 13 11 13.991543 8500
    951 13 11 13.987342 13 11 13.998684 8500
    952 13 11 13.997555 13 11 14.005751 8500
    953 13 11 14.007403 13 11 14.015696 8500
    954 13 11 14.017407 13 11 14.025710 8500
    955 13 11 14.027355 13 11 14.035619 8500
    956 13 11 14.037409 13 11 14.045590 8500
    957 13 11 14.047337 13 11 14.055467 8500
    958 13 11 14.057380 13 11 14.065644 8500
    959 13 11 14.067335 13 11 14.075309 8500
    960 13 11 14.077332 13 11 14.085323 8500
    961 13 11 14.087331 13 11 14.096045 8500
    962 13 11 14.097400 13 11 14.105608 8500
    963 13 11 14.107336 13 11 14.115527 8500
    964 13 11 14.117392 13 11 14.125517 8500
    965 13 11 14.127408 13 11 14.135510 8500
    966 13 11 14.137328 13 11 14.145315 8500
    967 13 11 14.147330 13 11 14.156261 8500
    968 13 11 14.157334 13 11 14.165418 8500
    969 13 11 14.167386 13 11 14.175959 8500
    970 13 11 14.177336 13 11 14.187072 8500
    971 13 11 14.187419 13 11 14.195793 8500
    972 13 11 14.197357 13 11 14.205719 8500
    973 13 11 14.207435 13 11 14.215595 8500
    974 13 11 14.217397 13 11 14.225642 8500
    975 13 11 14.227430 13 11 14.235547 8500
    976 13 11 14.237330 13 11 14.245575 8500
    977 13 11 14.247394 13 11 14.255594 8500
    978 13 11 14.257331 13 11 14.265333 8500
    979 13 11 14.267334 13 11 14.275320 8500
    980 13 11 14.277328 13 11 14.285379 8500
    981 13 11 14.287399 13 11 14.296098 8500
    982 13 11 14.297339 13 11 14.305581 8500
    983 13 11 14.307391 13 11 14.315540 8500
    984 13 11 14.317437 13 11 14.325779 8500
    985 13 11 14.327389 13 11 14.335549 8500
    986 13 11 14.337396 13 11 14.345527 8500
    987 13 11 14.347336 13 11 14.355332 8500
    988 13 11 14.357335 13 11 14.365356 8500
    989 13 11 14.367347 13 11 14.375849 8500
    990 13 11 14.377883 13 11 14.386257 8500
    991 13 11 14.387387 13 11 14.395509 8500
    992 13 11 14.397391 13 11 14.405549 8500
    993 13 11 14.407401 13 11 14.415616 8500
    994 13 11 14.417414 13 11 14.425511 8500
    995 13 11 14.427400 13 11 14.435674 8500
    996 13 11 14.437397 13 11 14.445667 8500
    997 13 11 14.447392 13 11 14.455498 8500
    998 13 11 14.457328 13 11 14.465327 8500
    999 13 11 14.467330 13 11 14.475324 8500
   1000 13 11 14.477335 13 11 14.491583 8500
