      1 13 11 16.668261 13 11 16.668261 8600
      2 13 11 16.678426 13 11 16.678426 8600
      3 13 11 16.688383 13 11 16.688383 8600
      4 13 11 16.698661 13 11 16.698661 8600
      5 13 11 16.708373 13 11 16.708373 8600
      6 13 11 16.718364 13 11 16.718364 8600
      7 13 11 16.728466 13 11 16.728466 8600
      8 13 11 16.738434 13 11 16.738434 8600
      9 13 11 16.748439 13 11 16.748439 8600
     10 13 11 16.758393 13 11 16.758393 8600
     11 13 11 16.768383 13 11 16.768383 8600
     12 13 11 16.778365 13 11 16.778365 8600
     13 13 11 16.788361 13 11 16.788361 8600
     14 13 11 16.798376 13 11 16.798376 8600
     15 13 11 16.808351 13 11 16.808351 8600
     16 13 11 16.818536 13 11 16.818536 8600
     17 13 11 16.828354 13 11 16.828354 8600
     18 13 11 16.838428 13 11 16.838428 8600
     19 13 11 16.848358 13 11 16.848358 8600
     20 13 11 16.858426 13 11 16.858426 8600
     21 13 11 16.868497 13 11 16.868497 8600
     22 13 11 16.878425 13 11 16.878425 8600
     23 13 11 16.888414 13 11 16.888414 8600
     24 13 11 16.898419 13 11 16.898419 8600
     25 13 11 16.908346 13 11 16.908346 8600
     26 13 11 16.918416 13 11 16.918416 8600
     27 13 11 16.928384 13 11 16.928384 8600
     28 13 11 16.938389 13 11 16.938389 8600
     29 13 11 16.948377 13 11 16.948377 8600
     30 13 11 16.958576 13 11 16.958576 8600
     31 13 11 16.968478 13 11 16.968478 8600
     32 13 11 16.978387 13 11 16.978387 8600
     33 13 11 16.988361 13 11 16.988361 8600
     34 13 11 16.998367 13 11 16.998367 8600
     35 13 11 17.008371 13 11 17.008371 8600
     36 13 11 17.018443 13 11 17.018443 8600
     37 13 11 17.028463 13 11 17.028463 8600
     38 13 11 17.038450 13 11 17.038450 8600
     39 13 11 17.048415 13 11 17.048415 8600
     40 13 11 17.058365 13 11 17.058365 8600
     41 13 11 17.068424 13 11 17.068424 8600
     42 13 11 17.078441 13 11 17.078441 8600
     43 13 11 17.088436 13 11 17.088436 8600
     44 13 11 17.098362 13 11 17.098362 8600
     45 13 11 17.108360 13 11 17.108360 8600
     46 13 11 17.118372 13 11 17.118372 8600
     47 13 11 17.128465 13 11 17.128465 8600
     48 13 11 17.138472 13 11 17.138472 8600
     49 13 11 17.148376 13 11 17.148376 8600
     50 13 11 17.158456 13 11 17.158456 8600
     51 13 11 17.168352 13 11 17.168352 8600
     52 13 11 17.178474 13 11 17.178474 8600
     53 13 11 17.188351 13 11 17.188351 8600
     54 13 11 17.198357 13 11 17.198357 8600
     55 13 11 17.208389 13 11 17.208389 8600
     56 13 11 17.218429 13 11 17.218429 8600
     57 13 11 17.228404 13 11 17.228404 8600
     58 13 11 17.238440 13 11 17.238440 8600
     59 13 11 17.248429 13 11 17.248429 8600
     60 13 11 17.258427 13 11 17.258427 8600
     61 13 11 17.268422 13 11 17.268422 8600
     62 13 11 17.278432 13 11 17.278432 8600
     63 13 11 17.288434 13 11 17.288434 8600
     64 13 11 17.298370 13 11 17.298370 8600
     65 13 11 17.308348 13 11 17.308348 8600
     66 13 11 17.318412 13 11 17.318412 8600
     67 13 11 17.328382 13 11 17.328382 8600
     68 13 11 17.338428 13 11 17.338428 8600
     69 13 11 17.348425 13 11 17.348425 8600
     70 13 11 17.358422 13 11 17.358422 8600
     71 13 11 17.368552 13 11 17.368552 8600
     72 13 11 17.378365 13 11 17.378365 8600
     73 13 11 17.388376 13 11 17.388376 8600
     74 13 11 17.398362 13 11 17.398362 8600
     75 13 11 17.408398 13 11 17.408398 8600
     76 13 11 17.418428 13 11 17.418428 8600
     77 13 11 17.428470 13 11 17.428470 8600
     78 13 11 17.438383 13 11 17.438383 8600
     79 13 11 17.448456 13 11 17.448456 8600
     80 13 11 17.458429 13 11 17.458429 8600
     81 13 11 17.468451 13 11 17.468451 8600
     82 13 11 17.478428 13 11 17.478428 8600
     83 13 11 17.488371 13 11 17.488371 8600
     84 13 11 17.498463 13 11 17.498463 8600
     85 13 11 17.508365 13 11 17.508365 8600
     86 13 11 17.518298 13 11 17.518298 8600
     87 13 11 17.528808 13 11 17.528808 8600
     88 13 11 17.538433 13 11 17.538433 8600
     89 13 11 17.548418 13 11 17.548418 8600
     90 13 11 17.558468 13 11 17.558468 8600
     91 13 11 17.568425 13 11 17.568425 8600
     92 13 11 17.578365 13 11 17.578365 8600
     93 13 11 17.588362 13 11 17.588362 8600
     94 13 11 17.598387 13 11 17.598387 8600
     95 13 11 17.608364 13 11 17.608364 8600
     96 13 11 17.618410 13 11 17.618410 8600
     97 13 11 17.628327 13 11 17.628327 8600
     98 13 11 17.638441 13 11 17.638441 8600
     99 13 11 17.648419 13 11 17.648419 8600
    100 13 11 17.658419 13 11 17.658419 8600
    101 13 11 17.668433 13 11 17.668433 8600
    102 13 11 17.678449 13 11 17.678449 8600
    103 13 11 17.688439 13 11 17.688439 8600
    104 13 11 17.698374 13 11 17.698374 8600
    105 13 11 17.708369 13 11 17.708369 8600
    106 13 11 17.718385 13 11 17.718385 8600
    107 13 11 17.729037 13 11 17.729037 8600
    108 13 11 17.738395 13 11 17.738395 8600
    109 13 11 17.748421 13 11 17.748421 8600
    110 13 11 17.758419 13 11 17.758419 8600
    111 13 11 17.768359 13 11 17.768359 8600
    112 13 11 17.778363 13 11 17.778363 8600
    113 13 11 17.788333 13 11 17.788333 8600
    114 13 11 17.798365 13 11 17.798365 8600
    115 13 11 17.808363 13 11 17.808363 8600
    116 13 11 17.818457 13 11 17.818457 8600
    117 13 11 17.828445 13 11 17.828445 8600
    118 13 11 17.838432 13 11 17.838432 8600
    119 13 11 17.848359 13 11 17.848359 8600
    120 13 11 17.858364 13 11 17.858364 8600
    121 13 11 17.868390 13 11 17.868390 8600
    122 13 11 17.878474 13 11 17.878474 8600
    123 13 11 17.888490 13 11 17.888490 8600
    124 13 11 17.898468 13 11 17.898468 8600
    125 13 11 17.908367 13 11 17.908367 8600
    126 13 11 17.918383 13 11 17.918383 8600
    127 13 11 17.928535 13 11 17.928535 8600
    128 13 11 17.938375 13 11 17.938375 8600
    129 13 11 17.948423 13 11 17.948423 8600
    130 13 11 17.958431 13 11 17.958431 8600
    131 13 11 17.968433 13 11 17.968433 8600
    132 13 11 17.978359 13 11 17.978359 8600
    133 13 11 17.988381 13 11 17.988381 8600
    134 13 11 17.998363 13 11 17.998363 8600
    135 13 11 18.008364 13 11 18.008364 8600
    136 13 11 18.018464 13 11 18.018464 8600
    137 13 11 18.028393 13 11 18.028393 8600
    138 13 11 18.038423 13 11 18.038423 8600
    139 13 11 18.048431 13 11 18.048431 8600
    140 13 11 18.058578 13 11 18.058578 8600
    141 13 11 18.068515 13 11 18.068515 8600
    142 13 11 18.078443 13 11 18.078443 8600
    143 13 11 18.088415 13 11 18.088415 8600
    144 13 11 18.098430 13 11 18.098430 8600
    145 13 11 18.108357 13 11 18.108357 8600
    146 13 11 18.118363 13 11 18.118363 8600
    147 13 11 18.128900 13 11 18.128900 8600
    148 13 11 18.138380 13 11 18.138380 8600
    149 13 11 18.148361 13 11 18.148361 8600
    150 13 11 18.158387 13 11 18.158387 8600
    151 13 11 18.168430 13 11 18.168430 8600
    152 13 11 18.178418 13 11 18.178418 8600
    153 13 11 18.188341 13 11 18.188341 8600
    154 13 11 18.198380 13 11 18.198380 8600
    155 13 11 18.208337 13 11 18.208337 8600
    156 13 11 18.218356 13 11 18.218356 8600
    157 13 11 18.228397 13 11 18.228397 8600
    158 13 11 18.238365 13 11 18.238365 8600
    159 13 11 18.248439 13 11 18.248439 8600
    160 13 11 18.258427 13 11 18.258427 8600
    161 13 11 18.268421 13 11 18.268421 8600
    162 13 11 18.278370 13 11 18.278370 8600
    163 13 11 18.288416 13 11 18.288416 8600
    164 13 11 18.298431 13 11 18.298431 8600
    165 13 11 18.308377 13 11 18.308377 8600
    166 13 11 18.318359 13 11 18.318359 8600
    167 13 11 18.328329 13 11 18.328329 8600
    168 13 11 18.338425 13 11 18.338425 8600
    169 13 11 18.348414 13 11 18.348414 8600
    170 13 11 18.358364 13 11 18.358364 8600
    171 13 11 18.368435 13 11 18.368435 8600
    172 13 11 18.378358 13 11 18.378358 8600
    173 13 11 18.388425 13 11 18.388425 8600
    174 13 11 18.398427 13 11 18.398427 8600
    175 13 11 18.408356 13 11 18.408356 8600
    176 13 11 18.418372 13 11 18.418372 8600
    177 13 11 18.428518 13 11 18.428518 8600
    178 13 11 18.438430 13 11 18.438430 8600
    179 13 11 18.448380 13 11 18.448380 8600
    180 13 11 18.458366 13 11 18.458366 8600
    181 13 11 18.468360 13 11 18.468360 8600
    182 13 11 18.478363 13 11 18.478363 8600
    183 13 11 18.488459 13 11 18.488459 8600
    184 13 11 18.498432 13 11 18.498432 8600
    185 13 11 18.508376 13 11 18.508376 8600
    186 13 11 18.518370 13 11 18.518370 8600
    187 13 11 18.528648 13 11 18.528648 8600
    188 13 11 18.538368 13 11 18.538368 8600
    189 13 11 18.548439 13 11 18.548439 8600
    190 13 11 18.558448 13 11 18.558448 8600
    191 13 11 18.570893 13 11 18.570893 8600
    192 13 11 18.578378 13 11 18.578378 8600
    193 13 11 18.588384 13 11 18.588384 8600
    194 13 11 18.598369 13 11 18.598369 8600
    195 13 11 18.608375 13 11 18.608375 8600
    196 13 11 18.618363 13 11 18.618363 8600
    197 13 11 18.628447 13 11 18.628447 8600
    198 13 11 18.638429 13 11 18.638429 8600
    199 13 11 18.648423 13 11 18.648423 8600
    200 13 11 18.658426 13 11 18.658426 8600
    201 13 11 18.668423 13 11 18.668423 8600
    202 13 11 18.678426 13 11 18.678426 8600
    203 13 11 18.688364 13 11 18.688364 8600
    204 13 11 18.698366 13 11 18.698366 8600
    205 13 11 18.708379 13 11 18.708379 8600
    206 13 11 18.718396 13 11 18.718396 8600
    207 13 11 18.728598 13 11 18.728598 8600
    208 13 11 18.738482 13 11 18.738482 8600
    209 13 11 18.748360 13 11 18.748360 8600
    210 13 11 18.758427 13 11 18.758427 8600
    211 13 11 18.768436 13 11 18.768436 8600
    212 13 11 18.778508 13 11 18.778508 8600
    213 13 11 18.788378 13 11 18.788378 8600
    214 13 11 18.798611 13 11 18.798611 8600
    215 13 11 18.808302 13 11 18.808302 8600
    216 13 11 18.818456 13 11 18.818456 8600
    217 13 11 18.828483 13 11 18.828483 8600
    218 13 11 18.838394 13 11 18.838394 8600
    219 13 11 18.848448 13 11 18.848448 8600
    220 13 11 18.858426 13 11 18.858426 8600
    221 13 11 18.868425 13 11 18.868425 8600
    222 13 11 18.878419 13 11 18.878419 8600
    223 13 11 18.888360 13 11 18.888360 8600
    224 13 11 18.898427 13 11 18.898427 8600
    225 13 11 18.908366 13 11 18.908366 8600
    226 13 11 18.918375 13 11 18.918375 8600
    227 13 11 18.928401 13 11 18.928401 8600
    228 13 11 18.938569 13 11 18.938569 8600
    229 13 11 18.948529 13 11 18.948529 8600
    230 13 11 18.958384 13 11 18.958384 8600
    231 13 11 18.968325 13 11 18.968325 8600
    232 13 11 18.978494 13 11 18.978494 8600
    233 13 11 18.988368 13 11 18.988368 8600
    234 13 11 18.998428 13 11 18.998428 8600
    235 13 11 19.008376 13 11 19.008376 8600
    236 13 11 19.018340 13 11 19.018340 8600
    237 13 11 19.028383 13 11 19.028383 8600
    238 13 11 19.038396 13 11 19.038396 8600
    239 13 11 19.048448 13 11 19.048448 8600
    240 13 11 19.058523 13 11 19.058523 8600
    241 13 11 19.068480 13 11 19.068480 8600
    242 13 11 19.078486 13 11 19.078486 8600
    243 13 11 19.088418 13 11 19.088418 8600
    244 13 11 19.098751 13 11 19.098751 8600
    245 13 11 19.108363 13 11 19.108363 8600
    246 13 11 19.118362 13 11 19.118362 8600
    247 13 11 19.128412 13 11 19.128412 8600
    248 13 11 19.138407 13 11 19.138407 8600
    249 13 11 19.148443 13 11 19.148443 8600
    250 13 11 19.158435 13 11 19.158435 8600
    251 13 11 19.168361 13 11 19.168361 8600
    252 13 11 19.178406 13 11 19.178406 8600
    253 13 11 19.188372 13 11 19.188372 8600
    254 13 11 19.198361 13 11 19.198361 8600
    255 13 11 19.208345 13 11 19.208345 8600
    256 13 11 19.218450 13 11 19.218450 8600
    257 13 11 19.228394 13 11 19.228394 8600
    258 13 11 19.238429 13 11 19.238429 8600
    259 13 11 19.248383 13 11 19.248383 8600
    260 13 11 19.258427 13 11 19.258427 8600
    261 13 11 19.268437 13 11 19.268437 8600
    262 13 11 19.278428 13 11 19.278428 8600
    263 13 11 19.288427 13 11 19.288427 8600
    264 13 11 19.298431 13 11 19.298431 8600
    265 13 11 19.308361 13 11 19.308361 8600
    266 13 11 19.318424 13 11 19.318424 8600
    267 13 11 19.328397 13 11 19.328397 8600
    268 13 11 19.339019 13 11 19.339019 8600
    269 13 11 19.348448 13 11 19.348448 8600
    270 13 11 19.358429 13 11 19.358429 8600
    271 13 11 19.368493 13 11 19.368493 8600
    272 13 11 19.378361 13 11 19.378361 8600
    273 13 11 19.388418 13 11 19.388418 8600
    274 13 11 19.398362 13 11 19.398362 8600
    275 13 11 19.408363 13 11 19.408363 8600
    276 13 11 19.418406 13 11 19.418406 8600
    277 13 11 19.428383 13 11 19.428383 8600
    278 13 11 19.438449 13 11 19.438449 8600
    279 13 11 19.448426 13 11 19.448426 8600
    280 13 11 19.458386 13 11 19.458386 8600
    281 13 11 19.468460 13 11 19.468460 8600
    282 13 11 19.479645 13 11 19.479645 8600
    283 13 11 19.488361 13 11 19.488361 8600
    284 13 11 19.498487 13 11 19.498487 8600
    285 13 11 19.508414 13 11 19.508414 8600
    286 13 11 19.518339 13 11 19.518339 8600
    287 13 11 19.528465 13 11 19.528465 8600
    288 13 11 19.538522 13 11 19.538522 8600
    289 13 11 19.548497 13 11 19.548497 8600
    290 13 11 19.558422 13 11 19.558422 8600
    291 13 11 19.568452 13 11 19.568452 8600
    292 13 11 19.578455 13 11 19.578455 8600
    293 13 11 19.592220 13 11 19.592220 8600
    294 13 11 19.598354 13 11 19.598354 8600
    295 13 11 19.608505 13 11 19.608505 8600
    296 13 11 19.618435 13 11 19.618435 8600
    297 13 11 19.628333 13 11 19.628333 8600
    298 13 11 19.638421 13 11 19.638421 8600
    299 13 11 19.648490 13 11 19.648490 8600
    300 13 11 19.658439 13 11 19.658439 8600
    301 13 11 19.668504 13 11 19.668504 8600
    302 13 11 19.678618 13 11 19.678618 8600
    303 13 11 19.688417 13 11 19.688417 8600
    304 13 11 19.698422 13 11 19.698422 8600
    305 13 11 19.708359 13 11 19.708359 8600
    306 13 11 19.718358 13 11 19.718358 8600
    307 13 11 19.729075 13 11 19.729075 8600
    308 13 11 19.738392 13 11 19.738392 8600
    309 13 11 19.748362 13 11 19.748362 8600
    310 13 11 19.758368 13 11 19.758368 8600
    311 13 11 19.768554 13 11 19.768554 8600
    312 13 11 19.778430 13 11 19.778430 8600
    313 13 11 19.788364 13 11 19.788364 8600
    314 13 11 19.798370 13 11 19.798370 8600
    315 13 11 19.808371 13 11 19.808371 8600
    316 13 11 19.818528 13 11 19.818528 8600
    317 13 11 19.828458 13 11 19.828458 8600
    318 13 11 19.838946 13 11 19.838946 8600
    319 13 11 19.848418 13 11 19.848418 8600
    320 13 11 19.858422 13 11 19.858422 8600
    321 13 11 19.868435 13 11 19.868435 8600
    322 13 11 19.878419 13 11 19.878419 8600
    323 13 11 19.888420 13 11 19.888420 8600
    324 13 11 19.898344 13 11 19.898344 8600
    325 13 11 19.908795 13 11 19.908795 8600
    326 13 11 19.918382 13 11 19.918382 8600
    327 13 11 19.928502 13 11 19.928502 8600
    328 13 11 19.938514 13 11 19.938514 8600
    329 13 11 19.948487 13 11 19.948487 8600
    330 13 11 19.958431 13 11 19.958431 8600
    331 13 11 19.968420 13 11 19.968420 8600
    332 13 11 19.978363 13 11 19.978363 8600
    333 13 11 19.988361 13 11 19.988361 8600
    334 13 11 19.998360 13 11 19.998360 8600
    335 13 11 20.008362 13 11 20.008362 8600
    336 13 11 20.018409 13 11 20.018409 8600
    337 13 11 20.028410 13 11 20.028410 8600
    338 13 11 20.038363 13 11 20.038363 8600
    339 13 11 20.048476 13 11 20.048476 8600
    340 13 11 20.058429 13 11 20.058429 8600
    341 13 11 20.068432 13 11 20.068432 8600
    342 13 11 20.078437 13 11 20.078437 8600
    343 13 11 20.088438 13 11 20.088438 8600
    344 13 11 20.098427 13 11 20.098427 8600
    345 13 11 20.108360 13 11 20.108360 8600
    346 13 11 20.118383 13 11 20.118383 8600
    347 13 11 20.128464 13 11 20.128464 8600
    348 13 11 20.138425 13 11 20.138425 8600
    349 13 11 20.148479 13 11 20.148479 8600
    350 13 11 20.158425 13 11 20.158425 8600
    351 13 11 20.168475 13 11 20.168475 8600
    352 13 11 20.178426 13 11 20.178426 8600
    353 13 11 20.188363 13 11 20.188363 8600
    354 13 11 20.198381 13 11 20.198381 8600
    355 13 11 20.208380 13 11 20.208380 8600
    356 13 11 20.218426 13 11 20.218426 8600
    357 13 11 20.228396 13 11 20.228396 8600
    358 13 11 20.238400 13 11 20.238400 8600
    359 13 11 20.248398 13 11 20.248398 8600
    360 13 11 20.258424 13 11 20.258424 8600
    361 13 11 20.268437 13 11 20.268437 8600
    362 13 11 20.278430 13 11 20.278430 8600
    363 13 11 20.288416 13 11 20.288416 8600
    364 13 11 20.298382 13 11 20.298382 8600
    365 13 11 20.308424 13 11 20.308424 8600
    366 13 11 20.318363 13 11 20.318363 8600
    367 13 11 20.328413 13 11 20.328413 8600
    368 13 11 20.338470 13 11 20.338470 8600
    369 13 11 20.348427 13 11 20.348427 8600
    370 13 11 20.358498 13 11 20.358498 8600
    371 13 11 20.368390 13 11 20.368390 8600
    372 13 11 20.378524 13 11 20.378524 8600
    373 13 11 20.388362 13 11 20.388362 8600
    374 13 11 20.398361 13 11 20.398361 8600
    375 13 11 20.408311 13 11 20.408311 8600
    376 13 11 20.418424 13 11 20.418424 8600
    377 13 11 20.428454 13 11 20.428454 8600
    378 13 11 20.438454 13 11 20.438454 8600
    379 13 11 20.448427 13 11 20.448427 8600
    380 13 11 20.458428 13 11 20.458428 8600
    381 13 11 20.468429 13 11 20.468429 8600
    382 13 11 20.478426 13 11 20.478426 8600
    383 13 11 20.488437 13 11 20.488437 8600
    384 13 11 20.498363 13 11 20.498363 8600
    385 13 11 20.508430 13 11 20.508430 8600
    386 13 11 20.518360 13 11 20.518360 8600
    387 13 11 20.528448 13 11 20.528448 8600
    388 13 11 20.538419 13 11 20.538419 8600
    389 13 11 20.548358 13 11 20.548358 8600
    390 13 11 20.558450 13 11 20.558450 8600
    391 13 11 20.568428 13 11 20.568428 8600
    392 13 11 20.578365 13 11 20.578365 8600
    393 13 11 20.588360 13 11 20.588360 8600
    394 13 11 20.598431 13 11 20.598431 8600
    395 13 11 20.608359 13 11 20.608359 8600
    396 13 11 20.618552 13 11 20.618552 8600
    397 13 11 20.628395 13 11 20.628395 8600
    398 13 11 20.638421 13 11 20.638421 8600
    399 13 11 20.648417 13 11 20.648417 8600
    400 13 11 20.658360 13 11 20.658360 8600
    401 13 11 20.668419 13 11 20.668419 8600
    402 13 11 20.678450 13 11 20.678450 8600
    403 13 11 20.688424 13 11 20.688424 8600
    404 13 11 20.698378 13 11 20.698378 8600
    405 13 11 20.708362 13 11 20.708362 8600
    406 13 11 20.718368 13 11 20.718368 8600
    407 13 11 20.728542 13 11 20.728542 8600
    408 13 11 20.738398 13 11 20.738398 8600
    409 13 11 20.748360 13 11 20.748360 8600
    410 13 11 20.758362 13 11 20.758362 8600
    411 13 11 20.768437 13 11 20.768437 8600
    412 13 11 20.778421 13 11 20.778421 8600
    413 13 11 20.788360 13 11 20.788360 8600
    414 13 11 20.798382 13 11 20.798382 8600
    415 13 11 20.808364 13 11 20.808364 8600
    416 13 11 20.818363 13 11 20.818363 8600
    417 13 11 20.828513 13 11 20.828513 8600
    418 13 11 20.838428 13 11 20.838428 8600
    419 13 11 20.848413 13 11 20.848413 8600
    420 13 11 20.858426 13 11 20.858426 8600
    421 13 11 20.868442 13 11 20.868442 8600
    422 13 11 20.878433 13 11 20.878433 8600
    423 13 11 20.888425 13 11 20.888425 8600
    424 13 11 20.898361 13 11 20.898361 8600
    425 13 11 20.908366 13 11 20.908366 8600
    426 13 11 20.918382 13 11 20.918382 8600
    427 13 11 20.928543 13 11 20.928543 8600
    428 13 11 20.938437 13 11 20.938437 8600
    429 13 11 20.948879 13 11 20.948879 8600
    430 13 11 20.958507 13 11 20.958507 8600
    431 13 11 20.973234 13 11 20.973234 8600
    432 13 11 20.978432 13 11 20.978432 8600
    433 13 11 20.988420 13 11 20.988420 8600
    434 13 11 20.998716 13 11 20.998716 8600
    435 13 11 21.008403 13 11 21.008403 8600
    436 13 11 21.018377 13 11 21.018377 8600
    437 13 11 21.028444 13 11 21.028444 8600
    438 13 11 21.038423 13 11 21.038423 8600
    439 13 11 21.048459 13 11 21.048459 8600
    440 13 11 21.058506 13 11 21.058506 8600
    441 13 11 21.068425 13 11 21.068425 8600
    442 13 11 21.078368 13 11 21.078368 8600
    443 13 11 21.088391 13 11 21.088391 8600
    444 13 11 21.098431 13 11 21.098431 8600
    445 13 11 21.108342 13 11 21.108342 8600
    446 13 11 21.118435 13 11 21.118435 8600
    447 13 11 21.128482 13 11 21.128482 8600
    448 13 11 21.138515 13 11 21.138515 8600
    449 13 11 21.148441 13 11 21.148441 8600
    450 13 11 21.158449 13 11 21.158449 8600
    451 13 11 21.168362 13 11 21.168362 8600
    452 13 11 21.178509 13 11 21.178509 8600
    453 13 11 21.188349 13 11 21.188349 8600
    454 13 11 21.198419 13 11 21.198419 8600
    455 13 11 21.208362 13 11 21.208362 8600
    456 13 11 21.218419 13 11 21.218419 8600
    457 13 11 21.228365 13 11 21.228365 8600
    458 13 11 21.238382 13 11 21.238382 8600
    459 13 11 21.248370 13 11 21.248370 8600
    460 13 11 21.258424 13 11 21.258424 8600
    461 13 11 21.268422 13 11 21.268422 8600
    462 13 11 21.278380 13 11 21.278380 8600
    463 13 11 21.288488 13 11 21.288488 8600
    464 13 11 21.298407 13 11 21.298407 8600
    465 13 11 21.308361 13 11 21.308361 8600
    466 13 11 21.318370 13 11 21.318370 8600
    467 13 11 21.328527 13 11 21.328527 8600
    468 13 11 21.338443 13 11 21.338443 8600
    469 13 11 21.348447 13 11 21.348447 8600
    470 13 11 21.358430 13 11 21.358430 8600
    471 13 11 21.368445 13 11 21.368445 8600
    472 13 11 21.378509 13 11 21.378509 8600
    473 13 11 21.388362 13 11 21.388362 8600
    474 13 11 21.398364 13 11 21.398364 8600
    475 13 11 21.408391 13 11 21.408391 8600
    476 13 11 21.418355 13 11 21.418355 8600
    477 13 11 21.428502 13 11 21.428502 8600
    478 13 11 21.438441 13 11 21.438441 8600
    479 13 11 21.448360 13 11 21.448360 8600
    480 13 11 21.458428 13 11 21.458428 8600
    481 13 11 21.468358 13 11 21.468358 8600
    482 13 11 21.478377 13 11 21.478377 8600
    483 13 11 21.488424 13 11 21.488424 8600
    484 13 11 21.498360 13 11 21.498360 8600
    485 13 11 21.508427 13 11 21.508427 8600
    486 13 11 21.518363 13 11 21.518363 8600
    487 13 11 21.528455 13 11 21.528455 8600
    488 13 11 21.538555 13 11 21.538555 8600
    489 13 11 21.548366 13 11 21.548366 8600
    490 13 11 21.558433 13 11 21.558433 8600
    491 13 11 21.568426 13 11 21.568426 8600
    492 13 11 21.578358 13 11 21.578358 8600
    493 13 11 21.588360 13 11 21.588360 8600
    494 13 11 21.598395 13 11 21.598395 8600
    495 13 11 21.609079 13 11 21.609079 8600
    496 13 11 21.618375 13 11 21.618375 8600
    497 13 11 21.628343 13 11 21.628343 8600
    498 13 11 21.638459 13 11 21.638459 8600
    499 13 11 21.648468 13 11 21.648468 8600
    500 13 11 21.658393 13 11 21.658393 8600
    501 13 11 21.668359 13 11 21.668359 8600
    502 13 11 21.678422 13 11 21.678422 8600
    503 13 11 21.688455 13 11 21.688455 8600
    504 13 11 21.698440 13 11 21.698440 8600
    505 13 11 21.708428 13 11 21.708428 8600
    506 13 11 21.718365 13 11 21.718365 8600
    507 13 11 21.728464 13 11 21.728464 8600
    508 13 11 21.738565 13 11 21.738565 8600
    509 13 11 21.748504 13 11 21.748504 8600
    510 13 11 21.758407 13 11 21.758407 8600
    511 13 11 21.768418 13 11 21.768418 8600
    512 13 11 21.778420 13 11 21.778420 8600
    513 13 11 21.788370 13 11 21.788370 8600
    514 13 11 21.798356 13 11 21.798356 8600
    515 13 11 21.808361 13 11 21.808361 8600
    516 13 11 21.818395 13 11 21.818395 8600
    517 13 11 21.828493 13 11 21.828493 8600
    518 13 11 21.838422 13 11 21.838422 8600
    519 13 11 21.848362 13 11 21.848362 8600
    520 13 11 21.858392 13 11 21.858392 8600
    521 13 11 21.868420 13 11 21.868420 8600
    522 13 11 21.878389 13 11 21.878389 8600
    523 13 11 21.888422 13 11 21.888422 8600
    524 13 11 21.898448 13 11 21.898448 8600
    525 13 11 21.908305 13 11 21.908305 8600
    526 13 11 21.918383 13 11 21.918383 8600
    527 13 11 21.928357 13 11 21.928357 8600
    528 13 11 21.938537 13 11 21.938537 8600
    529 13 11 21.948427 13 11 21.948427 8600
    530 13 11 21.958446 13 11 21.958446 8600
    531 13 11 21.968429 13 11 21.968429 8600
    532 13 11 21.978366 13 11 21.978366 8600
    533 13 11 21.988395 13 11 21.988395 8600
    534 13 11 21.998360 13 11 21.998360 8600
    535 13 11 22.008369 13 11 22.008369 8600
    536 13 11 22.018374 13 11 22.018374 8600
    537 13 11 22.028466 13 11 22.028466 8600
    538 13 11 22.038423 13 11 22.038423 8600
    539 13 11 22.048375 13 11 22.048375 8600
    540 13 11 22.058419 13 11 22.058419 8600
    541 13 11 22.068380 13 11 22.068380 8600
    542 13 11 22.078437 13 11 22.078437 8600
    543 13 11 22.088438 13 11 22.088438 8600
    544 13 11 22.098420 13 11 22.098420 8600
    545 13 11 22.108359 13 11 22.108359 8600
    546 13 11 22.118362 13 11 22.118362 8600
    547 13 11 22.128464 13 11 22.128464 8600
    548 13 11 22.138559 13 11 22.138559 8600
    549 13 11 22.148486 13 11 22.148486 8600
    550 13 11 22.158421 13 11 22.158421 8600
    551 13 11 22.168442 13 11 22.168442 8600
    552 13 11 22.178428 13 11 22.178428 8600
    553 13 11 22.188372 13 11 22.188372 8600
    554 13 11 22.198371 13 11 22.198371 8600
    555 13 11 22.208387 13 11 22.208387 8600
    556 13 11 22.218378 13 11 22.218378 8600
    557 13 11 22.228539 13 11 22.228539 8600
    558 13 11 22.238448 13 11 22.238448 8600
    559 13 11 22.248463 13 11 22.248463 8600
    560 13 11 22.258406 13 11 22.258406 8600
    561 13 11 22.268360 13 11 22.268360 8600
    562 13 11 22.278538 13 11 22.278538 8600
    563 13 11 22.289076 13 11 22.289076 8600
    564 13 11 22.298459 13 11 22.298459 8600
    565 13 11 22.308420 13 11 22.308420 8600
    566 13 11 22.318372 13 11 22.318372 8600
    567 13 11 22.328364 13 11 22.328364 8600
    568 13 11 22.338367 13 11 22.338367 8600
    569 13 11 22.348420 13 11 22.348420 8600
    570 13 11 22.358550 13 11 22.358550 8600
    571 13 11 22.368438 13 11 22.368438 8600
    572 13 11 22.378439 13 11 22.378439 8600
    573 13 11 22.388365 13 11 22.388365 8600
    574 13 11 22.398368 13 11 22.398368 8600
    575 13 11 22.408387 13 11 22.408387 8600
    576 13 11 22.418386 13 11 22.418386 8600
    577 13 11 22.428999 13 11 22.428999 8600
    578 13 11 22.438396 13 11 22.438396 8600
    579 13 11 22.448358 13 11 22.448358 8600
    580 13 11 22.458437 13 11 22.458437 8600
    581 13 11 22.468375 13 11 22.468375 8600
    582 13 11 22.478439 13 11 22.478439 8600
    583 13 11 22.488433 13 11 22.488433 8600
    584 13 11 22.498449 13 11 22.498449 8600
    585 13 11 22.508362 13 11 22.508362 8600
    586 13 11 22.518387 13 11 22.518387 8600
    587 13 11 22.528482 13 11 22.528482 8600
    588 13 11 22.538391 13 11 22.538391 8600
    589 13 11 22.548404 13 11 22.548404 8600
    590 13 11 22.558534 13 11 22.558534 8600
    591 13 11 22.568463 13 11 22.568463 8600
    592 13 11 22.578437 13 11 22.578437 8600
    593 13 11 22.588360 13 11 22.588360 8600
    594 13 11 22.598427 13 11 22.598427 8600
    595 13 11 22.608422 13 11 22.608422 8600
    596 13 11 22.618369 13 11 22.618369 8600
    597 13 11 22.628636 13 11 22.628636 8600
    598 13 11 22.638538 13 11 22.638538 8600
    599 13 11 22.650658 13 11 22.650658 8600
    600 13 11 22.658515 13 11 22.658515 8600
    601 13 11 22.668464 13 11 22.668464 8600
    602 13 11 22.678418 13 11 22.678418 8600
    603 13 11 22.688472 13 11 22.688472 8600
    604 13 11 22.698482 13 11 22.698482 8600
    605 13 11 22.708448 13 11 22.708448 8600
    606 13 11 22.718441 13 11 22.718441 8600
    607 13 11 22.728459 13 11 22.728459 8600
    608 13 11 22.738443 13 11 22.738443 8600
    609 13 11 22.749141 13 11 22.749141 8600
    610 13 11 22.758852 13 11 22.758852 8600
    611 13 11 22.768426 13 11 22.768426 8600
    612 13 11 22.778425 13 11 22.778425 8600
    613 13 11 22.788437 13 11 22.788437 8600
    614 13 11 22.798452 13 11 22.798452 8600
    615 13 11 22.808440 13 11 22.808440 8600
    616 13 11 22.818370 13 11 22.818370 8600
    617 13 11 22.828357 13 11 22.828357 8600
    618 13 11 22.838778 13 11 22.838778 8600
    619 13 11 22.848448 13 11 22.848448 8600
    620 13 11 22.858422 13 11 22.858422 8600
    621 13 11 22.868459 13 11 22.868459 8600
    622 13 11 22.878425 13 11 22.878425 8600
    623 13 11 22.888473 13 11 22.888473 8600
    624 13 11 22.898445 13 11 22.898445 8600
    625 13 11 22.908373 13 11 22.908373 8600
    626 13 11 22.918462 13 11 22.918462 8600
    627 13 11 22.928360 13 11 22.928360 8600
    628 13 11 22.938423 13 11 22.938423 8600
    629 13 11 22.948429 13 11 22.948429 8600
    630 13 11 22.959346 13 11 22.959346 8600
    631 13 11 22.968372 13 11 22.968372 8600
    632 13 11 22.978428 13 11 22.978428 8600
    633 13 11 22.988430 13 11 22.988430 8600
    634 13 11 22.998363 13 11 22.998363 8600
    635 13 11 23.008365 13 11 23.008365 8600
    636 13 11 23.018385 13 11 23.018385 8600
    637 13 11 23.028362 13 11 23.028362 8600
    638 13 11 23.038519 13 11 23.038519 8600
    639 13 11 23.048387 13 11 23.048387 8600
    640 13 11 23.058420 13 11 23.058420 8600
    641 13 11 23.068442 13 11 23.068442 8600
    642 13 11 23.078419 13 11 23.078419 8600
    643 13 11 23.088415 13 11 23.088415 8600
    644 13 11 23.098470 13 11 23.098470 8600
    645 13 11 23.108495 13 11 23.108495 8600
    646 13 11 23.118363 13 11 23.118363 8600
    647 13 11 23.128365 13 11 23.128365 8600
    648 13 11 23.138360 13 11 23.138360 8600
    649 13 11 23.148391 13 11 23.148391 8600
    650 13 11 23.158433 13 11 23.158433 8600
    651 13 11 23.168448 13 11 23.168448 8600
    652 13 11 23.178432 13 11 23.178432 8600
    653 13 11 23.188362 13 11 23.188362 8600
    654 13 11 23.198370 13 11 23.198370 8600
    655 13 11 23.208362 13 11 23.208362 8600
    656 13 11 23.218361 13 11 23.218361 8600
    657 13 11 23.228370 13 11 23.228370 8600
    658 13 11 23.238386 13 11 23.238386 8600
    659 13 11 23.248422 13 11 23.248422 8600
    660 13 11 23.258420 13 11 23.258420 8600
    661 13 11 23.268359 13 11 23.268359 8600
    662 13 11 23.278421 13 11 23.278421 8600
    663 13 11 23.288447 13 11 23.288447 8600
    664 13 11 23.298425 13 11 23.298425 8600
    665 13 11 23.308416 13 11 23.308416 8600
    666 13 11 23.318366 13 11 23.318366 8600
    667 13 11 23.328365 13 11 23.328365 8600
    668 13 11 23.338363 13 11 23.338363 8600
    669 13 11 23.348573 13 11 23.348573 8600
    670 13 11 23.358544 13 11 23.358544 8600
    671 13 11 23.368418 13 11 23.368418 8600
    672 13 11 23.378419 13 11 23.378419 8600
    673 13 11 23.388657 13 11 23.388657 8600
    674 13 11 23.398360 13 11 23.398360 8600
    675 13 11 23.408360 13 11 23.408360 8600
    676 13 11 23.418361 13 11 23.418361 8600
    677 13 11 23.428394 13 11 23.428394 8600
    678 13 11 23.438410 13 11 23.438410 8600
    679 13 11 23.448433 13 11 23.448433 8600
    680 13 11 23.458431 13 11 23.458431 8600
    681 13 11 23.468453 13 11 23.468453 8600
    682 13 11 23.478425 13 11 23.478425 8600
    683 13 11 23.488468 13 11 23.488468 8600
    684 13 11 23.498456 13 11 23.498456 8600
    685 13 11 23.508413 13 11 23.508413 8600
    686 13 11 23.518513 13 11 23.518513 8600
    687 13 11 23.528393 13 11 23.528393 8600
    688 13 11 23.538365 13 11 23.538365 8600
    689 13 11 23.548449 13 11 23.548449 8600
    690 13 11 23.558524 13 11 23.558524 8600
    691 13 11 23.568495 13 11 23.568495 8600
    692 13 11 23.578433 13 11 23.578433 8600
    693 13 11 23.588470 13 11 23.588470 8600
    694 13 11 23.598372 13 11 23.598372 8600
    695 13 11 23.608363 13 11 23.608363 8600
    696 13 11 23.618362 13 11 23.618362 8600
    697 13 11 23.628364 13 11 23.628364 8600
    698 13 11 23.638443 13 11 23.638443 8600
    699 13 11 23.648336 13 11 23.648336 8600
    700 13 11 23.658529 13 11 23.658529 8600
    701 13 11 23.668520 13 11 23.668520 8600
    702 13 11 23.678436 13 11 23.678436 8600
    703 13 11 23.688438 13 11 23.688438 8600
    704 13 11 23.698443 13 11 23.698443 8600
    705 13 11 23.708431 13 11 23.708431 8600
    706 13 11 23.718367 13 11 23.718367 8600
    707 13 11 23.728380 13 11 23.728380 8600
    708 13 11 23.738413 13 11 23.738413 8600
    709 13 11 23.748815 13 11 23.748815 8600
    710 13 11 23.758416 13 11 23.758416 8600
    711 13 11 23.768460 13 11 23.768460 8600
    712 13 11 23.778431 13 11 23.778431 8600
    713 13 11 23.788427 13 11 23.788427 8600
    714 13 11 23.798418 13 11 23.798418 8600
    715 13 11 23.808367 13 11 23.808367 8600
    716 13 11 23.818366 13 11 23.818366 8600
    717 13 11 23.828365 13 11 23.828365 8600
    718 13 11 23.838481 13 11 23.838481 8600
    719 13 11 23.848438 13 11 23.848438 8600
    720 13 11 23.858505 13 11 23.858505 8600
    721 13 11 23.868459 13 11 23.868459 8600
    722 13 11 23.878498 13 11 23.878498 8600
    723 13 11 23.888438 13 11 23.888438 8600
    724 13 11 23.898506 13 11 23.898506 8600
    725 13 11 23.908476 13 11 23.908476 8600
    726 13 11 23.918530 13 11 23.918530 8600
    727 13 11 23.928363 13 11 23.928363 8600
    728 13 11 23.938421 13 11 23.938421 8600
    729 13 11 23.949086 13 11 23.949086 8600
    730 13 11 23.958990 13 11 23.958990 8600
    731 13 11 23.968500 13 11 23.968500 8600
    732 13 11 23.978360 13 11 23.978360 8600
    733 13 11 23.988505 13 11 23.988505 8600
    734 13 11 23.998449 13 11 23.998449 8600
    735 13 11 24.008402 13 11 24.008402 8600
    736 13 11 24.018371 13 11 24.018371 8600
    737 13 11 24.028369 13 11 24.028369 8600
    738 13 11 24.038322 13 11 24.038322 8600
    739 13 11 24.048625 13 11 24.048625 8600
    740 13 11 24.058628 13 11 24.058628 8600
    741 13 11 24.068470 13 11 24.068470 8600
    742 13 11 24.078386 13 11 24.078386 8600
    743 13 11 24.088439 13 11 24.088439 8600
    744 13 11 24.098441 13 11 24.098441 8600
    745 13 11 24.108423 13 11 24.108423 8600
    746 13 11 24.118430 13 11 24.118430 8600
    747 13 11 24.128367 13 11 24.128367 8600
    748 13 11 24.138362 13 11 24.138362 8600
    749 13 11 24.148426 13 11 24.148426 8600
    750 13 11 24.158431 13 11 24.158431 8600
    751 13 11 24.168428 13 11 24.168428 8600
    752 13 11 24.178426 13 11 24.178426 8600
    753 13 11 24.188427 13 11 24.188427 8600
    754 13 11 24.198357 13 11 24.198357 8600
    755 13 11 24.208382 13 11 24.208382 8600
    756 13 11 24.218371 13 11 24.218371 8600
    757 13 11 24.228370 13 11 24.228370 8600
    758 13 11 24.238371 13 11 24.238371 8600
    759 13 11 24.248411 13 11 24.248411 8600
    760 13 11 24.258431 13 11 24.258431 8600
    761 13 11 24.268429 13 11 24.268429 8600
    762 13 11 24.278430 13 11 24.278430 8600
    763 13 11 24.288426 13 11 24.288426 8600
    764 13 11 24.298442 13 11 24.298442 8600
    765 13 11 24.308433 13 11 24.308433 8600
    766 13 11 24.318352 13 11 24.318352 8600
    767 13 11 24.328337 13 11 24.328337 8600
    768 13 11 24.338353 13 11 24.338353 8600
    769 13 11 24.348501 13 11 24.348501 8600
    770 13 11 24.358429 13 11 24.358429 8600
    771 13 11 24.368411 13 11 24.368411 8600
    772 13 11 24.378423 13 11 24.378423 8600
    773 13 11 24.389306 13 11 24.389306 8600
    774 13 11 24.398347 13 11 24.398347 8600
    775 13 11 24.408364 13 11 24.408364 8600
    776 13 11 24.418368 13 11 24.418368 8600
    777 13 11 24.428380 13 11 24.428380 8600
    778 13 11 24.438376 13 11 24.438376 8600
    779 13 11 24.448416 13 11 24.448416 8600
    780 13 11 24.458418 13 11 24.458418 8600
    781 13 11 24.468423 13 11 24.468423 8600
    782 13 11 24.478421 13 11 24.478421 8600
    783 13 11 24.488423 13 11 24.488423 8600
    784 13 11 24.498428 13 11 24.498428 8600
    785 13 11 24.508479 13 11 24.508479 8600
    786 13 11 24.518981 13 11 24.518981 8600
    787 13 11 24.528499 13 11 24.528499 8600
    788 13 11 24.538488 13 11 24.538488 8600
    789 13 11 24.548383 13 11 24.548383 8600
    790 13 11 24.559456 13 11 24.559456 8600
    791 13 11 24.568968 13 11 24.568968 8600
    792 13 11 24.578555 13 11 24.578555 8600
    793 13 11 24.588442 13 11 24.588442 8600
    794 13 11 24.598424 13 11 24.598424 8600
    795 13 11 24.608494 13 11 24.608494 8600
    796 13 11 24.618929 13 11 24.618929 8600
    797 13 11 24.628379 13 11 24.628379 8600
    798 13 11 24.638387 13 11 24.638387 8600
    799 13 11 24.648379 13 11 24.648379 8600
    800 13 11 24.658508 13 11 24.658508 8600
    801 13 11 24.668466 13 11 24.668466 8600
    802 13 11 24.678428 13 11 24.678428 8600
    803 13 11 24.688421 13 11 24.688421 8600
    804 13 11 24.698422 13 11 24.698422 8600
    805 13 11 24.708448 13 11 24.708448 8600
    806 13 11 24.718433 13 11 24.718433 8600
    807 13 11 24.728439 13 11 24.728439 8600
    808 13 11 24.738362 13 11 24.738362 8600
    809 13 11 24.748659 13 11 24.748659 8600
    810 13 11 24.758269 13 11 24.758269 8600
    811 13 11 24.768426 13 11 24.768426 8600
    812 13 11 24.778421 13 11 24.778421 8600
    813 13 11 24.788381 13 11 24.788381 8600
    814 13 11 24.798362 13 11 24.798362 8600
    815 13 11 24.808360 13 11 24.808360 8600
    816 13 11 24.818359 13 11 24.818359 8600
    817 13 11 24.828364 13 11 24.828364 8600
    818 13 11 24.838605 13 11 24.838605 8600
    819 13 11 24.848448 13 11 24.848448 8600
    820 13 11 24.858391 13 11 24.858391 8600
    821 13 11 24.868439 13 11 24.868439 8600
    822 13 11 24.878416 13 11 24.878416 8600
    823 13 11 24.888359 13 11 24.888359 8600
    824 13 11 24.898430 13 11 24.898430 8600
    825 13 11 24.908408 13 11 24.908408 8600
    826 13 11 24.918427 13 11 24.918427 8600
    827 13 11 24.928395 13 11 24.928395 8600
    828 13 11 24.938546 13 11 24.938546 8600
    829 13 11 24.948736 13 11 24.948736 8600
    830 13 11 24.958511 13 11 24.958511 8600
    831 13 11 24.968432 13 11 24.968432 8600
    832 13 11 24.978456 13 11 24.978456 8600
    833 13 11 24.988429 13 11 24.988429 8600
    834 13 11 24.998380 13 11 24.998380 8600
    835 13 11 25.008372 13 11 25.008372 8600
    836 13 11 25.018366 13 11 25.018366 8600
    837 13 11 25.028365 13 11 25.028365 8600
    838 13 11 25.038365 13 11 25.038365 8600
    839 13 11 25.048514 13 11 25.048514 8600
    840 13 11 25.058458 13 11 25.058458 8600
    841 13 11 25.068425 13 11 25.068425 8600
    842 13 11 25.078427 13 11 25.078427 8600
    843 13 11 25.088423 13 11 25.088423 8600
    844 13 11 25.098431 13 11 25.098431 8600
    845 13 11 25.108415 13 11 25.108415 8600
    846 13 11 25.118362 13 11 25.118362 8600
    847 13 11 25.128464 13 11 25.128464 8600
    848 13 11 25.138362 13 11 25.138362 8600
    849 13 11 25.148697 13 11 25.148697 8600
    850 13 11 25.158436 13 11 25.158436 8600
    851 13 11 25.168420 13 11 25.168420 8600
    852 13 11 25.178540 13 11 25.178540 8600
    853 13 11 25.188427 13 11 25.188427 8600
    854 13 11 25.198315 13 11 25.198315 8600
    855 13 11 25.208373 13 11 25.208373 8600
    856 13 11 25.218344 13 11 25.218344 8600
    857 13 11 25.228369 13 11 25.228369 8600
    858 13 11 25.238365 13 11 25.238365 8600
    859 13 11 25.248470 13 11 25.248470 8600
    860 13 11 25.258369 13 11 25.258369 8600
    861 13 11 25.268426 13 11 25.268426 8600
    862 13 11 25.278359 13 11 25.278359 8600
    863 13 11 25.288419 13 11 25.288419 8600
    864 13 11 25.298427 13 11 25.298427 8600
    865 13 11 25.308427 13 11 25.308427 8600
    866 13 11 25.318362 13 11 25.318362 8600
    867 13 11 25.328381 13 11 25.328381 8600
    868 13 11 25.338364 13 11 25.338364 8600
    869 13 11 25.348704 13 11 25.348704 8600
    870 13 11 25.358384 13 11 25.358384 8600
    871 13 11 25.368386 13 11 25.368386 8600
    872 13 11 25.378419 13 11 25.378419 8600
    873 13 11 25.388414 13 11 25.388414 8600
    874 13 11 25.398360 13 11 25.398360 8600
    875 13 11 25.408363 13 11 25.408363 8600
    876 13 11 25.418374 13 11 25.418374 8600
    877 13 11 25.428349 13 11 25.428349 8600
    878 13 11 25.438383 13 11 25.438383 8600
    879 13 11 25.448404 13 11 25.448404 8600
    880 13 11 25.458431 13 11 25.458431 8600
    881 13 11 25.468423 13 11 25.468423 8600
    882 13 11 25.479354 13 11 25.479354 8600
    883 13 11 25.488427 13 11 25.488427 8600
    884 13 11 25.498433 13 11 25.498433 8600
    885 13 11 25.508431 13 11 25.508431 8600
    886 13 11 25.518408 13 11 25.518408 8600
    887 13 11 25.528465 13 11 25.528465 8600
    888 13 11 25.538394 13 11 25.538394 8600
    889 13 11 25.548603 13 11 25.548603 8600
    890 13 11 25.558530 13 11 25.558530 8600
    891 13 11 25.568381 13 11 25.568381 8600
    892 13 11 25.578413 13 11 25.578413 8600
    893 13 11 25.588384 13 11 25.588384 8600
    894 13 11 25.598365 13 11 25.598365 8600
    895 13 11 25.608377 13 11 25.608377 8600
    896 13 11 25.618380 13 11 25.618380 8600
    897 13 11 25.628392 13 11 25.628392 8600
    898 13 11 25.638397 13 11 25.638397 8600
    899 13 11 25.648377 13 11 25.648377 8600
    900 13 11 25.658453 13 11 25.658453 8600
    901 13 11 25.668442 13 11 25.668442 8600
    902 13 11 25.678567 13 11 25.678567 8600
    903 13 11 25.688420 13 11 25.688420 8600
    904 13 11 25.698350 13 11 25.698350 8600
    905 13 11 25.708438 13 11 25.708438 8600
    906 13 11 25.718378 13 11 25.718378 8600
    907 13 11 25.728442 13 11 25.728442 8600
    908 13 11 25.738361 13 11 25.738361 8600
    909 13 11 25.748726 13 11 25.748726 8600
    910 13 11 25.758433 13 11 25.758433 8600
    911 13 11 25.768433 13 11 25.768433 8600
    912 13 11 25.778427 13 11 25.778427 8600
    913 13 11 25.788423 13 11 25.788423 8600
    914 13 11 25.798384 13 11 25.798384 8600
    915 13 11 25.808374 13 11 25.808374 8600
    916 13 11 25.818360 13 11 25.818360 8600
    917 13 11 25.828365 13 11 25.828365 8600
    918 13 11 25.838380 13 11 25.838380 8600
    919 13 11 25.848430 13 11 25.848430 8600
    920 13 11 25.858429 13 11 25.858429 8600
    921 13 11 25.868417 13 11 25.868417 8600
    922 13 11 25.878433 13 11 25.878433 8600
    923 13 11 25.888418 13 11 25.888418 8600
    924 13 11 25.898362 13 11 25.898362 8600
    925 13 11 25.908424 13 11 25.908424 8600
    926 13 11 25.918386 13 11 25.918386 8600
    927 13 11 25.928442 13 11 25.928442 8600
    928 13 11 25.938407 13 11 25.938407 8600
    929 13 11 25.948363 13 11 25.948363 8600
    930 13 11 25.958421 13 11 25.958421 8600
    931 13 11 25.968475 13 11 25.968475 8600
    932 13 11 25.978436 13 11 25.978436 8600
    933 13 11 25.988475 13 11 25.988475 8600
    934 13 11 25.998366 13 11 25.998366 8600
    935 13 11 26.008371 13 11 26.008371 8600
    936 13 11 26.018377 13 11 26.018377 8600
    937 13 11 26.028383 13 11 26.028383 8600
    938 13 11 26.038392 13 11 26.038392 8600
    939 13 11 26.048359 13 11 26.048359 8600
    940 13 11 26.058379 13 11 26.058379 8600
    941 13 11 26.068435 13 11 26.068435 8600
    942 13 11 26.078423 13 11 26.078423 8600
    943 13 11 26.088415 13 11 26.088415 8600
    944 13 11 26.098365 13 11 26.098365 8600
    945 13 11 26.108437 13 11 26.108437 8600
    946 13 11 26.118435 13 11 26.118435 8600
    947 13 11 26.128364 13 11 26.128364 8600
    948 13 11 26.138373 13 11 26.138373 8600
    949 13 11 26.148513 13 11 26.148513 8600
    950 13 11 26.158411 13 11 26.158411 8600
    951 13 11 26.168431 13 11 26.168431 8600
    952 13 11 26.178578 13 11 26.178578 8600
    953 13 11 26.188383 13 11 26.188383 8600
    954 13 11 26.198374 13 11 26.198374 8600
    955 13 11 26.208361 13 11 26.208361 8600
    956 13 11 26.218388 13 11 26.218388 8600
    957 13 11 26.228365 13 11 26.228365 8600
    958 13 11 26.238365 13 11 26.238365 8600
    959 13 11 26.248380 13 11 26.248380 8600
    960 13 11 26.258430 13 11 26.258430 8600
    961 13 11 26.268416 13 11 26.268416 8600
    962 13 11 26.278428 13 11 26.278428 8600
    963 13 11 26.288423 13 11 26.288423 8600
    964 13 11 26.298429 13 11 26.298429 8600
    965 13 11 26.308422 13 11 26.308422 8600
    966 13 11 26.318433 13 11 26.318433 8600
    967 13 11 26.328531 13 11 26.328531 8600
    968 13 11 26.338364 13 11 26.338364 8600
    969 13 11 26.349042 13 11 26.349042 8600
    970 13 11 26.358464 13 11 26.358464 8600
    971 13 11 26.368428 13 11 26.368428 8600
    972 13 11 26.378409 13 11 26.378409 8600
    973 13 11 26.388380 13 11 26.388380 8600
    974 13 11 26.398361 13 11 26.398361 8600
    975 13 11 26.408359 13 11 26.408359 8600
    976 13 11 26.418369 13 11 26.418369 8600
    977 13 11 26.428364 13 11 26.428364 8600
    978 13 11 26.438413 13 11 26.438413 8600
    979 13 11 26.448360 13 11 26.448360 8600
    980 13 11 26.458494 13 11 26.458494 8600
    981 13 11 26.468427 13 11 26.468427 8600
    982 13 11 26.478363 13 11 26.478363 8600
    983 13 11 26.488423 13 11 26.488423 8600
    984 13 11 26.498362 13 11 26.498362 8600
    985 13 11 26.508320 13 11 26.508320 8600
    986 13 11 26.518447 13 11 26.518447 8600
    987 13 11 26.528500 13 11 26.528500 8600
    988 13 11 26.538423 13 11 26.538423 8600
    989 13 11 26.548397 13 11 26.548397 8600
    990 13 11 26.558530 13 11 26.558530 8600
    991 13 11 26.568431 13 11 26.568431 8600
    992 13 11 26.578426 13 11 26.578426 8600
    993 13 11 26.588456 13 11 26.588456 8600
    994 13 11 26.598372 13 11 26.598372 8600
    995 13 11 26.608374 13 11 26.608374 8600
    996 13 11 26.618380 13 11 26.618380 8600
    997 13 11 26.628329 13 11 26.628329 8600
    998 13 11 26.638407 13 11 26.638407 8600
    999 13 11 26.648364 13 11 26.648364 8600
   1000 13 11 26.658431 13 11 26.658431 8600
