      1 13 2 34.753075 13 2 34.753075 8400
      2 13 2 34.763230 13 2 34.763230 8400
      3 13 2 34.773223 13 2 34.773223 8400
      4 13 2 34.783222 13 2 34.783222 8400
      5 13 2 34.793244 13 2 34.793244 8400
      6 13 2 34.803195 13 2 34.803195 8400
      7 13 2 34.813214 13 2 34.813214 8400
      8 13 2 34.823188 13 2 34.823188 8400
      9 13 2 34.833182 13 2 34.833182 8400
     10 13 2 34.843173 13 2 34.843173 8400
     11 13 2 34.853234 13 2 34.853234 8400
     12 13 2 34.863171 13 2 34.863171 8400
     13 13 2 34.873241 13 2 34.873241 8400
     14 13 2 34.883249 13 2 34.883249 8400
     15 13 2 34.893183 13 2 34.893183 8400
     16 13 2 34.903201 13 2 34.903201 8400
     17 13 2 34.913176 13 2 34.913176 8400
     18 13 2 34.923248 13 2 34.923248 8400
     19 13 2 34.933275 13 2 34.933275 8400
     20 13 2 34.943182 13 2 34.943182 8400
     21 13 2 34.953279 13 2 34.953279 8400
     22 13 2 34.963205 13 2 34.963205 8400
     23 13 2 34.973229 13 2 34.973229 8400
     24 13 2 34.983241 13 2 34.983241 8400
     25 13 2 34.993184 13 2 34.993184 8400
     26 13 2 35.003194 13 2 35.003194 8400
     27 13 2 35.013227 13 2 35.013227 8400
     28 13 2 35.023192 13 2 35.023192 8400
     29 13 2 35.033177 13 2 35.033177 8400
     30 13 2 35.043187 13 2 35.043187 8400
     31 13 2 35.053367 13 2 35.053367 8400
     32 13 2 35.063302 13 2 35.063302 8400
     33 13 2 35.073177 13 2 35.073177 8400
     34 13 2 35.083244 13 2 35.083244 8400
     35 13 2 35.093235 13 2 35.093235 8400
     36 13 2 35.103192 13 2 35.103192 8400
     37 13 2 35.113194 13 2 35.113194 8400
     38 13 2 35.124000 13 2 35.124000 8400
     39 13 2 35.133209 13 2 35.133209 8400
     40 13 2 35.143175 13 2 35.143175 8400
     41 13 2 35.153404 13 2 35.153404 8400
     42 13 2 35.163257 13 2 35.163257 8400
     43 13 2 35.173234 13 2 35.173234 8400
     44 13 2 35.183233 13 2 35.183233 8400
     45 13 2 35.193184 13 2 35.193184 8400
     46 13 2 35.203760 13 2 35.203760 8400
     47 13 2 35.213205 13 2 35.213205 8400
     48 13 2 35.223863 13 2 35.223863 8400
     49 13 2 35.233992 13 2 35.233992 8400
     50 13 2 35.243177 13 2 35.243177 8400
     51 13 2 35.253579 13 2 35.253579 8400
     52 13 2 35.263221 13 2 35.263221 8400
     53 13 2 35.273235 13 2 35.273235 8400
     54 13 2 35.283237 13 2 35.283237 8400
     55 13 2 35.293191 13 2 35.293191 8400
     56 13 2 35.303182 13 2 35.303182 8400
     57 13 2 35.313169 13 2 35.313169 8400
     58 13 2 35.324199 13 2 35.324199 8400
     59 13 2 35.333243 13 2 35.333243 8400
     60 13 2 35.343179 13 2 35.343179 8400
     61 13 2 35.353251 13 2 35.353251 8400
     62 13 2 35.363258 13 2 35.363258 8400
     63 13 2 35.373260 13 2 35.373260 8400
     64 13 2 35.383254 13 2 35.383254 8400
     65 13 2 35.393236 13 2 35.393236 8400
     66 13 2 35.403176 13 2 35.403176 8400
     67 13 2 35.413175 13 2 35.413175 8400
     68 13 2 35.423188 13 2 35.423188 8400
     69 13 2 35.433185 13 2 35.433185 8400
     70 13 2 35.443806 13 2 35.443806 8400
     71 13 2 35.453254 13 2 35.453254 8400
     72 13 2 35.463202 13 2 35.463202 8400
     73 13 2 35.473306 13 2 35.473306 8400
     74 13 2 35.483240 13 2 35.483240 8400
     75 13 2 35.493560 13 2 35.493560 8400
     76 13 2 35.503188 13 2 35.503188 8400
     77 13 2 35.513181 13 2 35.513181 8400
     78 13 2 35.523986 13 2 35.523986 8400
     79 13 2 35.533211 13 2 35.533211 8400
     80 13 2 35.543183 13 2 35.543183 8400
     81 13 2 35.553232 13 2 35.553232 8400
     82 13 2 35.563282 13 2 35.563282 8400
     83 13 2 35.573238 13 2 35.573238 8400
     84 13 2 35.583240 13 2 35.583240 8400
     85 13 2 35.593229 13 2 35.593229 8400
     86 13 2 35.603180 13 2 35.603180 8400
     87 13 2 35.613187 13 2 35.613187 8400
     88 13 2 35.623181 13 2 35.623181 8400
     89 13 2 35.633184 13 2 35.633184 8400
     90 13 2 35.643174 13 2 35.643174 8400
     91 13 2 35.653188 13 2 35.653188 8400
     92 13 2 35.663235 13 2 35.663235 8400
     93 13 2 35.673163 13 2 35.673163 8400
     94 13 2 35.683266 13 2 35.683266 8400
     95 13 2 35.693196 13 2 35.693196 8400
     96 13 2 35.703195 13 2 35.703195 8400
     97 13 2 35.713208 13 2 35.713208 8400
     98 13 2 35.723509 13 2 35.723509 8400
     99 13 2 35.733252 13 2 35.733252 8400
    100 13 2 35.743307 13 2 35.743307 8400
    101 13 2 35.753478 13 2 35.753478 8400
    102 13 2 35.763193 13 2 35.763193 8400
    103 13 2 35.773237 13 2 35.773237 8400
    104 13 2 35.783231 13 2 35.783231 8400
    105 13 2 35.793244 13 2 35.793244 8400
    106 13 2 35.803181 13 2 35.803181 8400
    107 13 2 35.813192 13 2 35.813192 8400
    108 13 2 35.823185 13 2 35.823185 8400
    109 13 2 35.833188 13 2 35.833188 8400
    110 13 2 35.843176 13 2 35.843176 8400
    111 13 2 35.853231 13 2 35.853231 8400
    112 13 2 35.863249 13 2 35.863249 8400
    113 13 2 35.873241 13 2 35.873241 8400
    114 13 2 35.883231 13 2 35.883231 8400
    115 13 2 35.893371 13 2 35.893371 8400
    116 13 2 35.903435 13 2 35.903435 8400
    117 13 2 35.913448 13 2 35.913448 8400
    118 13 2 35.923561 13 2 35.923561 8400
    119 13 2 35.933225 13 2 35.933225 8400
    120 13 2 35.943223 13 2 35.943223 8400
    121 13 2 35.953699 13 2 35.953699 8400
    122 13 2 35.963285 13 2 35.963285 8400
    123 13 2 35.973261 13 2 35.973261 8400
    124 13 2 35.983341 13 2 35.983341 8400
    125 13 2 35.993743 13 2 35.993743 8400
    126 13 2 36.003247 13 2 36.003247 8400
    127 13 2 36.013931 13 2 36.013931 8400
    128 13 2 36.023378 13 2 36.023378 8400
    129 13 2 36.033312 13 2 36.033312 8400
    130 13 2 36.043334 13 2 36.043334 8400
    131 13 2 36.053252 13 2 36.053252 8400
    132 13 2 36.063805 13 2 36.063805 8400
    133 13 2 36.073256 13 2 36.073256 8400
    134 13 2 36.083257 13 2 36.083257 8400
    135 13 2 36.093390 13 2 36.093390 8400
    136 13 2 36.103226 13 2 36.103226 8400
    137 13 2 36.113241 13 2 36.113241 8400
    138 13 2 36.123243 13 2 36.123243 8400
    139 13 2 36.133184 13 2 36.133184 8400
    140 13 2 36.143189 13 2 36.143189 8400
    141 13 2 36.153202 13 2 36.153202 8400
    142 13 2 36.163997 13 2 36.163997 8400
    143 13 2 36.173203 13 2 36.173203 8400
    144 13 2 36.183196 13 2 36.183196 8400
    145 13 2 36.193247 13 2 36.193247 8400
    146 13 2 36.203234 13 2 36.203234 8400
    147 13 2 36.213228 13 2 36.213228 8400
    148 13 2 36.223253 13 2 36.223253 8400
    149 13 2 36.233238 13 2 36.233238 8400
    150 13 2 36.243242 13 2 36.243242 8400
    151 13 2 36.253289 13 2 36.253289 8400
    152 13 2 36.263267 13 2 36.263267 8400
    153 13 2 36.273193 13 2 36.273193 8400
    154 13 2 36.283253 13 2 36.283253 8400
    155 13 2 36.293289 13 2 36.293289 8400
    156 13 2 36.303190 13 2 36.303190 8400
    157 13 2 36.313228 13 2 36.313228 8400
    158 13 2 36.323186 13 2 36.323186 8400
    159 13 2 36.333174 13 2 36.333174 8400
    160 13 2 36.344006 13 2 36.344006 8400
    161 13 2 36.353197 13 2 36.353197 8400
    162 13 2 36.363190 13 2 36.363190 8400
    163 13 2 36.375084 13 2 36.375084 8400
    164 13 2 36.383251 13 2 36.383251 8400
    165 13 2 36.393846 13 2 36.393846 8400
    166 13 2 36.403177 13 2 36.403177 8400
    167 13 2 36.413237 13 2 36.413237 8400
    168 13 2 36.423239 13 2 36.423239 8400
    169 13 2 36.433266 13 2 36.433266 8400
    170 13 2 36.443266 13 2 36.443266 8400
    171 13 2 36.453364 13 2 36.453364 8400
    172 13 2 36.463192 13 2 36.463192 8400
    173 13 2 36.473233 13 2 36.473233 8400
    174 13 2 36.483263 13 2 36.483263 8400
    175 13 2 36.493203 13 2 36.493203 8400
    176 13 2 36.503216 13 2 36.503216 8400
    177 13 2 36.513236 13 2 36.513236 8400
    178 13 2 36.523189 13 2 36.523189 8400
    179 13 2 36.533197 13 2 36.533197 8400
    180 13 2 36.543182 13 2 36.543182 8400
    181 13 2 36.553173 13 2 36.553173 8400
    182 13 2 36.563212 13 2 36.563212 8400
    183 13 2 36.573219 13 2 36.573219 8400
    184 13 2 36.583187 13 2 36.583187 8400
    185 13 2 36.593189 13 2 36.593189 8400
    186 13 2 36.603202 13 2 36.603202 8400
    187 13 2 36.613452 13 2 36.613452 8400
    188 13 2 36.623308 13 2 36.623308 8400
    189 13 2 36.633240 13 2 36.633240 8400
    190 13 2 36.643230 13 2 36.643230 8400
    191 13 2 36.653165 13 2 36.653165 8400
    192 13 2 36.663209 13 2 36.663209 8400
    193 13 2 36.673177 13 2 36.673177 8400
    194 13 2 36.683244 13 2 36.683244 8400
    195 13 2 36.693230 13 2 36.693230 8400
    196 13 2 36.703231 13 2 36.703231 8400
    197 13 2 36.713180 13 2 36.713180 8400
    198 13 2 36.723162 13 2 36.723162 8400
    199 13 2 36.734361 13 2 36.734361 8400
    200 13 2 36.743158 13 2 36.743158 8400
    201 13 2 36.753182 13 2 36.753182 8400
    202 13 2 36.763190 13 2 36.763190 8400
    203 13 2 36.773178 13 2 36.773178 8400
    204 13 2 36.783203 13 2 36.783203 8400
    205 13 2 36.793179 13 2 36.793179 8400
    206 13 2 36.803185 13 2 36.803185 8400
    207 13 2 36.813186 13 2 36.813186 8400
    208 13 2 36.823144 13 2 36.823144 8400
    209 13 2 36.833229 13 2 36.833229 8400
    210 13 2 36.843299 13 2 36.843299 8400
    211 13 2 36.853225 13 2 36.853225 8400
    212 13 2 36.863263 13 2 36.863263 8400
    213 13 2 36.873292 13 2 36.873292 8400
    214 13 2 36.883251 13 2 36.883251 8400
    215 13 2 36.893276 13 2 36.893276 8400
    216 13 2 36.903173 13 2 36.903173 8400
    217 13 2 36.913288 13 2 36.913288 8400
    218 13 2 36.923346 13 2 36.923346 8400
    219 13 2 36.933492 13 2 36.933492 8400
    220 13 2 36.943223 13 2 36.943223 8400
    221 13 2 36.953178 13 2 36.953178 8400
    222 13 2 36.963180 13 2 36.963180 8400
    223 13 2 36.973182 13 2 36.973182 8400
    224 13 2 36.983187 13 2 36.983187 8400
    225 13 2 36.995471 13 2 36.995471 8400
    226 13 2 37.003199 13 2 37.003199 8400
    227 13 2 37.013182 13 2 37.013182 8400
    228 13 2 37.023389 13 2 37.023389 8400
    229 13 2 37.033180 13 2 37.033180 8400
    230 13 2 37.043236 13 2 37.043236 8400
    231 13 2 37.053226 13 2 37.053226 8400
    232 13 2 37.063239 13 2 37.063239 8400
    233 13 2 37.073244 13 2 37.073244 8400
    234 13 2 37.083216 13 2 37.083216 8400
    235 13 2 37.093204 13 2 37.093204 8400
    236 13 2 37.103274 13 2 37.103274 8400
    237 13 2 37.113173 13 2 37.113173 8400
    238 13 2 37.123181 13 2 37.123181 8400
    239 13 2 37.133189 13 2 37.133189 8400
    240 13 2 37.143183 13 2 37.143183 8400
    241 13 2 37.153173 13 2 37.153173 8400
    242 13 2 37.163217 13 2 37.163217 8400
    243 13 2 37.173180 13 2 37.173180 8400
    244 13 2 37.183176 13 2 37.183176 8400
    245 13 2 37.193173 13 2 37.193173 8400
    246 13 2 37.203190 13 2 37.203190 8400
    247 13 2 37.213197 13 2 37.213197 8400
    248 13 2 37.223241 13 2 37.223241 8400
    249 13 2 37.233364 13 2 37.233364 8400
    250 13 2 37.243274 13 2 37.243274 8400
    251 13 2 37.253210 13 2 37.253210 8400
    252 13 2 37.263320 13 2 37.263320 8400
    253 13 2 37.273243 13 2 37.273243 8400
    254 13 2 37.283248 13 2 37.283248 8400
    255 13 2 37.294024 13 2 37.294024 8400
    256 13 2 37.303206 13 2 37.303206 8400
    257 13 2 37.313208 13 2 37.313208 8400
    258 13 2 37.323247 13 2 37.323247 8400
    259 13 2 37.333173 13 2 37.333173 8400
    260 13 2 37.343175 13 2 37.343175 8400
    261 13 2 37.353180 13 2 37.353180 8400
    262 13 2 37.363177 13 2 37.363177 8400
    263 13 2 37.373188 13 2 37.373188 8400
    264 13 2 37.383190 13 2 37.383190 8400
    265 13 2 37.393988 13 2 37.393988 8400
    266 13 2 37.403194 13 2 37.403194 8400
    267 13 2 37.413891 13 2 37.413891 8400
    268 13 2 37.423186 13 2 37.423186 8400
    269 13 2 37.433290 13 2 37.433290 8400
    270 13 2 37.443232 13 2 37.443232 8400
    271 13 2 37.453226 13 2 37.453226 8400
    272 13 2 37.463186 13 2 37.463186 8400
    273 13 2 37.473267 13 2 37.473267 8400
    274 13 2 37.483198 13 2 37.483198 8400
    275 13 2 37.493287 13 2 37.493287 8400
    276 13 2 37.503273 13 2 37.503273 8400
    277 13 2 37.513286 13 2 37.513286 8400
    278 13 2 37.523242 13 2 37.523242 8400
    279 13 2 37.533135 13 2 37.533135 8400
    280 13 2 37.543196 13 2 37.543196 8400
    281 13 2 37.553196 13 2 37.553196 8400
    282 13 2 37.563175 13 2 37.563175 8400
    283 13 2 37.573179 13 2 37.573179 8400
    284 13 2 37.583198 13 2 37.583198 8400
    285 13 2 37.593181 13 2 37.593181 8400
    286 13 2 37.603194 13 2 37.603194 8400
    287 13 2 37.613177 13 2 37.613177 8400
    288 13 2 37.623184 13 2 37.623184 8400
    289 13 2 37.633122 13 2 37.633122 8400
    290 13 2 37.643261 13 2 37.643261 8400
    291 13 2 37.653244 13 2 37.653244 8400
    292 13 2 37.663265 13 2 37.663265 8400
    293 13 2 37.673191 13 2 37.673191 8400
    294 13 2 37.683256 13 2 37.683256 8400
    295 13 2 37.693306 13 2 37.693306 8400
    296 13 2 37.703977 13 2 37.703977 8400
    297 13 2 37.713242 13 2 37.713242 8400
    298 13 2 37.723232 13 2 37.723232 8400
    299 13 2 37.733243 13 2 37.733243 8400
    300 13 2 37.743180 13 2 37.743180 8400
    301 13 2 37.753176 13 2 37.753176 8400
    302 13 2 37.764065 13 2 37.764065 8400
    303 13 2 37.773184 13 2 37.773184 8400
    304 13 2 37.783194 13 2 37.783194 8400
    305 13 2 37.793182 13 2 37.793182 8400
    306 13 2 37.803198 13 2 37.803198 8400
    307 13 2 37.813184 13 2 37.813184 8400
    308 13 2 37.823197 13 2 37.823197 8400
    309 13 2 37.833176 13 2 37.833176 8400
    310 13 2 37.843251 13 2 37.843251 8400
    311 13 2 37.853208 13 2 37.853208 8400
    312 13 2 37.863249 13 2 37.863249 8400
    313 13 2 37.873164 13 2 37.873164 8400
    314 13 2 37.883235 13 2 37.883235 8400
    315 13 2 37.894012 13 2 37.894012 8400
    316 13 2 37.903263 13 2 37.903263 8400
    317 13 2 37.913277 13 2 37.913277 8400
    318 13 2 37.923228 13 2 37.923228 8400
    319 13 2 37.933177 13 2 37.933177 8400
    320 13 2 37.943221 13 2 37.943221 8400
    321 13 2 37.953183 13 2 37.953183 8400
    322 13 2 37.963183 13 2 37.963183 8400
    323 13 2 37.973182 13 2 37.973182 8400
    324 13 2 37.983176 13 2 37.983176 8400
    325 13 2 37.993192 13 2 37.993192 8400
    326 13 2 38.003207 13 2 38.003207 8400
    327 13 2 38.013201 13 2 38.013201 8400
    328 13 2 38.023198 13 2 38.023198 8400
    329 13 2 38.033205 13 2 38.033205 8400
    330 13 2 38.043244 13 2 38.043244 8400
    331 13 2 38.053206 13 2 38.053206 8400
    332 13 2 38.063257 13 2 38.063257 8400
    333 13 2 38.073194 13 2 38.073194 8400
    334 13 2 38.083235 13 2 38.083235 8400
    335 13 2 38.094447 13 2 38.094447 8400
    336 13 2 38.103200 13 2 38.103200 8400
    337 13 2 38.113233 13 2 38.113233 8400
    338 13 2 38.123193 13 2 38.123193 8400
    339 13 2 38.133235 13 2 38.133235 8400
    340 13 2 38.143174 13 2 38.143174 8400
    341 13 2 38.153184 13 2 38.153184 8400
    342 13 2 38.163184 13 2 38.163184 8400
    343 13 2 38.173171 13 2 38.173171 8400
    344 13 2 38.183180 13 2 38.183180 8400
    345 13 2 38.193176 13 2 38.193176 8400
    346 13 2 38.203189 13 2 38.203189 8400
    347 13 2 38.213183 13 2 38.213183 8400
    348 13 2 38.223190 13 2 38.223190 8400
    349 13 2 38.233207 13 2 38.233207 8400
    350 13 2 38.243175 13 2 38.243175 8400
    351 13 2 38.253259 13 2 38.253259 8400
    352 13 2 38.263275 13 2 38.263275 8400
    353 13 2 38.273336 13 2 38.273336 8400
    354 13 2 38.283262 13 2 38.283262 8400
    355 13 2 38.293210 13 2 38.293210 8400
    356 13 2 38.303189 13 2 38.303189 8400
    357 13 2 38.313242 13 2 38.313242 8400
    358 13 2 38.323168 13 2 38.323168 8400
    359 13 2 38.333229 13 2 38.333229 8400
    360 13 2 38.343282 13 2 38.343282 8400
    361 13 2 38.353191 13 2 38.353191 8400
    362 13 2 38.363191 13 2 38.363191 8400
    363 13 2 38.373181 13 2 38.373181 8400
    364 13 2 38.383189 13 2 38.383189 8400
    365 13 2 38.393191 13 2 38.393191 8400
    366 13 2 38.403188 13 2 38.403188 8400
    367 13 2 38.413170 13 2 38.413170 8400
    368 13 2 38.423175 13 2 38.423175 8400
    369 13 2 38.433163 13 2 38.433163 8400
    370 13 2 38.443187 13 2 38.443187 8400
    371 13 2 38.453197 13 2 38.453197 8400
    372 13 2 38.463191 13 2 38.463191 8400
    373 13 2 38.473229 13 2 38.473229 8400
    374 13 2 38.483190 13 2 38.483190 8400
    375 13 2 38.493197 13 2 38.493197 8400
    376 13 2 38.503214 13 2 38.503214 8400
    377 13 2 38.513187 13 2 38.513187 8400
    378 13 2 38.523237 13 2 38.523237 8400
    379 13 2 38.533262 13 2 38.533262 8400
    380 13 2 38.543469 13 2 38.543469 8400
    381 13 2 38.553187 13 2 38.553187 8400
    382 13 2 38.563181 13 2 38.563181 8400
    383 13 2 38.573180 13 2 38.573180 8400
    384 13 2 38.583171 13 2 38.583171 8400
    385 13 2 38.593879 13 2 38.593879 8400
    386 13 2 38.603202 13 2 38.603202 8400
    387 13 2 38.613182 13 2 38.613182 8400
    388 13 2 38.623862 13 2 38.623862 8400
    389 13 2 38.633189 13 2 38.633189 8400
    390 13 2 38.643183 13 2 38.643183 8400
    391 13 2 38.653236 13 2 38.653236 8400
    392 13 2 38.663204 13 2 38.663204 8400
    393 13 2 38.673371 13 2 38.673371 8400
    394 13 2 38.683328 13 2 38.683328 8400
    395 13 2 38.693976 13 2 38.693976 8400
    396 13 2 38.703403 13 2 38.703403 8400
    397 13 2 38.713315 13 2 38.713315 8400
    398 13 2 38.723252 13 2 38.723252 8400
    399 13 2 38.733252 13 2 38.733252 8400
    400 13 2 38.743234 13 2 38.743234 8400
    401 13 2 38.753234 13 2 38.753234 8400
    402 13 2 38.763254 13 2 38.763254 8400
    403 13 2 38.773190 13 2 38.773190 8400
    404 13 2 38.783175 13 2 38.783175 8400
    405 13 2 38.793201 13 2 38.793201 8400
    406 13 2 38.803192 13 2 38.803192 8400
    407 13 2 38.813183 13 2 38.813183 8400
    408 13 2 38.823183 13 2 38.823183 8400
    409 13 2 38.833184 13 2 38.833184 8400
    410 13 2 38.843193 13 2 38.843193 8400
    411 13 2 38.853251 13 2 38.853251 8400
    412 13 2 38.863244 13 2 38.863244 8400
    413 13 2 38.873235 13 2 38.873235 8400
    414 13 2 38.883270 13 2 38.883270 8400
    415 13 2 38.893247 13 2 38.893247 8400
    416 13 2 38.903233 13 2 38.903233 8400
    417 13 2 38.913170 13 2 38.913170 8400
    418 13 2 38.923248 13 2 38.923248 8400
    419 13 2 38.933244 13 2 38.933244 8400
    420 13 2 38.943201 13 2 38.943201 8400
    421 13 2 38.953273 13 2 38.953273 8400
    422 13 2 38.963188 13 2 38.963188 8400
    423 13 2 38.973185 13 2 38.973185 8400
    424 13 2 38.983964 13 2 38.983964 8400
    425 13 2 38.993461 13 2 38.993461 8400
    426 13 2 39.003430 13 2 39.003430 8400
    427 13 2 39.013478 13 2 39.013478 8400
    428 13 2 39.023207 13 2 39.023207 8400
    429 13 2 39.033197 13 2 39.033197 8400
    430 13 2 39.044517 13 2 39.044517 8400
    431 13 2 39.053423 13 2 39.053423 8400
    432 13 2 39.063206 13 2 39.063206 8400
    433 13 2 39.073768 13 2 39.073768 8400
    434 13 2 39.083205 13 2 39.083205 8400
    435 13 2 39.093738 13 2 39.093738 8400
    436 13 2 39.103228 13 2 39.103228 8400
    437 13 2 39.113250 13 2 39.113250 8400
    438 13 2 39.123663 13 2 39.123663 8400
    439 13 2 39.133260 13 2 39.133260 8400
    440 13 2 39.143166 13 2 39.143166 8400
    441 13 2 39.153888 13 2 39.153888 8400
    442 13 2 39.163406 13 2 39.163406 8400
    443 13 2 39.173256 13 2 39.173256 8400
    444 13 2 39.183235 13 2 39.183235 8400
    445 13 2 39.193244 13 2 39.193244 8400
    446 13 2 39.203290 13 2 39.203290 8400
    447 13 2 39.213202 13 2 39.213202 8400
    448 13 2 39.223190 13 2 39.223190 8400
    449 13 2 39.233201 13 2 39.233201 8400
    450 13 2 39.243180 13 2 39.243180 8400
    451 13 2 39.253203 13 2 39.253203 8400
    452 13 2 39.263432 13 2 39.263432 8400
    453 13 2 39.273201 13 2 39.273201 8400
    454 13 2 39.283169 13 2 39.283169 8400
    455 13 2 39.293449 13 2 39.293449 8400
    456 13 2 39.303241 13 2 39.303241 8400
    457 13 2 39.313189 13 2 39.313189 8400
    458 13 2 39.323250 13 2 39.323250 8400
    459 13 2 39.333236 13 2 39.333236 8400
    460 13 2 39.343288 13 2 39.343288 8400
    461 13 2 39.353310 13 2 39.353310 8400
    462 13 2 39.363340 13 2 39.363340 8400
    463 13 2 39.373247 13 2 39.373247 8400
    464 13 2 39.383184 13 2 39.383184 8400
    465 13 2 39.393239 13 2 39.393239 8400
    466 13 2 39.403185 13 2 39.403185 8400
    467 13 2 39.413164 13 2 39.413164 8400
    468 13 2 39.423175 13 2 39.423175 8400
    469 13 2 39.434012 13 2 39.434012 8400
    470 13 2 39.443182 13 2 39.443182 8400
    471 13 2 39.453170 13 2 39.453170 8400
    472 13 2 39.463788 13 2 39.463788 8400
    473 13 2 39.473236 13 2 39.473236 8400
    474 13 2 39.483240 13 2 39.483240 8400
    475 13 2 39.493234 13 2 39.493234 8400
    476 13 2 39.503247 13 2 39.503247 8400
    477 13 2 39.513209 13 2 39.513209 8400
    478 13 2 39.523218 13 2 39.523218 8400
    479 13 2 39.533290 13 2 39.533290 8400
    480 13 2 39.543187 13 2 39.543187 8400
    481 13 2 39.553184 13 2 39.553184 8400
    482 13 2 39.563236 13 2 39.563236 8400
    483 13 2 39.573261 13 2 39.573261 8400
    484 13 2 39.583235 13 2 39.583235 8400
    485 13 2 39.594057 13 2 39.594057 8400
    486 13 2 39.603987 13 2 39.603987 8400
    487 13 2 39.613191 13 2 39.613191 8400
    488 13 2 39.623859 13 2 39.623859 8400
    489 13 2 39.633989 13 2 39.633989 8400
    490 13 2 39.643186 13 2 39.643186 8400
    491 13 2 39.653832 13 2 39.653832 8400
    492 13 2 39.663494 13 2 39.663494 8400
    493 13 2 39.673169 13 2 39.673169 8400
    494 13 2 39.683238 13 2 39.683238 8400
    495 13 2 39.693224 13 2 39.693224 8400
    496 13 2 39.703226 13 2 39.703226 8400
    497 13 2 39.713393 13 2 39.713393 8400
    498 13 2 39.723320 13 2 39.723320 8400
    499 13 2 39.733192 13 2 39.733192 8400
    500 13 2 39.743169 13 2 39.743169 8400
    501 13 2 39.753179 13 2 39.753179 8400
    502 13 2 39.763218 13 2 39.763218 8400
    503 13 2 39.773242 13 2 39.773242 8400
    504 13 2 39.783262 13 2 39.783262 8400
    505 13 2 39.793188 13 2 39.793188 8400
    506 13 2 39.803190 13 2 39.803190 8400
    507 13 2 39.813184 13 2 39.813184 8400
    508 13 2 39.823199 13 2 39.823199 8400
    509 13 2 39.833176 13 2 39.833176 8400
    510 13 2 39.843181 13 2 39.843181 8400
    511 13 2 39.853290 13 2 39.853290 8400
    512 13 2 39.863230 13 2 39.863230 8400
    513 13 2 39.873198 13 2 39.873198 8400
    514 13 2 39.883288 13 2 39.883288 8400
    515 13 2 39.893236 13 2 39.893236 8400
    516 13 2 39.903222 13 2 39.903222 8400
    517 13 2 39.913190 13 2 39.913190 8400
    518 13 2 39.923416 13 2 39.923416 8400
    519 13 2 39.933252 13 2 39.933252 8400
    520 13 2 39.943266 13 2 39.943266 8400
    521 13 2 39.953225 13 2 39.953225 8400
    522 13 2 39.963199 13 2 39.963199 8400
    523 13 2 39.973236 13 2 39.973236 8400
    524 13 2 39.983184 13 2 39.983184 8400
    525 13 2 39.993242 13 2 39.993242 8400
    526 13 2 40.003239 13 2 40.003239 8400
    527 13 2 40.013168 13 2 40.013168 8400
    528 13 2 40.023209 13 2 40.023209 8400
    529 13 2 40.033468 13 2 40.033468 8400
    530 13 2 40.043509 13 2 40.043509 8400
    531 13 2 40.053603 13 2 40.053603 8400
    532 13 2 40.063223 13 2 40.063223 8400
    533 13 2 40.073518 13 2 40.073518 8400
    534 13 2 40.083249 13 2 40.083249 8400
    535 13 2 40.093919 13 2 40.093919 8400
    536 13 2 40.103355 13 2 40.103355 8400
    537 13 2 40.113244 13 2 40.113244 8400
    538 13 2 40.123584 13 2 40.123584 8400
    539 13 2 40.133428 13 2 40.133428 8400
    540 13 2 40.143225 13 2 40.143225 8400
    541 13 2 40.153225 13 2 40.153225 8400
    542 13 2 40.163192 13 2 40.163192 8400
    543 13 2 40.173479 13 2 40.173479 8400
    544 13 2 40.183377 13 2 40.183377 8400
    545 13 2 40.193260 13 2 40.193260 8400
    546 13 2 40.203235 13 2 40.203235 8400
    547 13 2 40.213285 13 2 40.213285 8400
    548 13 2 40.223202 13 2 40.223202 8400
    549 13 2 40.233502 13 2 40.233502 8400
    550 13 2 40.243259 13 2 40.243259 8400
    551 13 2 40.253278 13 2 40.253278 8400
    552 13 2 40.263260 13 2 40.263260 8400
    553 13 2 40.273217 13 2 40.273217 8400
    554 13 2 40.283290 13 2 40.283290 8400
    555 13 2 40.293244 13 2 40.293244 8400
    556 13 2 40.303809 13 2 40.303809 8400
    557 13 2 40.313304 13 2 40.313304 8400
    558 13 2 40.323256 13 2 40.323256 8400
    559 13 2 40.333523 13 2 40.333523 8400
    560 13 2 40.343325 13 2 40.343325 8400
    561 13 2 40.353228 13 2 40.353228 8400
    562 13 2 40.363577 13 2 40.363577 8400
    563 13 2 40.373223 13 2 40.373223 8400
    564 13 2 40.383450 13 2 40.383450 8400
    565 13 2 40.393596 13 2 40.393596 8400
    566 13 2 40.403243 13 2 40.403243 8400
    567 13 2 40.413255 13 2 40.413255 8400
    568 13 2 40.423239 13 2 40.423239 8400
    569 13 2 40.433227 13 2 40.433227 8400
    570 13 2 40.443237 13 2 40.443237 8400
    571 13 2 40.453642 13 2 40.453642 8400
    572 13 2 40.463239 13 2 40.463239 8400
    573 13 2 40.473723 13 2 40.473723 8400
    574 13 2 40.483719 13 2 40.483719 8400
    575 13 2 40.493270 13 2 40.493270 8400
    576 13 2 40.503210 13 2 40.503210 8400
    577 13 2 40.513866 13 2 40.513866 8400
    578 13 2 40.523276 13 2 40.523276 8400
    579 13 2 40.533209 13 2 40.533209 8400
    580 13 2 40.543367 13 2 40.543367 8400
    581 13 2 40.555298 13 2 40.555298 8400
    582 13 2 40.563259 13 2 40.563259 8400
    583 13 2 40.573177 13 2 40.573177 8400
    584 13 2 40.584029 13 2 40.584029 8400
    585 13 2 40.593429 13 2 40.593429 8400
    586 13 2 40.603560 13 2 40.603560 8400
    587 13 2 40.613202 13 2 40.613202 8400
    588 13 2 40.623406 13 2 40.623406 8400
    589 13 2 40.633395 13 2 40.633395 8400
    590 13 2 40.643312 13 2 40.643312 8400
    591 13 2 40.653134 13 2 40.653134 8400
    592 13 2 40.663355 13 2 40.663355 8400
    593 13 2 40.673174 13 2 40.673174 8400
    594 13 2 40.687131 13 2 40.687131 8400
    595 13 2 40.694178 13 2 40.694178 8400
    596 13 2 40.703304 13 2 40.703304 8400
    597 13 2 40.713242 13 2 40.713242 8400
    598 13 2 40.723261 13 2 40.723261 8400
    599 13 2 40.733274 13 2 40.733274 8400
    600 13 2 40.743234 13 2 40.743234 8400
    601 13 2 40.754089 13 2 40.754089 8400
    602 13 2 40.763204 13 2 40.763204 8400
    603 13 2 40.773201 13 2 40.773201 8400
    604 13 2 40.783208 13 2 40.783208 8400
    605 13 2 40.793460 13 2 40.793460 8400
    606 13 2 40.803471 13 2 40.803471 8400
    607 13 2 40.813523 13 2 40.813523 8400
    608 13 2 40.823708 13 2 40.823708 8400
    609 13 2 40.833278 13 2 40.833278 8400
    610 13 2 40.843924 13 2 40.843924 8400
    611 13 2 40.853678 13 2 40.853678 8400
    612 13 2 40.863227 13 2 40.863227 8400
    613 13 2 40.873323 13 2 40.873323 8400
    614 13 2 40.883223 13 2 40.883223 8400
    615 13 2 40.893751 13 2 40.893751 8400
    616 13 2 40.903280 13 2 40.903280 8400
    617 13 2 40.913221 13 2 40.913221 8400
    618 13 2 40.923298 13 2 40.923298 8400
    619 13 2 40.933309 13 2 40.933309 8400
    620 13 2 40.943314 13 2 40.943314 8400
    621 13 2 40.953299 13 2 40.953299 8400
    622 13 2 40.963233 13 2 40.963233 8400
    623 13 2 40.973230 13 2 40.973230 8400
    624 13 2 40.983277 13 2 40.983277 8400
    625 13 2 40.993178 13 2 40.993178 8400
    626 13 2 41.003238 13 2 41.003238 8400
    627 13 2 41.013550 13 2 41.013550 8400
    628 13 2 41.023198 13 2 41.023198 8400
    629 13 2 41.033762 13 2 41.033762 8400
    630 13 2 41.043405 13 2 41.043405 8400
    631 13 2 41.053637 13 2 41.053637 8400
    632 13 2 41.063518 13 2 41.063518 8400
    633 13 2 41.073365 13 2 41.073365 8400
    634 13 2 41.083232 13 2 41.083232 8400
    635 13 2 41.093277 13 2 41.093277 8400
    636 13 2 41.103414 13 2 41.103414 8400
    637 13 2 41.113256 13 2 41.113256 8400
    638 13 2 41.123232 13 2 41.123232 8400
    639 13 2 41.133226 13 2 41.133226 8400
    640 13 2 41.143250 13 2 41.143250 8400
    641 13 2 41.153182 13 2 41.153182 8400
    642 13 2 41.163223 13 2 41.163223 8400
    643 13 2 41.173219 13 2 41.173219 8400
    644 13 2 41.183231 13 2 41.183231 8400
    645 13 2 41.193182 13 2 41.193182 8400
    646 13 2 41.203198 13 2 41.203198 8400
    647 13 2 41.213183 13 2 41.213183 8400
    648 13 2 41.223205 13 2 41.223205 8400
    649 13 2 41.233187 13 2 41.233187 8400
    650 13 2 41.243183 13 2 41.243183 8400
    651 13 2 41.253179 13 2 41.253179 8400
    652 13 2 41.263179 13 2 41.263179 8400
    653 13 2 41.273884 13 2 41.273884 8400
    654 13 2 41.283234 13 2 41.283234 8400
    655 13 2 41.293278 13 2 41.293278 8400
    656 13 2 41.303226 13 2 41.303226 8400
    657 13 2 41.313212 13 2 41.313212 8400
    658 13 2 41.323219 13 2 41.323219 8400
    659 13 2 41.333253 13 2 41.333253 8400
    660 13 2 41.343243 13 2 41.343243 8400
    661 13 2 41.353239 13 2 41.353239 8400
    662 13 2 41.363264 13 2 41.363264 8400
    663 13 2 41.373238 13 2 41.373238 8400
    664 13 2 41.383195 13 2 41.383195 8400
    665 13 2 41.393253 13 2 41.393253 8400
    666 13 2 41.403142 13 2 41.403142 8400
    667 13 2 41.413173 13 2 41.413173 8400
    668 13 2 41.423172 13 2 41.423172 8400
    669 13 2 41.434004 13 2 41.434004 8400
    670 13 2 41.443173 13 2 41.443173 8400
    671 13 2 41.453952 13 2 41.453952 8400
    672 13 2 41.463164 13 2 41.463164 8400
    673 13 2 41.473193 13 2 41.473193 8400
    674 13 2 41.483463 13 2 41.483463 8400
    675 13 2 41.493402 13 2 41.493402 8400
    676 13 2 41.503489 13 2 41.503489 8400
    677 13 2 41.513258 13 2 41.513258 8400
    678 13 2 41.523232 13 2 41.523232 8400
    679 13 2 41.533785 13 2 41.533785 8400
    680 13 2 41.543239 13 2 41.543239 8400
    681 13 2 41.553283 13 2 41.553283 8400
    682 13 2 41.563259 13 2 41.563259 8400
    683 13 2 41.573411 13 2 41.573411 8400
    684 13 2 41.583241 13 2 41.583241 8400
    685 13 2 41.593260 13 2 41.593260 8400
    686 13 2 41.603259 13 2 41.603259 8400
    687 13 2 41.613235 13 2 41.613235 8400
    688 13 2 41.623330 13 2 41.623330 8400
    689 13 2 41.633274 13 2 41.633274 8400
    690 13 2 41.643515 13 2 41.643515 8400
    691 13 2 41.653235 13 2 41.653235 8400
    692 13 2 41.663182 13 2 41.663182 8400
    693 13 2 41.673253 13 2 41.673253 8400
    694 13 2 41.683262 13 2 41.683262 8400
    695 13 2 41.693516 13 2 41.693516 8400
    696 13 2 41.703291 13 2 41.703291 8400
    697 13 2 41.713262 13 2 41.713262 8400
    698 13 2 41.723591 13 2 41.723591 8400
    699 13 2 41.733277 13 2 41.733277 8400
    700 13 2 41.743191 13 2 41.743191 8400
    701 13 2 41.753194 13 2 41.753194 8400
    702 13 2 41.763635 13 2 41.763635 8400
    703 13 2 41.773212 13 2 41.773212 8400
    704 13 2 41.783223 13 2 41.783223 8400
    705 13 2 41.793275 13 2 41.793275 8400
    706 13 2 41.803209 13 2 41.803209 8400
    707 13 2 41.813318 13 2 41.813318 8400
    708 13 2 41.823278 13 2 41.823278 8400
    709 13 2 41.833354 13 2 41.833354 8400
    710 13 2 41.843285 13 2 41.843285 8400
    711 13 2 41.853265 13 2 41.853265 8400
    712 13 2 41.863245 13 2 41.863245 8400
    713 13 2 41.873221 13 2 41.873221 8400
    714 13 2 41.883181 13 2 41.883181 8400
    715 13 2 41.893239 13 2 41.893239 8400
    716 13 2 41.903241 13 2 41.903241 8400
    717 13 2 41.913280 13 2 41.913280 8400
    718 13 2 41.923307 13 2 41.923307 8400
    719 13 2 41.933297 13 2 41.933297 8400
    720 13 2 41.943285 13 2 41.943285 8400
    721 13 2 41.953243 13 2 41.953243 8400
    722 13 2 41.963213 13 2 41.963213 8400
    723 13 2 41.973187 13 2 41.973187 8400
    724 13 2 41.983182 13 2 41.983182 8400
    725 13 2 41.993175 13 2 41.993175 8400
    726 13 2 42.003196 13 2 42.003196 8400
    727 13 2 42.013184 13 2 42.013184 8400
    728 13 2 42.023237 13 2 42.023237 8400
    729 13 2 42.033192 13 2 42.033192 8400
    730 13 2 42.043182 13 2 42.043182 8400
    731 13 2 42.053254 13 2 42.053254 8400
    732 13 2 42.063239 13 2 42.063239 8400
    733 13 2 42.073185 13 2 42.073185 8400
    734 13 2 42.083258 13 2 42.083258 8400
    735 13 2 42.093193 13 2 42.093193 8400
    736 13 2 42.103222 13 2 42.103222 8400
    737 13 2 42.113228 13 2 42.113228 8400
    738 13 2 42.123241 13 2 42.123241 8400
    739 13 2 42.133243 13 2 42.133243 8400
    740 13 2 42.143621 13 2 42.143621 8400
    741 13 2 42.153236 13 2 42.153236 8400
    742 13 2 42.163178 13 2 42.163178 8400
    743 13 2 42.173180 13 2 42.173180 8400
    744 13 2 42.183196 13 2 42.183196 8400
    745 13 2 42.193938 13 2 42.193938 8400
    746 13 2 42.203180 13 2 42.203180 8400
    747 13 2 42.213197 13 2 42.213197 8400
    748 13 2 42.223250 13 2 42.223250 8400
    749 13 2 42.233217 13 2 42.233217 8400
    750 13 2 42.243766 13 2 42.243766 8400
    751 13 2 42.253256 13 2 42.253256 8400
    752 13 2 42.264251 13 2 42.264251 8400
    753 13 2 42.273228 13 2 42.273228 8400
    754 13 2 42.283242 13 2 42.283242 8400
    755 13 2 42.293469 13 2 42.293469 8400
    756 13 2 42.303263 13 2 42.303263 8400
    757 13 2 42.313254 13 2 42.313254 8400
    758 13 2 42.323996 13 2 42.323996 8400
    759 13 2 42.333253 13 2 42.333253 8400
    760 13 2 42.343251 13 2 42.343251 8400
    761 13 2 42.353304 13 2 42.353304 8400
    762 13 2 42.363424 13 2 42.363424 8400
    763 13 2 42.373227 13 2 42.373227 8400
    764 13 2 42.383240 13 2 42.383240 8400
    765 13 2 42.393447 13 2 42.393447 8400
    766 13 2 42.403407 13 2 42.403407 8400
    767 13 2 42.413403 13 2 42.413403 8400
    768 13 2 42.423420 13 2 42.423420 8400
    769 13 2 42.435999 13 2 42.435999 8400
    770 13 2 42.443128 13 2 42.443128 8400
    771 13 2 42.453167 13 2 42.453167 8400
    772 13 2 42.463445 13 2 42.463445 8400
    773 13 2 42.473396 13 2 42.473396 8400
    774 13 2 42.483348 13 2 42.483348 8400
    775 13 2 42.493422 13 2 42.493422 8400
    776 13 2 42.503261 13 2 42.503261 8400
    777 13 2 42.513275 13 2 42.513275 8400
    778 13 2 42.523308 13 2 42.523308 8400
    779 13 2 42.533225 13 2 42.533225 8400
    780 13 2 42.543283 13 2 42.543283 8400
    781 13 2 42.553285 13 2 42.553285 8400
    782 13 2 42.563279 13 2 42.563279 8400
    783 13 2 42.573261 13 2 42.573261 8400
    784 13 2 42.583179 13 2 42.583179 8400
    785 13 2 42.593446 13 2 42.593446 8400
    786 13 2 42.603997 13 2 42.603997 8400
    787 13 2 42.613255 13 2 42.613255 8400
    788 13 2 42.623202 13 2 42.623202 8400
    789 13 2 42.633710 13 2 42.633710 8400
    790 13 2 42.643676 13 2 42.643676 8400
    791 13 2 42.653219 13 2 42.653219 8400
    792 13 2 42.663187 13 2 42.663187 8400
    793 13 2 42.673189 13 2 42.673189 8400
    794 13 2 42.683199 13 2 42.683199 8400
    795 13 2 42.693193 13 2 42.693193 8400
    796 13 2 42.703181 13 2 42.703181 8400
    797 13 2 42.713844 13 2 42.713844 8400
    798 13 2 42.723233 13 2 42.723233 8400
    799 13 2 42.733418 13 2 42.733418 8400
    800 13 2 42.743256 13 2 42.743256 8400
    801 13 2 42.753185 13 2 42.753185 8400
    802 13 2 42.764161 13 2 42.764161 8400
    803 13 2 42.773688 13 2 42.773688 8400
    804 13 2 42.783239 13 2 42.783239 8400
    805 13 2 42.793221 13 2 42.793221 8400
    806 13 2 42.803230 13 2 42.803230 8400
    807 13 2 42.813175 13 2 42.813175 8400
    808 13 2 42.823275 13 2 42.823275 8400
    809 13 2 42.833255 13 2 42.833255 8400
    810 13 2 42.843958 13 2 42.843958 8400
    811 13 2 42.853319 13 2 42.853319 8400
    812 13 2 42.863256 13 2 42.863256 8400
    813 13 2 42.873190 13 2 42.873190 8400
    814 13 2 42.883175 13 2 42.883175 8400
    815 13 2 42.893202 13 2 42.893202 8400
    816 13 2 42.903495 13 2 42.903495 8400
    817 13 2 42.913504 13 2 42.913504 8400
    818 13 2 42.923254 13 2 42.923254 8400
    819 13 2 42.933259 13 2 42.933259 8400
    820 13 2 42.943233 13 2 42.943233 8400
    821 13 2 42.953294 13 2 42.953294 8400
    822 13 2 42.963239 13 2 42.963239 8400
    823 13 2 42.973174 13 2 42.973174 8400
    824 13 2 42.983246 13 2 42.983246 8400
    825 13 2 42.993242 13 2 42.993242 8400
    826 13 2 43.003236 13 2 43.003236 8400
    827 13 2 43.013247 13 2 43.013247 8400
    828 13 2 43.023237 13 2 43.023237 8400
    829 13 2 43.033236 13 2 43.033236 8400
    830 13 2 43.043525 13 2 43.043525 8400
    831 13 2 43.053232 13 2 43.053232 8400
    832 13 2 43.063192 13 2 43.063192 8400
    833 13 2 43.073399 13 2 43.073399 8400
    834 13 2 43.083472 13 2 43.083472 8400
    835 13 2 43.093186 13 2 43.093186 8400
    836 13 2 43.103203 13 2 43.103203 8400
    837 13 2 43.114322 13 2 43.114322 8400
    838 13 2 43.123255 13 2 43.123255 8400
    839 13 2 43.133243 13 2 43.133243 8400
    840 13 2 43.143242 13 2 43.143242 8400
    841 13 2 43.153384 13 2 43.153384 8400
    842 13 2 43.163181 13 2 43.163181 8400
    843 13 2 43.173420 13 2 43.173420 8400
    844 13 2 43.183256 13 2 43.183256 8400
    845 13 2 43.193176 13 2 43.193176 8400
    846 13 2 43.203239 13 2 43.203239 8400
    847 13 2 43.213172 13 2 43.213172 8400
    848 13 2 43.223187 13 2 43.223187 8400
    849 13 2 43.233272 13 2 43.233272 8400
    850 13 2 43.243181 13 2 43.243181 8400
    851 13 2 43.253185 13 2 43.253185 8400
    852 13 2 43.263179 13 2 43.263179 8400
    853 13 2 43.273184 13 2 43.273184 8400
    854 13 2 43.283183 13 2 43.283183 8400
    855 13 2 43.293180 13 2 43.293180 8400
    856 13 2 43.303207 13 2 43.303207 8400
    857 13 2 43.313394 13 2 43.313394 8400
    858 13 2 43.323261 13 2 43.323261 8400
    859 13 2 43.333244 13 2 43.333244 8400
    860 13 2 43.343229 13 2 43.343229 8400
    861 13 2 43.353230 13 2 43.353230 8400
    862 13 2 43.363197 13 2 43.363197 8400
    863 13 2 43.373218 13 2 43.373218 8400
    864 13 2 43.383262 13 2 43.383262 8400
    865 13 2 43.393380 13 2 43.393380 8400
    866 13 2 43.403238 13 2 43.403238 8400
    867 13 2 43.413235 13 2 43.413235 8400
    868 13 2 43.423349 13 2 43.423349 8400
    869 13 2 43.433250 13 2 43.433250 8400
    870 13 2 43.443206 13 2 43.443206 8400
    871 13 2 43.453307 13 2 43.453307 8400
    872 13 2 43.463318 13 2 43.463318 8400
    873 13 2 43.473196 13 2 43.473196 8400
    874 13 2 43.483237 13 2 43.483237 8400
    875 13 2 43.493205 13 2 43.493205 8400
    876 13 2 43.503185 13 2 43.503185 8400
    877 13 2 43.513410 13 2 43.513410 8400
    878 13 2 43.523333 13 2 43.523333 8400
    879 13 2 43.533245 13 2 43.533245 8400
    880 13 2 43.543250 13 2 43.543250 8400
    881 13 2 43.553227 13 2 43.553227 8400
    882 13 2 43.563187 13 2 43.563187 8400
    883 13 2 43.573230 13 2 43.573230 8400
    884 13 2 43.583233 13 2 43.583233 8400
    885 13 2 43.593708 13 2 43.593708 8400
    886 13 2 43.603259 13 2 43.603259 8400
    887 13 2 43.613649 13 2 43.613649 8400
    888 13 2 43.623440 13 2 43.623440 8400
    889 13 2 43.633450 13 2 43.633450 8400
    890 13 2 43.643549 13 2 43.643549 8400
    891 13 2 43.653128 13 2 43.653128 8400
    892 13 2 43.663246 13 2 43.663246 8400
    893 13 2 43.673191 13 2 43.673191 8400
    894 13 2 43.683233 13 2 43.683233 8400
    895 13 2 43.693264 13 2 43.693264 8400
    896 13 2 43.703183 13 2 43.703183 8400
    897 13 2 43.713177 13 2 43.713177 8400
    898 13 2 43.723233 13 2 43.723233 8400
    899 13 2 43.733201 13 2 43.733201 8400
    900 13 2 43.743240 13 2 43.743240 8400
    901 13 2 43.754022 13 2 43.754022 8400
    902 13 2 43.763182 13 2 43.763182 8400
    903 13 2 43.773207 13 2 43.773207 8400
    904 13 2 43.783186 13 2 43.783186 8400
    905 13 2 43.793187 13 2 43.793187 8400
    906 13 2 43.803179 13 2 43.803179 8400
    907 13 2 43.813161 13 2 43.813161 8400
    908 13 2 43.823360 13 2 43.823360 8400
    909 13 2 43.833638 13 2 43.833638 8400
    910 13 2 43.843457 13 2 43.843457 8400
    911 13 2 43.853256 13 2 43.853256 8400
    912 13 2 43.863191 13 2 43.863191 8400
    913 13 2 43.873649 13 2 43.873649 8400
    914 13 2 43.883290 13 2 43.883290 8400
    915 13 2 43.893137 13 2 43.893137 8400
    916 13 2 43.903241 13 2 43.903241 8400
    917 13 2 43.913713 13 2 43.913713 8400
    918 13 2 43.923233 13 2 43.923233 8400
    919 13 2 43.933295 13 2 43.933295 8400
    920 13 2 43.943309 13 2 43.943309 8400
    921 13 2 43.953209 13 2 43.953209 8400
    922 13 2 43.963293 13 2 43.963293 8400
    923 13 2 43.973253 13 2 43.973253 8400
    924 13 2 43.983263 13 2 43.983263 8400
    925 13 2 43.993645 13 2 43.993645 8400
    926 13 2 44.003205 13 2 44.003205 8400
    927 13 2 44.013269 13 2 44.013269 8400
    928 13 2 44.023189 13 2 44.023189 8400
    929 13 2 44.033591 13 2 44.033591 8400
    930 13 2 44.043532 13 2 44.043532 8400
    931 13 2 44.053229 13 2 44.053229 8400
    932 13 2 44.063259 13 2 44.063259 8400
    933 13 2 44.073205 13 2 44.073205 8400
    934 13 2 44.083278 13 2 44.083278 8400
    935 13 2 44.093429 13 2 44.093429 8400
    936 13 2 44.103307 13 2 44.103307 8400
    937 13 2 44.113303 13 2 44.113303 8400
    938 13 2 44.123305 13 2 44.123305 8400
    939 13 2 44.133279 13 2 44.133279 8400
    940 13 2 44.143419 13 2 44.143419 8400
    941 13 2 44.153320 13 2 44.153320 8400
    942 13 2 44.163336 13 2 44.163336 8400
    943 13 2 44.173309 13 2 44.173309 8400
    944 13 2 44.183177 13 2 44.183177 8400
    945 13 2 44.193196 13 2 44.193196 8400
    946 13 2 44.203248 13 2 44.203248 8400
    947 13 2 44.213225 13 2 44.213225 8400
    948 13 2 44.223199 13 2 44.223199 8400
    949 13 2 44.233199 13 2 44.233199 8400
    950 13 2 44.243186 13 2 44.243186 8400
    951 13 2 44.253391 13 2 44.253391 8400
    952 13 2 44.263992 13 2 44.263992 8400
    953 13 2 44.273217 13 2 44.273217 8400
    954 13 2 44.283189 13 2 44.283189 8400
    955 13 2 44.293183 13 2 44.293183 8400
    956 13 2 44.303193 13 2 44.303193 8400
    957 13 2 44.313186 13 2 44.313186 8400
    958 13 2 44.323171 13 2 44.323171 8400
    959 13 2 44.333506 13 2 44.333506 8400
    960 13 2 44.343617 13 2 44.343617 8400
    961 13 2 44.353309 13 2 44.353309 8400
    962 13 2 44.363286 13 2 44.363286 8400
    963 13 2 44.373261 13 2 44.373261 8400
    964 13 2 44.383201 13 2 44.383201 8400
    965 13 2 44.393222 13 2 44.393222 8400
    966 13 2 44.403198 13 2 44.403198 8400
    967 13 2 44.413704 13 2 44.413704 8400
    968 13 2 44.423205 13 2 44.423205 8400
    969 13 2 44.433267 13 2 44.433267 8400
    970 13 2 44.443240 13 2 44.443240 8400
    971 13 2 44.453432 13 2 44.453432 8400
    972 13 2 44.463427 13 2 44.463427 8400
    973 13 2 44.473171 13 2 44.473171 8400
    974 13 2 44.483178 13 2 44.483178 8400
    975 13 2 44.493143 13 2 44.493143 8400
    976 13 2 44.503306 13 2 44.503306 8400
    977 13 2 44.513286 13 2 44.513286 8400
    978 13 2 44.523487 13 2 44.523487 8400
    979 13 2 44.533299 13 2 44.533299 8400
    980 13 2 44.543210 13 2 44.543210 8400
    981 13 2 44.553215 13 2 44.553215 8400
    982 13 2 44.563178 13 2 44.563178 8400
    983 13 2 44.573214 13 2 44.573214 8400
    984 13 2 44.583126 13 2 44.583126 8400
    985 13 2 44.593265 13 2 44.593265 8400
    986 13 2 44.603253 13 2 44.603253 8400
    987 13 2 44.613255 13 2 44.613255 8400
    988 13 2 44.623255 13 2 44.623255 8400
    989 13 2 44.633287 13 2 44.633287 8400
    990 13 2 44.643306 13 2 44.643306 8400
    991 13 2 44.653230 13 2 44.653230 8400
    992 13 2 44.663826 13 2 44.663826 8400
    993 13 2 44.673237 13 2 44.673237 8400
    994 13 2 44.683109 13 2 44.683109 8400
    995 13 2 44.693201 13 2 44.693201 8400
    996 13 2 44.703249 13 2 44.703249 8400
    997 13 2 44.713101 13 2 44.713101 8400
    998 13 2 44.723221 13 2 44.723221 8400
    999 13 2 44.733251 13 2 44.733251 8400
   1000 13 2 44.743237 13 2 44.743237 8400
