      1 13 17 45.583665 13 17 45.583665 11800
      2 13 17 45.593755 13 17 45.593755 11800
      3 13 17 45.603723 13 17 45.603723 11800
      4 13 17 45.613770 13 17 45.613770 11800
      5 13 17 45.623772 13 17 45.623772 11800
      6 13 17 45.633777 13 17 45.633777 11800
      7 13 17 45.643742 13 17 45.643742 11800
      8 13 17 45.653790 13 17 45.653790 11800
      9 13 17 45.663769 13 17 45.663769 11800
     10 13 17 45.673842 13 17 45.673842 11800
     11 13 17 45.683751 13 17 45.683751 11800
     12 13 17 45.693770 13 17 45.693770 11800
     13 13 17 45.703764 13 17 45.703764 11800
     14 13 17 45.713765 13 17 45.713765 11800
     15 13 17 45.723776 13 17 45.723776 11800
     16 13 17 45.733769 13 17 45.733769 11800
     17 13 17 45.743766 13 17 45.743766 11800
     18 13 17 45.753767 13 17 45.753767 11800
     19 13 17 45.763843 13 17 45.763843 11800
     20 13 17 45.773767 13 17 45.773767 11800
     21 13 17 45.783769 13 17 45.783769 11800
     22 13 17 45.793768 13 17 45.793768 11800
     23 13 17 45.803764 13 17 45.803764 11800
     24 13 17 45.813769 13 17 45.813769 11800
     25 13 17 45.823765 13 17 45.823765 11800
     26 13 17 45.833776 13 17 45.833776 11800
     27 13 17 45.843774 13 17 45.843774 11800
     28 13 17 45.853766 13 17 45.853766 11800
     29 13 17 45.863768 13 17 45.863768 11800
     30 13 17 45.873772 13 17 45.873772 11800
     31 13 17 45.883769 13 17 45.883769 11800
     32 13 17 45.893766 13 17 45.893766 11800
     33 13 17 45.903765 13 17 45.903765 11800
     34 13 17 45.913719 13 17 45.913719 11800
     35 13 17 45.923771 13 17 45.923771 11800
     36 13 17 45.933767 13 17 45.933767 11800
     37 13 17 45.943764 13 17 45.943764 11800
     38 13 17 45.953769 13 17 45.953769 11800
     39 13 17 45.963762 13 17 45.963762 11800
     40 13 17 45.973765 13 17 45.973765 11800
     41 13 17 45.983826 13 17 45.983826 11800
     42 13 17 45.993766 13 17 45.993766 11800
     43 13 17 46.003798 13 17 46.003798 11800
     44 13 17 46.013772 13 17 46.013772 11800
     45 13 17 46.023811 13 17 46.023811 11800
     46 13 17 46.033796 13 17 46.033796 11800
     47 13 17 46.043768 13 17 46.043768 11800
     48 13 17 46.053766 13 17 46.053766 11800
     49 13 17 46.063764 13 17 46.063764 11800
     50 13 17 46.073766 13 17 46.073766 11800
     51 13 17 46.083770 13 17 46.083770 11800
     52 13 17 46.093769 13 17 46.093769 11800
     53 13 17 46.103715 13 17 46.103715 11800
     54 13 17 46.113771 13 17 46.113771 11800
     55 13 17 46.123753 13 17 46.123753 11800
     56 13 17 46.133769 13 17 46.133769 11800
     57 13 17 46.143877 13 17 46.143877 11800
     58 13 17 46.153745 13 17 46.153745 11800
     59 13 17 46.163766 13 17 46.163766 11800
     60 13 17 46.173777 13 17 46.173777 11800
     61 13 17 46.183782 13 17 46.183782 11800
     62 13 17 46.193849 13 17 46.193849 11800
     63 13 17 46.203785 13 17 46.203785 11800
     64 13 17 46.213766 13 17 46.213766 11800
     65 13 17 46.223773 13 17 46.223773 11800
     66 13 17 46.233789 13 17 46.233789 11800
     67 13 17 46.243727 13 17 46.243727 11800
     68 13 17 46.253765 13 17 46.253765 11800
     69 13 17 46.263769 13 17 46.263769 11800
     70 13 17 46.273794 13 17 46.273794 11800
     71 13 17 46.283799 13 17 46.283799 11800
     72 13 17 46.293809 13 17 46.293809 11800
     73 13 17 46.303857 13 17 46.303857 11800
     74 13 17 46.313811 13 17 46.313811 11800
     75 13 17 46.323784 13 17 46.323784 11800
     76 13 17 46.333799 13 17 46.333799 11800
     77 13 17 46.343772 13 17 46.343772 11800
     78 13 17 46.353771 13 17 46.353771 11800
     79 13 17 46.363799 13 17 46.363799 11800
     80 13 17 46.373750 13 17 46.373750 11800
     81 13 17 46.383792 13 17 46.383792 11800
     82 13 17 46.393808 13 17 46.393808 11800
     83 13 17 46.403776 13 17 46.403776 11800
     84 13 17 46.413778 13 17 46.413778 11800
     85 13 17 46.423768 13 17 46.423768 11800
     86 13 17 46.433880 13 17 46.433880 11800
     87 13 17 46.443783 13 17 46.443783 11800
     88 13 17 46.453772 13 17 46.453772 11800
     89 13 17 46.463791 13 17 46.463791 11800
     90 13 17 46.473801 13 17 46.473801 11800
     91 13 17 46.483820 13 17 46.483820 11800
     92 13 17 46.493814 13 17 46.493814 11800
     93 13 17 46.503776 13 17 46.503776 11800
     94 13 17 46.513764 13 17 46.513764 11800
     95 13 17 46.523814 13 17 46.523814 11800
     96 13 17 46.533822 13 17 46.533822 11800
     97 13 17 46.543889 13 17 46.543889 11800
     98 13 17 46.553767 13 17 46.553767 11800
     99 13 17 46.563764 13 17 46.563764 11800
    100 13 17 46.573765 13 17 46.573765 11800
    101 13 17 46.583773 13 17 46.583773 11800
    102 13 17 46.593828 13 17 46.593828 11800
    103 13 17 46.603727 13 17 46.603727 11800
    104 13 17 46.613787 13 17 46.613787 11800
    105 13 17 46.623800 13 17 46.623800 11800
    106 13 17 46.633794 13 17 46.633794 11800
    107 13 17 46.643793 13 17 46.643793 11800
    108 13 17 46.653759 13 17 46.653759 11800
    109 13 17 46.663789 13 17 46.663789 11800
    110 13 17 46.673775 13 17 46.673775 11800
    111 13 17 46.683762 13 17 46.683762 11800
    112 13 17 46.693770 13 17 46.693770 11800
    113 13 17 46.703788 13 17 46.703788 11800
    114 13 17 46.714008 13 17 46.714008 11800
    115 13 17 46.723838 13 17 46.723838 11800
    116 13 17 46.733848 13 17 46.733848 11800
    117 13 17 46.743783 13 17 46.743783 11800
    118 13 17 46.753773 13 17 46.753773 11800
    119 13 17 46.763800 13 17 46.763800 11800
    120 13 17 46.773769 13 17 46.773769 11800
    121 13 17 46.783786 13 17 46.783786 11800
    122 13 17 46.793787 13 17 46.793787 11800
    123 13 17 46.803710 13 17 46.803710 11800
    124 13 17 46.813769 13 17 46.813769 11800
    125 13 17 46.823768 13 17 46.823768 11800
    126 13 17 46.833717 13 17 46.833717 11800
    127 13 17 46.843780 13 17 46.843780 11800
    128 13 17 46.853772 13 17 46.853772 11800
    129 13 17 46.863813 13 17 46.863813 11800
    130 13 17 46.873804 13 17 46.873804 11800
    131 13 17 46.883766 13 17 46.883766 11800
    132 13 17 46.893765 13 17 46.893765 11800
    133 13 17 46.903767 13 17 46.903767 11800
    134 13 17 46.913769 13 17 46.913769 11800
    135 13 17 46.923734 13 17 46.923734 11800
    136 13 17 46.933812 13 17 46.933812 11800
    137 13 17 46.943797 13 17 46.943797 11800
    138 13 17 46.953738 13 17 46.953738 11800
    139 13 17 46.963779 13 17 46.963779 11800
    140 13 17 46.973750 13 17 46.973750 11800
    141 13 17 46.983767 13 17 46.983767 11800
    142 13 17 46.993780 13 17 46.993780 11800
    143 13 17 47.003770 13 17 47.003770 11800
    144 13 17 47.013786 13 17 47.013786 11800
    145 13 17 47.023783 13 17 47.023783 11800
    146 13 17 47.033772 13 17 47.033772 11800
    147 13 17 47.043770 13 17 47.043770 11800
    148 13 17 47.053789 13 17 47.053789 11800
    149 13 17 47.063789 13 17 47.063789 11800
    150 13 17 47.073777 13 17 47.073777 11800
    151 13 17 47.083803 13 17 47.083803 11800
    152 13 17 47.093775 13 17 47.093775 11800
    153 13 17 47.103886 13 17 47.103886 11800
    154 13 17 47.113767 13 17 47.113767 11800
    155 13 17 47.123739 13 17 47.123739 11800
    156 13 17 47.133777 13 17 47.133777 11800
    157 13 17 47.143793 13 17 47.143793 11800
    158 13 17 47.153790 13 17 47.153790 11800
    159 13 17 47.163789 13 17 47.163789 11800
    160 13 17 47.173799 13 17 47.173799 11800
    161 13 17 47.183773 13 17 47.183773 11800
    162 13 17 47.193761 13 17 47.193761 11800
    163 13 17 47.203879 13 17 47.203879 11800
    164 13 17 47.213762 13 17 47.213762 11800
    165 13 17 47.223778 13 17 47.223778 11800
    166 13 17 47.233885 13 17 47.233885 11800
    167 13 17 47.243743 13 17 47.243743 11800
    168 13 17 47.253717 13 17 47.253717 11800
    169 13 17 47.263782 13 17 47.263782 11800
    170 13 17 47.273764 13 17 47.273764 11800
    171 13 17 47.283811 13 17 47.283811 11800
    172 13 17 47.293773 13 17 47.293773 11800
    173 13 17 47.303711 13 17 47.303711 11800
    174 13 17 47.313808 13 17 47.313808 11800
    175 13 17 47.323779 13 17 47.323779 11800
    176 13 17 47.333801 13 17 47.333801 11800
    177 13 17 47.343766 13 17 47.343766 11800
    178 13 17 47.353906 13 17 47.353906 11800
    179 13 17 47.363774 13 17 47.363774 11800
    180 13 17 47.373767 13 17 47.373767 11800
    181 13 17 47.384045 13 17 47.384045 11800
    182 13 17 47.393872 13 17 47.393872 11800
    183 13 17 47.403804 13 17 47.403804 11800
    184 13 17 47.413983 13 17 47.413983 11800
    185 13 17 47.423816 13 17 47.423816 11800
    186 13 17 47.433768 13 17 47.433768 11800
    187 13 17 47.443725 13 17 47.443725 11800
    188 13 17 47.453783 13 17 47.453783 11800
    189 13 17 47.463920 13 17 47.463920 11800
    190 13 17 47.473719 13 17 47.473719 11800
    191 13 17 47.483792 13 17 47.483792 11800
    192 13 17 47.493766 13 17 47.493766 11800
    193 13 17 47.503765 13 17 47.503765 11800
    194 13 17 47.513761 13 17 47.513761 11800
    195 13 17 47.523763 13 17 47.523763 11800
    196 13 17 47.533799 13 17 47.533799 11800
    197 13 17 47.543767 13 17 47.543767 11800
    198 13 17 47.553814 13 17 47.553814 11800
    199 13 17 47.563764 13 17 47.563764 11800
    200 13 17 47.573768 13 17 47.573768 11800
    201 13 17 47.583781 13 17 47.583781 11800
    202 13 17 47.593766 13 17 47.593766 11800
    203 13 17 47.603768 13 17 47.603768 11800
    204 13 17 47.613760 13 17 47.613760 11800
    205 13 17 47.623753 13 17 47.623753 11800
    206 13 17 47.633777 13 17 47.633777 11800
    207 13 17 47.643765 13 17 47.643765 11800
    208 13 17 47.653795 13 17 47.653795 11800
    209 13 17 47.663722 13 17 47.663722 11800
    210 13 17 47.673766 13 17 47.673766 11800
    211 13 17 47.683762 13 17 47.683762 11800
    212 13 17 47.693722 13 17 47.693722 11800
    213 13 17 47.703766 13 17 47.703766 11800
    214 13 17 47.713726 13 17 47.713726 11800
    215 13 17 47.723785 13 17 47.723785 11800
    216 13 17 47.733764 13 17 47.733764 11800
    217 13 17 47.743769 13 17 47.743769 11800
    218 13 17 47.753776 13 17 47.753776 11800
    219 13 17 47.763751 13 17 47.763751 11800
    220 13 17 47.774008 13 17 47.774008 11800
    221 13 17 47.783776 13 17 47.783776 11800
    222 13 17 47.793767 13 17 47.793767 11800
    223 13 17 47.803767 13 17 47.803767 11800
    224 13 17 47.813766 13 17 47.813766 11800
    225 13 17 47.823765 13 17 47.823765 11800
    226 13 17 47.833933 13 17 47.833933 11800
    227 13 17 47.843980 13 17 47.843980 11800
    228 13 17 47.853799 13 17 47.853799 11800
    229 13 17 47.863768 13 17 47.863768 11800
    230 13 17 47.873812 13 17 47.873812 11800
    231 13 17 47.883820 13 17 47.883820 11800
    232 13 17 47.893740 13 17 47.893740 11800
    233 13 17 47.903776 13 17 47.903776 11800
    234 13 17 47.913702 13 17 47.913702 11800
    235 13 17 47.923769 13 17 47.923769 11800
    236 13 17 47.933740 13 17 47.933740 11800
    237 13 17 47.943703 13 17 47.943703 11800
    238 13 17 47.953766 13 17 47.953766 11800
    239 13 17 47.963723 13 17 47.963723 11800
    240 13 17 47.973765 13 17 47.973765 11800
    241 13 17 47.983719 13 17 47.983719 11800
    242 13 17 47.993777 13 17 47.993777 11800
    243 13 17 48.003762 13 17 48.003762 11800
    244 13 17 48.013751 13 17 48.013751 11800
    245 13 17 48.023758 13 17 48.023758 11800
    246 13 17 48.033757 13 17 48.033757 11800
    247 13 17 48.043767 13 17 48.043767 11800
    248 13 17 48.053753 13 17 48.053753 11800
    249 13 17 48.063735 13 17 48.063735 11800
    250 13 17 48.073766 13 17 48.073766 11800
    251 13 17 48.083745 13 17 48.083745 11800
    252 13 17 48.093755 13 17 48.093755 11800
    253 13 17 48.103757 13 17 48.103757 11800
    254 13 17 48.113756 13 17 48.113756 11800
    255 13 17 48.123769 13 17 48.123769 11800
    256 13 17 48.133771 13 17 48.133771 11800
    257 13 17 48.143766 13 17 48.143766 11800
    258 13 17 48.153767 13 17 48.153767 11800
    259 13 17 48.163764 13 17 48.163764 11800
    260 13 17 48.173780 13 17 48.173780 11800
    261 13 17 48.183770 13 17 48.183770 11800
    262 13 17 48.193772 13 17 48.193772 11800
    263 13 17 48.203767 13 17 48.203767 11800
    264 13 17 48.213757 13 17 48.213757 11800
    265 13 17 48.223709 13 17 48.223709 11800
    266 13 17 48.233773 13 17 48.233773 11800
    267 13 17 48.243765 13 17 48.243765 11800
    268 13 17 48.253813 13 17 48.253813 11800
    269 13 17 48.263781 13 17 48.263781 11800
    270 13 17 48.273778 13 17 48.273778 11800
    271 13 17 48.283766 13 17 48.283766 11800
    272 13 17 48.293751 13 17 48.293751 11800
    273 13 17 48.303784 13 17 48.303784 11800
    274 13 17 48.313764 13 17 48.313764 11800
    275 13 17 48.323766 13 17 48.323766 11800
    276 13 17 48.333742 13 17 48.333742 11800
    277 13 17 48.343778 13 17 48.343778 11800
    278 13 17 48.353786 13 17 48.353786 11800
    279 13 17 48.363787 13 17 48.363787 11800
    280 13 17 48.373766 13 17 48.373766 11800
    281 13 17 48.383752 13 17 48.383752 11800
    282 13 17 48.393774 13 17 48.393774 11800
    283 13 17 48.403796 13 17 48.403796 11800
    284 13 17 48.413746 13 17 48.413746 11800
    285 13 17 48.423769 13 17 48.423769 11800
    286 13 17 48.433767 13 17 48.433767 11800
    287 13 17 48.443765 13 17 48.443765 11800
    288 13 17 48.453769 13 17 48.453769 11800
    289 13 17 48.463768 13 17 48.463768 11800
    290 13 17 48.473815 13 17 48.473815 11800
    291 13 17 48.483767 13 17 48.483767 11800
    292 13 17 48.493768 13 17 48.493768 11800
    293 13 17 48.503770 13 17 48.503770 11800
    294 13 17 48.513767 13 17 48.513767 11800
    295 13 17 48.523814 13 17 48.523814 11800
    296 13 17 48.533762 13 17 48.533762 11800
    297 13 17 48.543768 13 17 48.543768 11800
    298 13 17 48.553800 13 17 48.553800 11800
    299 13 17 48.563764 13 17 48.563764 11800
    300 13 17 48.573883 13 17 48.573883 11800
    301 13 17 48.583723 13 17 48.583723 11800
    302 13 17 48.593775 13 17 48.593775 11800
    303 13 17 48.603751 13 17 48.603751 11800
    304 13 17 48.613852 13 17 48.613852 11800
    305 13 17 48.623713 13 17 48.623713 11800
    306 13 17 48.633701 13 17 48.633701 11800
    307 13 17 48.643810 13 17 48.643810 11800
    308 13 17 48.658216 13 17 48.658216 11800
    309 13 17 48.667478 13 17 48.667478 11800
    310 13 17 48.673771 13 17 48.673771 11800
    311 13 17 48.684964 13 17 48.684964 11800
    312 13 17 48.693767 13 17 48.693767 11800
    313 13 17 48.706899 13 17 48.706899 11800
    314 13 17 48.713768 13 17 48.713768 11800
    315 13 17 48.726883 13 17 48.726883 11800
    316 13 17 48.733778 13 17 48.733778 11800
    317 13 17 48.743782 13 17 48.743782 11800
    318 13 17 48.753768 13 17 48.753768 11800
    319 13 17 48.763764 13 17 48.763764 11800
    320 13 17 48.773752 13 17 48.773752 11800
    321 13 17 48.787840 13 17 48.787840 11800
    322 13 17 48.793855 13 17 48.793855 11800
    323 13 17 48.807187 13 17 48.807187 11800
    324 13 17 48.813704 13 17 48.813704 11800
    325 13 17 48.827432 13 17 48.827432 11800
    326 13 17 48.833761 13 17 48.833761 11800
    327 13 17 48.848041 13 17 48.848041 11800
    328 13 17 48.853774 13 17 48.853774 11800
    329 13 17 48.863754 13 17 48.863754 11800
    330 13 17 48.879148 13 17 48.879148 11800
    331 13 17 48.883760 13 17 48.883760 11800
    332 13 17 48.896161 13 17 48.896161 11800
    333 13 17 48.903776 13 17 48.903776 11800
    334 13 17 48.913766 13 17 48.913766 11800
    335 13 17 48.923754 13 17 48.923754 11800
    336 13 17 48.933740 13 17 48.933740 11800
    337 13 17 48.943765 13 17 48.943765 11800
    338 13 17 48.953780 13 17 48.953780 11800
    339 13 17 48.963765 13 17 48.963765 11800
    340 13 17 48.973767 13 17 48.973767 11800
    341 13 17 48.983719 13 17 48.983719 11800
    342 13 17 48.993774 13 17 48.993774 11800
    343 13 17 49.003754 13 17 49.003754 11800
    344 13 17 49.013767 13 17 49.013767 11800
    345 13 17 49.023772 13 17 49.023772 11800
    346 13 17 49.033765 13 17 49.033765 11800
    347 13 17 49.043765 13 17 49.043765 11800
    348 13 17 49.053756 13 17 49.053756 11800
    349 13 17 49.063766 13 17 49.063766 11800
    350 13 17 49.073771 13 17 49.073771 11800
    351 13 17 49.083737 13 17 49.083737 11800
    352 13 17 49.093788 13 17 49.093788 11800
    353 13 17 49.103766 13 17 49.103766 11800
    354 13 17 49.113762 13 17 49.113762 11800
    355 13 17 49.123769 13 17 49.123769 11800
    356 13 17 49.133761 13 17 49.133761 11800
    357 13 17 49.143757 13 17 49.143757 11800
    358 13 17 49.153765 13 17 49.153765 11800
    359 13 17 49.163767 13 17 49.163767 11800
    360 13 17 49.173806 13 17 49.173806 11800
    361 13 17 49.183799 13 17 49.183799 11800
    362 13 17 49.193772 13 17 49.193772 11800
    363 13 17 49.203767 13 17 49.203767 11800
    364 13 17 49.213808 13 17 49.213808 11800
    365 13 17 49.223773 13 17 49.223773 11800
    366 13 17 49.233767 13 17 49.233767 11800
    367 13 17 49.243746 13 17 49.243746 11800
    368 13 17 49.253767 13 17 49.253767 11800
    369 13 17 49.263773 13 17 49.263773 11800
    370 13 17 49.273726 13 17 49.273726 11800
    371 13 17 49.283754 13 17 49.283754 11800
    372 13 17 49.293753 13 17 49.293753 11800
    373 13 17 49.303767 13 17 49.303767 11800
    374 13 17 49.313764 13 17 49.313764 11800
    375 13 17 49.323766 13 17 49.323766 11800
    376 13 17 49.333770 13 17 49.333770 11800
    377 13 17 49.343753 13 17 49.343753 11800
    378 13 17 49.353760 13 17 49.353760 11800
    379 13 17 49.363779 13 17 49.363779 11800
    380 13 17 49.373767 13 17 49.373767 11800
    381 13 17 49.383791 13 17 49.383791 11800
    382 13 17 49.393768 13 17 49.393768 11800
    383 13 17 49.403767 13 17 49.403767 11800
    384 13 17 49.413758 13 17 49.413758 11800
    385 13 17 49.423810 13 17 49.423810 11800
    386 13 17 49.433753 13 17 49.433753 11800
    387 13 17 49.443834 13 17 49.443834 11800
    388 13 17 49.453744 13 17 49.453744 11800
    389 13 17 49.463779 13 17 49.463779 11800
    390 13 17 49.473767 13 17 49.473767 11800
    391 13 17 49.483777 13 17 49.483777 11800
    392 13 17 49.493755 13 17 49.493755 11800
    393 13 17 49.503740 13 17 49.503740 11800
    394 13 17 49.513714 13 17 49.513714 11800
    395 13 17 49.523805 13 17 49.523805 11800
    396 13 17 49.533768 13 17 49.533768 11800
    397 13 17 49.543768 13 17 49.543768 11800
    398 13 17 49.553722 13 17 49.553722 11800
    399 13 17 49.563782 13 17 49.563782 11800
    400 13 17 49.573732 13 17 49.573732 11800
    401 13 17 49.583768 13 17 49.583768 11800
    402 13 17 49.593769 13 17 49.593769 11800
    403 13 17 49.603757 13 17 49.603757 11800
    404 13 17 49.613765 13 17 49.613765 11800
    405 13 17 49.623823 13 17 49.623823 11800
    406 13 17 49.633766 13 17 49.633766 11800
    407 13 17 49.643752 13 17 49.643752 11800
    408 13 17 49.653767 13 17 49.653767 11800
    409 13 17 49.663769 13 17 49.663769 11800
    410 13 17 49.673774 13 17 49.673774 11800
    411 13 17 49.683751 13 17 49.683751 11800
    412 13 17 49.693767 13 17 49.693767 11800
    413 13 17 49.703701 13 17 49.703701 11800
    414 13 17 49.713771 13 17 49.713771 11800
    415 13 17 49.723706 13 17 49.723706 11800
    416 13 17 49.733755 13 17 49.733755 11800
    417 13 17 49.743788 13 17 49.743788 11800
    418 13 17 49.753770 13 17 49.753770 11800
    419 13 17 49.763767 13 17 49.763767 11800
    420 13 17 49.773766 13 17 49.773766 11800
    421 13 17 49.783768 13 17 49.783768 11800
    422 13 17 49.793779 13 17 49.793779 11800
    423 13 17 49.803767 13 17 49.803767 11800
    424 13 17 49.813778 13 17 49.813778 11800
    425 13 17 49.823715 13 17 49.823715 11800
    426 13 17 49.833767 13 17 49.833767 11800
    427 13 17 49.843766 13 17 49.843766 11800
    428 13 17 49.853768 13 17 49.853768 11800
    429 13 17 49.863754 13 17 49.863754 11800
    430 13 17 49.873753 13 17 49.873753 11800
    431 13 17 49.883760 13 17 49.883760 11800
    432 13 17 49.893779 13 17 49.893779 11800
    433 13 17 49.903770 13 17 49.903770 11800
    434 13 17 49.913809 13 17 49.913809 11800
    435 13 17 49.923723 13 17 49.923723 11800
    436 13 17 49.933717 13 17 49.933717 11800
    437 13 17 49.943748 13 17 49.943748 11800
    438 13 17 49.953705 13 17 49.953705 11800
    439 13 17 49.963822 13 17 49.963822 11800
    440 13 17 49.973857 13 17 49.973857 11800
    441 13 17 49.983789 13 17 49.983789 11800
    442 13 17 49.993766 13 17 49.993766 11800
    443 13 17 50.003748 13 17 50.003748 11800
    444 13 17 50.013787 13 17 50.013787 11800
    445 13 17 50.023781 13 17 50.023781 11800
    446 13 17 50.033852 13 17 50.033852 11800
    447 13 17 50.043736 13 17 50.043736 11800
    448 13 17 50.053781 13 17 50.053781 11800
    449 13 17 50.063763 13 17 50.063763 11800
    450 13 17 50.073771 13 17 50.073771 11800
    451 13 17 50.083754 13 17 50.083754 11800
    452 13 17 50.093766 13 17 50.093766 11800
    453 13 17 50.103800 13 17 50.103800 11800
    454 13 17 50.113796 13 17 50.113796 11800
    455 13 17 50.123792 13 17 50.123792 11800
    456 13 17 50.133795 13 17 50.133795 11800
    457 13 17 50.143768 13 17 50.143768 11800
    458 13 17 50.153719 13 17 50.153719 11800
    459 13 17 50.163777 13 17 50.163777 11800
    460 13 17 50.173769 13 17 50.173769 11800
    461 13 17 50.183768 13 17 50.183768 11800
    462 13 17 50.193781 13 17 50.193781 11800
    463 13 17 50.203781 13 17 50.203781 11800
    464 13 17 50.213831 13 17 50.213831 11800
    465 13 17 50.223857 13 17 50.223857 11800
    466 13 17 50.233778 13 17 50.233778 11800
    467 13 17 50.243766 13 17 50.243766 11800
    468 13 17 50.253793 13 17 50.253793 11800
    469 13 17 50.263770 13 17 50.263770 11800
    470 13 17 50.273712 13 17 50.273712 11800
    471 13 17 50.283813 13 17 50.283813 11800
    472 13 17 50.293770 13 17 50.293770 11800
    473 13 17 50.303769 13 17 50.303769 11800
    474 13 17 50.313752 13 17 50.313752 11800
    475 13 17 50.323802 13 17 50.323802 11800
    476 13 17 50.333717 13 17 50.333717 11800
    477 13 17 50.343784 13 17 50.343784 11800
    478 13 17 50.353743 13 17 50.353743 11800
    479 13 17 50.363779 13 17 50.363779 11800
    480 13 17 50.373764 13 17 50.373764 11800
    481 13 17 50.383768 13 17 50.383768 11800
    482 13 17 50.393859 13 17 50.393859 11800
    483 13 17 50.403768 13 17 50.403768 11800
    484 13 17 50.413767 13 17 50.413767 11800
    485 13 17 50.423816 13 17 50.423816 11800
    486 13 17 50.433777 13 17 50.433777 11800
    487 13 17 50.443851 13 17 50.443851 11800
    488 13 17 50.453709 13 17 50.453709 11800
    489 13 17 50.463706 13 17 50.463706 11800
    490 13 17 50.473751 13 17 50.473751 11800
    491 13 17 50.483767 13 17 50.483767 11800
    492 13 17 50.493754 13 17 50.493754 11800
    493 13 17 50.503770 13 17 50.503770 11800
    494 13 17 50.513775 13 17 50.513775 11800
    495 13 17 50.523769 13 17 50.523769 11800
    496 13 17 50.533768 13 17 50.533768 11800
    497 13 17 50.543708 13 17 50.543708 11800
    498 13 17 50.553766 13 17 50.553766 11800
    499 13 17 50.563795 13 17 50.563795 11800
    500 13 17 50.573762 13 17 50.573762 11800
    501 13 17 50.583773 13 17 50.583773 11800
    502 13 17 50.593721 13 17 50.593721 11800
    503 13 17 50.603757 13 17 50.603757 11800
    504 13 17 50.613762 13 17 50.613762 11800
    505 13 17 50.623747 13 17 50.623747 11800
    506 13 17 50.633755 13 17 50.633755 11800
    507 13 17 50.643754 13 17 50.643754 11800
    508 13 17 50.653756 13 17 50.653756 11800
    509 13 17 50.663780 13 17 50.663780 11800
    510 13 17 50.673766 13 17 50.673766 11800
    511 13 17 50.683771 13 17 50.683771 11800
    512 13 17 50.693720 13 17 50.693720 11800
    513 13 17 50.703718 13 17 50.703718 11800
    514 13 17 50.713774 13 17 50.713774 11800
    515 13 17 50.723765 13 17 50.723765 11800
    516 13 17 50.733781 13 17 50.733781 11800
    517 13 17 50.743712 13 17 50.743712 11800
    518 13 17 50.753767 13 17 50.753767 11800
    519 13 17 50.763764 13 17 50.763764 11800
    520 13 17 50.773802 13 17 50.773802 11800
    521 13 17 50.783718 13 17 50.783718 11800
    522 13 17 50.793770 13 17 50.793770 11800
    523 13 17 50.803739 13 17 50.803739 11800
    524 13 17 50.813766 13 17 50.813766 11800
    525 13 17 50.823765 13 17 50.823765 11800
    526 13 17 50.833809 13 17 50.833809 11800
    527 13 17 50.843769 13 17 50.843769 11800
    528 13 17 50.853766 13 17 50.853766 11800
    529 13 17 50.863768 13 17 50.863768 11800
    530 13 17 50.873778 13 17 50.873778 11800
    531 13 17 50.883718 13 17 50.883718 11800
    532 13 17 50.893771 13 17 50.893771 11800
    533 13 17 50.903736 13 17 50.903736 11800
    534 13 17 50.913767 13 17 50.913767 11800
    535 13 17 50.923730 13 17 50.923730 11800
    536 13 17 50.933767 13 17 50.933767 11800
    537 13 17 50.943767 13 17 50.943767 11800
    538 13 17 50.953769 13 17 50.953769 11800
    539 13 17 50.963738 13 17 50.963738 11800
    540 13 17 50.973765 13 17 50.973765 11800
    541 13 17 50.983769 13 17 50.983769 11800
    542 13 17 50.993771 13 17 50.993771 11800
    543 13 17 51.003734 13 17 51.003734 11800
    544 13 17 51.013770 13 17 51.013770 11800
    545 13 17 51.023739 13 17 51.023739 11800
    546 13 17 51.033768 13 17 51.033768 11800
    547 13 17 51.043768 13 17 51.043768 11800
    548 13 17 51.053770 13 17 51.053770 11800
    549 13 17 51.063766 13 17 51.063766 11800
    550 13 17 51.073766 13 17 51.073766 11800
    551 13 17 51.083768 13 17 51.083768 11800
    552 13 17 51.093710 13 17 51.093710 11800
    553 13 17 51.103780 13 17 51.103780 11800
    554 13 17 51.113773 13 17 51.113773 11800
    555 13 17 51.123801 13 17 51.123801 11800
    556 13 17 51.133763 13 17 51.133763 11800
    557 13 17 51.143799 13 17 51.143799 11800
    558 13 17 51.153773 13 17 51.153773 11800
    559 13 17 51.163787 13 17 51.163787 11800
    560 13 17 51.173768 13 17 51.173768 11800
    561 13 17 51.183827 13 17 51.183827 11800
    562 13 17 51.193748 13 17 51.193748 11800
    563 13 17 51.203774 13 17 51.203774 11800
    564 13 17 51.213714 13 17 51.213714 11800
    565 13 17 51.223761 13 17 51.223761 11800
    566 13 17 51.233829 13 17 51.233829 11800
    567 13 17 51.243774 13 17 51.243774 11800
    568 13 17 51.253765 13 17 51.253765 11800
    569 13 17 51.263772 13 17 51.263772 11800
    570 13 17 51.273753 13 17 51.273753 11800
    571 13 17 51.283788 13 17 51.283788 11800
    572 13 17 51.293725 13 17 51.293725 11800
    573 13 17 51.303834 13 17 51.303834 11800
    574 13 17 51.313769 13 17 51.313769 11800
    575 13 17 51.323771 13 17 51.323771 11800
    576 13 17 51.333703 13 17 51.333703 11800
    577 13 17 51.343766 13 17 51.343766 11800
    578 13 17 51.353752 13 17 51.353752 11800
    579 13 17 51.365009 13 17 51.365009 11800
    580 13 17 51.375523 13 17 51.375523 11800
    581 13 17 51.386896 13 17 51.386896 11800
    582 13 17 51.393777 13 17 51.393777 11800
    583 13 17 51.403767 13 17 51.403767 11800
    584 13 17 51.413879 13 17 51.413879 11800
    585 13 17 51.423768 13 17 51.423768 11800
    586 13 17 51.433768 13 17 51.433768 11800
    587 13 17 51.443728 13 17 51.443728 11800
    588 13 17 51.453772 13 17 51.453772 11800
    589 13 17 51.463780 13 17 51.463780 11800
    590 13 17 51.473767 13 17 51.473767 11800
    591 13 17 51.483747 13 17 51.483747 11800
    592 13 17 51.493780 13 17 51.493780 11800
    593 13 17 51.503767 13 17 51.503767 11800
    594 13 17 51.513776 13 17 51.513776 11800
    595 13 17 51.523766 13 17 51.523766 11800
    596 13 17 51.533768 13 17 51.533768 11800
    597 13 17 51.543765 13 17 51.543765 11800
    598 13 17 51.553766 13 17 51.553766 11800
    599 13 17 51.563930 13 17 51.563930 11800
    600 13 17 51.573768 13 17 51.573768 11800
    601 13 17 51.583767 13 17 51.583767 11800
    602 13 17 51.593882 13 17 51.593882 11800
    603 13 17 51.603769 13 17 51.603769 11800
    604 13 17 51.613768 13 17 51.613768 11800
    605 13 17 51.623769 13 17 51.623769 11800
    606 13 17 51.633775 13 17 51.633775 11800
    607 13 17 51.643703 13 17 51.643703 11800
    608 13 17 51.653764 13 17 51.653764 11800
    609 13 17 51.663721 13 17 51.663721 11800
    610 13 17 51.673754 13 17 51.673754 11800
    611 13 17 51.683729 13 17 51.683729 11800
    612 13 17 51.693767 13 17 51.693767 11800
    613 13 17 51.703744 13 17 51.703744 11800
    614 13 17 51.713799 13 17 51.713799 11800
    615 13 17 51.723804 13 17 51.723804 11800
    616 13 17 51.733811 13 17 51.733811 11800
    617 13 17 51.743768 13 17 51.743768 11800
    618 13 17 51.753779 13 17 51.753779 11800
    619 13 17 51.763716 13 17 51.763716 11800
    620 13 17 51.773777 13 17 51.773777 11800
    621 13 17 51.783768 13 17 51.783768 11800
    622 13 17 51.793757 13 17 51.793757 11800
    623 13 17 51.803719 13 17 51.803719 11800
    624 13 17 51.813772 13 17 51.813772 11800
    625 13 17 51.823779 13 17 51.823779 11800
    626 13 17 51.833776 13 17 51.833776 11800
    627 13 17 51.843727 13 17 51.843727 11800
    628 13 17 51.853766 13 17 51.853766 11800
    629 13 17 51.863764 13 17 51.863764 11800
    630 13 17 51.873719 13 17 51.873719 11800
    631 13 17 51.883769 13 17 51.883769 11800
    632 13 17 51.893765 13 17 51.893765 11800
    633 13 17 51.903744 13 17 51.903744 11800
    634 13 17 51.913780 13 17 51.913780 11800
    635 13 17 51.923754 13 17 51.923754 11800
    636 13 17 51.936993 13 17 51.936993 11800
    637 13 17 51.946252 13 17 51.946252 11800
    638 13 17 51.966636 13 17 51.966636 11800
    639 13 17 51.966673 13 17 51.966673 11800
    640 13 17 51.973765 13 17 51.973765 11800
    641 13 17 51.993341 13 17 51.993341 11800
    642 13 17 51.993813 13 17 51.993813 11800
    643 13 17 52.003771 13 17 52.003771 11800
    644 13 17 52.013764 13 17 52.013764 11800
    645 13 17 52.023769 13 17 52.023769 11800
    646 13 17 52.033830 13 17 52.033830 11800
    647 13 17 52.043768 13 17 52.043768 11800
    648 13 17 52.053758 13 17 52.053758 11800
    649 13 17 52.063763 13 17 52.063763 11800
    650 13 17 52.073894 13 17 52.073894 11800
    651 13 17 52.083818 13 17 52.083818 11800
    652 13 17 52.093766 13 17 52.093766 11800
    653 13 17 52.103771 13 17 52.103771 11800
    654 13 17 52.113768 13 17 52.113768 11800
    655 13 17 52.123730 13 17 52.123730 11800
    656 13 17 52.133766 13 17 52.133766 11800
    657 13 17 52.143777 13 17 52.143777 11800
    658 13 17 52.153776 13 17 52.153776 11800
    659 13 17 52.163770 13 17 52.163770 11800
    660 13 17 52.173760 13 17 52.173760 11800
    661 13 17 52.183832 13 17 52.183832 11800
    662 13 17 52.193787 13 17 52.193787 11800
    663 13 17 52.203766 13 17 52.203766 11800
    664 13 17 52.213762 13 17 52.213762 11800
    665 13 17 52.223770 13 17 52.223770 11800
    666 13 17 52.233822 13 17 52.233822 11800
    667 13 17 52.243777 13 17 52.243777 11800
    668 13 17 52.253740 13 17 52.253740 11800
    669 13 17 52.263883 13 17 52.263883 11800
    670 13 17 52.273769 13 17 52.273769 11800
    671 13 17 52.283768 13 17 52.283768 11800
    672 13 17 52.293790 13 17 52.293790 11800
    673 13 17 52.303770 13 17 52.303770 11800
    674 13 17 52.313763 13 17 52.313763 11800
    675 13 17 52.323768 13 17 52.323768 11800
    676 13 17 52.333767 13 17 52.333767 11800
    677 13 17 52.343766 13 17 52.343766 11800
    678 13 17 52.353769 13 17 52.353769 11800
    679 13 17 52.363726 13 17 52.363726 11800
    680 13 17 52.373793 13 17 52.373793 11800
    681 13 17 52.383769 13 17 52.383769 11800
    682 13 17 52.393779 13 17 52.393779 11800
    683 13 17 52.403727 13 17 52.403727 11800
    684 13 17 52.413767 13 17 52.413767 11800
    685 13 17 52.423923 13 17 52.423923 11800
    686 13 17 52.433767 13 17 52.433767 11800
    687 13 17 52.443764 13 17 52.443764 11800
    688 13 17 52.453786 13 17 52.453786 11800
    689 13 17 52.463773 13 17 52.463773 11800
    690 13 17 52.473742 13 17 52.473742 11800
    691 13 17 52.483761 13 17 52.483761 11800
    692 13 17 52.493769 13 17 52.493769 11800
    693 13 17 52.503737 13 17 52.503737 11800
    694 13 17 52.513769 13 17 52.513769 11800
    695 13 17 52.523755 13 17 52.523755 11800
    696 13 17 52.533766 13 17 52.533766 11800
    697 13 17 52.543768 13 17 52.543768 11800
    698 13 17 52.553702 13 17 52.553702 11800
    699 13 17 52.563794 13 17 52.563794 11800
    700 13 17 52.573718 13 17 52.573718 11800
    701 13 17 52.583768 13 17 52.583768 11800
    702 13 17 52.593770 13 17 52.593770 11800
    703 13 17 52.603768 13 17 52.603768 11800
    704 13 17 52.613742 13 17 52.613742 11800
    705 13 17 52.623781 13 17 52.623781 11800
    706 13 17 52.633792 13 17 52.633792 11800
    707 13 17 52.643773 13 17 52.643773 11800
    708 13 17 52.653768 13 17 52.653768 11800
    709 13 17 52.672178 13 17 52.672178 11800
    710 13 17 52.673760 13 17 52.673760 11800
    711 13 17 52.683776 13 17 52.683776 11800
    712 13 17 52.693708 13 17 52.693708 11800
    713 13 17 52.703780 13 17 52.703780 11800
    714 13 17 52.713791 13 17 52.713791 11800
    715 13 17 52.723753 13 17 52.723753 11800
    716 13 17 52.733713 13 17 52.733713 11800
    717 13 17 52.743765 13 17 52.743765 11800
    718 13 17 52.753798 13 17 52.753798 11800
    719 13 17 52.763759 13 17 52.763759 11800
    720 13 17 52.773767 13 17 52.773767 11800
    721 13 17 52.783768 13 17 52.783768 11800
    722 13 17 52.793764 13 17 52.793764 11800
    723 13 17 52.803770 13 17 52.803770 11800
    724 13 17 52.813729 13 17 52.813729 11800
    725 13 17 52.823796 13 17 52.823796 11800
    726 13 17 52.833767 13 17 52.833767 11800
    727 13 17 52.843724 13 17 52.843724 11800
    728 13 17 52.853754 13 17 52.853754 11800
    729 13 17 52.863756 13 17 52.863756 11800
    730 13 17 52.873767 13 17 52.873767 11800
    731 13 17 52.883768 13 17 52.883768 11800
    732 13 17 52.893773 13 17 52.893773 11800
    733 13 17 52.903764 13 17 52.903764 11800
    734 13 17 52.913719 13 17 52.913719 11800
    735 13 17 52.923766 13 17 52.923766 11800
    736 13 17 52.933768 13 17 52.933768 11800
    737 13 17 52.943725 13 17 52.943725 11800
    738 13 17 52.953806 13 17 52.953806 11800
    739 13 17 52.963765 13 17 52.963765 11800
    740 13 17 52.973767 13 17 52.973767 11800
    741 13 17 52.983772 13 17 52.983772 11800
    742 13 17 52.993768 13 17 52.993768 11800
    743 13 17 53.003760 13 17 53.003760 11800
    744 13 17 53.013767 13 17 53.013767 11800
    745 13 17 53.023766 13 17 53.023766 11800
    746 13 17 53.033760 13 17 53.033760 11800
    747 13 17 53.043765 13 17 53.043765 11800
    748 13 17 53.053758 13 17 53.053758 11800
    749 13 17 53.063769 13 17 53.063769 11800
    750 13 17 53.073768 13 17 53.073768 11800
    751 13 17 53.083706 13 17 53.083706 11800
    752 13 17 53.093767 13 17 53.093767 11800
    753 13 17 53.103737 13 17 53.103737 11800
    754 13 17 53.113768 13 17 53.113768 11800
    755 13 17 53.123767 13 17 53.123767 11800
    756 13 17 53.133755 13 17 53.133755 11800
    757 13 17 53.143799 13 17 53.143799 11800
    758 13 17 53.153731 13 17 53.153731 11800
    759 13 17 53.163817 13 17 53.163817 11800
    760 13 17 53.173757 13 17 53.173757 11800
    761 13 17 53.183785 13 17 53.183785 11800
    762 13 17 53.193756 13 17 53.193756 11800
    763 13 17 53.203755 13 17 53.203755 11800
    764 13 17 53.213754 13 17 53.213754 11800
    765 13 17 53.223753 13 17 53.223753 11800
    766 13 17 53.233739 13 17 53.233739 11800
    767 13 17 53.243769 13 17 53.243769 11800
    768 13 17 53.253768 13 17 53.253768 11800
    769 13 17 53.263772 13 17 53.263772 11800
    770 13 17 53.273766 13 17 53.273766 11800
    771 13 17 53.283780 13 17 53.283780 11800
    772 13 17 53.293784 13 17 53.293784 11800
    773 13 17 53.303766 13 17 53.303766 11800
    774 13 17 53.313757 13 17 53.313757 11800
    775 13 17 53.323765 13 17 53.323765 11800
    776 13 17 53.333744 13 17 53.333744 11800
    777 13 17 53.343769 13 17 53.343769 11800
    778 13 17 53.353768 13 17 53.353768 11800
    779 13 17 53.363753 13 17 53.363753 11800
    780 13 17 53.373756 13 17 53.373756 11800
    781 13 17 53.383768 13 17 53.383768 11800
    782 13 17 53.393745 13 17 53.393745 11800
    783 13 17 53.403764 13 17 53.403764 11800
    784 13 17 53.413767 13 17 53.413767 11800
    785 13 17 53.423836 13 17 53.423836 11800
    786 13 17 53.433802 13 17 53.433802 11800
    787 13 17 53.443812 13 17 53.443812 11800
    788 13 17 53.453727 13 17 53.453727 11800
    789 13 17 53.463765 13 17 53.463765 11800
    790 13 17 53.473767 13 17 53.473767 11800
    791 13 17 53.483747 13 17 53.483747 11800
    792 13 17 53.493752 13 17 53.493752 11800
    793 13 17 53.503767 13 17 53.503767 11800
    794 13 17 53.513765 13 17 53.513765 11800
    795 13 17 53.523763 13 17 53.523763 11800
    796 13 17 53.533768 13 17 53.533768 11800
    797 13 17 53.543739 13 17 53.543739 11800
    798 13 17 53.553704 13 17 53.553704 11800
    799 13 17 53.563752 13 17 53.563752 11800
    800 13 17 53.573751 13 17 53.573751 11800
    801 13 17 53.583745 13 17 53.583745 11800
    802 13 17 53.593738 13 17 53.593738 11800
    803 13 17 53.603774 13 17 53.603774 11800
    804 13 17 53.613767 13 17 53.613767 11800
    805 13 17 53.623766 13 17 53.623766 11800
    806 13 17 53.633774 13 17 53.633774 11800
    807 13 17 53.643768 13 17 53.643768 11800
    808 13 17 53.653767 13 17 53.653767 11800
    809 13 17 53.663772 13 17 53.663772 11800
    810 13 17 53.683047 13 17 53.683047 11800
    811 13 17 53.683722 13 17 53.683722 11800
    812 13 17 53.693767 13 17 53.693767 11800
    813 13 17 53.703763 13 17 53.703763 11800
    814 13 17 53.713774 13 17 53.713774 11800
    815 13 17 53.723804 13 17 53.723804 11800
    816 13 17 53.733724 13 17 53.733724 11800
    817 13 17 53.743766 13 17 53.743766 11800
    818 13 17 53.753801 13 17 53.753801 11800
    819 13 17 53.763767 13 17 53.763767 11800
    820 13 17 53.773761 13 17 53.773761 11800
    821 13 17 53.783769 13 17 53.783769 11800
    822 13 17 53.793813 13 17 53.793813 11800
    823 13 17 53.803778 13 17 53.803778 11800
    824 13 17 53.813755 13 17 53.813755 11800
    825 13 17 53.823771 13 17 53.823771 11800
    826 13 17 53.833767 13 17 53.833767 11800
    827 13 17 53.843767 13 17 53.843767 11800
    828 13 17 53.853771 13 17 53.853771 11800
    829 13 17 53.863742 13 17 53.863742 11800
    830 13 17 53.873773 13 17 53.873773 11800
    831 13 17 53.883769 13 17 53.883769 11800
    832 13 17 53.893765 13 17 53.893765 11800
    833 13 17 53.903703 13 17 53.903703 11800
    834 13 17 53.913772 13 17 53.913772 11800
    835 13 17 53.923782 13 17 53.923782 11800
    836 13 17 53.933768 13 17 53.933768 11800
    837 13 17 53.943773 13 17 53.943773 11800
    838 13 17 53.953673 13 17 53.953673 11800
    839 13 17 53.963731 13 17 53.963731 11800
    840 13 17 53.973813 13 17 53.973813 11800
    841 13 17 53.983767 13 17 53.983767 11800
    842 13 17 53.993732 13 17 53.993732 11800
    843 13 17 54.003835 13 17 54.003835 11800
    844 13 17 54.013801 13 17 54.013801 11800
    845 13 17 54.023771 13 17 54.023771 11800
    846 13 17 54.033768 13 17 54.033768 11800
    847 13 17 54.043765 13 17 54.043765 11800
    848 13 17 54.053769 13 17 54.053769 11800
    849 13 17 54.063789 13 17 54.063789 11800
    850 13 17 54.073777 13 17 54.073777 11800
    851 13 17 54.083851 13 17 54.083851 11800
    852 13 17 54.093718 13 17 54.093718 11800
    853 13 17 54.103793 13 17 54.103793 11800
    854 13 17 54.113810 13 17 54.113810 11800
    855 13 17 54.123767 13 17 54.123767 11800
    856 13 17 54.133786 13 17 54.133786 11800
    857 13 17 54.143768 13 17 54.143768 11800
    858 13 17 54.153764 13 17 54.153764 11800
    859 13 17 54.163829 13 17 54.163829 11800
    860 13 17 54.173749 13 17 54.173749 11800
    861 13 17 54.183768 13 17 54.183768 11800
    862 13 17 54.193809 13 17 54.193809 11800
    863 13 17 54.203769 13 17 54.203769 11800
    864 13 17 54.213714 13 17 54.213714 11800
    865 13 17 54.223776 13 17 54.223776 11800
    866 13 17 54.233777 13 17 54.233777 11800
    867 13 17 54.243715 13 17 54.243715 11800
    868 13 17 54.253759 13 17 54.253759 11800
    869 13 17 54.263778 13 17 54.263778 11800
    870 13 17 54.273747 13 17 54.273747 11800
    871 13 17 54.283814 13 17 54.283814 11800
    872 13 17 54.293768 13 17 54.293768 11800
    873 13 17 54.303792 13 17 54.303792 11800
    874 13 17 54.313782 13 17 54.313782 11800
    875 13 17 54.323748 13 17 54.323748 11800
    876 13 17 54.333776 13 17 54.333776 11800
    877 13 17 54.344307 13 17 54.344307 11800
    878 13 17 54.353768 13 17 54.353768 11800
    879 13 17 54.363770 13 17 54.363770 11800
    880 13 17 54.373766 13 17 54.373766 11800
    881 13 17 54.383710 13 17 54.383710 11800
    882 13 17 54.393718 13 17 54.393718 11800
    883 13 17 54.403767 13 17 54.403767 11800
    884 13 17 54.413767 13 17 54.413767 11800
    885 13 17 54.423768 13 17 54.423768 11800
    886 13 17 54.433731 13 17 54.433731 11800
    887 13 17 54.443767 13 17 54.443767 11800
    888 13 17 54.453766 13 17 54.453766 11800
    889 13 17 54.463768 13 17 54.463768 11800
    890 13 17 54.473771 13 17 54.473771 11800
    891 13 17 54.483766 13 17 54.483766 11800
    892 13 17 54.494200 13 17 54.494200 11800
    893 13 17 54.503767 13 17 54.503767 11800
    894 13 17 54.513739 13 17 54.513739 11800
    895 13 17 54.523741 13 17 54.523741 11800
    896 13 17 54.533718 13 17 54.533718 11800
    897 13 17 54.543773 13 17 54.543773 11800
    898 13 17 54.553769 13 17 54.553769 11800
    899 13 17 54.563764 13 17 54.563764 11800
    900 13 17 54.573768 13 17 54.573768 11800
    901 13 17 54.583767 13 17 54.583767 11800
    902 13 17 54.593705 13 17 54.593705 11800
    903 13 17 54.603766 13 17 54.603766 11800
    904 13 17 54.613776 13 17 54.613776 11800
    905 13 17 54.623767 13 17 54.623767 11800
    906 13 17 54.633820 13 17 54.633820 11800
    907 13 17 54.643720 13 17 54.643720 11800
    908 13 17 54.653768 13 17 54.653768 11800
    909 13 17 54.663753 13 17 54.663753 11800
    910 13 17 54.673769 13 17 54.673769 11800
    911 13 17 54.683748 13 17 54.683748 11800
    912 13 17 54.693767 13 17 54.693767 11800
    913 13 17 54.703763 13 17 54.703763 11800
    914 13 17 54.713754 13 17 54.713754 11800
    915 13 17 54.723711 13 17 54.723711 11800
    916 13 17 54.733769 13 17 54.733769 11800
    917 13 17 54.743774 13 17 54.743774 11800
    918 13 17 54.753768 13 17 54.753768 11800
    919 13 17 54.763755 13 17 54.763755 11800
    920 13 17 54.773766 13 17 54.773766 11800
    921 13 17 54.783754 13 17 54.783754 11800
    922 13 17 54.793759 13 17 54.793759 11800
    923 13 17 54.803770 13 17 54.803770 11800
    924 13 17 54.813766 13 17 54.813766 11800
    925 13 17 54.823704 13 17 54.823704 11800
    926 13 17 54.833768 13 17 54.833768 11800
    927 13 17 54.843774 13 17 54.843774 11800
    928 13 17 54.853766 13 17 54.853766 11800
    929 13 17 54.863767 13 17 54.863767 11800
    930 13 17 54.873758 13 17 54.873758 11800
    931 13 17 54.883766 13 17 54.883766 11800
    932 13 17 54.893827 13 17 54.893827 11800
    933 13 17 54.903767 13 17 54.903767 11800
    934 13 17 54.913722 13 17 54.913722 11800
    935 13 17 54.923729 13 17 54.923729 11800
    936 13 17 54.933779 13 17 54.933779 11800
    937 13 17 54.943770 13 17 54.943770 11800
    938 13 17 54.954104 13 17 54.954104 11800
    939 13 17 54.963779 13 17 54.963779 11800
    940 13 17 54.973778 13 17 54.973778 11800
    941 13 17 54.983716 13 17 54.983716 11800
    942 13 17 54.993735 13 17 54.993735 11800
    943 13 17 55.003790 13 17 55.003790 11800
    944 13 17 55.013781 13 17 55.013781 11800
    945 13 17 55.023767 13 17 55.023767 11800
    946 13 17 55.033698 13 17 55.033698 11800
    947 13 17 55.043861 13 17 55.043861 11800
    948 13 17 55.053775 13 17 55.053775 11800
    949 13 17 55.063766 13 17 55.063766 11800
    950 13 17 55.073748 13 17 55.073748 11800
    951 13 17 55.083767 13 17 55.083767 11800
    952 13 17 55.093710 13 17 55.093710 11800
    953 13 17 55.103772 13 17 55.103772 11800
    954 13 17 55.113782 13 17 55.113782 11800
    955 13 17 55.123793 13 17 55.123793 11800
    956 13 17 55.133735 13 17 55.133735 11800
    957 13 17 55.143723 13 17 55.143723 11800
    958 13 17 55.153776 13 17 55.153776 11800
    959 13 17 55.163772 13 17 55.163772 11800
    960 13 17 55.173732 13 17 55.173732 11800
    961 13 17 55.183770 13 17 55.183770 11800
    962 13 17 55.193770 13 17 55.193770 11800
    963 13 17 55.203735 13 17 55.203735 11800
    964 13 17 55.213996 13 17 55.213996 11800
    965 13 17 55.223726 13 17 55.223726 11800
    966 13 17 55.233710 13 17 55.233710 11800
    967 13 17 55.243777 13 17 55.243777 11800
    968 13 17 55.253767 13 17 55.253767 11800
    969 13 17 55.263722 13 17 55.263722 11800
    970 13 17 55.273769 13 17 55.273769 11800
    971 13 17 55.283746 13 17 55.283746 11800
    972 13 17 55.293751 13 17 55.293751 11800
    973 13 17 55.303710 13 17 55.303710 11800
    974 13 17 55.313769 13 17 55.313769 11800
    975 13 17 55.323768 13 17 55.323768 11800
    976 13 17 55.333787 13 17 55.333787 11800
    977 13 17 55.343808 13 17 55.343808 11800
    978 13 17 55.353772 13 17 55.353772 11800
    979 13 17 55.363773 13 17 55.363773 11800
    980 13 17 55.373766 13 17 55.373766 11800
    981 13 17 55.383766 13 17 55.383766 11800
    982 13 17 55.393748 13 17 55.393748 11800
    983 13 17 55.403734 13 17 55.403734 11800
    984 13 17 55.413767 13 17 55.413767 11800
    985 13 17 55.423763 13 17 55.423763 11800
    986 13 17 55.433750 13 17 55.433750 11800
    987 13 17 55.443789 13 17 55.443789 11800
    988 13 17 55.453767 13 17 55.453767 11800
    989 13 17 55.463774 13 17 55.463774 11800
    990 13 17 55.473765 13 17 55.473765 11800
    991 13 17 55.483772 13 17 55.483772 11800
    992 13 17 55.493738 13 17 55.493738 11800
    993 13 17 55.503723 13 17 55.503723 11800
    994 13 17 55.513765 13 17 55.513765 11800
    995 13 17 55.523767 13 17 55.523767 11800
    996 13 17 55.533991 13 17 55.533991 11800
    997 13 17 55.543757 13 17 55.543757 11800
    998 13 17 55.553755 13 17 55.553755 11800
    999 13 17 55.563870 13 17 55.563870 11800
   1000 13 17 55.573765 13 17 55.573765 11800
