      1 13 8 50.875275 13 8 50.875275 11500
      2 13 8 50.885455 13 8 50.885455 11500
      3 13 8 50.895400 13 8 50.895400 11500
      4 13 8 50.905537 13 8 50.905537 11500
      5 13 8 50.915399 13 8 50.915399 11500
      6 13 8 50.925445 13 8 50.925445 11500
      7 13 8 50.935439 13 8 50.935439 11500
      8 13 8 50.945444 13 8 50.945444 11500
      9 13 8 50.955463 13 8 50.955463 11500
     10 13 8 50.965372 13 8 50.965372 11500
     11 13 8 50.975374 13 8 50.975374 11500
     12 13 8 50.985382 13 8 50.985382 11500
     13 13 8 50.996056 13 8 50.996056 11500
     14 13 8 51.005650 13 8 51.005650 11500
     15 13 8 51.015408 13 8 51.015408 11500
     16 13 8 51.025423 13 8 51.025423 11500
     17 13 8 51.035443 13 8 51.035443 11500
     18 13 8 51.045316 13 8 51.045316 11500
     19 13 8 51.055374 13 8 51.055374 11500
     20 13 8 51.065373 13 8 51.065373 11500
     21 13 8 51.075431 13 8 51.075431 11500
     22 13 8 51.085410 13 8 51.085410 11500
     23 13 8 51.095447 13 8 51.095447 11500
     24 13 8 51.105435 13 8 51.105435 11500
     25 13 8 51.115440 13 8 51.115440 11500
     26 13 8 51.125497 13 8 51.125497 11500
     27 13 8 51.135477 13 8 51.135477 11500
     28 13 8 51.151643 13 8 51.151643 11500
     29 13 8 51.155473 13 8 51.155473 11500
     30 13 8 51.165425 13 8 51.165425 11500
     31 13 8 51.176034 13 8 51.176034 11500
     32 13 8 51.185402 13 8 51.185402 11500
     33 13 8 51.195529 13 8 51.195529 11500
     34 13 8 51.205438 13 8 51.205438 11500
     35 13 8 51.215527 13 8 51.215527 11500
     36 13 8 51.225448 13 8 51.225448 11500
     37 13 8 51.235419 13 8 51.235419 11500
     38 13 8 51.245404 13 8 51.245404 11500
     39 13 8 51.255397 13 8 51.255397 11500
     40 13 8 51.265374 13 8 51.265374 11500
     41 13 8 51.275446 13 8 51.275446 11500
     42 13 8 51.285510 13 8 51.285510 11500
     43 13 8 51.295445 13 8 51.295445 11500
     44 13 8 51.305430 13 8 51.305430 11500
     45 13 8 51.315387 13 8 51.315387 11500
     46 13 8 51.325482 13 8 51.325482 11500
     47 13 8 51.335374 13 8 51.335374 11500
     48 13 8 51.345436 13 8 51.345436 11500
     49 13 8 51.355395 13 8 51.355395 11500
     50 13 8 51.365375 13 8 51.365375 11500
     51 13 8 51.375400 13 8 51.375400 11500
     52 13 8 51.385379 13 8 51.385379 11500
     53 13 8 51.395752 13 8 51.395752 11500
     54 13 8 51.405416 13 8 51.405416 11500
     55 13 8 51.415441 13 8 51.415441 11500
     56 13 8 51.425395 13 8 51.425395 11500
     57 13 8 51.435460 13 8 51.435460 11500
     58 13 8 51.445464 13 8 51.445464 11500
     59 13 8 51.455339 13 8 51.455339 11500
     60 13 8 51.465345 13 8 51.465345 11500
     61 13 8 51.475425 13 8 51.475425 11500
     62 13 8 51.485444 13 8 51.485444 11500
     63 13 8 51.495477 13 8 51.495477 11500
     64 13 8 51.505448 13 8 51.505448 11500
     65 13 8 51.515445 13 8 51.515445 11500
     66 13 8 51.525454 13 8 51.525454 11500
     67 13 8 51.535435 13 8 51.535435 11500
     68 13 8 51.545552 13 8 51.545552 11500
     69 13 8 51.555380 13 8 51.555380 11500
     70 13 8 51.565815 13 8 51.565815 11500
     71 13 8 51.575378 13 8 51.575378 11500
     72 13 8 51.585374 13 8 51.585374 11500
     73 13 8 51.595391 13 8 51.595391 11500
     74 13 8 51.605359 13 8 51.605359 11500
     75 13 8 51.615478 13 8 51.615478 11500
     76 13 8 51.625439 13 8 51.625439 11500
     77 13 8 51.635376 13 8 51.635376 11500
     78 13 8 51.645386 13 8 51.645386 11500
     79 13 8 51.655388 13 8 51.655388 11500
     80 13 8 51.665379 13 8 51.665379 11500
     81 13 8 51.675449 13 8 51.675449 11500
     82 13 8 51.685459 13 8 51.685459 11500
     83 13 8 51.695427 13 8 51.695427 11500
     84 13 8 51.705446 13 8 51.705446 11500
     85 13 8 51.715454 13 8 51.715454 11500
     86 13 8 51.725430 13 8 51.725430 11500
     87 13 8 51.735469 13 8 51.735469 11500
     88 13 8 51.745355 13 8 51.745355 11500
     89 13 8 51.755372 13 8 51.755372 11500
     90 13 8 51.765388 13 8 51.765388 11500
     91 13 8 51.775401 13 8 51.775401 11500
     92 13 8 51.785845 13 8 51.785845 11500
     93 13 8 51.795397 13 8 51.795397 11500
     94 13 8 51.805523 13 8 51.805523 11500
     95 13 8 51.815393 13 8 51.815393 11500
     96 13 8 51.825414 13 8 51.825414 11500
     97 13 8 51.835408 13 8 51.835408 11500
     98 13 8 51.845413 13 8 51.845413 11500
     99 13 8 51.855375 13 8 51.855375 11500
    100 13 8 51.865729 13 8 51.865729 11500
    101 13 8 51.875357 13 8 51.875357 11500
    102 13 8 51.885444 13 8 51.885444 11500
    103 13 8 51.895490 13 8 51.895490 11500
    104 13 8 51.905461 13 8 51.905461 11500
    105 13 8 51.915537 13 8 51.915537 11500
    106 13 8 51.925454 13 8 51.925454 11500
    107 13 8 51.935490 13 8 51.935490 11500
    108 13 8 51.945462 13 8 51.945462 11500
    109 13 8 51.955489 13 8 51.955489 11500
    110 13 8 51.965395 13 8 51.965395 11500
    111 13 8 51.975391 13 8 51.975391 11500
    112 13 8 51.985393 13 8 51.985393 11500
    113 13 8 51.995469 13 8 51.995469 11500
    114 13 8 52.005383 13 8 52.005383 11500
    115 13 8 52.015509 13 8 52.015509 11500
    116 13 8 52.025444 13 8 52.025444 11500
    117 13 8 52.035404 13 8 52.035404 11500
    118 13 8 52.045377 13 8 52.045377 11500
    119 13 8 52.055456 13 8 52.055456 11500
    120 13 8 52.065375 13 8 52.065375 11500
    121 13 8 52.075451 13 8 52.075451 11500
    122 13 8 52.085445 13 8 52.085445 11500
    123 13 8 52.095381 13 8 52.095381 11500
    124 13 8 52.105518 13 8 52.105518 11500
    125 13 8 52.115464 13 8 52.115464 11500
    126 13 8 52.125447 13 8 52.125447 11500
    127 13 8 52.135443 13 8 52.135443 11500
    128 13 8 52.145449 13 8 52.145449 11500
    129 13 8 52.155386 13 8 52.155386 11500
    130 13 8 52.165373 13 8 52.165373 11500
    131 13 8 52.175660 13 8 52.175660 11500
    132 13 8 52.185386 13 8 52.185386 11500
    133 13 8 52.195385 13 8 52.195385 11500
    134 13 8 52.205454 13 8 52.205454 11500
    135 13 8 52.215380 13 8 52.215380 11500
    136 13 8 52.225451 13 8 52.225451 11500
    137 13 8 52.235567 13 8 52.235567 11500
    138 13 8 52.245384 13 8 52.245384 11500
    139 13 8 52.255341 13 8 52.255341 11500
    140 13 8 52.265372 13 8 52.265372 11500
    141 13 8 52.275877 13 8 52.275877 11500
    142 13 8 52.285477 13 8 52.285477 11500
    143 13 8 52.295416 13 8 52.295416 11500
    144 13 8 52.305438 13 8 52.305438 11500
    145 13 8 52.315432 13 8 52.315432 11500
    146 13 8 52.325456 13 8 52.325456 11500
    147 13 8 52.335455 13 8 52.335455 11500
    148 13 8 52.345376 13 8 52.345376 11500
    149 13 8 52.355344 13 8 52.355344 11500
    150 13 8 52.365400 13 8 52.365400 11500
    151 13 8 52.375376 13 8 52.375376 11500
    152 13 8 52.386330 13 8 52.386330 11500
    153 13 8 52.395749 13 8 52.395749 11500
    154 13 8 52.405372 13 8 52.405372 11500
    155 13 8 52.415443 13 8 52.415443 11500
    156 13 8 52.425533 13 8 52.425533 11500
    157 13 8 52.435498 13 8 52.435498 11500
    158 13 8 52.445391 13 8 52.445391 11500
    159 13 8 52.455379 13 8 52.455379 11500
    160 13 8 52.465369 13 8 52.465369 11500
    161 13 8 52.475780 13 8 52.475780 11500
    162 13 8 52.485439 13 8 52.485439 11500
    163 13 8 52.495449 13 8 52.495449 11500
    164 13 8 52.505440 13 8 52.505440 11500
    165 13 8 52.515394 13 8 52.515394 11500
    166 13 8 52.525576 13 8 52.525576 11500
    167 13 8 52.535435 13 8 52.535435 11500
    168 13 8 52.545374 13 8 52.545374 11500
    169 13 8 52.555447 13 8 52.555447 11500
    170 13 8 52.565376 13 8 52.565376 11500
    171 13 8 52.575375 13 8 52.575375 11500
    172 13 8 52.585374 13 8 52.585374 11500
    173 13 8 52.595438 13 8 52.595438 11500
    174 13 8 52.605435 13 8 52.605435 11500
    175 13 8 52.615439 13 8 52.615439 11500
    176 13 8 52.625439 13 8 52.625439 11500
    177 13 8 52.635449 13 8 52.635449 11500
    178 13 8 52.645400 13 8 52.645400 11500
    179 13 8 52.655379 13 8 52.655379 11500
    180 13 8 52.665374 13 8 52.665374 11500
    181 13 8 52.676006 13 8 52.676006 11500
    182 13 8 52.685437 13 8 52.685437 11500
    183 13 8 52.695444 13 8 52.695444 11500
    184 13 8 52.705519 13 8 52.705519 11500
    185 13 8 52.715491 13 8 52.715491 11500
    186 13 8 52.725448 13 8 52.725448 11500
    187 13 8 52.735427 13 8 52.735427 11500
    188 13 8 52.745432 13 8 52.745432 11500
    189 13 8 52.755434 13 8 52.755434 11500
    190 13 8 52.765377 13 8 52.765377 11500
    191 13 8 52.775382 13 8 52.775382 11500
    192 13 8 52.785415 13 8 52.785415 11500
    193 13 8 52.795431 13 8 52.795431 11500
    194 13 8 52.805537 13 8 52.805537 11500
    195 13 8 52.815488 13 8 52.815488 11500
    196 13 8 52.825448 13 8 52.825448 11500
    197 13 8 52.835445 13 8 52.835445 11500
    198 13 8 52.845393 13 8 52.845393 11500
    199 13 8 52.855386 13 8 52.855386 11500
    200 13 8 52.865397 13 8 52.865397 11500
    201 13 8 52.875416 13 8 52.875416 11500
    202 13 8 52.885427 13 8 52.885427 11500
    203 13 8 52.895378 13 8 52.895378 11500
    204 13 8 52.905382 13 8 52.905382 11500
    205 13 8 52.915410 13 8 52.915410 11500
    206 13 8 52.925440 13 8 52.925440 11500
    207 13 8 52.935451 13 8 52.935451 11500
    208 13 8 52.945368 13 8 52.945368 11500
    209 13 8 52.955343 13 8 52.955343 11500
    210 13 8 52.965378 13 8 52.965378 11500
    211 13 8 52.975377 13 8 52.975377 11500
    212 13 8 52.985374 13 8 52.985374 11500
    213 13 8 52.995443 13 8 52.995443 11500
    214 13 8 53.005473 13 8 53.005473 11500
    215 13 8 53.015510 13 8 53.015510 11500
    216 13 8 53.025444 13 8 53.025444 11500
    217 13 8 53.035432 13 8 53.035432 11500
    218 13 8 53.045374 13 8 53.045374 11500
    219 13 8 53.055374 13 8 53.055374 11500
    220 13 8 53.065779 13 8 53.065779 11500
    221 13 8 53.075713 13 8 53.075713 11500
    222 13 8 53.085439 13 8 53.085439 11500
    223 13 8 53.095516 13 8 53.095516 11500
    224 13 8 53.105443 13 8 53.105443 11500
    225 13 8 53.115473 13 8 53.115473 11500
    226 13 8 53.125430 13 8 53.125430 11500
    227 13 8 53.135371 13 8 53.135371 11500
    228 13 8 53.145439 13 8 53.145439 11500
    229 13 8 53.155749 13 8 53.155749 11500
    230 13 8 53.165385 13 8 53.165385 11500
    231 13 8 53.175375 13 8 53.175375 11500
    232 13 8 53.185397 13 8 53.185397 11500
    233 13 8 53.195450 13 8 53.195450 11500
    234 13 8 53.205367 13 8 53.205367 11500
    235 13 8 53.215442 13 8 53.215442 11500
    236 13 8 53.225484 13 8 53.225484 11500
    237 13 8 53.235441 13 8 53.235441 11500
    238 13 8 53.245382 13 8 53.245382 11500
    239 13 8 53.255374 13 8 53.255374 11500
    240 13 8 53.265372 13 8 53.265372 11500
    241 13 8 53.275731 13 8 53.275731 11500
    242 13 8 53.285437 13 8 53.285437 11500
    243 13 8 53.295380 13 8 53.295380 11500
    244 13 8 53.305438 13 8 53.305438 11500
    245 13 8 53.315438 13 8 53.315438 11500
    246 13 8 53.325446 13 8 53.325446 11500
    247 13 8 53.335434 13 8 53.335434 11500
    248 13 8 53.345381 13 8 53.345381 11500
    249 13 8 53.355378 13 8 53.355378 11500
    250 13 8 53.365380 13 8 53.365380 11500
    251 13 8 53.375388 13 8 53.375388 11500
    252 13 8 53.385404 13 8 53.385404 11500
    253 13 8 53.395386 13 8 53.395386 11500
    254 13 8 53.405515 13 8 53.405515 11500
    255 13 8 53.415444 13 8 53.415444 11500
    256 13 8 53.425437 13 8 53.425437 11500
    257 13 8 53.435366 13 8 53.435366 11500
    258 13 8 53.445360 13 8 53.445360 11500
    259 13 8 53.455316 13 8 53.455316 11500
    260 13 8 53.465325 13 8 53.465325 11500
    261 13 8 53.475375 13 8 53.475375 11500
    262 13 8 53.485495 13 8 53.485495 11500
    263 13 8 53.495381 13 8 53.495381 11500
    264 13 8 53.505437 13 8 53.505437 11500
    265 13 8 53.515467 13 8 53.515467 11500
    266 13 8 53.525432 13 8 53.525432 11500
    267 13 8 53.535434 13 8 53.535434 11500
    268 13 8 53.545440 13 8 53.545440 11500
    269 13 8 53.555382 13 8 53.555382 11500
    270 13 8 53.565375 13 8 53.565375 11500
    271 13 8 53.575373 13 8 53.575373 11500
    272 13 8 53.585529 13 8 53.585529 11500
    273 13 8 53.595525 13 8 53.595525 11500
    274 13 8 53.605451 13 8 53.605451 11500
    275 13 8 53.615448 13 8 53.615448 11500
    276 13 8 53.625402 13 8 53.625402 11500
    277 13 8 53.635441 13 8 53.635441 11500
    278 13 8 53.645383 13 8 53.645383 11500
    279 13 8 53.655372 13 8 53.655372 11500
    280 13 8 53.665373 13 8 53.665373 11500
    281 13 8 53.675842 13 8 53.675842 11500
    282 13 8 53.685445 13 8 53.685445 11500
    283 13 8 53.695453 13 8 53.695453 11500
    284 13 8 53.705376 13 8 53.705376 11500
    285 13 8 53.715423 13 8 53.715423 11500
    286 13 8 53.725458 13 8 53.725458 11500
    287 13 8 53.735446 13 8 53.735446 11500
    288 13 8 53.745437 13 8 53.745437 11500
    289 13 8 53.755372 13 8 53.755372 11500
    290 13 8 53.765669 13 8 53.765669 11500
    291 13 8 53.775376 13 8 53.775376 11500
    292 13 8 53.785513 13 8 53.785513 11500
    293 13 8 53.795442 13 8 53.795442 11500
    294 13 8 53.805411 13 8 53.805411 11500
    295 13 8 53.815502 13 8 53.815502 11500
    296 13 8 53.825445 13 8 53.825445 11500
    297 13 8 53.835462 13 8 53.835462 11500
    298 13 8 53.845377 13 8 53.845377 11500
    299 13 8 53.855396 13 8 53.855396 11500
    300 13 8 53.865369 13 8 53.865369 11500
    301 13 8 53.875408 13 8 53.875408 11500
    302 13 8 53.885438 13 8 53.885438 11500
    303 13 8 53.895457 13 8 53.895457 11500
    304 13 8 53.905526 13 8 53.905526 11500
    305 13 8 53.915376 13 8 53.915376 11500
    306 13 8 53.925463 13 8 53.925463 11500
    307 13 8 53.935378 13 8 53.935378 11500
    308 13 8 53.945373 13 8 53.945373 11500
    309 13 8 53.955325 13 8 53.955325 11500
    310 13 8 53.965373 13 8 53.965373 11500
    311 13 8 53.975377 13 8 53.975377 11500
    312 13 8 53.985373 13 8 53.985373 11500
    313 13 8 53.995508 13 8 53.995508 11500
    314 13 8 54.005408 13 8 54.005408 11500
    315 13 8 54.015374 13 8 54.015374 11500
    316 13 8 54.025435 13 8 54.025435 11500
    317 13 8 54.035438 13 8 54.035438 11500
    318 13 8 54.045372 13 8 54.045372 11500
    319 13 8 54.055374 13 8 54.055374 11500
    320 13 8 54.065373 13 8 54.065373 11500
    321 13 8 54.075431 13 8 54.075431 11500
    322 13 8 54.085447 13 8 54.085447 11500
    323 13 8 54.095562 13 8 54.095562 11500
    324 13 8 54.105781 13 8 54.105781 11500
    325 13 8 54.115457 13 8 54.115457 11500
    326 13 8 54.125497 13 8 54.125497 11500
    327 13 8 54.135671 13 8 54.135671 11500
    328 13 8 54.145716 13 8 54.145716 11500
    329 13 8 54.155447 13 8 54.155447 11500
    330 13 8 54.165447 13 8 54.165447 11500
    331 13 8 54.175455 13 8 54.175455 11500
    332 13 8 54.185378 13 8 54.185378 11500
    333 13 8 54.195458 13 8 54.195458 11500
    334 13 8 54.206819 13 8 54.206819 11500
    335 13 8 54.215392 13 8 54.215392 11500
    336 13 8 54.225456 13 8 54.225456 11500
    337 13 8 54.235407 13 8 54.235407 11500
    338 13 8 54.245449 13 8 54.245449 11500
    339 13 8 54.255377 13 8 54.255377 11500
    340 13 8 54.265374 13 8 54.265374 11500
    341 13 8 54.275374 13 8 54.275374 11500
    342 13 8 54.285373 13 8 54.285373 11500
    343 13 8 54.295450 13 8 54.295450 11500
    344 13 8 54.305452 13 8 54.305452 11500
    345 13 8 54.315575 13 8 54.315575 11500
    346 13 8 54.325439 13 8 54.325439 11500
    347 13 8 54.335489 13 8 54.335489 11500
    348 13 8 54.345486 13 8 54.345486 11500
    349 13 8 54.355375 13 8 54.355375 11500
    350 13 8 54.365476 13 8 54.365476 11500
    351 13 8 54.375323 13 8 54.375323 11500
    352 13 8 54.385336 13 8 54.385336 11500
    353 13 8 54.395451 13 8 54.395451 11500
    354 13 8 54.405411 13 8 54.405411 11500
    355 13 8 54.415483 13 8 54.415483 11500
    356 13 8 54.425378 13 8 54.425378 11500
    357 13 8 54.435447 13 8 54.435447 11500
    358 13 8 54.445376 13 8 54.445376 11500
    359 13 8 54.455351 13 8 54.455351 11500
    360 13 8 54.465403 13 8 54.465403 11500
    361 13 8 54.475388 13 8 54.475388 11500
    362 13 8 54.485373 13 8 54.485373 11500
    363 13 8 54.495480 13 8 54.495480 11500
    364 13 8 54.505440 13 8 54.505440 11500
    365 13 8 54.515442 13 8 54.515442 11500
    366 13 8 54.525402 13 8 54.525402 11500
    367 13 8 54.535434 13 8 54.535434 11500
    368 13 8 54.545467 13 8 54.545467 11500
    369 13 8 54.555442 13 8 54.555442 11500
    370 13 8 54.565468 13 8 54.565468 11500
    371 13 8 54.575378 13 8 54.575378 11500
    372 13 8 54.585383 13 8 54.585383 11500
    373 13 8 54.595373 13 8 54.595373 11500
    374 13 8 54.605379 13 8 54.605379 11500
    375 13 8 54.615375 13 8 54.615375 11500
    376 13 8 54.625430 13 8 54.625430 11500
    377 13 8 54.635455 13 8 54.635455 11500
    378 13 8 54.645446 13 8 54.645446 11500
    379 13 8 54.655372 13 8 54.655372 11500
    380 13 8 54.665370 13 8 54.665370 11500
    381 13 8 54.675379 13 8 54.675379 11500
    382 13 8 54.685350 13 8 54.685350 11500
    383 13 8 54.695771 13 8 54.695771 11500
    384 13 8 54.705519 13 8 54.705519 11500
    385 13 8 54.715507 13 8 54.715507 11500
    386 13 8 54.725445 13 8 54.725445 11500
    387 13 8 54.736210 13 8 54.736210 11500
    388 13 8 54.745435 13 8 54.745435 11500
    389 13 8 54.756185 13 8 54.756185 11500
    390 13 8 54.765475 13 8 54.765475 11500
    391 13 8 54.775489 13 8 54.775489 11500
    392 13 8 54.785373 13 8 54.785373 11500
    393 13 8 54.795372 13 8 54.795372 11500
    394 13 8 54.806227 13 8 54.806227 11500
    395 13 8 54.815404 13 8 54.815404 11500
    396 13 8 54.825372 13 8 54.825372 11500
    397 13 8 54.835481 13 8 54.835481 11500
    398 13 8 54.845444 13 8 54.845444 11500
    399 13 8 54.855386 13 8 54.855386 11500
    400 13 8 54.865375 13 8 54.865375 11500
    401 13 8 54.875360 13 8 54.875360 11500
    402 13 8 54.885389 13 8 54.885389 11500
    403 13 8 54.895549 13 8 54.895549 11500
    404 13 8 54.905500 13 8 54.905500 11500
    405 13 8 54.915488 13 8 54.915488 11500
    406 13 8 54.925373 13 8 54.925373 11500
    407 13 8 54.935437 13 8 54.935437 11500
    408 13 8 54.945369 13 8 54.945369 11500
    409 13 8 54.955306 13 8 54.955306 11500
    410 13 8 54.965378 13 8 54.965378 11500
    411 13 8 54.975377 13 8 54.975377 11500
    412 13 8 54.985374 13 8 54.985374 11500
    413 13 8 54.995390 13 8 54.995390 11500
    414 13 8 55.005513 13 8 55.005513 11500
    415 13 8 55.016185 13 8 55.016185 11500
    416 13 8 55.025436 13 8 55.025436 11500
    417 13 8 55.035477 13 8 55.035477 11500
    418 13 8 55.045450 13 8 55.045450 11500
    419 13 8 55.055436 13 8 55.055436 11500
    420 13 8 55.065372 13 8 55.065372 11500
    421 13 8 55.075380 13 8 55.075380 11500
    422 13 8 55.085396 13 8 55.085396 11500
    423 13 8 55.095371 13 8 55.095371 11500
    424 13 8 55.105373 13 8 55.105373 11500
    425 13 8 55.115375 13 8 55.115375 11500
    426 13 8 55.125377 13 8 55.125377 11500
    427 13 8 55.135376 13 8 55.135376 11500
    428 13 8 55.145443 13 8 55.145443 11500
    429 13 8 55.155397 13 8 55.155397 11500
    430 13 8 55.165436 13 8 55.165436 11500
    431 13 8 55.175337 13 8 55.175337 11500
    432 13 8 55.185468 13 8 55.185468 11500
    433 13 8 55.195449 13 8 55.195449 11500
    434 13 8 55.205475 13 8 55.205475 11500
    435 13 8 55.215522 13 8 55.215522 11500
    436 13 8 55.225464 13 8 55.225464 11500
    437 13 8 55.235458 13 8 55.235458 11500
    438 13 8 55.245415 13 8 55.245415 11500
    439 13 8 55.255425 13 8 55.255425 11500
    440 13 8 55.265397 13 8 55.265397 11500
    441 13 8 55.275395 13 8 55.275395 11500
    442 13 8 55.285401 13 8 55.285401 11500
    443 13 8 55.295374 13 8 55.295374 11500
    444 13 8 55.305374 13 8 55.305374 11500
    445 13 8 55.315371 13 8 55.315371 11500
    446 13 8 55.325383 13 8 55.325383 11500
    447 13 8 55.335374 13 8 55.335374 11500
    448 13 8 55.346634 13 8 55.346634 11500
    449 13 8 55.355556 13 8 55.355556 11500
    450 13 8 55.365445 13 8 55.365445 11500
    451 13 8 55.375385 13 8 55.375385 11500
    452 13 8 55.385441 13 8 55.385441 11500
    453 13 8 55.395404 13 8 55.395404 11500
    454 13 8 55.405700 13 8 55.405700 11500
    455 13 8 55.415438 13 8 55.415438 11500
    456 13 8 55.425474 13 8 55.425474 11500
    457 13 8 55.436270 13 8 55.436270 11500
    458 13 8 55.445453 13 8 55.445453 11500
    459 13 8 55.455432 13 8 55.455432 11500
    460 13 8 55.465378 13 8 55.465378 11500
    461 13 8 55.475372 13 8 55.475372 11500
    462 13 8 55.485382 13 8 55.485382 11500
    463 13 8 55.495373 13 8 55.495373 11500
    464 13 8 55.505374 13 8 55.505374 11500
    465 13 8 55.515372 13 8 55.515372 11500
    466 13 8 55.525376 13 8 55.525376 11500
    467 13 8 55.535373 13 8 55.535373 11500
    468 13 8 55.545375 13 8 55.545375 11500
    469 13 8 55.555762 13 8 55.555762 11500
    470 13 8 55.565432 13 8 55.565432 11500
    471 13 8 55.575473 13 8 55.575473 11500
    472 13 8 55.585433 13 8 55.585433 11500
    473 13 8 55.595395 13 8 55.595395 11500
    474 13 8 55.605387 13 8 55.605387 11500
    475 13 8 55.615442 13 8 55.615442 11500
    476 13 8 55.625453 13 8 55.625453 11500
    477 13 8 55.635441 13 8 55.635441 11500
    478 13 8 55.645443 13 8 55.645443 11500
    479 13 8 55.655431 13 8 55.655431 11500
    480 13 8 55.665899 13 8 55.665899 11500
    481 13 8 55.675382 13 8 55.675382 11500
    482 13 8 55.685375 13 8 55.685375 11500
    483 13 8 55.695374 13 8 55.695374 11500
    484 13 8 55.705374 13 8 55.705374 11500
    485 13 8 55.715372 13 8 55.715372 11500
    486 13 8 55.725374 13 8 55.725374 11500
    487 13 8 55.735373 13 8 55.735373 11500
    488 13 8 55.745376 13 8 55.745376 11500
    489 13 8 55.755617 13 8 55.755617 11500
    490 13 8 55.765428 13 8 55.765428 11500
    491 13 8 55.775449 13 8 55.775449 11500
    492 13 8 55.785437 13 8 55.785437 11500
    493 13 8 55.795431 13 8 55.795431 11500
    494 13 8 55.805446 13 8 55.805446 11500
    495 13 8 55.815410 13 8 55.815410 11500
    496 13 8 55.825395 13 8 55.825395 11500
    497 13 8 55.835464 13 8 55.835464 11500
    498 13 8 55.845441 13 8 55.845441 11500
    499 13 8 55.855375 13 8 55.855375 11500
    500 13 8 55.865372 13 8 55.865372 11500
    501 13 8 55.875396 13 8 55.875396 11500
    502 13 8 55.885378 13 8 55.885378 11500
    503 13 8 55.895378 13 8 55.895378 11500
    504 13 8 55.905326 13 8 55.905326 11500
    505 13 8 55.915376 13 8 55.915376 11500
    506 13 8 55.925387 13 8 55.925387 11500
    507 13 8 55.935363 13 8 55.935363 11500
    508 13 8 55.945391 13 8 55.945391 11500
    509 13 8 55.956018 13 8 55.956018 11500
    510 13 8 55.965445 13 8 55.965445 11500
    511 13 8 55.975368 13 8 55.975368 11500
    512 13 8 55.985441 13 8 55.985441 11500
    513 13 8 55.995373 13 8 55.995373 11500
    514 13 8 56.005409 13 8 56.005409 11500
    515 13 8 56.015403 13 8 56.015403 11500
    516 13 8 56.025429 13 8 56.025429 11500
    517 13 8 56.036166 13 8 56.036166 11500
    518 13 8 56.045400 13 8 56.045400 11500
    519 13 8 56.055444 13 8 56.055444 11500
    520 13 8 56.065449 13 8 56.065449 11500
    521 13 8 56.075375 13 8 56.075375 11500
    522 13 8 56.085312 13 8 56.085312 11500
    523 13 8 56.095376 13 8 56.095376 11500
    524 13 8 56.105398 13 8 56.105398 11500
    525 13 8 56.115377 13 8 56.115377 11500
    526 13 8 56.125379 13 8 56.125379 11500
    527 13 8 56.135379 13 8 56.135379 11500
    528 13 8 56.145395 13 8 56.145395 11500
    529 13 8 56.155583 13 8 56.155583 11500
    530 13 8 56.165455 13 8 56.165455 11500
    531 13 8 56.175440 13 8 56.175440 11500
    532 13 8 56.185397 13 8 56.185397 11500
    533 13 8 56.195425 13 8 56.195425 11500
    534 13 8 56.205413 13 8 56.205413 11500
    535 13 8 56.215487 13 8 56.215487 11500
    536 13 8 56.225461 13 8 56.225461 11500
    537 13 8 56.235503 13 8 56.235503 11500
    538 13 8 56.245531 13 8 56.245531 11500
    539 13 8 56.255409 13 8 56.255409 11500
    540 13 8 56.265501 13 8 56.265501 11500
    541 13 8 56.275438 13 8 56.275438 11500
    542 13 8 56.285389 13 8 56.285389 11500
    543 13 8 56.295374 13 8 56.295374 11500
    544 13 8 56.305379 13 8 56.305379 11500
    545 13 8 56.315379 13 8 56.315379 11500
    546 13 8 56.325391 13 8 56.325391 11500
    547 13 8 56.335374 13 8 56.335374 11500
    548 13 8 56.345377 13 8 56.345377 11500
    549 13 8 56.355406 13 8 56.355406 11500
    550 13 8 56.365484 13 8 56.365484 11500
    551 13 8 56.375438 13 8 56.375438 11500
    552 13 8 56.385421 13 8 56.385421 11500
    553 13 8 56.395414 13 8 56.395414 11500
    554 13 8 56.405667 13 8 56.405667 11500
    555 13 8 56.415336 13 8 56.415336 11500
    556 13 8 56.425432 13 8 56.425432 11500
    557 13 8 56.435516 13 8 56.435516 11500
    558 13 8 56.445444 13 8 56.445444 11500
    559 13 8 56.455452 13 8 56.455452 11500
    560 13 8 56.465398 13 8 56.465398 11500
    561 13 8 56.475351 13 8 56.475351 11500
    562 13 8 56.485385 13 8 56.485385 11500
    563 13 8 56.495426 13 8 56.495426 11500
    564 13 8 56.505377 13 8 56.505377 11500
    565 13 8 56.515376 13 8 56.515376 11500
    566 13 8 56.525379 13 8 56.525379 11500
    567 13 8 56.535375 13 8 56.535375 11500
    568 13 8 56.545425 13 8 56.545425 11500
    569 13 8 56.555390 13 8 56.555390 11500
    570 13 8 56.565376 13 8 56.565376 11500
    571 13 8 56.575479 13 8 56.575479 11500
    572 13 8 56.585377 13 8 56.585377 11500
    573 13 8 56.595365 13 8 56.595365 11500
    574 13 8 56.605499 13 8 56.605499 11500
    575 13 8 56.615402 13 8 56.615402 11500
    576 13 8 56.625489 13 8 56.625489 11500
    577 13 8 56.635461 13 8 56.635461 11500
    578 13 8 56.645418 13 8 56.645418 11500
    579 13 8 56.655436 13 8 56.655436 11500
    580 13 8 56.665453 13 8 56.665453 11500
    581 13 8 56.675455 13 8 56.675455 11500
    582 13 8 56.685380 13 8 56.685380 11500
    583 13 8 56.695396 13 8 56.695396 11500
    584 13 8 56.705379 13 8 56.705379 11500
    585 13 8 56.715375 13 8 56.715375 11500
    586 13 8 56.725397 13 8 56.725397 11500
    587 13 8 56.735376 13 8 56.735376 11500
    588 13 8 56.745390 13 8 56.745390 11500
    589 13 8 56.755378 13 8 56.755378 11500
    590 13 8 56.765374 13 8 56.765374 11500
    591 13 8 56.775373 13 8 56.775373 11500
    592 13 8 56.785375 13 8 56.785375 11500
    593 13 8 56.795450 13 8 56.795450 11500
    594 13 8 56.805706 13 8 56.805706 11500
    595 13 8 56.815457 13 8 56.815457 11500
    596 13 8 56.825400 13 8 56.825400 11500
    597 13 8 56.835413 13 8 56.835413 11500
    598 13 8 56.845407 13 8 56.845407 11500
    599 13 8 56.855559 13 8 56.855559 11500
    600 13 8 56.865462 13 8 56.865462 11500
    601 13 8 56.875593 13 8 56.875593 11500
    602 13 8 56.885478 13 8 56.885478 11500
    603 13 8 56.895473 13 8 56.895473 11500
    604 13 8 56.905379 13 8 56.905379 11500
    605 13 8 56.915401 13 8 56.915401 11500
    606 13 8 56.925387 13 8 56.925387 11500
    607 13 8 56.935400 13 8 56.935400 11500
    608 13 8 56.945424 13 8 56.945424 11500
    609 13 8 56.955517 13 8 56.955517 11500
    610 13 8 56.965392 13 8 56.965392 11500
    611 13 8 56.975431 13 8 56.975431 11500
    612 13 8 56.985382 13 8 56.985382 11500
    613 13 8 56.995381 13 8 56.995381 11500
    614 13 8 57.006369 13 8 57.006369 11500
    615 13 8 57.015402 13 8 57.015402 11500
    616 13 8 57.025460 13 8 57.025460 11500
    617 13 8 57.035443 13 8 57.035443 11500
    618 13 8 57.045476 13 8 57.045476 11500
    619 13 8 57.055444 13 8 57.055444 11500
    620 13 8 57.065519 13 8 57.065519 11500
    621 13 8 57.075859 13 8 57.075859 11500
    622 13 8 57.085464 13 8 57.085464 11500
    623 13 8 57.095444 13 8 57.095444 11500
    624 13 8 57.105575 13 8 57.105575 11500
    625 13 8 57.115485 13 8 57.115485 11500
    626 13 8 57.125573 13 8 57.125573 11500
    627 13 8 57.135390 13 8 57.135390 11500
    628 13 8 57.145383 13 8 57.145383 11500
    629 13 8 57.155394 13 8 57.155394 11500
    630 13 8 57.165401 13 8 57.165401 11500
    631 13 8 57.175375 13 8 57.175375 11500
    632 13 8 57.185414 13 8 57.185414 11500
    633 13 8 57.195379 13 8 57.195379 11500
    634 13 8 57.205429 13 8 57.205429 11500
    635 13 8 57.215448 13 8 57.215448 11500
    636 13 8 57.225481 13 8 57.225481 11500
    637 13 8 57.235424 13 8 57.235424 11500
    638 13 8 57.245500 13 8 57.245500 11500
    639 13 8 57.255465 13 8 57.255465 11500
    640 13 8 57.265479 13 8 57.265479 11500
    641 13 8 57.276017 13 8 57.276017 11500
    642 13 8 57.285479 13 8 57.285479 11500
    643 13 8 57.295471 13 8 57.295471 11500
    644 13 8 57.305447 13 8 57.305447 11500
    645 13 8 57.315455 13 8 57.315455 11500
    646 13 8 57.325448 13 8 57.325448 11500
    647 13 8 57.335380 13 8 57.335380 11500
    648 13 8 57.345385 13 8 57.345385 11500
    649 13 8 57.355558 13 8 57.355558 11500
    650 13 8 57.365389 13 8 57.365389 11500
    651 13 8 57.375407 13 8 57.375407 11500
    652 13 8 57.385347 13 8 57.385347 11500
    653 13 8 57.395387 13 8 57.395387 11500
    654 13 8 57.405344 13 8 57.405344 11500
    655 13 8 57.415844 13 8 57.415844 11500
    656 13 8 57.425469 13 8 57.425469 11500
    657 13 8 57.435394 13 8 57.435394 11500
    658 13 8 57.445399 13 8 57.445399 11500
    659 13 8 57.455449 13 8 57.455449 11500
    660 13 8 57.465426 13 8 57.465426 11500
    661 13 8 57.475473 13 8 57.475473 11500
    662 13 8 57.485477 13 8 57.485477 11500
    663 13 8 57.495472 13 8 57.495472 11500
    664 13 8 57.505459 13 8 57.505459 11500
    665 13 8 57.515385 13 8 57.515385 11500
    666 13 8 57.525485 13 8 57.525485 11500
    667 13 8 57.536056 13 8 57.536056 11500
    668 13 8 57.545355 13 8 57.545355 11500
    669 13 8 57.555411 13 8 57.555411 11500
    670 13 8 57.565415 13 8 57.565415 11500
    671 13 8 57.576041 13 8 57.576041 11500
    672 13 8 57.585357 13 8 57.585357 11500
    673 13 8 57.595410 13 8 57.595410 11500
    674 13 8 57.606011 13 8 57.606011 11500
    675 13 8 57.615468 13 8 57.615468 11500
    676 13 8 57.626001 13 8 57.626001 11500
    677 13 8 57.635525 13 8 57.635525 11500
    678 13 8 57.645391 13 8 57.645391 11500
    679 13 8 57.655451 13 8 57.655451 11500
    680 13 8 57.665436 13 8 57.665436 11500
    681 13 8 57.675455 13 8 57.675455 11500
    682 13 8 57.685384 13 8 57.685384 11500
    683 13 8 57.695399 13 8 57.695399 11500
    684 13 8 57.705454 13 8 57.705454 11500
    685 13 8 57.715437 13 8 57.715437 11500
    686 13 8 57.725375 13 8 57.725375 11500
    687 13 8 57.735368 13 8 57.735368 11500
    688 13 8 57.745392 13 8 57.745392 11500
    689 13 8 57.755372 13 8 57.755372 11500
    690 13 8 57.765379 13 8 57.765379 11500
    691 13 8 57.775376 13 8 57.775376 11500
    692 13 8 57.785398 13 8 57.785398 11500
    693 13 8 57.795405 13 8 57.795405 11500
    694 13 8 57.805484 13 8 57.805484 11500
    695 13 8 57.815524 13 8 57.815524 11500
    696 13 8 57.825440 13 8 57.825440 11500
    697 13 8 57.835451 13 8 57.835451 11500
    698 13 8 57.845823 13 8 57.845823 11500
    699 13 8 57.855443 13 8 57.855443 11500
    700 13 8 57.865397 13 8 57.865397 11500
    701 13 8 57.875480 13 8 57.875480 11500
    702 13 8 57.885387 13 8 57.885387 11500
    703 13 8 57.895453 13 8 57.895453 11500
    704 13 8 57.905422 13 8 57.905422 11500
    705 13 8 57.915546 13 8 57.915546 11500
    706 13 8 57.925387 13 8 57.925387 11500
    707 13 8 57.935375 13 8 57.935375 11500
    708 13 8 57.945343 13 8 57.945343 11500
    709 13 8 57.955441 13 8 57.955441 11500
    710 13 8 57.965386 13 8 57.965386 11500
    711 13 8 57.975343 13 8 57.975343 11500
    712 13 8 57.985424 13 8 57.985424 11500
    713 13 8 57.995373 13 8 57.995373 11500
    714 13 8 58.005692 13 8 58.005692 11500
    715 13 8 58.015633 13 8 58.015633 11500
    716 13 8 58.025430 13 8 58.025430 11500
    717 13 8 58.035502 13 8 58.035502 11500
    718 13 8 58.045654 13 8 58.045654 11500
    719 13 8 58.055391 13 8 58.055391 11500
    720 13 8 58.065457 13 8 58.065457 11500
    721 13 8 58.075414 13 8 58.075414 11500
    722 13 8 58.085670 13 8 58.085670 11500
    723 13 8 58.095368 13 8 58.095368 11500
    724 13 8 58.105358 13 8 58.105358 11500
    725 13 8 58.115437 13 8 58.115437 11500
    726 13 8 58.125430 13 8 58.125430 11500
    727 13 8 58.135491 13 8 58.135491 11500
    728 13 8 58.145383 13 8 58.145383 11500
    729 13 8 58.155433 13 8 58.155433 11500
    730 13 8 58.165376 13 8 58.165376 11500
    731 13 8 58.175370 13 8 58.175370 11500
    732 13 8 58.185372 13 8 58.185372 11500
    733 13 8 58.195376 13 8 58.195376 11500
    734 13 8 58.205438 13 8 58.205438 11500
    735 13 8 58.215468 13 8 58.215468 11500
    736 13 8 58.225450 13 8 58.225450 11500
    737 13 8 58.235376 13 8 58.235376 11500
    738 13 8 58.245387 13 8 58.245387 11500
    739 13 8 58.255816 13 8 58.255816 11500
    740 13 8 58.265386 13 8 58.265386 11500
    741 13 8 58.276040 13 8 58.276040 11500
    742 13 8 58.285606 13 8 58.285606 11500
    743 13 8 58.295462 13 8 58.295462 11500
    744 13 8 58.305407 13 8 58.305407 11500
    745 13 8 58.315434 13 8 58.315434 11500
    746 13 8 58.325454 13 8 58.325454 11500
    747 13 8 58.335377 13 8 58.335377 11500
    748 13 8 58.345387 13 8 58.345387 11500
    749 13 8 58.355479 13 8 58.355479 11500
    750 13 8 58.365417 13 8 58.365417 11500
    751 13 8 58.375400 13 8 58.375400 11500
    752 13 8 58.385370 13 8 58.385370 11500
    753 13 8 58.395377 13 8 58.395377 11500
    754 13 8 58.405335 13 8 58.405335 11500
    755 13 8 58.416055 13 8 58.416055 11500
    756 13 8 58.425443 13 8 58.425443 11500
    757 13 8 58.435447 13 8 58.435447 11500
    758 13 8 58.445402 13 8 58.445402 11500
    759 13 8 58.455320 13 8 58.455320 11500
    760 13 8 58.465456 13 8 58.465456 11500
    761 13 8 58.475450 13 8 58.475450 11500
    762 13 8 58.485438 13 8 58.485438 11500
    763 13 8 58.495432 13 8 58.495432 11500
    764 13 8 58.505400 13 8 58.505400 11500
    765 13 8 58.515430 13 8 58.515430 11500
    766 13 8 58.525450 13 8 58.525450 11500
    767 13 8 58.535474 13 8 58.535474 11500
    768 13 8 58.545355 13 8 58.545355 11500
    769 13 8 58.555360 13 8 58.555360 11500
    770 13 8 58.565364 13 8 58.565364 11500
    771 13 8 58.575360 13 8 58.575360 11500
    772 13 8 58.585351 13 8 58.585351 11500
    773 13 8 58.595351 13 8 58.595351 11500
    774 13 8 58.605504 13 8 58.605504 11500
    775 13 8 58.615445 13 8 58.615445 11500
    776 13 8 58.625455 13 8 58.625455 11500
    777 13 8 58.635522 13 8 58.635522 11500
    778 13 8 58.645429 13 8 58.645429 11500
    779 13 8 58.656030 13 8 58.656030 11500
    780 13 8 58.665449 13 8 58.665449 11500
    781 13 8 58.675662 13 8 58.675662 11500
    782 13 8 58.685433 13 8 58.685433 11500
    783 13 8 58.695373 13 8 58.695373 11500
    784 13 8 58.705433 13 8 58.705433 11500
    785 13 8 58.715440 13 8 58.715440 11500
    786 13 8 58.725441 13 8 58.725441 11500
    787 13 8 58.735461 13 8 58.735461 11500
    788 13 8 58.745412 13 8 58.745412 11500
    789 13 8 58.755387 13 8 58.755387 11500
    790 13 8 58.765403 13 8 58.765403 11500
    791 13 8 58.775337 13 8 58.775337 11500
    792 13 8 58.785373 13 8 58.785373 11500
    793 13 8 58.795374 13 8 58.795374 11500
    794 13 8 58.805492 13 8 58.805492 11500
    795 13 8 58.815454 13 8 58.815454 11500
    796 13 8 58.825448 13 8 58.825448 11500
    797 13 8 58.835441 13 8 58.835441 11500
    798 13 8 58.845447 13 8 58.845447 11500
    799 13 8 58.856073 13 8 58.856073 11500
    800 13 8 58.865476 13 8 58.865476 11500
    801 13 8 58.875445 13 8 58.875445 11500
    802 13 8 58.885382 13 8 58.885382 11500
    803 13 8 58.895429 13 8 58.895429 11500
    804 13 8 58.905458 13 8 58.905458 11500
    805 13 8 58.915413 13 8 58.915413 11500
    806 13 8 58.925427 13 8 58.925427 11500
    807 13 8 58.935501 13 8 58.935501 11500
    808 13 8 58.945397 13 8 58.945397 11500
    809 13 8 58.955384 13 8 58.955384 11500
    810 13 8 58.965375 13 8 58.965375 11500
    811 13 8 58.975352 13 8 58.975352 11500
    812 13 8 58.985376 13 8 58.985376 11500
    813 13 8 58.995361 13 8 58.995361 11500
    814 13 8 59.005350 13 8 59.005350 11500
    815 13 8 59.015430 13 8 59.015430 11500
    816 13 8 59.025376 13 8 59.025376 11500
    817 13 8 59.035440 13 8 59.035440 11500
    818 13 8 59.045451 13 8 59.045451 11500
    819 13 8 59.055973 13 8 59.055973 11500
    820 13 8 59.065474 13 8 59.065474 11500
    821 13 8 59.075474 13 8 59.075474 11500
    822 13 8 59.085451 13 8 59.085451 11500
    823 13 8 59.095432 13 8 59.095432 11500
    824 13 8 59.105449 13 8 59.105449 11500
    825 13 8 59.115434 13 8 59.115434 11500
    826 13 8 59.125436 13 8 59.125436 11500
    827 13 8 59.135376 13 8 59.135376 11500
    828 13 8 59.145460 13 8 59.145460 11500
    829 13 8 59.155408 13 8 59.155408 11500
    830 13 8 59.165379 13 8 59.165379 11500
    831 13 8 59.175373 13 8 59.175373 11500
    832 13 8 59.185374 13 8 59.185374 11500
    833 13 8 59.195374 13 8 59.195374 11500
    834 13 8 59.205373 13 8 59.205373 11500
    835 13 8 59.215429 13 8 59.215429 11500
    836 13 8 59.225420 13 8 59.225420 11500
    837 13 8 59.235452 13 8 59.235452 11500
    838 13 8 59.245483 13 8 59.245483 11500
    839 13 8 59.255465 13 8 59.255465 11500
    840 13 8 59.265534 13 8 59.265534 11500
    841 13 8 59.275463 13 8 59.275463 11500
    842 13 8 59.285434 13 8 59.285434 11500
    843 13 8 59.295476 13 8 59.295476 11500
    844 13 8 59.305495 13 8 59.305495 11500
    845 13 8 59.315534 13 8 59.315534 11500
    846 13 8 59.325465 13 8 59.325465 11500
    847 13 8 59.335403 13 8 59.335403 11500
    848 13 8 59.345433 13 8 59.345433 11500
    849 13 8 59.355479 13 8 59.355479 11500
    850 13 8 59.365355 13 8 59.365355 11500
    851 13 8 59.375388 13 8 59.375388 11500
    852 13 8 59.385331 13 8 59.385331 11500
    853 13 8 59.395375 13 8 59.395375 11500
    854 13 8 59.405375 13 8 59.405375 11500
    855 13 8 59.415433 13 8 59.415433 11500
    856 13 8 59.425477 13 8 59.425477 11500
    857 13 8 59.435510 13 8 59.435510 11500
    858 13 8 59.445430 13 8 59.445430 11500
    859 13 8 59.455353 13 8 59.455353 11500
    860 13 8 59.465443 13 8 59.465443 11500
    861 13 8 59.475439 13 8 59.475439 11500
    862 13 8 59.485497 13 8 59.485497 11500
    863 13 8 59.495413 13 8 59.495413 11500
    864 13 8 59.505436 13 8 59.505436 11500
    865 13 8 59.515403 13 8 59.515403 11500
    866 13 8 59.525398 13 8 59.525398 11500
    867 13 8 59.535375 13 8 59.535375 11500
    868 13 8 59.545375 13 8 59.545375 11500
    869 13 8 59.555380 13 8 59.555380 11500
    870 13 8 59.565378 13 8 59.565378 11500
    871 13 8 59.575373 13 8 59.575373 11500
    872 13 8 59.585371 13 8 59.585371 11500
    873 13 8 59.595374 13 8 59.595374 11500
    874 13 8 59.605373 13 8 59.605373 11500
    875 13 8 59.615451 13 8 59.615451 11500
    876 13 8 59.625464 13 8 59.625464 11500
    877 13 8 59.635376 13 8 59.635376 11500
    878 13 8 59.645575 13 8 59.645575 11500
    879 13 8 59.655442 13 8 59.655442 11500
    880 13 8 59.665418 13 8 59.665418 11500
    881 13 8 59.675370 13 8 59.675370 11500
    882 13 8 59.685459 13 8 59.685459 11500
    883 13 8 59.695382 13 8 59.695382 11500
    884 13 8 59.705440 13 8 59.705440 11500
    885 13 8 59.715448 13 8 59.715448 11500
    886 13 8 59.725444 13 8 59.725444 11500
    887 13 8 59.735401 13 8 59.735401 11500
    888 13 8 59.745378 13 8 59.745378 11500
    889 13 8 59.755381 13 8 59.755381 11500
    890 13 8 59.765374 13 8 59.765374 11500
    891 13 8 59.775373 13 8 59.775373 11500
    892 13 8 59.785373 13 8 59.785373 11500
    893 13 8 59.795375 13 8 59.795375 11500
    894 13 8 59.807617 13 8 59.807617 11500
    895 13 8 59.815393 13 8 59.815393 11500
    896 13 8 59.825448 13 8 59.825448 11500
    897 13 8 59.835487 13 8 59.835487 11500
    898 13 8 59.845480 13 8 59.845480 11500
    899 13 8 59.855446 13 8 59.855446 11500
    900 13 8 59.865394 13 8 59.865394 11500
    901 13 8 59.875450 13 8 59.875450 11500
    902 13 8 59.885469 13 8 59.885469 11500
    903 13 8 59.895400 13 8 59.895400 11500
    904 13 8 59.905360 13 8 59.905360 11500
    905 13 8 59.915441 13 8 59.915441 11500
    906 13 8 59.925446 13 8 59.925446 11500
    907 13 8 59.935406 13 8 59.935406 11500
    908 13 8 59.945436 13 8 59.945436 11500
    909 13 8 59.955384 13 8 59.955384 11500
    910 13 8 59.965398 13 8 59.965398 11500
    911 13 8 59.975344 13 8 59.975344 11500
    912 13 8 59.985385 13 8 59.985385 11500
    913 13 8 59.995452 13 8 59.995452 11500
    914 13 9 0.005374 13 9 0.005374 11500
    915 13 9 0.016183 13 9 0.016183 11500
    916 13 9 0.025438 13 9 0.025438 11500
    917 13 9 0.035441 13 9 0.035441 11500
    918 13 9 0.045374 13 9 0.045374 11500
    919 13 9 0.055429 13 9 0.055429 11500
    920 13 9 0.065425 13 9 0.065425 11500
    921 13 9 0.075379 13 9 0.075379 11500
    922 13 9 0.085614 13 9 0.085614 11500
    923 13 9 0.095406 13 9 0.095406 11500
    924 13 9 0.105439 13 9 0.105439 11500
    925 13 9 0.115441 13 9 0.115441 11500
    926 13 9 0.125378 13 9 0.125378 11500
    927 13 9 0.135435 13 9 0.135435 11500
    928 13 9 0.145376 13 9 0.145376 11500
    929 13 9 0.155397 13 9 0.155397 11500
    930 13 9 0.165382 13 9 0.165382 11500
    931 13 9 0.175375 13 9 0.175375 11500
    932 13 9 0.185374 13 9 0.185374 11500
    933 13 9 0.195377 13 9 0.195377 11500
    934 13 9 0.205426 13 9 0.205426 11500
    935 13 9 0.215887 13 9 0.215887 11500
    936 13 9 0.225441 13 9 0.225441 11500
    937 13 9 0.235433 13 9 0.235433 11500
    938 13 9 0.245449 13 9 0.245449 11500
    939 13 9 0.255438 13 9 0.255438 11500
    940 13 9 0.265449 13 9 0.265449 11500
    941 13 9 0.275607 13 9 0.275607 11500
    942 13 9 0.285456 13 9 0.285456 11500
    943 13 9 0.295468 13 9 0.295468 11500
    944 13 9 0.305453 13 9 0.305453 11500
    945 13 9 0.315430 13 9 0.315430 11500
    946 13 9 0.325385 13 9 0.325385 11500
    947 13 9 0.335488 13 9 0.335488 11500
    948 13 9 0.345373 13 9 0.345373 11500
    949 13 9 0.355399 13 9 0.355399 11500
    950 13 9 0.365403 13 9 0.365403 11500
    951 13 9 0.375394 13 9 0.375394 11500
    952 13 9 0.385379 13 9 0.385379 11500
    953 13 9 0.395379 13 9 0.395379 11500
    954 13 9 0.405387 13 9 0.405387 11500
    955 13 9 0.415340 13 9 0.415340 11500
    956 13 9 0.425416 13 9 0.425416 11500
    957 13 9 0.435447 13 9 0.435447 11500
    958 13 9 0.445449 13 9 0.445449 11500
    959 13 9 0.455418 13 9 0.455418 11500
    960 13 9 0.466033 13 9 0.466033 11500
    961 13 9 0.475433 13 9 0.475433 11500
    962 13 9 0.485556 13 9 0.485556 11500
    963 13 9 0.495450 13 9 0.495450 11500
    964 13 9 0.505470 13 9 0.505470 11500
    965 13 9 0.515439 13 9 0.515439 11500
    966 13 9 0.525446 13 9 0.525446 11500
    967 13 9 0.535422 13 9 0.535422 11500
    968 13 9 0.545515 13 9 0.545515 11500
    969 13 9 0.555376 13 9 0.555376 11500
    970 13 9 0.565358 13 9 0.565358 11500
    971 13 9 0.575362 13 9 0.575362 11500
    972 13 9 0.585368 13 9 0.585368 11500
    973 13 9 0.595364 13 9 0.595364 11500
    974 13 9 0.605374 13 9 0.605374 11500
    975 13 9 0.615403 13 9 0.615403 11500
    976 13 9 0.625390 13 9 0.625390 11500
    977 13 9 0.635369 13 9 0.635369 11500
    978 13 9 0.645484 13 9 0.645484 11500
    979 13 9 0.655430 13 9 0.655430 11500
    980 13 9 0.665657 13 9 0.665657 11500
    981 13 9 0.675527 13 9 0.675527 11500
    982 13 9 0.685446 13 9 0.685446 11500
    983 13 9 0.695499 13 9 0.695499 11500
    984 13 9 0.705446 13 9 0.705446 11500
    985 13 9 0.715452 13 9 0.715452 11500
    986 13 9 0.725405 13 9 0.725405 11500
    987 13 9 0.735481 13 9 0.735481 11500
    988 13 9 0.745406 13 9 0.745406 11500
    989 13 9 0.755393 13 9 0.755393 11500
    990 13 9 0.765414 13 9 0.765414 11500
    991 13 9 0.775375 13 9 0.775375 11500
    992 13 9 0.785375 13 9 0.785375 11500
    993 13 9 0.795375 13 9 0.795375 11500
    994 13 9 0.805432 13 9 0.805432 11500
    995 13 9 0.815503 13 9 0.815503 11500
    996 13 9 0.825451 13 9 0.825451 11500
    997 13 9 0.835406 13 9 0.835406 11500
    998 13 9 0.845653 13 9 0.845653 11500
    999 13 9 0.855447 13 9 0.855447 11500
   1000 13 9 0.865394 13 9 0.865394 11500
