      1 13 10 28.018177 13 10 28.026545 8200
      2 13 10 28.028332 13 10 28.036649 8200
      3 13 10 28.038270 13 10 28.046258 8200
      4 13 10 28.048265 13 10 28.057186 8200
      5 13 10 28.058334 13 10 28.067416 8200
      6 13 10 28.068322 13 10 28.076560 8200
      7 13 10 28.078276 13 10 28.086572 8200
      8 13 10 28.088345 13 10 28.096523 8200
      9 13 10 28.098341 13 10 28.106517 8200
     10 13 10 28.108347 13 10 28.116626 8200
     11 13 10 28.118348 13 10 28.126628 8200
     12 13 10 28.128275 13 10 28.136521 8200
     13 13 10 28.138344 13 10 28.146584 8200
     14 13 10 28.148281 13 10 28.156258 8200
     15 13 10 28.158280 13 10 28.166308 8200
     16 13 10 28.168290 13 10 28.177284 8200
     17 13 10 28.178280 13 10 28.187156 8200
     18 13 10 28.188289 13 10 28.196971 8200
     19 13 10 28.198934 13 10 28.207350 8200
     20 13 10 28.208345 13 10 28.216605 8200
     21 13 10 28.218275 13 10 28.226471 8200
     22 13 10 28.228345 13 10 28.236504 8200
     23 13 10 28.238275 13 10 28.246297 8200
     24 13 10 28.248301 13 10 28.256343 8200
     25 13 10 28.258365 13 10 28.267582 8200
     26 13 10 28.268371 13 10 28.276582 8200
     27 13 10 28.278383 13 10 28.286659 8200
     28 13 10 28.288358 13 10 28.296531 8200
     29 13 10 28.298335 13 10 28.306505 8200
     30 13 10 28.308353 13 10 28.316531 8200
     31 13 10 28.318334 13 10 28.326495 8200
     32 13 10 28.328351 13 10 28.336421 8200
     33 13 10 28.338277 13 10 28.346263 8200
     34 13 10 28.348281 13 10 28.356266 8200
     35 13 10 28.358278 13 10 28.366274 8200
     36 13 10 28.368279 13 10 28.377341 8200
     37 13 10 28.378284 13 10 28.386345 8200
     38 13 10 28.388669 13 10 28.397536 8200
     39 13 10 28.398355 13 10 28.406524 8200
     40 13 10 28.408335 13 10 28.416384 8200
     41 13 10 28.418343 13 10 28.426538 8200
     42 13 10 28.428347 13 10 28.436676 8200
     43 13 10 28.438282 13 10 28.446259 8200
     44 13 10 28.448275 13 10 28.456227 8200
     45 13 10 28.458435 13 10 28.466979 8200
     46 13 10 28.468413 13 10 28.476604 8200
     47 13 10 28.478867 13 10 28.487038 8200
     48 13 10 28.488343 13 10 28.496605 8200
     49 13 10 28.498338 13 10 28.506598 8200
     50 13 10 28.508334 13 10 28.522605 8200
     51 13 10 28.518381 13 10 28.529568 8200
     52 13 10 28.528462 13 10 28.536607 8200
     53 13 10 28.538281 13 10 28.546375 8200
     54 13 10 28.548310 13 10 28.557663 8200
     55 13 10 28.558306 13 10 28.566386 8200
     56 13 10 28.568289 13 10 28.576284 8200
     57 13 10 28.578285 13 10 28.586548 8200
     58 13 10 28.588622 13 10 28.597702 8200
     59 13 10 28.598352 13 10 28.606533 8200
     60 13 10 28.608333 13 10 28.616483 8200
     61 13 10 28.618342 13 10 28.626553 8200
     62 13 10 28.628295 13 10 28.636327 8200
     63 13 10 28.638287 13 10 28.646278 8200
     64 13 10 28.648288 13 10 28.656273 8200
     65 13 10 28.658415 13 10 28.667463 8200
     66 13 10 28.668375 13 10 28.676681 8200
     67 13 10 28.678297 13 10 28.686509 8200
     68 13 10 28.688344 13 10 28.696580 8200
     69 13 10 28.698340 13 10 28.706541 8200
     70 13 10 28.708332 13 10 28.716494 8200
     71 13 10 28.718357 13 10 28.726516 8200
     72 13 10 28.728336 13 10 28.736459 8200
     73 13 10 28.738603 13 10 28.747662 8200
     74 13 10 28.748321 13 10 28.756360 8200
     75 13 10 28.758282 13 10 28.767118 8200
     76 13 10 28.768280 13 10 28.776270 8200
     77 13 10 28.778278 13 10 28.787759 8200
     78 13 10 28.788343 13 10 28.797772 8200
     79 13 10 28.798345 13 10 28.806450 8200
     80 13 10 28.808341 13 10 28.816490 8200
     81 13 10 28.818349 13 10 28.826554 8200
     82 13 10 28.828299 13 10 28.836473 8200
     83 13 10 28.838280 13 10 28.846253 8200
     84 13 10 28.848292 13 10 28.857652 8200
     85 13 10 28.858297 13 10 28.867195 8200
     86 13 10 28.868383 13 10 28.876691 8200
     87 13 10 28.878357 13 10 28.886676 8200
     88 13 10 28.888303 13 10 28.897241 8200
     89 13 10 28.898355 13 10 28.906621 8200
     90 13 10 28.908342 13 10 28.916616 8200
     91 13 10 28.918341 13 10 28.926553 8200
     92 13 10 28.928283 13 10 28.936679 8200
     93 13 10 28.938821 13 10 28.946908 8200
     94 13 10 28.948280 13 10 28.956278 8200
     95 13 10 28.958286 13 10 28.967272 8200
     96 13 10 28.968319 13 10 28.976306 8200
     97 13 10 28.978279 13 10 28.986463 8200
     98 13 10 28.988334 13 10 28.997612 8200
     99 13 10 28.998415 13 10 29.007421 8200
    100 13 10 29.008326 13 10 29.022566 8200
    101 13 10 29.018416 13 10 29.030348 8200
    102 13 10 29.028241 13 10 29.036965 8200
    103 13 10 29.038353 13 10 29.046530 8200
    104 13 10 29.048256 13 10 29.056278 8200
    105 13 10 29.058377 13 10 29.066914 8200
    106 13 10 29.068349 13 10 29.076512 8200
    107 13 10 29.078347 13 10 29.086462 8200
    108 13 10 29.088336 13 10 29.096506 8200
    109 13 10 29.098337 13 10 29.106508 8200
    110 13 10 29.108294 13 10 29.116530 8200
    111 13 10 29.118399 13 10 29.126590 8200
    112 13 10 29.128347 13 10 29.136483 8200
    113 13 10 29.138265 13 10 29.146316 8200
    114 13 10 29.148288 13 10 29.157394 8200
    115 13 10 29.158288 13 10 29.166281 8200
    116 13 10 29.168300 13 10 29.176359 8200
    117 13 10 29.178280 13 10 29.186613 8200
    118 13 10 29.188341 13 10 29.197641 8200
    119 13 10 29.198408 13 10 29.206751 8200
    120 13 10 29.208341 13 10 29.216598 8200
    121 13 10 29.218423 13 10 29.227270 8200
    122 13 10 29.228384 13 10 29.236567 8200
    123 13 10 29.238345 13 10 29.246603 8200
    124 13 10 29.248279 13 10 29.256475 8200
    125 13 10 29.258300 13 10 29.267340 8200
    126 13 10 29.268281 13 10 29.276605 8200
    127 13 10 29.278347 13 10 29.286545 8200
    128 13 10 29.288340 13 10 29.296524 8200
    129 13 10 29.298273 13 10 29.306422 8200
    130 13 10 29.308337 13 10 29.316524 8200
    131 13 10 29.318394 13 10 29.326664 8200
    132 13 10 29.328381 13 10 29.336524 8200
    133 13 10 29.338283 13 10 29.346703 8200
    134 13 10 29.348282 13 10 29.356266 8200
    135 13 10 29.358278 13 10 29.366274 8200
    136 13 10 29.368293 13 10 29.377611 8200
    137 13 10 29.378295 13 10 29.386400 8200
    138 13 10 29.388332 13 10 29.397428 8200
    139 13 10 29.398281 13 10 29.407235 8200
    140 13 10 29.408387 13 10 29.416526 8200
    141 13 10 29.418281 13 10 29.426459 8200
    142 13 10 29.428354 13 10 29.436537 8200
    143 13 10 29.438313 13 10 29.446311 8200
    144 13 10 29.448275 13 10 29.456555 8200
    145 13 10 29.458335 13 10 29.466570 8200
    146 13 10 29.468347 13 10 29.476496 8200
    147 13 10 29.478345 13 10 29.486502 8200
    148 13 10 29.488389 13 10 29.497264 8200
    149 13 10 29.498384 13 10 29.506599 8200
    150 13 10 29.508352 13 10 29.522473 8200
    151 13 10 29.518350 13 10 29.529471 8200
    152 13 10 29.528279 13 10 29.536462 8200
    153 13 10 29.538349 13 10 29.546689 8200
    154 13 10 29.548282 13 10 29.556295 8200
    155 13 10 29.558312 13 10 29.566373 8200
    156 13 10 29.568310 13 10 29.576350 8200
    157 13 10 29.578296 13 10 29.587257 8200
    158 13 10 29.588384 13 10 29.597581 8200
    159 13 10 29.599064 13 10 29.607417 8200
    160 13 10 29.608343 13 10 29.616751 8200
    161 13 10 29.618335 13 10 29.626553 8200
    162 13 10 29.628347 13 10 29.636437 8200
    163 13 10 29.638275 13 10 29.646269 8200
    164 13 10 29.648299 13 10 29.657790 8200
    165 13 10 29.658280 13 10 29.666958 8200
    166 13 10 29.668347 13 10 29.676583 8200
    167 13 10 29.678343 13 10 29.686509 8200
    168 13 10 29.688334 13 10 29.696560 8200
    169 13 10 29.698361 13 10 29.706582 8200
    170 13 10 29.708331 13 10 29.716512 8200
    171 13 10 29.718326 13 10 29.726538 8200
    172 13 10 29.728352 13 10 29.736733 8200
    173 13 10 29.738288 13 10 29.747288 8200
    174 13 10 29.748234 13 10 29.756215 8200
    175 13 10 29.758296 13 10 29.766383 8200
    176 13 10 29.768308 13 10 29.777398 8200
    177 13 10 29.778375 13 10 29.787259 8200
    178 13 10 29.788353 13 10 29.796925 8200
    179 13 10 29.798338 13 10 29.806640 8200
    180 13 10 29.808346 13 10 29.816590 8200
    181 13 10 29.818276 13 10 29.828296 8200
    182 13 10 29.828324 13 10 29.836545 8200
    183 13 10 29.838345 13 10 29.846538 8200
    184 13 10 29.848283 13 10 29.856438 8200
    185 13 10 29.858350 13 10 29.867855 8200
    186 13 10 29.868348 13 10 29.876711 8200
    187 13 10 29.878336 13 10 29.886514 8200
    188 13 10 29.888303 13 10 29.896557 8200
    189 13 10 29.898406 13 10 29.906831 8200
    190 13 10 29.908298 13 10 29.916567 8200
    191 13 10 29.918343 13 10 29.926472 8200
    192 13 10 29.928339 13 10 29.936564 8200
    193 13 10 29.938362 13 10 29.946583 8200
    194 13 10 29.948347 13 10 29.956426 8200
    195 13 10 29.958283 13 10 29.966266 8200
    196 13 10 29.968295 13 10 29.976295 8200
    197 13 10 29.978276 13 10 29.986277 8200
    198 13 10 29.988324 13 10 29.996479 8200
    199 13 10 29.998345 13 10 30.007131 8200
    200 13 10 30.008368 13 10 30.022538 8200
    201 13 10 30.018350 13 10 30.029982 8200
    202 13 10 30.028248 13 10 30.036549 8200
    203 13 10 30.038287 13 10 30.046340 8200
    204 13 10 30.048273 13 10 30.056309 8200
    205 13 10 30.058281 13 10 30.067347 8200
    206 13 10 30.068466 13 10 30.076765 8200
    207 13 10 30.078341 13 10 30.086548 8200
    208 13 10 30.088349 13 10 30.096576 8200
    209 13 10 30.098358 13 10 30.106563 8200
    210 13 10 30.108342 13 10 30.116554 8200
    211 13 10 30.118273 13 10 30.126552 8200
    212 13 10 30.128330 13 10 30.136631 8200
    213 13 10 30.138335 13 10 30.146406 8200
    214 13 10 30.148527 13 10 30.156520 8200
    215 13 10 30.158280 13 10 30.166260 8200
    216 13 10 30.168354 13 10 30.177486 8200
    217 13 10 30.178284 13 10 30.186347 8200
    218 13 10 30.188286 13 10 30.197245 8200
    219 13 10 30.198315 13 10 30.206638 8200
    220 13 10 30.208283 13 10 30.216508 8200
    221 13 10 30.218280 13 10 30.226531 8200
    222 13 10 30.228280 13 10 30.236605 8200
    223 13 10 30.238347 13 10 30.246363 8200
    224 13 10 30.248310 13 10 30.256316 8200
    225 13 10 30.258288 13 10 30.267534 8200
    226 13 10 30.268294 13 10 30.276506 8200
    227 13 10 30.278328 13 10 30.286547 8200
    228 13 10 30.288333 13 10 30.296545 8200
    229 13 10 30.298337 13 10 30.306498 8200
    230 13 10 30.308332 13 10 30.316506 8200
    231 13 10 30.318341 13 10 30.326364 8200
    232 13 10 30.328331 13 10 30.336822 8200
    233 13 10 30.338294 13 10 30.346360 8200
    234 13 10 30.348290 13 10 30.357209 8200
    235 13 10 30.358277 13 10 30.366337 8200
    236 13 10 30.368279 13 10 30.377185 8200
    237 13 10 30.378251 13 10 30.387139 8200
    238 13 10 30.388279 13 10 30.397494 8200
    239 13 10 30.398351 13 10 30.406689 8200
    240 13 10 30.408387 13 10 30.417300 8200
    241 13 10 30.418407 13 10 30.426649 8200
    242 13 10 30.428336 13 10 30.436576 8200
    243 13 10 30.438348 13 10 30.446484 8200
    244 13 10 30.448277 13 10 30.456531 8200
    245 13 10 30.458279 13 10 30.467687 8200
    246 13 10 30.468348 13 10 30.476600 8200
    247 13 10 30.478408 13 10 30.487462 8200
    248 13 10 30.488361 13 10 30.496611 8200
    249 13 10 30.498301 13 10 30.506612 8200
    250 13 10 30.508279 13 10 30.522646 8200
    251 13 10 30.518347 13 10 30.530065 8200
    252 13 10 30.528272 13 10 30.536788 8200
    253 13 10 30.538299 13 10 30.546559 8200
    254 13 10 30.548273 13 10 30.556277 8200
    255 13 10 30.558285 13 10 30.566330 8200
    256 13 10 30.568277 13 10 30.576305 8200
    257 13 10 30.578286 13 10 30.586331 8200
    258 13 10 30.588273 13 10 30.596693 8200
    259 13 10 30.598324 13 10 30.606494 8200
    260 13 10 30.608357 13 10 30.616617 8200
    261 13 10 30.618356 13 10 30.626561 8200
    262 13 10 30.628332 13 10 30.636556 8200
    263 13 10 30.638277 13 10 30.646315 8200
    264 13 10 30.648291 13 10 30.656306 8200
    265 13 10 30.658294 13 10 30.666682 8200
    266 13 10 30.668340 13 10 30.676574 8200
    267 13 10 30.678356 13 10 30.686603 8200
    268 13 10 30.688341 13 10 30.696636 8200
    269 13 10 30.698274 13 10 30.706586 8200
    270 13 10 30.708339 13 10 30.716509 8200
    271 13 10 30.718295 13 10 30.726493 8200
    272 13 10 30.728332 13 10 30.736547 8200
    273 13 10 30.738389 13 10 30.746680 8200
    274 13 10 30.748277 13 10 30.756294 8200
    275 13 10 30.758296 13 10 30.766279 8200
    276 13 10 30.768291 13 10 30.776281 8200
    277 13 10 30.778289 13 10 30.786270 8200
    278 13 10 30.788295 13 10 30.797336 8200
    279 13 10 30.798338 13 10 30.807050 8200
    280 13 10 30.808337 13 10 30.816524 8200
    281 13 10 30.818345 13 10 30.826436 8200
    282 13 10 30.828392 13 10 30.836538 8200
    283 13 10 30.838277 13 10 30.846277 8200
    284 13 10 30.848290 13 10 30.856293 8200
    285 13 10 30.858305 13 10 30.867274 8200
    286 13 10 30.869036 13 10 30.877682 8200
    287 13 10 30.878350 13 10 30.886610 8200
    288 13 10 30.888341 13 10 30.896494 8200
    289 13 10 30.898595 13 10 30.906752 8200
    290 13 10 30.908342 13 10 30.916449 8200
    291 13 10 30.918357 13 10 30.926535 8200
    292 13 10 30.928349 13 10 30.936855 8200
    293 13 10 30.938344 13 10 30.946403 8200
    294 13 10 30.948277 13 10 30.956261 8200
    295 13 10 30.958351 13 10 30.966446 8200
    296 13 10 30.968277 13 10 30.976283 8200
    297 13 10 30.978315 13 10 30.986384 8200
    298 13 10 30.988279 13 10 30.996383 8200
    299 13 10 30.998305 13 10 31.006284 8200
    300 13 10 31.008279 13 10 31.022375 8200
    301 13 10 31.018349 13 10 31.029201 8200
    302 13 10 31.028435 13 10 31.036594 8200
    303 13 10 31.038292 13 10 31.046479 8200
    304 13 10 31.048342 13 10 31.056512 8200
    305 13 10 31.058334 13 10 31.068056 8200
    306 13 10 31.068284 13 10 31.076340 8200
    307 13 10 31.078357 13 10 31.086475 8200
    308 13 10 31.088349 13 10 31.096522 8200
    309 13 10 31.098355 13 10 31.106508 8200
    310 13 10 31.108335 13 10 31.116485 8200
    311 13 10 31.118301 13 10 31.126432 8200
    312 13 10 31.128336 13 10 31.136496 8200
    313 13 10 31.138342 13 10 31.146426 8200
    314 13 10 31.148298 13 10 31.156331 8200
    315 13 10 31.158322 13 10 31.166367 8200
    316 13 10 31.168289 13 10 31.176272 8200
    317 13 10 31.178311 13 10 31.187177 8200
    318 13 10 31.188230 13 10 31.197496 8200
    319 13 10 31.198346 13 10 31.206538 8200
    320 13 10 31.208301 13 10 31.216371 8200
    321 13 10 31.218288 13 10 31.226486 8200
    322 13 10 31.228342 13 10 31.236544 8200
    323 13 10 31.238374 13 10 31.246462 8200
    324 13 10 31.248276 13 10 31.256271 8200
    325 13 10 31.258285 13 10 31.267392 8200
    326 13 10 31.268482 13 10 31.276617 8200
    327 13 10 31.278348 13 10 31.286546 8200
    328 13 10 31.288280 13 10 31.296578 8200
    329 13 10 31.298306 13 10 31.306460 8200
    330 13 10 31.308347 13 10 31.316476 8200
    331 13 10 31.318342 13 10 31.326657 8200
    332 13 10 31.328279 13 10 31.336507 8200
    333 13 10 31.338343 13 10 31.346941 8200
    334 13 10 31.348285 13 10 31.356282 8200
    335 13 10 31.358268 13 10 31.366254 8200
    336 13 10 31.368276 13 10 31.376258 8200
    337 13 10 31.378280 13 10 31.387301 8200
    338 13 10 31.388279 13 10 31.397144 8200
    339 13 10 31.398357 13 10 31.407205 8200
    340 13 10 31.408343 13 10 31.416543 8200
    341 13 10 31.418413 13 10 31.426604 8200
    342 13 10 31.428332 13 10 31.436607 8200
    343 13 10 31.438282 13 10 31.446262 8200
    344 13 10 31.448280 13 10 31.456271 8200
    345 13 10 31.458280 13 10 31.467735 8200
    346 13 10 31.468316 13 10 31.477544 8200
    347 13 10 31.478342 13 10 31.486475 8200
    348 13 10 31.488275 13 10 31.497222 8200
    349 13 10 31.498346 13 10 31.506543 8200
    350 13 10 31.508348 13 10 31.522446 8200
    351 13 10 31.518350 13 10 31.529301 8200
    352 13 10 31.528432 13 10 31.536667 8200
    353 13 10 31.538344 13 10 31.546593 8200
    354 13 10 31.548277 13 10 31.556276 8200
    355 13 10 31.558306 13 10 31.566327 8200
    356 13 10 31.568297 13 10 31.576278 8200
    357 13 10 31.578289 13 10 31.586362 8200
    358 13 10 31.588309 13 10 31.598037 8200
    359 13 10 31.598687 13 10 31.608218 8200
    360 13 10 31.608460 13 10 31.617273 8200
    361 13 10 31.618282 13 10 31.627309 8200
    362 13 10 31.628284 13 10 31.636659 8200
    363 13 10 31.638480 13 10 31.646687 8200
    364 13 10 31.648384 13 10 31.656970 8200
    365 13 10 31.658284 13 10 31.667359 8200
    366 13 10 31.668548 13 10 31.677040 8200
    367 13 10 31.678364 13 10 31.687006 8200
    368 13 10 31.688366 13 10 31.696839 8200
    369 13 10 31.698447 13 10 31.706777 8200
    370 13 10 31.708342 13 10 31.717206 8200
    371 13 10 31.718340 13 10 31.726594 8200
    372 13 10 31.728335 13 10 31.736578 8200
    373 13 10 31.738360 13 10 31.746434 8200
    374 13 10 31.748343 13 10 31.756492 8200
    375 13 10 31.758275 13 10 31.766261 8200
    376 13 10 31.768276 13 10 31.777549 8200
    377 13 10 31.778234 13 10 31.786200 8200
    378 13 10 31.788313 13 10 31.797941 8200
    379 13 10 31.798860 13 10 31.807734 8200
    380 13 10 31.808302 13 10 31.817302 8200
    381 13 10 31.818279 13 10 31.826495 8200
    382 13 10 31.828348 13 10 31.836574 8200
    383 13 10 31.838374 13 10 31.846467 8200
    384 13 10 31.848282 13 10 31.856280 8200
    385 13 10 31.858285 13 10 31.866786 8200
    386 13 10 31.868583 13 10 31.877570 8200
    387 13 10 31.878340 13 10 31.886541 8200
    388 13 10 31.888349 13 10 31.896557 8200
    389 13 10 31.898299 13 10 31.906523 8200
    390 13 10 31.908362 13 10 31.916499 8200
    391 13 10 31.918351 13 10 31.926521 8200
    392 13 10 31.928294 13 10 31.936484 8200
    393 13 10 31.938278 13 10 31.946253 8200
    394 13 10 31.948375 13 10 31.957236 8200
    395 13 10 31.958290 13 10 31.966346 8200
    396 13 10 31.968277 13 10 31.976259 8200
    397 13 10 31.978290 13 10 31.986416 8200
    398 13 10 31.988296 13 10 31.996777 8200
    399 13 10 31.998333 13 10 32.006653 8200
    400 13 10 32.008333 13 10 32.022477 8200
    401 13 10 32.018408 13 10 32.029299 8200
    402 13 10 32.028241 13 10 32.036571 8200
    403 13 10 32.038398 13 10 32.046495 8200
    404 13 10 32.048276 13 10 32.056286 8200
    405 13 10 32.058284 13 10 32.067473 8200
    406 13 10 32.068300 13 10 32.077139 8200
    407 13 10 32.078344 13 10 32.086868 8200
    408 13 10 32.088374 13 10 32.096707 8200
    409 13 10 32.098346 13 10 32.106462 8200
    410 13 10 32.108344 13 10 32.116563 8200
    411 13 10 32.118321 13 10 32.126596 8200
    412 13 10 32.128349 13 10 32.136699 8200
    413 13 10 32.138387 13 10 32.146458 8200
    414 13 10 32.148277 13 10 32.156274 8200
    415 13 10 32.158289 13 10 32.166282 8200
    416 13 10 32.168281 13 10 32.176412 8200
    417 13 10 32.178291 13 10 32.186317 8200
    418 13 10 32.188310 13 10 32.197532 8200
    419 13 10 32.198521 13 10 32.207352 8200
    420 13 10 32.208410 13 10 32.216700 8200
    421 13 10 32.218280 13 10 32.226385 8200
    422 13 10 32.228296 13 10 32.236403 8200
    423 13 10 32.238370 13 10 32.246566 8200
    424 13 10 32.248274 13 10 32.256258 8200
    425 13 10 32.258298 13 10 32.267755 8200
    426 13 10 32.268315 13 10 32.276944 8200
    427 13 10 32.278346 13 10 32.286521 8200
    428 13 10 32.288400 13 10 32.296675 8200
    429 13 10 32.298301 13 10 32.306548 8200
    430 13 10 32.308385 13 10 32.316693 8200
    431 13 10 32.318337 13 10 32.326594 8200
    432 13 10 32.328310 13 10 32.337445 8200
    433 13 10 32.338335 13 10 32.346546 8200
    434 13 10 32.348278 13 10 32.356288 8200
    435 13 10 32.358279 13 10 32.366278 8200
    436 13 10 32.368288 13 10 32.376280 8200
    437 13 10 32.378295 13 10 32.387371 8200
    438 13 10 32.388280 13 10 32.397511 8200
    439 13 10 32.398882 13 10 32.407705 8200
    440 13 10 32.408352 13 10 32.416541 8200
    441 13 10 32.418286 13 10 32.426515 8200
    442 13 10 32.428274 13 10 32.436413 8200
    443 13 10 32.438370 13 10 32.446544 8200
    444 13 10 32.448281 13 10 32.456252 8200
    445 13 10 32.458418 13 10 32.467626 8200
    446 13 10 32.468446 13 10 32.476669 8200
    447 13 10 32.478400 13 10 32.486505 8200
    448 13 10 32.488439 13 10 32.496709 8200
    449 13 10 32.498359 13 10 32.506588 8200
    450 13 10 32.508308 13 10 32.522446 8200
    451 13 10 32.518327 13 10 32.529648 8200
    452 13 10 32.528404 13 10 32.536766 8200
    453 13 10 32.538429 13 10 32.546782 8200
    454 13 10 32.548332 13 10 32.557205 8200
    455 13 10 32.558284 13 10 32.566422 8200
    456 13 10 32.568278 13 10 32.576304 8200
    457 13 10 32.578282 13 10 32.586280 8200
    458 13 10 32.588244 13 10 32.597065 8200
    459 13 10 32.598672 13 10 32.607523 8200
    460 13 10 32.608336 13 10 32.616709 8200
    461 13 10 32.618330 13 10 32.626491 8200
    462 13 10 32.628332 13 10 32.636510 8200
    463 13 10 32.638339 13 10 32.646473 8200
    464 13 10 32.648358 13 10 32.656334 8200
    465 13 10 32.658281 13 10 32.667059 8200
    466 13 10 32.668745 13 10 32.677616 8200
    467 13 10 32.678313 13 10 32.686543 8200
    468 13 10 32.688279 13 10 32.696534 8200
    469 13 10 32.698275 13 10 32.706437 8200
    470 13 10 32.708278 13 10 32.716506 8200
    471 13 10 32.718226 13 10 32.726449 8200
    472 13 10 32.728337 13 10 32.736573 8200
    473 13 10 32.738337 13 10 32.746524 8200
    474 13 10 32.748337 13 10 32.756599 8200
    475 13 10 32.758217 13 10 32.766195 8200
    476 13 10 32.768281 13 10 32.776339 8200
    477 13 10 32.778281 13 10 32.786290 8200
    478 13 10 32.788280 13 10 32.798003 8200
    479 13 10 32.798329 13 10 32.806862 8200
    480 13 10 32.808687 13 10 32.816842 8200
    481 13 10 32.818306 13 10 32.826476 8200
    482 13 10 32.828350 13 10 32.836573 8200
    483 13 10 32.838278 13 10 32.846487 8200
    484 13 10 32.848274 13 10 32.856251 8200
    485 13 10 32.858294 13 10 32.867367 8200
    486 13 10 32.868295 13 10 32.877026 8200
    487 13 10 32.878340 13 10 32.886474 8200
    488 13 10 32.888350 13 10 32.897320 8200
    489 13 10 32.898434 13 10 32.906582 8200
    490 13 10 32.908337 13 10 32.916640 8200
    491 13 10 32.918339 13 10 32.926510 8200
    492 13 10 32.928342 13 10 32.936748 8200
    493 13 10 32.939408 13 10 32.947594 8200
    494 13 10 32.948323 13 10 32.956390 8200
    495 13 10 32.958289 13 10 32.966307 8200
    496 13 10 32.968280 13 10 32.977294 8200
    497 13 10 32.978298 13 10 32.987102 8200
    498 13 10 32.988278 13 10 32.996392 8200
    499 13 10 32.998300 13 10 33.007190 8200
    500 13 10 33.008347 13 10 33.022497 8200
    501 13 10 33.018346 13 10 33.029425 8200
    502 13 10 33.028384 13 10 33.036678 8200
    503 13 10 33.038252 13 10 33.046689 8200
    504 13 10 33.048278 13 10 33.056275 8200
    505 13 10 33.058289 13 10 33.066476 8200
    506 13 10 33.068477 13 10 33.077545 8200
    507 13 10 33.078342 13 10 33.086547 8200
    508 13 10 33.088348 13 10 33.096462 8200
    509 13 10 33.098345 13 10 33.106605 8200
    510 13 10 33.108322 13 10 33.116455 8200
    511 13 10 33.118330 13 10 33.126578 8200
    512 13 10 33.128283 13 10 33.136476 8200
    513 13 10 33.138330 13 10 33.146433 8200
    514 13 10 33.148341 13 10 33.156413 8200
    515 13 10 33.158256 13 10 33.166249 8200
    516 13 10 33.168343 13 10 33.176332 8200
    517 13 10 33.178300 13 10 33.187437 8200
    518 13 10 33.188279 13 10 33.196528 8200
    519 13 10 33.198478 13 10 33.207614 8200
    520 13 10 33.208337 13 10 33.216512 8200
    521 13 10 33.218299 13 10 33.226455 8200
    522 13 10 33.228344 13 10 33.236576 8200
    523 13 10 33.238404 13 10 33.246492 8200
    524 13 10 33.248275 13 10 33.256259 8200
    525 13 10 33.258277 13 10 33.266325 8200
    526 13 10 33.268518 13 10 33.277014 8200
    527 13 10 33.278312 13 10 33.286544 8200
    528 13 10 33.288339 13 10 33.296433 8200
    529 13 10 33.298335 13 10 33.306455 8200
    530 13 10 33.308301 13 10 33.316406 8200
    531 13 10 33.318337 13 10 33.326594 8200
    532 13 10 33.328270 13 10 33.336589 8200
    533 13 10 33.338340 13 10 33.346443 8200
    534 13 10 33.348320 13 10 33.356318 8200
    535 13 10 33.358223 13 10 33.366224 8200
    536 13 10 33.368308 13 10 33.376305 8200
    537 13 10 33.378281 13 10 33.386249 8200
    538 13 10 33.388272 13 10 33.396335 8200
    539 13 10 33.398327 13 10 33.407130 8200
    540 13 10 33.408295 13 10 33.417157 8200
    541 13 10 33.418398 13 10 33.426569 8200
    542 13 10 33.428378 13 10 33.436556 8200
    543 13 10 33.438349 13 10 33.447285 8200
    544 13 10 33.448278 13 10 33.456265 8200
    545 13 10 33.458280 13 10 33.467323 8200
    546 13 10 33.468598 13 10 33.477997 8200
    547 13 10 33.478318 13 10 33.486536 8200
    548 13 10 33.488287 13 10 33.496468 8200
    549 13 10 33.498336 13 10 33.506472 8200
    550 13 10 33.508276 13 10 33.522429 8200
    551 13 10 33.518284 13 10 33.529288 8200
    552 13 10 33.528474 13 10 33.536729 8200
    553 13 10 33.538296 13 10 33.546517 8200
    554 13 10 33.548366 13 10 33.556403 8200
    555 13 10 33.558290 13 10 33.566279 8200
    556 13 10 33.568277 13 10 33.577201 8200
    557 13 10 33.578266 13 10 33.587148 8200
    558 13 10 33.588259 13 10 33.596350 8200
    559 13 10 33.598691 13 10 33.607146 8200
    560 13 10 33.608429 13 10 33.616545 8200
    561 13 10 33.618344 13 10 33.626725 8200
    562 13 10 33.628352 13 10 33.636580 8200
    563 13 10 33.638347 13 10 33.647326 8200
    564 13 10 33.648301 13 10 33.657308 8200
    565 13 10 33.658284 13 10 33.666307 8200
    566 13 10 33.668371 13 10 33.677218 8200
    567 13 10 33.678283 13 10 33.686580 8200
    568 13 10 33.688467 13 10 33.696640 8200
    569 13 10 33.698354 13 10 33.706449 8200
    570 13 10 33.708320 13 10 33.716580 8200
    571 13 10 33.718349 13 10 33.726579 8200
    572 13 10 33.728335 13 10 33.736511 8200
    573 13 10 33.738497 13 10 33.746884 8200
    574 13 10 33.748421 13 10 33.756577 8200
    575 13 10 33.758352 13 10 33.766342 8200
    576 13 10 33.768276 13 10 33.777344 8200
    577 13 10 33.778278 13 10 33.786285 8200
    578 13 10 33.788288 13 10 33.797238 8200
    579 13 10 33.798386 13 10 33.807876 8200
    580 13 10 33.808385 13 10 33.816732 8200
    581 13 10 33.818353 13 10 33.826447 8200
    582 13 10 33.828276 13 10 33.836480 8200
    583 13 10 33.838335 13 10 33.846397 8200
    584 13 10 33.848350 13 10 33.856444 8200
    585 13 10 33.858274 13 10 33.866621 8200
    586 13 10 33.868937 13 10 33.878093 8200
    587 13 10 33.878343 13 10 33.887425 8200
    588 13 10 33.888387 13 10 33.896672 8200
    589 13 10 33.898302 13 10 33.906601 8200
    590 13 10 33.908296 13 10 33.916412 8200
    591 13 10 33.918328 13 10 33.926436 8200
    592 13 10 33.928345 13 10 33.936495 8200
    593 13 10 33.938346 13 10 33.946587 8200
    594 13 10 33.948348 13 10 33.956569 8200
    595 13 10 33.958294 13 10 33.966262 8200
    596 13 10 33.968263 13 10 33.976258 8200
    597 13 10 33.978279 13 10 33.986457 8200
    598 13 10 33.988278 13 10 33.996464 8200
    599 13 10 33.998344 13 10 34.007077 8200
    600 13 10 34.008341 13 10 34.022596 8200
    601 13 10 34.018326 13 10 34.029307 8200
    602 13 10 34.028360 13 10 34.036422 8200
    603 13 10 34.038348 13 10 34.046491 8200
    604 13 10 34.048416 13 10 34.057388 8200
    605 13 10 34.058284 13 10 34.066369 8200
    606 13 10 34.068283 13 10 34.077928 8200
    607 13 10 34.078389 13 10 34.086621 8200
    608 13 10 34.088248 13 10 34.096417 8200
    609 13 10 34.098345 13 10 34.106619 8200
    610 13 10 34.108342 13 10 34.116518 8200
    611 13 10 34.118282 13 10 34.126421 8200
    612 13 10 34.128362 13 10 34.136581 8200
    613 13 10 34.138340 13 10 34.146478 8200
    614 13 10 34.148380 13 10 34.156660 8200
    615 13 10 34.158264 13 10 34.166241 8200
    616 13 10 34.168264 13 10 34.177464 8200
    617 13 10 34.178280 13 10 34.186315 8200
    618 13 10 34.188302 13 10 34.196522 8200
    619 13 10 34.198377 13 10 34.207588 8200
    620 13 10 34.208329 13 10 34.216577 8200
    621 13 10 34.218341 13 10 34.226573 8200
    622 13 10 34.228282 13 10 34.236426 8200
    623 13 10 34.238289 13 10 34.246698 8200
    624 13 10 34.248339 13 10 34.256694 8200
    625 13 10 34.258287 13 10 34.266336 8200
    626 13 10 34.268425 13 10 34.276778 8200
    627 13 10 34.278464 13 10 34.287444 8200
    628 13 10 34.288333 13 10 34.296711 8200
    629 13 10 34.298341 13 10 34.306840 8200
    630 13 10 34.308301 13 10 34.316456 8200
    631 13 10 34.318384 13 10 34.326694 8200
    632 13 10 34.328296 13 10 34.336548 8200
    633 13 10 34.338281 13 10 34.346544 8200
    634 13 10 34.348336 13 10 34.356529 8200
    635 13 10 34.358344 13 10 34.367420 8200
    636 13 10 34.368270 13 10 34.376268 8200
    637 13 10 34.378284 13 10 34.387216 8200
    638 13 10 34.388275 13 10 34.397142 8200
    639 13 10 34.398316 13 10 34.407214 8200
    640 13 10 34.408363 13 10 34.417261 8200
    641 13 10 34.418367 13 10 34.427438 8200
    642 13 10 34.428392 13 10 34.436757 8200
    643 13 10 34.438335 13 10 34.446820 8200
    644 13 10 34.448416 13 10 34.457166 8200
    645 13 10 34.458224 13 10 34.466414 8200
    646 13 10 34.468347 13 10 34.477541 8200
    647 13 10 34.478400 13 10 34.486629 8200
    648 13 10 34.489393 13 10 34.497911 8200
    649 13 10 34.498399 13 10 34.506731 8200
    650 13 10 34.508446 13 10 34.522663 8200
    651 13 10 34.518327 13 10 34.529595 8200
    652 13 10 34.528480 13 10 34.537005 8200
    653 13 10 34.538414 13 10 34.547103 8200
    654 13 10 34.548349 13 10 34.556570 8200
    655 13 10 34.558363 13 10 34.566498 8200
    656 13 10 34.568274 13 10 34.576272 8200
    657 13 10 34.578276 13 10 34.586266 8200
    658 13 10 34.588275 13 10 34.596350 8200
    659 13 10 34.598287 13 10 34.607452 8200
    660 13 10 34.609076 13 10 34.617331 8200
    661 13 10 34.618389 13 10 34.626508 8200
    662 13 10 34.628349 13 10 34.636620 8200
    663 13 10 34.638339 13 10 34.646841 8200
    664 13 10 34.648279 13 10 34.656342 8200
    665 13 10 34.658298 13 10 34.666443 8200
    666 13 10 34.668332 13 10 34.678057 8200
    667 13 10 34.678373 13 10 34.687519 8200
    668 13 10 34.688561 13 10 34.696775 8200
    669 13 10 34.698346 13 10 34.706456 8200
    670 13 10 34.708331 13 10 34.716436 8200
    671 13 10 34.718349 13 10 34.726511 8200
    672 13 10 34.728330 13 10 34.736583 8200
    673 13 10 34.738337 13 10 34.746622 8200
    674 13 10 34.748278 13 10 34.756252 8200
    675 13 10 34.758279 13 10 34.766281 8200
    676 13 10 34.768295 13 10 34.777495 8200
    677 13 10 34.778266 13 10 34.786228 8200
    678 13 10 34.788311 13 10 34.796314 8200
    679 13 10 34.798338 13 10 34.807440 8200
    680 13 10 34.808393 13 10 34.816543 8200
    681 13 10 34.818342 13 10 34.827283 8200
    682 13 10 34.828634 13 10 34.837040 8200
    683 13 10 34.838343 13 10 34.846511 8200
    684 13 10 34.848345 13 10 34.856546 8200
    685 13 10 34.858285 13 10 34.866467 8200
    686 13 10 34.868419 13 10 34.877654 8200
    687 13 10 34.878234 13 10 34.887180 8200
    688 13 10 34.888334 13 10 34.896541 8200
    689 13 10 34.898345 13 10 34.906564 8200
    690 13 10 34.908330 13 10 34.916393 8200
    691 13 10 34.918280 13 10 34.926464 8200
    692 13 10 34.928336 13 10 34.936553 8200
    693 13 10 34.938341 13 10 34.946525 8200
    694 13 10 34.948349 13 10 34.956519 8200
    695 13 10 34.958275 13 10 34.966251 8200
    696 13 10 34.968288 13 10 34.976359 8200
    697 13 10 34.978296 13 10 34.986378 8200
    698 13 10 34.988290 13 10 34.996490 8200
    699 13 10 34.998339 13 10 35.007719 8200
    700 13 10 35.008308 13 10 35.022565 8200
    701 13 10 35.018340 13 10 35.029372 8200
    702 13 10 35.028275 13 10 35.036726 8200
    703 13 10 35.038367 13 10 35.046537 8200
    704 13 10 35.048278 13 10 35.056289 8200
    705 13 10 35.058278 13 10 35.067100 8200
    706 13 10 35.068348 13 10 35.077140 8200
    707 13 10 35.078895 13 10 35.087269 8200
    708 13 10 35.088363 13 10 35.096566 8200
    709 13 10 35.098303 13 10 35.106586 8200
    710 13 10 35.108431 13 10 35.116601 8200
    711 13 10 35.118344 13 10 35.126573 8200
    712 13 10 35.128275 13 10 35.136417 8200
    713 13 10 35.138572 13 10 35.146883 8200
    714 13 10 35.148300 13 10 35.156866 8200
    715 13 10 35.158279 13 10 35.166317 8200
    716 13 10 35.168292 13 10 35.176298 8200
    717 13 10 35.178297 13 10 35.186337 8200
    718 13 10 35.188296 13 10 35.197350 8200
    719 13 10 35.198357 13 10 35.206817 8200
    720 13 10 35.208435 13 10 35.216698 8200
    721 13 10 35.218356 13 10 35.226565 8200
    722 13 10 35.228499 13 10 35.236601 8200
    723 13 10 35.238376 13 10 35.246568 8200
    724 13 10 35.248508 13 10 35.256484 8200
    725 13 10 35.258276 13 10 35.266317 8200
    726 13 10 35.268273 13 10 35.276851 8200
    727 13 10 35.278325 13 10 35.286540 8200
    728 13 10 35.288336 13 10 35.296686 8200
    729 13 10 35.298343 13 10 35.306567 8200
    730 13 10 35.308346 13 10 35.316560 8200
    731 13 10 35.318342 13 10 35.326526 8200
    732 13 10 35.328293 13 10 35.336531 8200
    733 13 10 35.338344 13 10 35.346660 8200
    734 13 10 35.348418 13 10 35.356454 8200
    735 13 10 35.358274 13 10 35.366264 8200
    736 13 10 35.368277 13 10 35.376257 8200
    737 13 10 35.378275 13 10 35.386274 8200
    738 13 10 35.388275 13 10 35.396282 8200
    739 13 10 35.398356 13 10 35.406666 8200
    740 13 10 35.408298 13 10 35.416421 8200
    741 13 10 35.418345 13 10 35.426456 8200
    742 13 10 35.428339 13 10 35.436464 8200
    743 13 10 35.438352 13 10 35.446568 8200
    744 13 10 35.448649 13 10 35.456654 8200
    745 13 10 35.458266 13 10 35.466318 8200
    746 13 10 35.468274 13 10 35.476956 8200
    747 13 10 35.478346 13 10 35.487158 8200
    748 13 10 35.488278 13 10 35.496572 8200
    749 13 10 35.498345 13 10 35.506534 8200
    750 13 10 35.508350 13 10 35.522429 8200
    751 13 10 35.518298 13 10 35.529369 8200
    752 13 10 35.528407 13 10 35.536659 8200
    753 13 10 35.538372 13 10 35.546559 8200
    754 13 10 35.548341 13 10 35.557513 8200
    755 13 10 35.558284 13 10 35.566268 8200
    756 13 10 35.568277 13 10 35.576290 8200
    757 13 10 35.578282 13 10 35.586292 8200
    758 13 10 35.588279 13 10 35.596299 8200
    759 13 10 35.598354 13 10 35.607472 8200
    760 13 10 35.608277 13 10 35.617058 8200
    761 13 10 35.618340 13 10 35.626480 8200
    762 13 10 35.628290 13 10 35.636493 8200
    763 13 10 35.638299 13 10 35.646689 8200
    764 13 10 35.648333 13 10 35.656350 8200
    765 13 10 35.658296 13 10 35.666311 8200
    766 13 10 35.668272 13 10 35.677418 8200
    767 13 10 35.679070 13 10 35.687517 8200
    768 13 10 35.688364 13 10 35.696781 8200
    769 13 10 35.698267 13 10 35.706476 8200
    770 13 10 35.708483 13 10 35.716773 8200
    771 13 10 35.718271 13 10 35.726570 8200
    772 13 10 35.728332 13 10 35.736550 8200
    773 13 10 35.738278 13 10 35.746611 8200
    774 13 10 35.748331 13 10 35.756627 8200
    775 13 10 35.758398 13 10 35.766491 8200
    776 13 10 35.768262 13 10 35.776266 8200
    777 13 10 35.778213 13 10 35.786633 8200
    778 13 10 35.788263 13 10 35.796230 8200
    779 13 10 35.798533 13 10 35.807141 8200
    780 13 10 35.808433 13 10 35.816969 8200
    781 13 10 35.818379 13 10 35.827215 8200
    782 13 10 35.828327 13 10 35.836733 8200
    783 13 10 35.838396 13 10 35.846873 8200
    784 13 10 35.848283 13 10 35.856817 8200
    785 13 10 35.858347 13 10 35.867350 8200
    786 13 10 35.868295 13 10 35.877527 8200
    787 13 10 35.879364 13 10 35.887712 8200
    788 13 10 35.888896 13 10 35.897939 8200
    789 13 10 35.898333 13 10 35.907342 8200
    790 13 10 35.908304 13 10 35.916736 8200
    791 13 10 35.918382 13 10 35.926552 8200
    792 13 10 35.928345 13 10 35.936503 8200
    793 13 10 35.938341 13 10 35.946530 8200
    794 13 10 35.948348 13 10 35.956561 8200
    795 13 10 35.958348 13 10 35.966394 8200
    796 13 10 35.968285 13 10 35.976264 8200
    797 13 10 35.978276 13 10 35.986755 8200
    798 13 10 35.988278 13 10 35.996322 8200
    799 13 10 35.998327 13 10 36.006830 8200
    800 13 10 36.008372 13 10 36.023161 8200
    801 13 10 36.018340 13 10 36.030862 8200
    802 13 10 36.028643 13 10 36.037671 8200
    803 13 10 36.038361 13 10 36.046902 8200
    804 13 10 36.048357 13 10 36.056359 8200
    805 13 10 36.058286 13 10 36.066310 8200
    806 13 10 36.068274 13 10 36.076438 8200
    807 13 10 36.078338 13 10 36.087131 8200
    808 13 10 36.088279 13 10 36.096490 8200
    809 13 10 36.098342 13 10 36.106665 8200
    810 13 10 36.108372 13 10 36.116587 8200
    811 13 10 36.118341 13 10 36.126609 8200
    812 13 10 36.128343 13 10 36.136527 8200
    813 13 10 36.138345 13 10 36.146565 8200
    814 13 10 36.148341 13 10 36.156503 8200
    815 13 10 36.158279 13 10 36.166316 8200
    816 13 10 36.168292 13 10 36.177368 8200
    817 13 10 36.178266 13 10 36.187235 8200
    818 13 10 36.188343 13 10 36.197288 8200
    819 13 10 36.198413 13 10 36.206724 8200
    820 13 10 36.208339 13 10 36.216872 8200
    821 13 10 36.218370 13 10 36.227502 8200
    822 13 10 36.228276 13 10 36.236607 8200
    823 13 10 36.238337 13 10 36.246507 8200
    824 13 10 36.248333 13 10 36.256931 8200
    825 13 10 36.258223 13 10 36.266240 8200
    826 13 10 36.268335 13 10 36.277675 8200
    827 13 10 36.278356 13 10 36.286743 8200
    828 13 10 36.288640 13 10 36.297018 8200
    829 13 10 36.298360 13 10 36.307465 8200
    830 13 10 36.308383 13 10 36.316681 8200
    831 13 10 36.318350 13 10 36.326667 8200
    832 13 10 36.328476 13 10 36.336607 8200
    833 13 10 36.338405 13 10 36.346687 8200
    834 13 10 36.348348 13 10 36.356503 8200
    835 13 10 36.358280 13 10 36.366598 8200
    836 13 10 36.368293 13 10 36.376378 8200
    837 13 10 36.378290 13 10 36.386304 8200
    838 13 10 36.388291 13 10 36.397554 8200
    839 13 10 36.398304 13 10 36.406841 8200
    840 13 10 36.408343 13 10 36.416531 8200
    841 13 10 36.418342 13 10 36.426600 8200
    842 13 10 36.428339 13 10 36.436508 8200
    843 13 10 36.438349 13 10 36.446446 8200
    844 13 10 36.448279 13 10 36.456274 8200
    845 13 10 36.458283 13 10 36.466281 8200
    846 13 10 36.468290 13 10 36.476337 8200
    847 13 10 36.478321 13 10 36.487270 8200
    848 13 10 36.488321 13 10 36.496544 8200
    849 13 10 36.498285 13 10 36.506442 8200
    850 13 10 36.508277 13 10 36.522368 8200
    851 13 10 36.518301 13 10 36.529277 8200
    852 13 10 36.528283 13 10 36.536459 8200
    853 13 10 36.538300 13 10 36.546452 8200
    854 13 10 36.548417 13 10 36.556550 8200
    855 13 10 36.558278 13 10 36.566301 8200
    856 13 10 36.568311 13 10 36.576332 8200
    857 13 10 36.578280 13 10 36.586280 8200
    858 13 10 36.588281 13 10 36.596260 8200
    859 13 10 36.598266 13 10 36.607013 8200
    860 13 10 36.608282 13 10 36.617027 8200
    861 13 10 36.618282 13 10 36.626441 8200
    862 13 10 36.628349 13 10 36.636736 8200
    863 13 10 36.638325 13 10 36.647519 8200
    864 13 10 36.648372 13 10 36.656559 8200
    865 13 10 36.658284 13 10 36.667121 8200
    866 13 10 36.668281 13 10 36.677638 8200
    867 13 10 36.678423 13 10 36.686880 8200
    868 13 10 36.688389 13 10 36.696573 8200
    869 13 10 36.698407 13 10 36.706546 8200
    870 13 10 36.708348 13 10 36.716580 8200
    871 13 10 36.718373 13 10 36.726663 8200
    872 13 10 36.728358 13 10 36.736437 8200
    873 13 10 36.738360 13 10 36.746675 8200
    874 13 10 36.748404 13 10 36.756726 8200
    875 13 10 36.758282 13 10 36.766292 8200
    876 13 10 36.768298 13 10 36.776276 8200
    877 13 10 36.778278 13 10 36.787211 8200
    878 13 10 36.788339 13 10 36.797175 8200
    879 13 10 36.798233 13 10 36.806953 8200
    880 13 10 36.808680 13 10 36.817117 8200
    881 13 10 36.818930 13 10 36.828060 8200
    882 13 10 36.828293 13 10 36.836466 8200
    883 13 10 36.838394 13 10 36.846533 8200
    884 13 10 36.848342 13 10 36.856599 8200
    885 13 10 36.858307 13 10 36.866379 8200
    886 13 10 36.868301 13 10 36.876559 8200
    887 13 10 36.878874 13 10 36.888168 8200
    888 13 10 36.888392 13 10 36.896800 8200
    889 13 10 36.898358 13 10 36.907046 8200
    890 13 10 36.908351 13 10 36.916592 8200
    891 13 10 36.918343 13 10 36.927300 8200
    892 13 10 36.928288 13 10 36.936459 8200
    893 13 10 36.938341 13 10 36.946739 8200
    894 13 10 36.948346 13 10 36.956524 8200
    895 13 10 36.958331 13 10 36.967207 8200
    896 13 10 36.968274 13 10 36.976334 8200
    897 13 10 36.978279 13 10 36.986410 8200
    898 13 10 36.988292 13 10 36.996310 8200
    899 13 10 36.998277 13 10 37.007252 8200
    900 13 10 37.008389 13 10 37.022553 8200
    901 13 10 37.018321 13 10 37.029932 8200
    902 13 10 37.028337 13 10 37.036489 8200
    903 13 10 37.038344 13 10 37.046790 8200
    904 13 10 37.048228 13 10 37.056207 8200
    905 13 10 37.058295 13 10 37.066355 8200
    906 13 10 37.068291 13 10 37.076425 8200
    907 13 10 37.078279 13 10 37.086570 8200
    908 13 10 37.088351 13 10 37.096524 8200
    909 13 10 37.098351 13 10 37.106527 8200
    910 13 10 37.108338 13 10 37.116509 8200
    911 13 10 37.118357 13 10 37.126493 8200
    912 13 10 37.128351 13 10 37.136535 8200
    913 13 10 37.138342 13 10 37.147038 8200
    914 13 10 37.148283 13 10 37.156348 8200
    915 13 10 37.158278 13 10 37.166255 8200
    916 13 10 37.168281 13 10 37.176318 8200
    917 13 10 37.178280 13 10 37.186267 8200
    918 13 10 37.188282 13 10 37.196266 8200
    919 13 10 37.198278 13 10 37.207104 8200
    920 13 10 37.208289 13 10 37.216498 8200
    921 13 10 37.218356 13 10 37.226540 8200
    922 13 10 37.228332 13 10 37.236542 8200
    923 13 10 37.238340 13 10 37.246474 8200
    924 13 10 37.248278 13 10 37.256248 8200
    925 13 10 37.258287 13 10 37.266283 8200
    926 13 10 37.268281 13 10 37.276398 8200
    927 13 10 37.279063 13 10 37.288217 8200
    928 13 10 37.288362 13 10 37.296608 8200
    929 13 10 37.298354 13 10 37.306508 8200
    930 13 10 37.308348 13 10 37.316499 8200
    931 13 10 37.318283 13 10 37.327202 8200
    932 13 10 37.328338 13 10 37.336531 8200
    933 13 10 37.338349 13 10 37.412447 8200
    934 13 10 37.401715 13 10 37.419055 8200
    935 13 10 37.401846 13 10 37.425109 8200
    936 13 10 37.414808 13 10 37.431212 8200
    937 13 10 37.414954 13 10 37.438639 8200
    938 13 10 37.420110 13 10 37.445464 8200
    939 13 10 37.428331 13 10 37.452863 8200
    940 13 10 37.439514 13 10 37.458855 8200
    941 13 10 37.439540 13 10 37.466079 8200
    942 13 10 37.447571 13 10 37.472999 8200
    943 13 10 37.458733 13 10 37.480327 8200
    944 13 10 37.458762 13 10 37.486381 8200
    945 13 10 37.468425 13 10 37.493644 8200
    946 13 10 37.476489 13 10 37.500535 8200
    947 13 10 37.478388 13 10 37.507829 8200
    948 13 10 37.488281 13 10 37.513955 8200
    949 13 10 37.498280 13 10 37.521222 8200
    950 13 10 37.508243 13 10 37.532259 8200
    951 13 10 37.518312 13 10 37.538935 8200
    952 13 10 37.528306 13 10 37.546975 8200
    953 13 10 37.538420 13 10 37.553476 8200
    954 13 10 37.548397 13 10 37.560777 8200
    955 13 10 37.558278 13 10 37.568092 8200
    956 13 10 37.568342 13 10 37.576774 8200
    957 13 10 37.578411 13 10 37.586694 8200
    958 13 10 37.588349 13 10 37.596651 8200
    959 13 10 37.598340 13 10 37.607036 8200
    960 13 10 37.608590 13 10 37.616785 8200
    961 13 10 37.618358 13 10 37.627079 8200
    962 13 10 37.628349 13 10 37.637647 8200
    963 13 10 37.638359 13 10 37.647120 8200
    964 13 10 37.648311 13 10 37.656573 8200
    965 13 10 37.658326 13 10 37.666561 8200
    966 13 10 37.668348 13 10 37.676422 8200
    967 13 10 37.678282 13 10 37.686334 8200
    968 13 10 37.688287 13 10 37.696334 8200
    969 13 10 37.698334 13 10 37.707284 8200
    970 13 10 37.708285 13 10 37.716968 8200
    971 13 10 37.718294 13 10 37.726306 8200
    972 13 10 37.728296 13 10 37.736308 8200
    973 13 10 37.738301 13 10 37.746591 8200
    974 13 10 37.748375 13 10 37.757764 8200
    975 13 10 37.758524 13 10 37.766741 8200
    976 13 10 37.768472 13 10 37.776663 8200
    977 13 10 37.778481 13 10 37.787306 8200
    978 13 10 37.788293 13 10 37.796529 8200
    979 13 10 37.799278 13 10 37.808506 8200
    980 13 10 37.808334 13 10 37.817332 8200
    981 13 10 37.818962 13 10 37.827883 8200
    982 13 10 37.828372 13 10 37.837555 8200
    983 13 10 37.838320 13 10 37.846865 8200
    984 13 10 37.848379 13 10 37.856932 8200
    985 13 10 37.858277 13 10 37.866470 8200
    986 13 10 37.868352 13 10 37.876801 8200
    987 13 10 37.878844 13 10 37.887109 8200
    988 13 10 37.888871 13 10 37.896990 8200
    989 13 10 37.898291 13 10 37.906270 8200
    990 13 10 37.908278 13 10 37.916258 8200
    991 13 10 37.918281 13 10 37.926271 8200
    992 13 10 37.928299 13 10 37.937437 8200
    993 13 10 37.938333 13 10 37.946354 8200
    994 13 10 37.948296 13 10 37.957366 8200
    995 13 10 37.958292 13 10 37.966346 8200
    996 13 10 37.968297 13 10 37.976329 8200
    997 13 10 37.979095 13 10 37.988084 8200
    998 13 10 37.988281 13 10 37.997782 8200
    999 13 10 37.998184 13 10 38.006740 8200
   1000 13 10 38.008327 13 10 38.022987 8200
