      1 13 17 57.826875 13 17 57.826875 11900
      2 13 17 57.836970 13 17 57.836970 11900
      3 13 17 57.846983 13 17 57.846983 11900
      4 13 17 57.856999 13 17 57.856999 11900
      5 13 17 57.866939 13 17 57.866939 11900
      6 13 17 57.876978 13 17 57.876978 11900
      7 13 17 57.886974 13 17 57.886974 11900
      8 13 17 57.896974 13 17 57.896974 11900
      9 13 17 57.906976 13 17 57.906976 11900
     10 13 17 57.916983 13 17 57.916983 11900
     11 13 17 57.927106 13 17 57.927106 11900
     12 13 17 57.937026 13 17 57.937026 11900
     13 13 17 57.946919 13 17 57.946919 11900
     14 13 17 57.957245 13 17 57.957245 11900
     15 13 17 57.967104 13 17 57.967104 11900
     16 13 17 57.976956 13 17 57.976956 11900
     17 13 17 57.987042 13 17 57.987042 11900
     18 13 17 57.997008 13 17 57.997008 11900
     19 13 17 58.006976 13 17 58.006976 11900
     20 13 17 58.016984 13 17 58.016984 11900
     21 13 17 58.026963 13 17 58.026963 11900
     22 13 17 58.036943 13 17 58.036943 11900
     23 13 17 58.047004 13 17 58.047004 11900
     24 13 17 58.057009 13 17 58.057009 11900
     25 13 17 58.066977 13 17 58.066977 11900
     26 13 17 58.076979 13 17 58.076979 11900
     27 13 17 58.086976 13 17 58.086976 11900
     28 13 17 58.096978 13 17 58.096978 11900
     29 13 17 58.106977 13 17 58.106977 11900
     30 13 17 58.116976 13 17 58.116976 11900
     31 13 17 58.126955 13 17 58.126955 11900
     32 13 17 58.136954 13 17 58.136954 11900
     33 13 17 58.146994 13 17 58.146994 11900
     34 13 17 58.156998 13 17 58.156998 11900
     35 13 17 58.166977 13 17 58.166977 11900
     36 13 17 58.176980 13 17 58.176980 11900
     37 13 17 58.186978 13 17 58.186978 11900
     38 13 17 58.196976 13 17 58.196976 11900
     39 13 17 58.206981 13 17 58.206981 11900
     40 13 17 58.216988 13 17 58.216988 11900
     41 13 17 58.227012 13 17 58.227012 11900
     42 13 17 58.237000 13 17 58.237000 11900
     43 13 17 58.246999 13 17 58.246999 11900
     44 13 17 58.256985 13 17 58.256985 11900
     45 13 17 58.266992 13 17 58.266992 11900
     46 13 17 58.277048 13 17 58.277048 11900
     47 13 17 58.286988 13 17 58.286988 11900
     48 13 17 58.296931 13 17 58.296931 11900
     49 13 17 58.307014 13 17 58.307014 11900
     50 13 17 58.317006 13 17 58.317006 11900
     51 13 17 58.326971 13 17 58.326971 11900
     52 13 17 58.336978 13 17 58.336978 11900
     53 13 17 58.346963 13 17 58.346963 11900
     54 13 17 58.356923 13 17 58.356923 11900
     55 13 17 58.366984 13 17 58.366984 11900
     56 13 17 58.376939 13 17 58.376939 11900
     57 13 17 58.386980 13 17 58.386980 11900
     58 13 17 58.396960 13 17 58.396960 11900
     59 13 17 58.406927 13 17 58.406927 11900
     60 13 17 58.416975 13 17 58.416975 11900
     61 13 17 58.426985 13 17 58.426985 11900
     62 13 17 58.436945 13 17 58.436945 11900
     63 13 17 58.447034 13 17 58.447034 11900
     64 13 17 58.457008 13 17 58.457008 11900
     65 13 17 58.466977 13 17 58.466977 11900
     66 13 17 58.476982 13 17 58.476982 11900
     67 13 17 58.486975 13 17 58.486975 11900
     68 13 17 58.496983 13 17 58.496983 11900
     69 13 17 58.506976 13 17 58.506976 11900
     70 13 17 58.516975 13 17 58.516975 11900
     71 13 17 58.526975 13 17 58.526975 11900
     72 13 17 58.536999 13 17 58.536999 11900
     73 13 17 58.546984 13 17 58.546984 11900
     74 13 17 58.556977 13 17 58.556977 11900
     75 13 17 58.567129 13 17 58.567129 11900
     76 13 17 58.576951 13 17 58.576951 11900
     77 13 17 58.587010 13 17 58.587010 11900
     78 13 17 58.597222 13 17 58.597222 11900
     79 13 17 58.606935 13 17 58.606935 11900
     80 13 17 58.616995 13 17 58.616995 11900
     81 13 17 58.626970 13 17 58.626970 11900
     82 13 17 58.636952 13 17 58.636952 11900
     83 13 17 58.646920 13 17 58.646920 11900
     84 13 17 58.656978 13 17 58.656978 11900
     85 13 17 58.666944 13 17 58.666944 11900
     86 13 17 58.676965 13 17 58.676965 11900
     87 13 17 58.686962 13 17 58.686962 11900
     88 13 17 58.696944 13 17 58.696944 11900
     89 13 17 58.706969 13 17 58.706969 11900
     90 13 17 58.716979 13 17 58.716979 11900
     91 13 17 58.726995 13 17 58.726995 11900
     92 13 17 58.736964 13 17 58.736964 11900
     93 13 17 58.747016 13 17 58.747016 11900
     94 13 17 58.756959 13 17 58.756959 11900
     95 13 17 58.766950 13 17 58.766950 11900
     96 13 17 58.776913 13 17 58.776913 11900
     97 13 17 58.786948 13 17 58.786948 11900
     98 13 17 58.797021 13 17 58.797021 11900
     99 13 17 58.806949 13 17 58.806949 11900
    100 13 17 58.816960 13 17 58.816960 11900
    101 13 17 58.826937 13 17 58.826937 11900
    102 13 17 58.836970 13 17 58.836970 11900
    103 13 17 58.846952 13 17 58.846952 11900
    104 13 17 58.856982 13 17 58.856982 11900
    105 13 17 58.866967 13 17 58.866967 11900
    106 13 17 58.876970 13 17 58.876970 11900
    107 13 17 58.886983 13 17 58.886983 11900
    108 13 17 58.896968 13 17 58.896968 11900
    109 13 17 58.906982 13 17 58.906982 11900
    110 13 17 58.916975 13 17 58.916975 11900
    111 13 17 58.926972 13 17 58.926972 11900
    112 13 17 58.936974 13 17 58.936974 11900
    113 13 17 58.946975 13 17 58.946975 11900
    114 13 17 58.956986 13 17 58.956986 11900
    115 13 17 58.966977 13 17 58.966977 11900
    116 13 17 58.976987 13 17 58.976987 11900
    117 13 17 58.986983 13 17 58.986983 11900
    118 13 17 58.996977 13 17 58.996977 11900
    119 13 17 59.006929 13 17 59.006929 11900
    120 13 17 59.016990 13 17 59.016990 11900
    121 13 17 59.026946 13 17 59.026946 11900
    122 13 17 59.037014 13 17 59.037014 11900
    123 13 17 59.046964 13 17 59.046964 11900
    124 13 17 59.056981 13 17 59.056981 11900
    125 13 17 59.066982 13 17 59.066982 11900
    126 13 17 59.076984 13 17 59.076984 11900
    127 13 17 59.086987 13 17 59.086987 11900
    128 13 17 59.096992 13 17 59.096992 11900
    129 13 17 59.107027 13 17 59.107027 11900
    130 13 17 59.116948 13 17 59.116948 11900
    131 13 17 59.126998 13 17 59.126998 11900
    132 13 17 59.137000 13 17 59.137000 11900
    133 13 17 59.146982 13 17 59.146982 11900
    134 13 17 59.156959 13 17 59.156959 11900
    135 13 17 59.166950 13 17 59.166950 11900
    136 13 17 59.176988 13 17 59.176988 11900
    137 13 17 59.186984 13 17 59.186984 11900
    138 13 17 59.197000 13 17 59.197000 11900
    139 13 17 59.207042 13 17 59.207042 11900
    140 13 17 59.216999 13 17 59.216999 11900
    141 13 17 59.227026 13 17 59.227026 11900
    142 13 17 59.236983 13 17 59.236983 11900
    143 13 17 59.246977 13 17 59.246977 11900
    144 13 17 59.256977 13 17 59.256977 11900
    145 13 17 59.266984 13 17 59.266984 11900
    146 13 17 59.276980 13 17 59.276980 11900
    147 13 17 59.287033 13 17 59.287033 11900
    148 13 17 59.297026 13 17 59.297026 11900
    149 13 17 59.306989 13 17 59.306989 11900
    150 13 17 59.317027 13 17 59.317027 11900
    151 13 17 59.326981 13 17 59.326981 11900
    152 13 17 59.336959 13 17 59.336959 11900
    153 13 17 59.346978 13 17 59.346978 11900
    154 13 17 59.356884 13 17 59.356884 11900
    155 13 17 59.366998 13 17 59.366998 11900
    156 13 17 59.376976 13 17 59.376976 11900
    157 13 17 59.387101 13 17 59.387101 11900
    158 13 17 59.396999 13 17 59.396999 11900
    159 13 17 59.406975 13 17 59.406975 11900
    160 13 17 59.416989 13 17 59.416989 11900
    161 13 17 59.426976 13 17 59.426976 11900
    162 13 17 59.436984 13 17 59.436984 11900
    163 13 17 59.446984 13 17 59.446984 11900
    164 13 17 59.456974 13 17 59.456974 11900
    165 13 17 59.466965 13 17 59.466965 11900
    166 13 17 59.477077 13 17 59.477077 11900
    167 13 17 59.486975 13 17 59.486975 11900
    168 13 17 59.496946 13 17 59.496946 11900
    169 13 17 59.506973 13 17 59.506973 11900
    170 13 17 59.516975 13 17 59.516975 11900
    171 13 17 59.526941 13 17 59.526941 11900
    172 13 17 59.536982 13 17 59.536982 11900
    173 13 17 59.546976 13 17 59.546976 11900
    174 13 17 59.556939 13 17 59.556939 11900
    175 13 17 59.567129 13 17 59.567129 11900
    176 13 17 59.576985 13 17 59.576985 11900
    177 13 17 59.586987 13 17 59.586987 11900
    178 13 17 59.596971 13 17 59.596971 11900
    179 13 17 59.606974 13 17 59.606974 11900
    180 13 17 59.616982 13 17 59.616982 11900
    181 13 17 59.626973 13 17 59.626973 11900
    182 13 17 59.636975 13 17 59.636975 11900
    183 13 17 59.646934 13 17 59.646934 11900
    184 13 17 59.656953 13 17 59.656953 11900
    185 13 17 59.666974 13 17 59.666974 11900
    186 13 17 59.676934 13 17 59.676934 11900
    187 13 17 59.686950 13 17 59.686950 11900
    188 13 17 59.696975 13 17 59.696975 11900
    189 13 17 59.706921 13 17 59.706921 11900
    190 13 17 59.716945 13 17 59.716945 11900
    191 13 17 59.726973 13 17 59.726973 11900
    192 13 17 59.737008 13 17 59.737008 11900
    193 13 17 59.746960 13 17 59.746960 11900
    194 13 17 59.756973 13 17 59.756973 11900
    195 13 17 59.766959 13 17 59.766959 11900
    196 13 17 59.776936 13 17 59.776936 11900
    197 13 17 59.786976 13 17 59.786976 11900
    198 13 17 59.797004 13 17 59.797004 11900
    199 13 17 59.806935 13 17 59.806935 11900
    200 13 17 59.816977 13 17 59.816977 11900
    201 13 17 59.826915 13 17 59.826915 11900
    202 13 17 59.836936 13 17 59.836936 11900
    203 13 17 59.846980 13 17 59.846980 11900
    204 13 17 59.856980 13 17 59.856980 11900
    205 13 17 59.867561 13 17 59.867561 11900
    206 13 17 59.876975 13 17 59.876975 11900
    207 13 17 59.887008 13 17 59.887008 11900
    208 13 17 59.896976 13 17 59.896976 11900
    209 13 17 59.906978 13 17 59.906978 11900
    210 13 17 59.916921 13 17 59.916921 11900
    211 13 17 59.926986 13 17 59.926986 11900
    212 13 17 59.936976 13 17 59.936976 11900
    213 13 17 59.946980 13 17 59.946980 11900
    214 13 17 59.956977 13 17 59.956977 11900
    215 13 17 59.966970 13 17 59.966970 11900
    216 13 17 59.976976 13 17 59.976976 11900
    217 13 17 59.986977 13 17 59.986977 11900
    218 13 17 59.996975 13 17 59.996975 11900
    219 13 18 0.006961 13 18 0.006961 11900
    220 13 18 0.016976 13 18 0.016976 11900
    221 13 18 0.026963 13 18 0.026963 11900
    222 13 18 0.037008 13 18 0.037008 11900
    223 13 18 0.046932 13 18 0.046932 11900
    224 13 18 0.056995 13 18 0.056995 11900
    225 13 18 0.066977 13 18 0.066977 11900
    226 13 18 0.077011 13 18 0.077011 11900
    227 13 18 0.086995 13 18 0.086995 11900
    228 13 18 0.097058 13 18 0.097058 11900
    229 13 18 0.107000 13 18 0.107000 11900
    230 13 18 0.117019 13 18 0.117019 11900
    231 13 18 0.127041 13 18 0.127041 11900
    232 13 18 0.137027 13 18 0.137027 11900
    233 13 18 0.146980 13 18 0.146980 11900
    234 13 18 0.157051 13 18 0.157051 11900
    235 13 18 0.166975 13 18 0.166975 11900
    236 13 18 0.176976 13 18 0.176976 11900
    237 13 18 0.186976 13 18 0.186976 11900
    238 13 18 0.197047 13 18 0.197047 11900
    239 13 18 0.206977 13 18 0.206977 11900
    240 13 18 0.216975 13 18 0.216975 11900
    241 13 18 0.226976 13 18 0.226976 11900
    242 13 18 0.236926 13 18 0.236926 11900
    243 13 18 0.246983 13 18 0.246983 11900
    244 13 18 0.256986 13 18 0.256986 11900
    245 13 18 0.267007 13 18 0.267007 11900
    246 13 18 0.276990 13 18 0.276990 11900
    247 13 18 0.286987 13 18 0.286987 11900
    248 13 18 0.296976 13 18 0.296976 11900
    249 13 18 0.306975 13 18 0.306975 11900
    250 13 18 0.316984 13 18 0.316984 11900
    251 13 18 0.326956 13 18 0.326956 11900
    252 13 18 0.336951 13 18 0.336951 11900
    253 13 18 0.346999 13 18 0.346999 11900
    254 13 18 0.356983 13 18 0.356983 11900
    255 13 18 0.366978 13 18 0.366978 11900
    256 13 18 0.376926 13 18 0.376926 11900
    257 13 18 0.386999 13 18 0.386999 11900
    258 13 18 0.397048 13 18 0.397048 11900
    259 13 18 0.407061 13 18 0.407061 11900
    260 13 18 0.417107 13 18 0.417107 11900
    261 13 18 0.427018 13 18 0.427018 11900
    262 13 18 0.437047 13 18 0.437047 11900
    263 13 18 0.446979 13 18 0.446979 11900
    264 13 18 0.457104 13 18 0.457104 11900
    265 13 18 0.467103 13 18 0.467103 11900
    266 13 18 0.476992 13 18 0.476992 11900
    267 13 18 0.486976 13 18 0.486976 11900
    268 13 18 0.496980 13 18 0.496980 11900
    269 13 18 0.506980 13 18 0.506980 11900
    270 13 18 0.516985 13 18 0.516985 11900
    271 13 18 0.526977 13 18 0.526977 11900
    272 13 18 0.536985 13 18 0.536985 11900
    273 13 18 0.546984 13 18 0.546984 11900
    274 13 18 0.556965 13 18 0.556965 11900
    275 13 18 0.566977 13 18 0.566977 11900
    276 13 18 0.577042 13 18 0.577042 11900
    277 13 18 0.586980 13 18 0.586980 11900
    278 13 18 0.596949 13 18 0.596949 11900
    279 13 18 0.606989 13 18 0.606989 11900
    280 13 18 0.617043 13 18 0.617043 11900
    281 13 18 0.627113 13 18 0.627113 11900
    282 13 18 0.636945 13 18 0.636945 11900
    283 13 18 0.647010 13 18 0.647010 11900
    284 13 18 0.657000 13 18 0.657000 11900
    285 13 18 0.666986 13 18 0.666986 11900
    286 13 18 0.676930 13 18 0.676930 11900
    287 13 18 0.687026 13 18 0.687026 11900
    288 13 18 0.696970 13 18 0.696970 11900
    289 13 18 0.706990 13 18 0.706990 11900
    290 13 18 0.716979 13 18 0.716979 11900
    291 13 18 0.726975 13 18 0.726975 11900
    292 13 18 0.736986 13 18 0.736986 11900
    293 13 18 0.746959 13 18 0.746959 11900
    294 13 18 0.756977 13 18 0.756977 11900
    295 13 18 0.767025 13 18 0.767025 11900
    296 13 18 0.776987 13 18 0.776987 11900
    297 13 18 0.803209 13 18 0.803209 11900
    298 13 18 0.803294 13 18 0.803294 11900
    299 13 18 0.813582 13 18 0.813582 11900
    300 13 18 0.816974 13 18 0.816974 11900
    301 13 18 0.835232 13 18 0.835232 11900
    302 13 18 0.837002 13 18 0.837002 11900
    303 13 18 0.855792 13 18 0.855792 11900
    304 13 18 0.856978 13 18 0.856978 11900
    305 13 18 0.877744 13 18 0.877744 11900
    306 13 18 0.878185 13 18 0.878185 11900
    307 13 18 0.903916 13 18 0.903916 11900
    308 13 18 0.903964 13 18 0.903964 11900
    309 13 18 0.923715 13 18 0.923715 11900
    310 13 18 0.923754 13 18 0.923754 11900
    311 13 18 0.945599 13 18 0.945599 11900
    312 13 18 0.945637 13 18 0.945637 11900
    313 13 18 0.966726 13 18 0.966726 11900
    314 13 18 0.966786 13 18 0.966786 11900
    315 13 18 0.966978 13 18 0.966978 11900
    316 13 18 0.986188 13 18 0.986188 11900
    317 13 18 0.986990 13 18 0.986990 11900
    318 13 18 1.006896 13 18 1.006896 11900
    319 13 18 1.006926 13 18 1.006926 11900
    320 13 18 1.028651 13 18 1.028651 11900
    321 13 18 1.028710 13 18 1.028710 11900
    322 13 18 1.050485 13 18 1.050485 11900
    323 13 18 1.050521 13 18 1.050521 11900
    324 13 18 1.071261 13 18 1.071261 11900
    325 13 18 1.071296 13 18 1.071296 11900
    326 13 18 1.093164 13 18 1.093164 11900
    327 13 18 1.093201 13 18 1.093201 11900
    328 13 18 1.096953 13 18 1.096953 11900
    329 13 18 1.116695 13 18 1.116695 11900
    330 13 18 1.116981 13 18 1.116981 11900
    331 13 18 1.138695 13 18 1.138695 11900
    332 13 18 1.138765 13 18 1.138765 11900
    333 13 18 1.160463 13 18 1.160463 11900
    334 13 18 1.160535 13 18 1.160535 11900
    335 13 18 1.181286 13 18 1.181286 11900
    336 13 18 1.181329 13 18 1.181329 11900
    337 13 18 1.203184 13 18 1.203184 11900
    338 13 18 1.203232 13 18 1.203232 11900
    339 13 18 1.207006 13 18 1.207006 11900
    340 13 18 1.227155 13 18 1.227155 11900
    341 13 18 1.227230 13 18 1.227230 11900
    342 13 18 1.248645 13 18 1.248645 11900
    343 13 18 1.248701 13 18 1.248701 11900
    344 13 18 1.272937 13 18 1.272937 11900
    345 13 18 1.272982 13 18 1.272982 11900
    346 13 18 1.276971 13 18 1.276971 11900
    347 13 18 1.301126 13 18 1.301126 11900
    348 13 18 1.301174 13 18 1.301174 11900
    349 13 18 1.306963 13 18 1.306963 11900
    350 13 18 1.327869 13 18 1.327869 11900
    351 13 18 1.327939 13 18 1.327939 11900
    352 13 18 1.351525 13 18 1.351525 11900
    353 13 18 1.351604 13 18 1.351604 11900
    354 13 18 1.357010 13 18 1.357010 11900
    355 13 18 1.378120 13 18 1.378120 11900
    356 13 18 1.378158 13 18 1.378158 11900
    357 13 18 1.386988 13 18 1.386988 11900
    358 13 18 1.412497 13 18 1.412497 11900
    359 13 18 1.412533 13 18 1.412533 11900
    360 13 18 1.436687 13 18 1.436687 11900
    361 13 18 1.436733 13 18 1.436733 11900
    362 13 18 1.436939 13 18 1.436939 11900
    363 13 18 1.461149 13 18 1.461149 11900
    364 13 18 1.461195 13 18 1.461195 11900
    365 13 18 1.484523 13 18 1.484523 11900
    366 13 18 1.484560 13 18 1.484560 11900
    367 13 18 1.486928 13 18 1.486928 11900
    368 13 18 1.512668 13 18 1.512668 11900
    369 13 18 1.512704 13 18 1.512704 11900
    370 13 18 1.516964 13 18 1.516964 11900
    371 13 18 1.539397 13 18 1.539397 11900
    372 13 18 1.539431 13 18 1.539431 11900
    373 13 18 1.546914 13 18 1.546914 11900
    374 13 18 1.572524 13 18 1.572524 11900
    375 13 18 1.572633 13 18 1.572633 11900
    376 13 18 1.576972 13 18 1.576972 11900
    377 13 18 1.599203 13 18 1.599203 11900
    378 13 18 1.599248 13 18 1.599248 11900
    379 13 18 1.606933 13 18 1.606933 11900
    380 13 18 1.632406 13 18 1.632406 11900
    381 13 18 1.632442 13 18 1.632442 11900
    382 13 18 1.636963 13 18 1.636963 11900
    383 13 18 1.661548 13 18 1.661548 11900
    384 13 18 1.661576 13 18 1.661576 11900
    385 13 18 1.666933 13 18 1.666933 11900
    386 13 18 1.676971 13 18 1.676971 11900
    387 13 18 1.686987 13 18 1.686987 11900
    388 13 18 1.712540 13 18 1.712540 11900
    389 13 18 1.712720 13 18 1.712720 11900
    390 13 18 1.716966 13 18 1.716966 11900
    391 13 18 1.726964 13 18 1.726964 11900
    392 13 18 1.736964 13 18 1.736964 11900
    393 13 18 1.746979 13 18 1.746979 11900
    394 13 18 1.756977 13 18 1.756977 11900
    395 13 18 1.766966 13 18 1.766966 11900
    396 13 18 1.776961 13 18 1.776961 11900
    397 13 18 1.786929 13 18 1.786929 11900
    398 13 18 1.796964 13 18 1.796964 11900
    399 13 18 1.806947 13 18 1.806947 11900
    400 13 18 1.816973 13 18 1.816973 11900
    401 13 18 1.827001 13 18 1.827001 11900
    402 13 18 1.836965 13 18 1.836965 11900
    403 13 18 1.846975 13 18 1.846975 11900
    404 13 18 1.856946 13 18 1.856946 11900
    405 13 18 1.866989 13 18 1.866989 11900
    406 13 18 1.876987 13 18 1.876987 11900
    407 13 18 1.886976 13 18 1.886976 11900
    408 13 18 1.896983 13 18 1.896983 11900
    409 13 18 1.916980 13 18 1.916980 11900
    410 13 18 1.917053 13 18 1.917053 11900
    411 13 18 1.927058 13 18 1.927058 11900
    412 13 18 1.936945 13 18 1.936945 11900
    413 13 18 1.946998 13 18 1.946998 11900
    414 13 18 1.956973 13 18 1.956973 11900
    415 13 18 1.966982 13 18 1.966982 11900
    416 13 18 1.976942 13 18 1.976942 11900
    417 13 18 1.987010 13 18 1.987010 11900
    418 13 18 1.996999 13 18 1.996999 11900
    419 13 18 2.006937 13 18 2.006937 11900
    420 13 18 2.016976 13 18 2.016976 11900
    421 13 18 2.026975 13 18 2.026975 11900
    422 13 18 2.036976 13 18 2.036976 11900
    423 13 18 2.046975 13 18 2.046975 11900
    424 13 18 2.056973 13 18 2.056973 11900
    425 13 18 2.066965 13 18 2.066965 11900
    426 13 18 2.076935 13 18 2.076935 11900
    427 13 18 2.086977 13 18 2.086977 11900
    428 13 18 2.096976 13 18 2.096976 11900
    429 13 18 2.106996 13 18 2.106996 11900
    430 13 18 2.116976 13 18 2.116976 11900
    431 13 18 2.126974 13 18 2.126974 11900
    432 13 18 2.136995 13 18 2.136995 11900
    433 13 18 2.147054 13 18 2.147054 11900
    434 13 18 2.157027 13 18 2.157027 11900
    435 13 18 2.166974 13 18 2.166974 11900
    436 13 18 2.176991 13 18 2.176991 11900
    437 13 18 2.186977 13 18 2.186977 11900
    438 13 18 2.196975 13 18 2.196975 11900
    439 13 18 2.206989 13 18 2.206989 11900
    440 13 18 2.217029 13 18 2.217029 11900
    441 13 18 2.226983 13 18 2.226983 11900
    442 13 18 2.236993 13 18 2.236993 11900
    443 13 18 2.246977 13 18 2.246977 11900
    444 13 18 2.256975 13 18 2.256975 11900
    445 13 18 2.266979 13 18 2.266979 11900
    446 13 18 2.277035 13 18 2.277035 11900
    447 13 18 2.287085 13 18 2.287085 11900
    448 13 18 2.296969 13 18 2.296969 11900
    449 13 18 2.307077 13 18 2.307077 11900
    450 13 18 2.316975 13 18 2.316975 11900
    451 13 18 2.326976 13 18 2.326976 11900
    452 13 18 2.336974 13 18 2.336974 11900
    453 13 18 2.347001 13 18 2.347001 11900
    454 13 18 2.356981 13 18 2.356981 11900
    455 13 18 2.366944 13 18 2.366944 11900
    456 13 18 2.377013 13 18 2.377013 11900
    457 13 18 2.386976 13 18 2.386976 11900
    458 13 18 2.396976 13 18 2.396976 11900
    459 13 18 2.407070 13 18 2.407070 11900
    460 13 18 2.423977 13 18 2.423977 11900
    461 13 18 2.426969 13 18 2.426969 11900
    462 13 18 2.437002 13 18 2.437002 11900
    463 13 18 2.446933 13 18 2.446933 11900
    464 13 18 2.456976 13 18 2.456976 11900
    465 13 18 2.466990 13 18 2.466990 11900
    466 13 18 2.476976 13 18 2.476976 11900
    467 13 18 2.486974 13 18 2.486974 11900
    468 13 18 2.496926 13 18 2.496926 11900
    469 13 18 2.506985 13 18 2.506985 11900
    470 13 18 2.516976 13 18 2.516976 11900
    471 13 18 2.526975 13 18 2.526975 11900
    472 13 18 2.536976 13 18 2.536976 11900
    473 13 18 2.546953 13 18 2.546953 11900
    474 13 18 2.556976 13 18 2.556976 11900
    475 13 18 2.566984 13 18 2.566984 11900
    476 13 18 2.576979 13 18 2.576979 11900
    477 13 18 2.586965 13 18 2.586965 11900
    478 13 18 2.596975 13 18 2.596975 11900
    479 13 18 2.606977 13 18 2.606977 11900
    480 13 18 2.616989 13 18 2.616989 11900
    481 13 18 2.626916 13 18 2.626916 11900
    482 13 18 2.636975 13 18 2.636975 11900
    483 13 18 2.646977 13 18 2.646977 11900
    484 13 18 2.657004 13 18 2.657004 11900
    485 13 18 2.666933 13 18 2.666933 11900
    486 13 18 2.676975 13 18 2.676975 11900
    487 13 18 2.686976 13 18 2.686976 11900
    488 13 18 2.696971 13 18 2.696971 11900
    489 13 18 2.706976 13 18 2.706976 11900
    490 13 18 2.716975 13 18 2.716975 11900
    491 13 18 2.726938 13 18 2.726938 11900
    492 13 18 2.736982 13 18 2.736982 11900
    493 13 18 2.746977 13 18 2.746977 11900
    494 13 18 2.756974 13 18 2.756974 11900
    495 13 18 2.766970 13 18 2.766970 11900
    496 13 18 2.776933 13 18 2.776933 11900
    497 13 18 2.787008 13 18 2.787008 11900
    498 13 18 2.796990 13 18 2.796990 11900
    499 13 18 2.806976 13 18 2.806976 11900
    500 13 18 2.817018 13 18 2.817018 11900
    501 13 18 2.826964 13 18 2.826964 11900
    502 13 18 2.836980 13 18 2.836980 11900
    503 13 18 2.846975 13 18 2.846975 11900
    504 13 18 2.857021 13 18 2.857021 11900
    505 13 18 2.866975 13 18 2.866975 11900
    506 13 18 2.876971 13 18 2.876971 11900
    507 13 18 2.886978 13 18 2.886978 11900
    508 13 18 2.896976 13 18 2.896976 11900
    509 13 18 2.906976 13 18 2.906976 11900
    510 13 18 2.916977 13 18 2.916977 11900
    511 13 18 2.926975 13 18 2.926975 11900
    512 13 18 2.936976 13 18 2.936976 11900
    513 13 18 2.946975 13 18 2.946975 11900
    514 13 18 2.956973 13 18 2.956973 11900
    515 13 18 2.966980 13 18 2.966980 11900
    516 13 18 2.976976 13 18 2.976976 11900
    517 13 18 3.001574 13 18 3.001574 11900
    518 13 18 3.001621 13 18 3.001621 11900
    519 13 18 3.006950 13 18 3.006950 11900
    520 13 18 3.017008 13 18 3.017008 11900
    521 13 18 3.026975 13 18 3.026975 11900
    522 13 18 3.036976 13 18 3.036976 11900
    523 13 18 3.046983 13 18 3.046983 11900
    524 13 18 3.056925 13 18 3.056925 11900
    525 13 18 3.066977 13 18 3.066977 11900
    526 13 18 3.076986 13 18 3.076986 11900
    527 13 18 3.086993 13 18 3.086993 11900
    528 13 18 3.096979 13 18 3.096979 11900
    529 13 18 3.106955 13 18 3.106955 11900
    530 13 18 3.116976 13 18 3.116976 11900
    531 13 18 3.126927 13 18 3.126927 11900
    532 13 18 3.136986 13 18 3.136986 11900
    533 13 18 3.146977 13 18 3.146977 11900
    534 13 18 3.156975 13 18 3.156975 11900
    535 13 18 3.166974 13 18 3.166974 11900
    536 13 18 3.176917 13 18 3.176917 11900
    537 13 18 3.186992 13 18 3.186992 11900
    538 13 18 3.196981 13 18 3.196981 11900
    539 13 18 3.206967 13 18 3.206967 11900
    540 13 18 3.216965 13 18 3.216965 11900
    541 13 18 3.226926 13 18 3.226926 11900
    542 13 18 3.236965 13 18 3.236965 11900
    543 13 18 3.246955 13 18 3.246955 11900
    544 13 18 3.256965 13 18 3.256965 11900
    545 13 18 3.266976 13 18 3.266976 11900
    546 13 18 3.276933 13 18 3.276933 11900
    547 13 18 3.287011 13 18 3.287011 11900
    548 13 18 3.296975 13 18 3.296975 11900
    549 13 18 3.306976 13 18 3.306976 11900
    550 13 18 3.316964 13 18 3.316964 11900
    551 13 18 3.326913 13 18 3.326913 11900
    552 13 18 3.336908 13 18 3.336908 11900
    553 13 18 3.346976 13 18 3.346976 11900
    554 13 18 3.356974 13 18 3.356974 11900
    555 13 18 3.366973 13 18 3.366973 11900
    556 13 18 3.376976 13 18 3.376976 11900
    557 13 18 3.387271 13 18 3.387271 11900
    558 13 18 3.396990 13 18 3.396990 11900
    559 13 18 3.406975 13 18 3.406975 11900
    560 13 18 3.416977 13 18 3.416977 11900
    561 13 18 3.445038 13 18 3.445038 11900
    562 13 18 3.445076 13 18 3.445076 11900
    563 13 18 3.446918 13 18 3.446918 11900
    564 13 18 3.456976 13 18 3.456976 11900
    565 13 18 3.467003 13 18 3.467003 11900
    566 13 18 3.476989 13 18 3.476989 11900
    567 13 18 3.486962 13 18 3.486962 11900
    568 13 18 3.497028 13 18 3.497028 11900
    569 13 18 3.506984 13 18 3.506984 11900
    570 13 18 3.516923 13 18 3.516923 11900
    571 13 18 3.526934 13 18 3.526934 11900
    572 13 18 3.536977 13 18 3.536977 11900
    573 13 18 3.546977 13 18 3.546977 11900
    574 13 18 3.556972 13 18 3.556972 11900
    575 13 18 3.566977 13 18 3.566977 11900
    576 13 18 3.576988 13 18 3.576988 11900
    577 13 18 3.586978 13 18 3.586978 11900
    578 13 18 3.597016 13 18 3.597016 11900
    579 13 18 3.606975 13 18 3.606975 11900
    580 13 18 3.616981 13 18 3.616981 11900
    581 13 18 3.627014 13 18 3.627014 11900
    582 13 18 3.637001 13 18 3.637001 11900
    583 13 18 3.646987 13 18 3.646987 11900
    584 13 18 3.657001 13 18 3.657001 11900
    585 13 18 3.666970 13 18 3.666970 11900
    586 13 18 3.676976 13 18 3.676976 11900
    587 13 18 3.686974 13 18 3.686974 11900
    588 13 18 3.696985 13 18 3.696985 11900
    589 13 18 3.706998 13 18 3.706998 11900
    590 13 18 3.716930 13 18 3.716930 11900
    591 13 18 3.726960 13 18 3.726960 11900
    592 13 18 3.736977 13 18 3.736977 11900
    593 13 18 3.746996 13 18 3.746996 11900
    594 13 18 3.756959 13 18 3.756959 11900
    595 13 18 3.766979 13 18 3.766979 11900
    596 13 18 3.776968 13 18 3.776968 11900
    597 13 18 3.786975 13 18 3.786975 11900
    598 13 18 3.796991 13 18 3.796991 11900
    599 13 18 3.806978 13 18 3.806978 11900
    600 13 18 3.816937 13 18 3.816937 11900
    601 13 18 3.826983 13 18 3.826983 11900
    602 13 18 3.836954 13 18 3.836954 11900
    603 13 18 3.846997 13 18 3.846997 11900
    604 13 18 3.856976 13 18 3.856976 11900
    605 13 18 3.866963 13 18 3.866963 11900
    606 13 18 3.876987 13 18 3.876987 11900
    607 13 18 3.886941 13 18 3.886941 11900
    608 13 18 3.896986 13 18 3.896986 11900
    609 13 18 3.906984 13 18 3.906984 11900
    610 13 18 3.916965 13 18 3.916965 11900
    611 13 18 3.926975 13 18 3.926975 11900
    612 13 18 3.956579 13 18 3.956579 11900
    613 13 18 3.956623 13 18 3.956623 11900
    614 13 18 3.956910 13 18 3.956910 11900
    615 13 18 3.966937 13 18 3.966937 11900
    616 13 18 3.976976 13 18 3.976976 11900
    617 13 18 3.986975 13 18 3.986975 11900
    618 13 18 3.996977 13 18 3.996977 11900
    619 13 18 4.006982 13 18 4.006982 11900
    620 13 18 4.016981 13 18 4.016981 11900
    621 13 18 4.026975 13 18 4.026975 11900
    622 13 18 4.036977 13 18 4.036977 11900
    623 13 18 4.046973 13 18 4.046973 11900
    624 13 18 4.056930 13 18 4.056930 11900
    625 13 18 4.066918 13 18 4.066918 11900
    626 13 18 4.076976 13 18 4.076976 11900
    627 13 18 4.086973 13 18 4.086973 11900
    628 13 18 4.096975 13 18 4.096975 11900
    629 13 18 4.106999 13 18 4.106999 11900
    630 13 18 4.117062 13 18 4.117062 11900
    631 13 18 4.126977 13 18 4.126977 11900
    632 13 18 4.137088 13 18 4.137088 11900
    633 13 18 4.147083 13 18 4.147083 11900
    634 13 18 4.156987 13 18 4.156987 11900
    635 13 18 4.166977 13 18 4.166977 11900
    636 13 18 4.176976 13 18 4.176976 11900
    637 13 18 4.186976 13 18 4.186976 11900
    638 13 18 4.196977 13 18 4.196977 11900
    639 13 18 4.206992 13 18 4.206992 11900
    640 13 18 4.216939 13 18 4.216939 11900
    641 13 18 4.226975 13 18 4.226975 11900
    642 13 18 4.236963 13 18 4.236963 11900
    643 13 18 4.246960 13 18 4.246960 11900
    644 13 18 4.256961 13 18 4.256961 11900
    645 13 18 4.266962 13 18 4.266962 11900
    646 13 18 4.276970 13 18 4.276970 11900
    647 13 18 4.286978 13 18 4.286978 11900
    648 13 18 4.296972 13 18 4.296972 11900
    649 13 18 4.307020 13 18 4.307020 11900
    650 13 18 4.316919 13 18 4.316919 11900
    651 13 18 4.326946 13 18 4.326946 11900
    652 13 18 4.336975 13 18 4.336975 11900
    653 13 18 4.347268 13 18 4.347268 11900
    654 13 18 4.356968 13 18 4.356968 11900
    655 13 18 4.366903 13 18 4.366903 11900
    656 13 18 4.376979 13 18 4.376979 11900
    657 13 18 4.386976 13 18 4.386976 11900
    658 13 18 4.396974 13 18 4.396974 11900
    659 13 18 4.407193 13 18 4.407193 11900
    660 13 18 4.416986 13 18 4.416986 11900
    661 13 18 4.426979 13 18 4.426979 11900
    662 13 18 4.436912 13 18 4.436912 11900
    663 13 18 4.446970 13 18 4.446970 11900
    664 13 18 4.456977 13 18 4.456977 11900
    665 13 18 4.466974 13 18 4.466974 11900
    666 13 18 4.476975 13 18 4.476975 11900
    667 13 18 4.486975 13 18 4.486975 11900
    668 13 18 4.496921 13 18 4.496921 11900
    669 13 18 4.506984 13 18 4.506984 11900
    670 13 18 4.516931 13 18 4.516931 11900
    671 13 18 4.526970 13 18 4.526970 11900
    672 13 18 4.536986 13 18 4.536986 11900
    673 13 18 4.546961 13 18 4.546961 11900
    674 13 18 4.556979 13 18 4.556979 11900
    675 13 18 4.566932 13 18 4.566932 11900
    676 13 18 4.576930 13 18 4.576930 11900
    677 13 18 4.587009 13 18 4.587009 11900
    678 13 18 4.596981 13 18 4.596981 11900
    679 13 18 4.606977 13 18 4.606977 11900
    680 13 18 4.616977 13 18 4.616977 11900
    681 13 18 4.626959 13 18 4.626959 11900
    682 13 18 4.637023 13 18 4.637023 11900
    683 13 18 4.646944 13 18 4.646944 11900
    684 13 18 4.656976 13 18 4.656976 11900
    685 13 18 4.666972 13 18 4.666972 11900
    686 13 18 4.676974 13 18 4.676974 11900
    687 13 18 4.686981 13 18 4.686981 11900
    688 13 18 4.696978 13 18 4.696978 11900
    689 13 18 4.706957 13 18 4.706957 11900
    690 13 18 4.716977 13 18 4.716977 11900
    691 13 18 4.726939 13 18 4.726939 11900
    692 13 18 4.736995 13 18 4.736995 11900
    693 13 18 4.746978 13 18 4.746978 11900
    694 13 18 4.756975 13 18 4.756975 11900
    695 13 18 4.766976 13 18 4.766976 11900
    696 13 18 4.776977 13 18 4.776977 11900
    697 13 18 4.786965 13 18 4.786965 11900
    698 13 18 4.796978 13 18 4.796978 11900
    699 13 18 4.806942 13 18 4.806942 11900
    700 13 18 4.816976 13 18 4.816976 11900
    701 13 18 4.826997 13 18 4.826997 11900
    702 13 18 4.837013 13 18 4.837013 11900
    703 13 18 4.846978 13 18 4.846978 11900
    704 13 18 4.856977 13 18 4.856977 11900
    705 13 18 4.866977 13 18 4.866977 11900
    706 13 18 4.876990 13 18 4.876990 11900
    707 13 18 4.886955 13 18 4.886955 11900
    708 13 18 4.896976 13 18 4.896976 11900
    709 13 18 4.906917 13 18 4.906917 11900
    710 13 18 4.916961 13 18 4.916961 11900
    711 13 18 4.927146 13 18 4.927146 11900
    712 13 18 4.958181 13 18 4.958181 11900
    713 13 18 4.958219 13 18 4.958219 11900
    714 13 18 4.958254 13 18 4.958254 11900
    715 13 18 4.966915 13 18 4.966915 11900
    716 13 18 4.976938 13 18 4.976938 11900
    717 13 18 4.986938 13 18 4.986938 11900
    718 13 18 4.997012 13 18 4.997012 11900
    719 13 18 5.006998 13 18 5.006998 11900
    720 13 18 5.016968 13 18 5.016968 11900
    721 13 18 5.026995 13 18 5.026995 11900
    722 13 18 5.036965 13 18 5.036965 11900
    723 13 18 5.046978 13 18 5.046978 11900
    724 13 18 5.057001 13 18 5.057001 11900
    725 13 18 5.067001 13 18 5.067001 11900
    726 13 18 5.076918 13 18 5.076918 11900
    727 13 18 5.087029 13 18 5.087029 11900
    728 13 18 5.096974 13 18 5.096974 11900
    729 13 18 5.106975 13 18 5.106975 11900
    730 13 18 5.117021 13 18 5.117021 11900
    731 13 18 5.126926 13 18 5.126926 11900
    732 13 18 5.136974 13 18 5.136974 11900
    733 13 18 5.146923 13 18 5.146923 11900
    734 13 18 5.156995 13 18 5.156995 11900
    735 13 18 5.166973 13 18 5.166973 11900
    736 13 18 5.176966 13 18 5.176966 11900
    737 13 18 5.186980 13 18 5.186980 11900
    738 13 18 5.196947 13 18 5.196947 11900
    739 13 18 5.207005 13 18 5.207005 11900
    740 13 18 5.216957 13 18 5.216957 11900
    741 13 18 5.226995 13 18 5.226995 11900
    742 13 18 5.236977 13 18 5.236977 11900
    743 13 18 5.246953 13 18 5.246953 11900
    744 13 18 5.256975 13 18 5.256975 11900
    745 13 18 5.266960 13 18 5.266960 11900
    746 13 18 5.276988 13 18 5.276988 11900
    747 13 18 5.286926 13 18 5.286926 11900
    748 13 18 5.296983 13 18 5.296983 11900
    749 13 18 5.306976 13 18 5.306976 11900
    750 13 18 5.316972 13 18 5.316972 11900
    751 13 18 5.326977 13 18 5.326977 11900
    752 13 18 5.336941 13 18 5.336941 11900
    753 13 18 5.346975 13 18 5.346975 11900
    754 13 18 5.356936 13 18 5.356936 11900
    755 13 18 5.367009 13 18 5.367009 11900
    756 13 18 5.376997 13 18 5.376997 11900
    757 13 18 5.386976 13 18 5.386976 11900
    758 13 18 5.396975 13 18 5.396975 11900
    759 13 18 5.406990 13 18 5.406990 11900
    760 13 18 5.416977 13 18 5.416977 11900
    761 13 18 5.426994 13 18 5.426994 11900
    762 13 18 5.436977 13 18 5.436977 11900
    763 13 18 5.446944 13 18 5.446944 11900
    764 13 18 5.456974 13 18 5.456974 11900
    765 13 18 5.466960 13 18 5.466960 11900
    766 13 18 5.477000 13 18 5.477000 11900
    767 13 18 5.487017 13 18 5.487017 11900
    768 13 18 5.496985 13 18 5.496985 11900
    769 13 18 5.506950 13 18 5.506950 11900
    770 13 18 5.516950 13 18 5.516950 11900
    771 13 18 5.527012 13 18 5.527012 11900
    772 13 18 5.536921 13 18 5.536921 11900
    773 13 18 5.546974 13 18 5.546974 11900
    774 13 18 5.557000 13 18 5.557000 11900
    775 13 18 5.566969 13 18 5.566969 11900
    776 13 18 5.576977 13 18 5.576977 11900
    777 13 18 5.586977 13 18 5.586977 11900
    778 13 18 5.596968 13 18 5.596968 11900
    779 13 18 5.606975 13 18 5.606975 11900
    780 13 18 5.616987 13 18 5.616987 11900
    781 13 18 5.626973 13 18 5.626973 11900
    782 13 18 5.636974 13 18 5.636974 11900
    783 13 18 5.646976 13 18 5.646976 11900
    784 13 18 5.656975 13 18 5.656975 11900
    785 13 18 5.666965 13 18 5.666965 11900
    786 13 18 5.676927 13 18 5.676927 11900
    787 13 18 5.686985 13 18 5.686985 11900
    788 13 18 5.696976 13 18 5.696976 11900
    789 13 18 5.706978 13 18 5.706978 11900
    790 13 18 5.716950 13 18 5.716950 11900
    791 13 18 5.726958 13 18 5.726958 11900
    792 13 18 5.736977 13 18 5.736977 11900
    793 13 18 5.746975 13 18 5.746975 11900
    794 13 18 5.756977 13 18 5.756977 11900
    795 13 18 5.766973 13 18 5.766973 11900
    796 13 18 5.776923 13 18 5.776923 11900
    797 13 18 5.786978 13 18 5.786978 11900
    798 13 18 5.796972 13 18 5.796972 11900
    799 13 18 5.806963 13 18 5.806963 11900
    800 13 18 5.816964 13 18 5.816964 11900
    801 13 18 5.826964 13 18 5.826964 11900
    802 13 18 5.836905 13 18 5.836905 11900
    803 13 18 5.846966 13 18 5.846966 11900
    804 13 18 5.856963 13 18 5.856963 11900
    805 13 18 5.866977 13 18 5.866977 11900
    806 13 18 5.876991 13 18 5.876991 11900
    807 13 18 5.887005 13 18 5.887005 11900
    808 13 18 5.897026 13 18 5.897026 11900
    809 13 18 5.906937 13 18 5.906937 11900
    810 13 18 5.917005 13 18 5.917005 11900
    811 13 18 5.926987 13 18 5.926987 11900
    812 13 18 5.937000 13 18 5.937000 11900
    813 13 18 5.946977 13 18 5.946977 11900
    814 13 18 5.976494 13 18 5.976494 11900
    815 13 18 5.976568 13 18 5.976568 11900
    816 13 18 5.976967 13 18 5.976967 11900
    817 13 18 5.987014 13 18 5.987014 11900
    818 13 18 5.996938 13 18 5.996938 11900
    819 13 18 6.006985 13 18 6.006985 11900
    820 13 18 6.016974 13 18 6.016974 11900
    821 13 18 6.026990 13 18 6.026990 11900
    822 13 18 6.036976 13 18 6.036976 11900
    823 13 18 6.046952 13 18 6.046952 11900
    824 13 18 6.056975 13 18 6.056975 11900
    825 13 18 6.066932 13 18 6.066932 11900
    826 13 18 6.077016 13 18 6.077016 11900
    827 13 18 6.086979 13 18 6.086979 11900
    828 13 18 6.096993 13 18 6.096993 11900
    829 13 18 6.106971 13 18 6.106971 11900
    830 13 18 6.116978 13 18 6.116978 11900
    831 13 18 6.127029 13 18 6.127029 11900
    832 13 18 6.136974 13 18 6.136974 11900
    833 13 18 6.146913 13 18 6.146913 11900
    834 13 18 6.157047 13 18 6.157047 11900
    835 13 18 6.166934 13 18 6.166934 11900
    836 13 18 6.176976 13 18 6.176976 11900
    837 13 18 6.186989 13 18 6.186989 11900
    838 13 18 6.196970 13 18 6.196970 11900
    839 13 18 6.206980 13 18 6.206980 11900
    840 13 18 6.216954 13 18 6.216954 11900
    841 13 18 6.226939 13 18 6.226939 11900
    842 13 18 6.236979 13 18 6.236979 11900
    843 13 18 6.246978 13 18 6.246978 11900
    844 13 18 6.256974 13 18 6.256974 11900
    845 13 18 6.266975 13 18 6.266975 11900
    846 13 18 6.276936 13 18 6.276936 11900
    847 13 18 6.287005 13 18 6.287005 11900
    848 13 18 6.296975 13 18 6.296975 11900
    849 13 18 6.306975 13 18 6.306975 11900
    850 13 18 6.316976 13 18 6.316976 11900
    851 13 18 6.326964 13 18 6.326964 11900
    852 13 18 6.336975 13 18 6.336975 11900
    853 13 18 6.347016 13 18 6.347016 11900
    854 13 18 6.356923 13 18 6.356923 11900
    855 13 18 6.366988 13 18 6.366988 11900
    856 13 18 6.376973 13 18 6.376973 11900
    857 13 18 6.386975 13 18 6.386975 11900
    858 13 18 6.396980 13 18 6.396980 11900
    859 13 18 6.406956 13 18 6.406956 11900
    860 13 18 6.416977 13 18 6.416977 11900
    861 13 18 6.426987 13 18 6.426987 11900
    862 13 18 6.437011 13 18 6.437011 11900
    863 13 18 6.446931 13 18 6.446931 11900
    864 13 18 6.456977 13 18 6.456977 11900
    865 13 18 6.466981 13 18 6.466981 11900
    866 13 18 6.476976 13 18 6.476976 11900
    867 13 18 6.486975 13 18 6.486975 11900
    868 13 18 6.496969 13 18 6.496969 11900
    869 13 18 6.507053 13 18 6.507053 11900
    870 13 18 6.516994 13 18 6.516994 11900
    871 13 18 6.526976 13 18 6.526976 11900
    872 13 18 6.536979 13 18 6.536979 11900
    873 13 18 6.546986 13 18 6.546986 11900
    874 13 18 6.556992 13 18 6.556992 11900
    875 13 18 6.566939 13 18 6.566939 11900
    876 13 18 6.576984 13 18 6.576984 11900
    877 13 18 6.586979 13 18 6.586979 11900
    878 13 18 6.596930 13 18 6.596930 11900
    879 13 18 6.606975 13 18 6.606975 11900
    880 13 18 6.616977 13 18 6.616977 11900
    881 13 18 6.626974 13 18 6.626974 11900
    882 13 18 6.636967 13 18 6.636967 11900
    883 13 18 6.646933 13 18 6.646933 11900
    884 13 18 6.656985 13 18 6.656985 11900
    885 13 18 6.666978 13 18 6.666978 11900
    886 13 18 6.677014 13 18 6.677014 11900
    887 13 18 6.686975 13 18 6.686975 11900
    888 13 18 6.696976 13 18 6.696976 11900
    889 13 18 6.706978 13 18 6.706978 11900
    890 13 18 6.716986 13 18 6.716986 11900
    891 13 18 6.726981 13 18 6.726981 11900
    892 13 18 6.736974 13 18 6.736974 11900
    893 13 18 6.746970 13 18 6.746970 11900
    894 13 18 6.756980 13 18 6.756980 11900
    895 13 18 6.766982 13 18 6.766982 11900
    896 13 18 6.776988 13 18 6.776988 11900
    897 13 18 6.786997 13 18 6.786997 11900
    898 13 18 6.796979 13 18 6.796979 11900
    899 13 18 6.807017 13 18 6.807017 11900
    900 13 18 6.817008 13 18 6.817008 11900
    901 13 18 6.826985 13 18 6.826985 11900
    902 13 18 6.836989 13 18 6.836989 11900
    903 13 18 6.846959 13 18 6.846959 11900
    904 13 18 6.857072 13 18 6.857072 11900
    905 13 18 6.866979 13 18 6.866979 11900
    906 13 18 6.877025 13 18 6.877025 11900
    907 13 18 6.887025 13 18 6.887025 11900
    908 13 18 6.897052 13 18 6.897052 11900
    909 13 18 6.907006 13 18 6.907006 11900
    910 13 18 6.916973 13 18 6.916973 11900
    911 13 18 6.927016 13 18 6.927016 11900
    912 13 18 6.936985 13 18 6.936985 11900
    913 13 18 6.947833 13 18 6.947833 11900
    914 13 18 6.956978 13 18 6.956978 11900
    915 13 18 6.992230 13 18 6.992230 11900
    916 13 18 6.992307 13 18 6.992307 11900
    917 13 18 6.992378 13 18 6.992378 11900
    918 13 18 6.996985 13 18 6.996985 11900
    919 13 18 7.006986 13 18 7.006986 11900
    920 13 18 7.016977 13 18 7.016977 11900
    921 13 18 7.026995 13 18 7.026995 11900
    922 13 18 7.036983 13 18 7.036983 11900
    923 13 18 7.046971 13 18 7.046971 11900
    924 13 18 7.056994 13 18 7.056994 11900
    925 13 18 7.066940 13 18 7.066940 11900
    926 13 18 7.076978 13 18 7.076978 11900
    927 13 18 7.086966 13 18 7.086966 11900
    928 13 18 7.097019 13 18 7.097019 11900
    929 13 18 7.107063 13 18 7.107063 11900
    930 13 18 7.116977 13 18 7.116977 11900
    931 13 18 7.126979 13 18 7.126979 11900
    932 13 18 7.136989 13 18 7.136989 11900
    933 13 18 7.147039 13 18 7.147039 11900
    934 13 18 7.156977 13 18 7.156977 11900
    935 13 18 7.166978 13 18 7.166978 11900
    936 13 18 7.177125 13 18 7.177125 11900
    937 13 18 7.187138 13 18 7.187138 11900
    938 13 18 7.197013 13 18 7.197013 11900
    939 13 18 7.207103 13 18 7.207103 11900
    940 13 18 7.217005 13 18 7.217005 11900
    941 13 18 7.226956 13 18 7.226956 11900
    942 13 18 7.236984 13 18 7.236984 11900
    943 13 18 7.246976 13 18 7.246976 11900
    944 13 18 7.256975 13 18 7.256975 11900
    945 13 18 7.267012 13 18 7.267012 11900
    946 13 18 7.276924 13 18 7.276924 11900
    947 13 18 7.286976 13 18 7.286976 11900
    948 13 18 7.296978 13 18 7.296978 11900
    949 13 18 7.306974 13 18 7.306974 11900
    950 13 18 7.316976 13 18 7.316976 11900
    951 13 18 7.326997 13 18 7.326997 11900
    952 13 18 7.336978 13 18 7.336978 11900
    953 13 18 7.346978 13 18 7.346978 11900
    954 13 18 7.356989 13 18 7.356989 11900
    955 13 18 7.366938 13 18 7.366938 11900
    956 13 18 7.376999 13 18 7.376999 11900
    957 13 18 7.386978 13 18 7.386978 11900
    958 13 18 7.397021 13 18 7.397021 11900
    959 13 18 7.407003 13 18 7.407003 11900
    960 13 18 7.416978 13 18 7.416978 11900
    961 13 18 7.427005 13 18 7.427005 11900
    962 13 18 7.436982 13 18 7.436982 11900
    963 13 18 7.446989 13 18 7.446989 11900
    964 13 18 7.456979 13 18 7.456979 11900
    965 13 18 7.466985 13 18 7.466985 11900
    966 13 18 7.476990 13 18 7.476990 11900
    967 13 18 7.486959 13 18 7.486959 11900
    968 13 18 7.497004 13 18 7.497004 11900
    969 13 18 7.506937 13 18 7.506937 11900
    970 13 18 7.516985 13 18 7.516985 11900
    971 13 18 7.527005 13 18 7.527005 11900
    972 13 18 7.537003 13 18 7.537003 11900
    973 13 18 7.546987 13 18 7.546987 11900
    974 13 18 7.557025 13 18 7.557025 11900
    975 13 18 7.567013 13 18 7.567013 11900
    976 13 18 7.577001 13 18 7.577001 11900
    977 13 18 7.587009 13 18 7.587009 11900
    978 13 18 7.597004 13 18 7.597004 11900
    979 13 18 7.606980 13 18 7.606980 11900
    980 13 18 7.616976 13 18 7.616976 11900
    981 13 18 7.626974 13 18 7.626974 11900
    982 13 18 7.636978 13 18 7.636978 11900
    983 13 18 7.646981 13 18 7.646981 11900
    984 13 18 7.656977 13 18 7.656977 11900
    985 13 18 7.666985 13 18 7.666985 11900
    986 13 18 7.676975 13 18 7.676975 11900
    987 13 18 7.686986 13 18 7.686986 11900
    988 13 18 7.696947 13 18 7.696947 11900
    989 13 18 7.706990 13 18 7.706990 11900
    990 13 18 7.716978 13 18 7.716978 11900
    991 13 18 7.726982 13 18 7.726982 11900
    992 13 18 7.736920 13 18 7.736920 11900
    993 13 18 7.747041 13 18 7.747041 11900
    994 13 18 7.756981 13 18 7.756981 11900
    995 13 18 7.766977 13 18 7.766977 11900
    996 13 18 7.777008 13 18 7.777008 11900
    997 13 18 7.786983 13 18 7.786983 11900
    998 13 18 7.796981 13 18 7.796981 11900
    999 13 18 7.807004 13 18 7.807004 11900
   1000 13 18 7.816980 13 18 7.816980 11900
