      1 13 11 16.668261 13 11 16.677133 8600
      2 13 11 16.678426 13 11 16.686758 8600
      3 13 11 16.688383 13 11 16.696618 8600
      4 13 11 16.698661 13 11 16.708152 8600
      5 13 11 16.708373 13 11 16.716387 8600
      6 13 11 16.718364 13 11 16.726818 8600
      7 13 11 16.728466 13 11 16.737147 8600
      8 13 11 16.738434 13 11 16.746721 8600
      9 13 11 16.748439 13 11 16.756695 8600
     10 13 11 16.758393 13 11 16.766632 8600
     11 13 11 16.768383 13 11 16.776502 8600
     12 13 11 16.778365 13 11 16.787649 8600
     13 13 11 16.788361 13 11 16.796392 8600
     14 13 11 16.798376 13 11 16.807207 8600
     15 13 11 16.808351 13 11 16.817457 8600
     16 13 11 16.818536 13 11 16.826668 8600
     17 13 11 16.828354 13 11 16.836589 8600
     18 13 11 16.838428 13 11 16.846619 8600
     19 13 11 16.848358 13 11 16.856685 8600
     20 13 11 16.858426 13 11 16.866669 8600
     21 13 11 16.868497 13 11 16.876598 8600
     22 13 11 16.878425 13 11 16.886589 8600
     23 13 11 16.888414 13 11 16.896563 8600
     24 13 11 16.898419 13 11 16.906441 8600
     25 13 11 16.908346 13 11 16.916384 8600
     26 13 11 16.918416 13 11 16.927786 8600
     27 13 11 16.928384 13 11 16.936610 8600
     28 13 11 16.938389 13 11 16.946714 8600
     29 13 11 16.948377 13 11 16.957405 8600
     30 13 11 16.958576 13 11 16.966784 8600
     31 13 11 16.968478 13 11 16.976608 8600
     32 13 11 16.978387 13 11 16.986460 8600
     33 13 11 16.988361 13 11 16.996465 8600
     34 13 11 16.998367 13 11 17.006354 8600
     35 13 11 17.008371 13 11 17.017323 8600
     36 13 11 17.018443 13 11 17.026734 8600
     37 13 11 17.028463 13 11 17.036843 8600
     38 13 11 17.038450 13 11 17.046693 8600
     39 13 11 17.048415 13 11 17.056639 8600
     40 13 11 17.058365 13 11 17.066617 8600
     41 13 11 17.068424 13 11 17.076654 8600
     42 13 11 17.078441 13 11 17.086628 8600
     43 13 11 17.088436 13 11 17.096613 8600
     44 13 11 17.098362 13 11 17.106341 8600
     45 13 11 17.108360 13 11 17.116330 8600
     46 13 11 17.118372 13 11 17.127611 8600
     47 13 11 17.128465 13 11 17.136721 8600
     48 13 11 17.138472 13 11 17.146588 8600
     49 13 11 17.148376 13 11 17.156555 8600
     50 13 11 17.158456 13 11 17.172384 8600
     51 13 11 17.168352 13 11 17.179615 8600
     52 13 11 17.178474 13 11 17.186831 8600
     53 13 11 17.188351 13 11 17.196284 8600
     54 13 11 17.198357 13 11 17.206402 8600
     55 13 11 17.208389 13 11 17.217531 8600
     56 13 11 17.218429 13 11 17.227302 8600
     57 13 11 17.228404 13 11 17.236684 8600
     58 13 11 17.238440 13 11 17.246676 8600
     59 13 11 17.248429 13 11 17.256702 8600
     60 13 11 17.258427 13 11 17.266602 8600
     61 13 11 17.268422 13 11 17.276581 8600
     62 13 11 17.278432 13 11 17.286574 8600
     63 13 11 17.288434 13 11 17.296493 8600
     64 13 11 17.298370 13 11 17.307147 8600
     65 13 11 17.308348 13 11 17.316300 8600
     66 13 11 17.318412 13 11 17.327946 8600
     67 13 11 17.328382 13 11 17.336898 8600
     68 13 11 17.338428 13 11 17.346596 8600
     69 13 11 17.348425 13 11 17.356501 8600
     70 13 11 17.358422 13 11 17.366634 8600
     71 13 11 17.368552 13 11 17.376678 8600
     72 13 11 17.378365 13 11 17.386357 8600
     73 13 11 17.388376 13 11 17.397750 8600
     74 13 11 17.398362 13 11 17.406313 8600
     75 13 11 17.408398 13 11 17.417662 8600
     76 13 11 17.418428 13 11 17.426543 8600
     77 13 11 17.428470 13 11 17.436752 8600
     78 13 11 17.438383 13 11 17.446643 8600
     79 13 11 17.448456 13 11 17.456644 8600
     80 13 11 17.458429 13 11 17.466546 8600
     81 13 11 17.468451 13 11 17.476725 8600
     82 13 11 17.478428 13 11 17.486523 8600
     83 13 11 17.488371 13 11 17.496628 8600
     84 13 11 17.498463 13 11 17.506741 8600
     85 13 11 17.508365 13 11 17.516405 8600
     86 13 11 17.518298 13 11 17.526720 8600
     87 13 11 17.528808 13 11 17.537205 8600
     88 13 11 17.538433 13 11 17.546699 8600
     89 13 11 17.548418 13 11 17.556888 8600
     90 13 11 17.558468 13 11 17.566777 8600
     91 13 11 17.568425 13 11 17.576674 8600
     92 13 11 17.578365 13 11 17.586348 8600
     93 13 11 17.588362 13 11 17.597317 8600
     94 13 11 17.598387 13 11 17.606501 8600
     95 13 11 17.608364 13 11 17.617021 8600
     96 13 11 17.618410 13 11 17.627148 8600
     97 13 11 17.628327 13 11 17.637473 8600
     98 13 11 17.638441 13 11 17.646641 8600
     99 13 11 17.648419 13 11 17.656617 8600
    100 13 11 17.658419 13 11 17.672568 8600
    101 13 11 17.668433 13 11 17.679670 8600
    102 13 11 17.678449 13 11 17.687060 8600
    103 13 11 17.688439 13 11 17.697673 8600
    104 13 11 17.698374 13 11 17.706364 8600
    105 13 11 17.708369 13 11 17.716355 8600
    106 13 11 17.718385 13 11 17.729531 8600
    107 13 11 17.729037 13 11 17.737747 8600
    108 13 11 17.738395 13 11 17.746545 8600
    109 13 11 17.748421 13 11 17.756571 8600
    110 13 11 17.758419 13 11 17.766512 8600
    111 13 11 17.768359 13 11 17.776354 8600
    112 13 11 17.778363 13 11 17.787271 8600
    113 13 11 17.788333 13 11 17.797202 8600
    114 13 11 17.798365 13 11 17.806346 8600
    115 13 11 17.808363 13 11 17.817066 8600
    116 13 11 17.818457 13 11 17.827234 8600
    117 13 11 17.828445 13 11 17.836611 8600
    118 13 11 17.838432 13 11 17.846551 8600
    119 13 11 17.848359 13 11 17.856577 8600
    120 13 11 17.858364 13 11 17.866464 8600
    121 13 11 17.868390 13 11 17.876771 8600
    122 13 11 17.878474 13 11 17.886724 8600
    123 13 11 17.888490 13 11 17.897258 8600
    124 13 11 17.898468 13 11 17.906682 8600
    125 13 11 17.908367 13 11 17.916378 8600
    126 13 11 17.918383 13 11 17.928627 8600
    127 13 11 17.928535 13 11 17.937035 8600
    128 13 11 17.938375 13 11 17.946549 8600
    129 13 11 17.948423 13 11 17.956651 8600
    130 13 11 17.958431 13 11 17.966660 8600
    131 13 11 17.968433 13 11 17.976585 8600
    132 13 11 17.978359 13 11 17.986409 8600
    133 13 11 17.988381 13 11 17.997365 8600
    134 13 11 17.998363 13 11 18.007229 8600
    135 13 11 18.008364 13 11 18.017804 8600
    136 13 11 18.018464 13 11 18.027257 8600
    137 13 11 18.028393 13 11 18.036574 8600
    138 13 11 18.038423 13 11 18.050636 8600
    139 13 11 18.048431 13 11 18.060583 8600
    140 13 11 18.058578 13 11 18.067689 8600
    141 13 11 18.068515 13 11 18.076926 8600
    142 13 11 18.078443 13 11 18.086632 8600
    143 13 11 18.088415 13 11 18.096610 8600
    144 13 11 18.098430 13 11 18.106577 8600
    145 13 11 18.108357 13 11 18.116413 8600
    146 13 11 18.118363 13 11 18.127917 8600
    147 13 11 18.128900 13 11 18.137278 8600
    148 13 11 18.138380 13 11 18.146542 8600
    149 13 11 18.148361 13 11 18.156517 8600
    150 13 11 18.158387 13 11 18.172572 8600
    151 13 11 18.168430 13 11 18.179600 8600
    152 13 11 18.178418 13 11 18.186809 8600
    153 13 11 18.188341 13 11 18.196352 8600
    154 13 11 18.198380 13 11 18.207274 8600
    155 13 11 18.208337 13 11 18.217289 8600
    156 13 11 18.218356 13 11 18.227644 8600
    157 13 11 18.228397 13 11 18.236602 8600
    158 13 11 18.238365 13 11 18.247461 8600
    159 13 11 18.248439 13 11 18.256619 8600
    160 13 11 18.258427 13 11 18.266595 8600
    161 13 11 18.268421 13 11 18.276605 8600
    162 13 11 18.278370 13 11 18.286591 8600
    163 13 11 18.288416 13 11 18.296534 8600
    164 13 11 18.298431 13 11 18.306519 8600
    165 13 11 18.308377 13 11 18.316359 8600
    166 13 11 18.318359 13 11 18.327769 8600
    167 13 11 18.328329 13 11 18.336863 8600
    168 13 11 18.338425 13 11 18.346524 8600
    169 13 11 18.348414 13 11 18.356621 8600
    170 13 11 18.358364 13 11 18.366562 8600
    171 13 11 18.368435 13 11 18.376417 8600
    172 13 11 18.378358 13 11 18.386334 8600
    173 13 11 18.388425 13 11 18.397729 8600
    174 13 11 18.398427 13 11 18.406386 8600
    175 13 11 18.408356 13 11 18.416388 8600
    176 13 11 18.418372 13 11 18.427427 8600
    177 13 11 18.428518 13 11 18.436719 8600
    178 13 11 18.438430 13 11 18.446635 8600
    179 13 11 18.448380 13 11 18.456499 8600
    180 13 11 18.458366 13 11 18.466608 8600
    181 13 11 18.468360 13 11 18.476635 8600
    182 13 11 18.478363 13 11 18.486533 8600
    183 13 11 18.488459 13 11 18.496679 8600
    184 13 11 18.498432 13 11 18.506575 8600
    185 13 11 18.508376 13 11 18.516410 8600
    186 13 11 18.518370 13 11 18.527387 8600
    187 13 11 18.528648 13 11 18.537116 8600
    188 13 11 18.538368 13 11 18.546604 8600
    189 13 11 18.548439 13 11 18.557517 8600
    190 13 11 18.558448 13 11 18.573156 8600
    191 13 11 18.570893 13 11 18.582146 8600
    192 13 11 18.578378 13 11 18.588546 8600
    193 13 11 18.588384 13 11 18.598796 8600
    194 13 11 18.598369 13 11 18.606420 8600
    195 13 11 18.608375 13 11 18.616537 8600
    196 13 11 18.618363 13 11 18.627572 8600
    197 13 11 18.628447 13 11 18.636641 8600
    198 13 11 18.638429 13 11 18.646598 8600
    199 13 11 18.648423 13 11 18.656576 8600
    200 13 11 18.658426 13 11 18.672831 8600
    201 13 11 18.668423 13 11 18.679732 8600
    202 13 11 18.678426 13 11 18.686979 8600
    203 13 11 18.688364 13 11 18.696542 8600
    204 13 11 18.698366 13 11 18.706360 8600
    205 13 11 18.708379 13 11 18.716394 8600
    206 13 11 18.718396 13 11 18.728000 8600
    207 13 11 18.728598 13 11 18.737780 8600
    208 13 11 18.738482 13 11 18.747738 8600
    209 13 11 18.748360 13 11 18.756841 8600
    210 13 11 18.758427 13 11 18.766539 8600
    211 13 11 18.768436 13 11 18.776643 8600
    212 13 11 18.778508 13 11 18.786519 8600
    213 13 11 18.788378 13 11 18.796599 8600
    214 13 11 18.798611 13 11 18.807251 8600
    215 13 11 18.808302 13 11 18.816424 8600
    216 13 11 18.818456 13 11 18.827401 8600
    217 13 11 18.828483 13 11 18.836741 8600
    218 13 11 18.838394 13 11 18.846510 8600
    219 13 11 18.848448 13 11 18.856602 8600
    220 13 11 18.858426 13 11 18.866707 8600
    221 13 11 18.868425 13 11 18.876626 8600
    222 13 11 18.878419 13 11 18.886641 8600
    223 13 11 18.888360 13 11 18.896540 8600
    224 13 11 18.898427 13 11 18.907194 8600
    225 13 11 18.908366 13 11 18.916366 8600
    226 13 11 18.918375 13 11 18.927512 8600
    227 13 11 18.928401 13 11 18.937388 8600
    228 13 11 18.938569 13 11 18.947351 8600
    229 13 11 18.948529 13 11 18.956768 8600
    230 13 11 18.958384 13 11 18.966836 8600
    231 13 11 18.968325 13 11 18.977508 8600
    232 13 11 18.978494 13 11 18.987438 8600
    233 13 11 18.988368 13 11 18.996431 8600
    234 13 11 18.998428 13 11 19.006433 8600
    235 13 11 19.008376 13 11 19.016539 8600
    236 13 11 19.018340 13 11 19.026990 8600
    237 13 11 19.028383 13 11 19.037272 8600
    238 13 11 19.038396 13 11 19.046576 8600
    239 13 11 19.048448 13 11 19.056830 8600
    240 13 11 19.058523 13 11 19.066904 8600
    241 13 11 19.068480 13 11 19.077556 8600
    242 13 11 19.078486 13 11 19.086853 8600
    243 13 11 19.088418 13 11 19.096758 8600
    244 13 11 19.098751 13 11 19.106922 8600
    245 13 11 19.108363 13 11 19.116347 8600
    246 13 11 19.118362 13 11 19.126459 8600
    247 13 11 19.128412 13 11 19.136831 8600
    248 13 11 19.138407 13 11 19.146557 8600
    249 13 11 19.148443 13 11 19.156597 8600
    250 13 11 19.158435 13 11 19.173587 8600
    251 13 11 19.168361 13 11 19.179898 8600
    252 13 11 19.178406 13 11 19.186848 8600
    253 13 11 19.188372 13 11 19.196355 8600
    254 13 11 19.198361 13 11 19.206388 8600
    255 13 11 19.208345 13 11 19.216449 8600
    256 13 11 19.218450 13 11 19.227524 8600
    257 13 11 19.228394 13 11 19.236533 8600
    258 13 11 19.238429 13 11 19.246660 8600
    259 13 11 19.248383 13 11 19.256841 8600
    260 13 11 19.258427 13 11 19.267300 8600
    261 13 11 19.268437 13 11 19.276579 8600
    262 13 11 19.278428 13 11 19.286570 8600
    263 13 11 19.288427 13 11 19.296611 8600
    264 13 11 19.298431 13 11 19.306485 8600
    265 13 11 19.308361 13 11 19.316331 8600
    266 13 11 19.318424 13 11 19.328316 8600
    267 13 11 19.328397 13 11 19.337113 8600
    268 13 11 19.339019 13 11 19.347183 8600
    269 13 11 19.348448 13 11 19.356732 8600
    270 13 11 19.358429 13 11 19.366652 8600
    271 13 11 19.368493 13 11 19.376718 8600
    272 13 11 19.378361 13 11 19.386426 8600
    273 13 11 19.388418 13 11 19.396421 8600
    274 13 11 19.398362 13 11 19.407447 8600
    275 13 11 19.408363 13 11 19.416415 8600
    276 13 11 19.418406 13 11 19.427644 8600
    277 13 11 19.428383 13 11 19.436523 8600
    278 13 11 19.438449 13 11 19.446591 8600
    279 13 11 19.448426 13 11 19.456654 8600
    280 13 11 19.458386 13 11 19.466660 8600
    281 13 11 19.468460 13 11 19.484389 8600
    282 13 11 19.479645 13 11 19.491471 8600
    283 13 11 19.488361 13 11 19.498699 8600
    284 13 11 19.498487 13 11 19.506629 8600
    285 13 11 19.508414 13 11 19.516628 8600
    286 13 11 19.518339 13 11 19.526596 8600
    287 13 11 19.528465 13 11 19.536888 8600
    288 13 11 19.538522 13 11 19.546983 8600
    289 13 11 19.548497 13 11 19.557522 8600
    290 13 11 19.558422 13 11 19.566736 8600
    291 13 11 19.568452 13 11 19.576722 8600
    292 13 11 19.578455 13 11 19.587550 8600
    293 13 11 19.592220 13 11 19.602572 8600
    294 13 11 19.598354 13 11 19.610859 8600
    295 13 11 19.608505 13 11 19.617449 8600
    296 13 11 19.618435 13 11 19.627506 8600
    297 13 11 19.628333 13 11 19.636677 8600
    298 13 11 19.638421 13 11 19.647411 8600
    299 13 11 19.648490 13 11 19.656687 8600
    300 13 11 19.658439 13 11 19.672634 8600
    301 13 11 19.668504 13 11 19.679822 8600
    302 13 11 19.678618 13 11 19.686928 8600
    303 13 11 19.688417 13 11 19.696663 8600
    304 13 11 19.698422 13 11 19.706641 8600
    305 13 11 19.708359 13 11 19.716535 8600
    306 13 11 19.718358 13 11 19.726464 8600
    307 13 11 19.729075 13 11 19.737591 8600
    308 13 11 19.738392 13 11 19.746603 8600
    309 13 11 19.748362 13 11 19.756693 8600
    310 13 11 19.758368 13 11 19.767037 8600
    311 13 11 19.768554 13 11 19.777817 8600
    312 13 11 19.778430 13 11 19.786608 8600
    313 13 11 19.788364 13 11 19.796364 8600
    314 13 11 19.798370 13 11 19.807590 8600
    315 13 11 19.808371 13 11 19.816424 8600
    316 13 11 19.818528 13 11 19.826941 8600
    317 13 11 19.828458 13 11 19.837395 8600
    318 13 11 19.838946 13 11 19.847255 8600
    319 13 11 19.848418 13 11 19.857452 8600
    320 13 11 19.858422 13 11 19.866558 8600
    321 13 11 19.868435 13 11 19.876591 8600
    322 13 11 19.878419 13 11 19.886628 8600
    323 13 11 19.888420 13 11 19.896598 8600
    324 13 11 19.898344 13 11 19.906624 8600
    325 13 11 19.908795 13 11 19.917991 8600
    326 13 11 19.918382 13 11 19.926546 8600
    327 13 11 19.928502 13 11 19.936810 8600
    328 13 11 19.938514 13 11 19.946764 8600
    329 13 11 19.948487 13 11 19.956780 8600
    330 13 11 19.958431 13 11 19.966598 8600
    331 13 11 19.968420 13 11 19.976482 8600
    332 13 11 19.978363 13 11 19.986378 8600
    333 13 11 19.988361 13 11 19.996345 8600
    334 13 11 19.998360 13 11 20.006340 8600
    335 13 11 20.008362 13 11 20.017752 8600
    336 13 11 20.018409 13 11 20.027284 8600
    337 13 11 20.028410 13 11 20.036616 8600
    338 13 11 20.038363 13 11 20.047146 8600
    339 13 11 20.048476 13 11 20.056756 8600
    340 13 11 20.058429 13 11 20.066673 8600
    341 13 11 20.068432 13 11 20.076633 8600
    342 13 11 20.078437 13 11 20.086560 8600
    343 13 11 20.088438 13 11 20.096644 8600
    344 13 11 20.098427 13 11 20.106597 8600
    345 13 11 20.108360 13 11 20.116340 8600
    346 13 11 20.118383 13 11 20.127659 8600
    347 13 11 20.128464 13 11 20.137910 8600
    348 13 11 20.138425 13 11 20.147573 8600
    349 13 11 20.148479 13 11 20.156634 8600
    350 13 11 20.158425 13 11 20.172692 8600
    351 13 11 20.168475 13 11 20.180918 8600
    352 13 11 20.178426 13 11 20.187218 8600
    353 13 11 20.188363 13 11 20.196355 8600
    354 13 11 20.198381 13 11 20.206393 8600
    355 13 11 20.208380 13 11 20.217669 8600
    356 13 11 20.218426 13 11 20.227471 8600
    357 13 11 20.228396 13 11 20.236657 8600
    358 13 11 20.238400 13 11 20.246499 8600
    359 13 11 20.248398 13 11 20.256544 8600
    360 13 11 20.258424 13 11 20.266664 8600
    361 13 11 20.268437 13 11 20.276567 8600
    362 13 11 20.278430 13 11 20.286525 8600
    363 13 11 20.288416 13 11 20.296627 8600
    364 13 11 20.298382 13 11 20.306594 8600
    365 13 11 20.308424 13 11 20.316486 8600
    366 13 11 20.318363 13 11 20.326447 8600
    367 13 11 20.328413 13 11 20.337599 8600
    368 13 11 20.338470 13 11 20.347598 8600
    369 13 11 20.348427 13 11 20.356711 8600
    370 13 11 20.358498 13 11 20.367567 8600
    371 13 11 20.368390 13 11 20.376550 8600
    372 13 11 20.378524 13 11 20.386538 8600
    373 13 11 20.388362 13 11 20.396333 8600
    374 13 11 20.398361 13 11 20.407617 8600
    375 13 11 20.408311 13 11 20.416250 8600
    376 13 11 20.418424 13 11 20.426909 8600
    377 13 11 20.428454 13 11 20.436702 8600
    378 13 11 20.438454 13 11 20.446615 8600
    379 13 11 20.448427 13 11 20.456651 8600
    380 13 11 20.458428 13 11 20.466619 8600
    381 13 11 20.468429 13 11 20.476548 8600
    382 13 11 20.478426 13 11 20.486594 8600
    383 13 11 20.488437 13 11 20.496703 8600
    384 13 11 20.498363 13 11 20.506565 8600
    385 13 11 20.508430 13 11 20.516597 8600
    386 13 11 20.518360 13 11 20.526402 8600
    387 13 11 20.528448 13 11 20.537067 8600
    388 13 11 20.538419 13 11 20.546745 8600
    389 13 11 20.548358 13 11 20.556732 8600
    390 13 11 20.558450 13 11 20.566718 8600
    391 13 11 20.568428 13 11 20.576926 8600
    392 13 11 20.578365 13 11 20.586362 8600
    393 13 11 20.588360 13 11 20.596336 8600
    394 13 11 20.598431 13 11 20.606542 8600
    395 13 11 20.608359 13 11 20.616334 8600
    396 13 11 20.618552 13 11 20.627358 8600
    397 13 11 20.628395 13 11 20.637502 8600
    398 13 11 20.638421 13 11 20.646595 8600
    399 13 11 20.648417 13 11 20.656552 8600
    400 13 11 20.658360 13 11 20.672457 8600
    401 13 11 20.668419 13 11 20.679881 8600
    402 13 11 20.678450 13 11 20.686944 8600
    403 13 11 20.688424 13 11 20.696602 8600
    404 13 11 20.698378 13 11 20.706454 8600
    405 13 11 20.708362 13 11 20.716339 8600
    406 13 11 20.718368 13 11 20.727381 8600
    407 13 11 20.728542 13 11 20.737033 8600
    408 13 11 20.738398 13 11 20.746528 8600
    409 13 11 20.748360 13 11 20.756674 8600
    410 13 11 20.758362 13 11 20.766594 8600
    411 13 11 20.768437 13 11 20.776541 8600
    412 13 11 20.778421 13 11 20.786415 8600
    413 13 11 20.788360 13 11 20.797350 8600
    414 13 11 20.798382 13 11 20.807224 8600
    415 13 11 20.808364 13 11 20.817042 8600
    416 13 11 20.818363 13 11 20.827211 8600
    417 13 11 20.828513 13 11 20.836687 8600
    418 13 11 20.838428 13 11 20.846675 8600
    419 13 11 20.848413 13 11 20.856590 8600
    420 13 11 20.858426 13 11 20.866641 8600
    421 13 11 20.868442 13 11 20.876639 8600
    422 13 11 20.878433 13 11 20.886552 8600
    423 13 11 20.888425 13 11 20.896513 8600
    424 13 11 20.898361 13 11 20.906572 8600
    425 13 11 20.908366 13 11 20.916395 8600
    426 13 11 20.918382 13 11 20.927602 8600
    427 13 11 20.928543 13 11 20.938597 8600
    428 13 11 20.938437 13 11 20.946996 8600
    429 13 11 20.948879 13 11 20.957401 8600
    430 13 11 20.958507 13 11 20.975471 8600
    431 13 11 20.973234 13 11 20.981852 8600
    432 13 11 20.978432 13 11 20.989421 8600
    433 13 11 20.988420 13 11 20.996797 8600
    434 13 11 20.998716 13 11 21.006790 8600
    435 13 11 21.008403 13 11 21.016410 8600
    436 13 11 21.018377 13 11 21.027668 8600
    437 13 11 21.028444 13 11 21.036791 8600
    438 13 11 21.038423 13 11 21.047374 8600
    439 13 11 21.048459 13 11 21.057503 8600
    440 13 11 21.058506 13 11 21.066859 8600
    441 13 11 21.068425 13 11 21.076612 8600
    442 13 11 21.078368 13 11 21.086427 8600
    443 13 11 21.088391 13 11 21.096584 8600
    444 13 11 21.098431 13 11 21.106709 8600
    445 13 11 21.108342 13 11 21.116336 8600
    446 13 11 21.118435 13 11 21.127880 8600
    447 13 11 21.128482 13 11 21.136790 8600
    448 13 11 21.138515 13 11 21.146885 8600
    449 13 11 21.148441 13 11 21.156601 8600
    450 13 11 21.158449 13 11 21.172606 8600
    451 13 11 21.168362 13 11 21.179919 8600
    452 13 11 21.178509 13 11 21.186938 8600
    453 13 11 21.188349 13 11 21.196328 8600
    454 13 11 21.198419 13 11 21.207796 8600
    455 13 11 21.208362 13 11 21.216329 8600
    456 13 11 21.218419 13 11 21.226948 8600
    457 13 11 21.228365 13 11 21.236553 8600
    458 13 11 21.238382 13 11 21.246583 8600
    459 13 11 21.248370 13 11 21.256524 8600
    460 13 11 21.258424 13 11 21.266617 8600
    461 13 11 21.268422 13 11 21.276607 8600
    462 13 11 21.278380 13 11 21.286591 8600
    463 13 11 21.288488 13 11 21.296973 8600
    464 13 11 21.298407 13 11 21.306723 8600
    465 13 11 21.308361 13 11 21.316389 8600
    466 13 11 21.318370 13 11 21.327360 8600
    467 13 11 21.328527 13 11 21.337315 8600
    468 13 11 21.338443 13 11 21.347208 8600
    469 13 11 21.348447 13 11 21.356722 8600
    470 13 11 21.358430 13 11 21.366496 8600
    471 13 11 21.368445 13 11 21.376595 8600
    472 13 11 21.378509 13 11 21.386572 8600
    473 13 11 21.388362 13 11 21.396353 8600
    474 13 11 21.398364 13 11 21.406372 8600
    475 13 11 21.408391 13 11 21.417321 8600
    476 13 11 21.418355 13 11 21.427344 8600
    477 13 11 21.428502 13 11 21.437100 8600
    478 13 11 21.438441 13 11 21.446688 8600
    479 13 11 21.448360 13 11 21.456613 8600
    480 13 11 21.458428 13 11 21.466612 8600
    481 13 11 21.468358 13 11 21.476517 8600
    482 13 11 21.478377 13 11 21.486546 8600
    483 13 11 21.488424 13 11 21.496590 8600
    484 13 11 21.498360 13 11 21.506847 8600
    485 13 11 21.508427 13 11 21.516797 8600
    486 13 11 21.518363 13 11 21.526378 8600
    487 13 11 21.528455 13 11 21.537586 8600
    488 13 11 21.538555 13 11 21.546668 8600
    489 13 11 21.548366 13 11 21.556544 8600
    490 13 11 21.558433 13 11 21.566673 8600
    491 13 11 21.568426 13 11 21.576558 8600
    492 13 11 21.578358 13 11 21.586352 8600
    493 13 11 21.588360 13 11 21.596357 8600
    494 13 11 21.598395 13 11 21.611491 8600
    495 13 11 21.609079 13 11 21.618693 8600
    496 13 11 21.618375 13 11 21.627736 8600
    497 13 11 21.628343 13 11 21.637541 8600
    498 13 11 21.638459 13 11 21.647507 8600
    499 13 11 21.648468 13 11 21.656749 8600
    500 13 11 21.658393 13 11 21.672692 8600
    501 13 11 21.668359 13 11 21.679755 8600
    502 13 11 21.678422 13 11 21.687118 8600
    503 13 11 21.688455 13 11 21.696775 8600
    504 13 11 21.698440 13 11 21.707443 8600
    505 13 11 21.708428 13 11 21.717397 8600
    506 13 11 21.718365 13 11 21.727152 8600
    507 13 11 21.728464 13 11 21.737016 8600
    508 13 11 21.738565 13 11 21.747309 8600
    509 13 11 21.748504 13 11 21.756880 8600
    510 13 11 21.758407 13 11 21.766655 8600
    511 13 11 21.768418 13 11 21.776661 8600
    512 13 11 21.778420 13 11 21.786495 8600
    513 13 11 21.788370 13 11 21.796410 8600
    514 13 11 21.798356 13 11 21.806369 8600
    515 13 11 21.808361 13 11 21.817347 8600
    516 13 11 21.818395 13 11 21.826758 8600
    517 13 11 21.828493 13 11 21.837445 8600
    518 13 11 21.838422 13 11 21.846752 8600
    519 13 11 21.848362 13 11 21.856501 8600
    520 13 11 21.858392 13 11 21.866519 8600
    521 13 11 21.868420 13 11 21.876522 8600
    522 13 11 21.878389 13 11 21.886621 8600
    523 13 11 21.888422 13 11 21.896640 8600
    524 13 11 21.898448 13 11 21.906613 8600
    525 13 11 21.908305 13 11 21.916285 8600
    526 13 11 21.918383 13 11 21.927354 8600
    527 13 11 21.928357 13 11 21.937394 8600
    528 13 11 21.938537 13 11 21.946812 8600
    529 13 11 21.948427 13 11 21.956735 8600
    530 13 11 21.958446 13 11 21.966668 8600
    531 13 11 21.968429 13 11 21.976627 8600
    532 13 11 21.978366 13 11 21.986422 8600
    533 13 11 21.988395 13 11 21.996394 8600
    534 13 11 21.998360 13 11 22.006415 8600
    535 13 11 22.008369 13 11 22.016362 8600
    536 13 11 22.018374 13 11 22.027810 8600
    537 13 11 22.028466 13 11 22.036642 8600
    538 13 11 22.038423 13 11 22.046707 8600
    539 13 11 22.048375 13 11 22.056550 8600
    540 13 11 22.058419 13 11 22.066639 8600
    541 13 11 22.068380 13 11 22.076624 8600
    542 13 11 22.078437 13 11 22.086549 8600
    543 13 11 22.088438 13 11 22.096613 8600
    544 13 11 22.098420 13 11 22.106605 8600
    545 13 11 22.108359 13 11 22.116326 8600
    546 13 11 22.118362 13 11 22.130890 8600
    547 13 11 22.128464 13 11 22.141415 8600
    548 13 11 22.138559 13 11 22.149215 8600
    549 13 11 22.148486 13 11 22.156673 8600
    550 13 11 22.158421 13 11 22.172814 8600
    551 13 11 22.168442 13 11 22.179988 8600
    552 13 11 22.178428 13 11 22.186848 8600
    553 13 11 22.188372 13 11 22.196352 8600
    554 13 11 22.198371 13 11 22.206368 8600
    555 13 11 22.208387 13 11 22.216505 8600
    556 13 11 22.218378 13 11 22.227662 8600
    557 13 11 22.228539 13 11 22.236740 8600
    558 13 11 22.238448 13 11 22.246802 8600
    559 13 11 22.248463 13 11 22.256768 8600
    560 13 11 22.258406 13 11 22.266680 8600
    561 13 11 22.268360 13 11 22.276589 8600
    562 13 11 22.278538 13 11 22.287238 8600
    563 13 11 22.289076 13 11 22.297350 8600
    564 13 11 22.298459 13 11 22.306722 8600
    565 13 11 22.308420 13 11 22.316599 8600
    566 13 11 22.318372 13 11 22.326594 8600
    567 13 11 22.328364 13 11 22.337177 8600
    568 13 11 22.338367 13 11 22.347006 8600
    569 13 11 22.348420 13 11 22.356783 8600
    570 13 11 22.358550 13 11 22.366814 8600
    571 13 11 22.368438 13 11 22.376656 8600
    572 13 11 22.378439 13 11 22.386625 8600
    573 13 11 22.388365 13 11 22.396406 8600
    574 13 11 22.398368 13 11 22.406403 8600
    575 13 11 22.408387 13 11 22.416409 8600
    576 13 11 22.418386 13 11 22.427292 8600
    577 13 11 22.428999 13 11 22.437425 8600
    578 13 11 22.438396 13 11 22.447355 8600
    579 13 11 22.448358 13 11 22.456665 8600
    580 13 11 22.458437 13 11 22.466937 8600
    581 13 11 22.468375 13 11 22.476531 8600
    582 13 11 22.478439 13 11 22.486747 8600
    583 13 11 22.488433 13 11 22.496549 8600
    584 13 11 22.498449 13 11 22.506755 8600
    585 13 11 22.508362 13 11 22.516646 8600
    586 13 11 22.518387 13 11 22.526454 8600
    587 13 11 22.528482 13 11 22.546994 8600
    588 13 11 22.538391 13 11 22.554027 8600
    589 13 11 22.548404 13 11 22.560276 8600
    590 13 11 22.558534 13 11 22.567326 8600
    591 13 11 22.568463 13 11 22.576637 8600
    592 13 11 22.578437 13 11 22.586666 8600
    593 13 11 22.588360 13 11 22.596650 8600
    594 13 11 22.598427 13 11 22.607469 8600
    595 13 11 22.608422 13 11 22.617401 8600
    596 13 11 22.618369 13 11 22.628014 8600
    597 13 11 22.628636 13 11 22.637039 8600
    598 13 11 22.638538 13 11 22.646754 8600
    599 13 11 22.650658 13 11 22.658899 8600
    600 13 11 22.658515 13 11 22.673673 8600
    601 13 11 22.668464 13 11 22.680552 8600
    602 13 11 22.678418 13 11 22.687830 8600
    603 13 11 22.688472 13 11 22.696823 8600
    604 13 11 22.698482 13 11 22.706700 8600
    605 13 11 22.708448 13 11 22.716656 8600
    606 13 11 22.718441 13 11 22.726663 8600
    607 13 11 22.728459 13 11 22.737085 8600
    608 13 11 22.738443 13 11 22.747167 8600
    609 13 11 22.749141 13 11 22.757632 8600
    610 13 11 22.758852 13 11 22.767023 8600
    611 13 11 22.768426 13 11 22.776557 8600
    612 13 11 22.778425 13 11 22.786509 8600
    613 13 11 22.788437 13 11 22.797937 8600
    614 13 11 22.798452 13 11 22.806737 8600
    615 13 11 22.808440 13 11 22.816435 8600
    616 13 11 22.818370 13 11 22.826346 8600
    617 13 11 22.828357 13 11 22.836413 8600
    618 13 11 22.838778 13 11 22.848048 8600
    619 13 11 22.848448 13 11 22.856718 8600
    620 13 11 22.858422 13 11 22.866648 8600
    621 13 11 22.868459 13 11 22.876583 8600
    622 13 11 22.878425 13 11 22.886648 8600
    623 13 11 22.888473 13 11 22.896619 8600
    624 13 11 22.898445 13 11 22.906683 8600
    625 13 11 22.908373 13 11 22.916516 8600
    626 13 11 22.918462 13 11 22.926594 8600
    627 13 11 22.928360 13 11 22.936347 8600
    628 13 11 22.938423 13 11 22.946840 8600
    629 13 11 22.948429 13 11 22.956693 8600
    630 13 11 22.959346 13 11 22.968277 8600
    631 13 11 22.968372 13 11 22.976525 8600
    632 13 11 22.978428 13 11 22.986603 8600
    633 13 11 22.988430 13 11 22.996672 8600
    634 13 11 22.998363 13 11 23.006356 8600
    635 13 11 23.008365 13 11 23.016373 8600
    636 13 11 23.018385 13 11 23.026398 8600
    637 13 11 23.028362 13 11 23.036374 8600
    638 13 11 23.038519 13 11 23.047623 8600
    639 13 11 23.048387 13 11 23.056506 8600
    640 13 11 23.058420 13 11 23.066579 8600
    641 13 11 23.068442 13 11 23.076613 8600
    642 13 11 23.078419 13 11 23.086584 8600
    643 13 11 23.088415 13 11 23.096630 8600
    644 13 11 23.098470 13 11 23.106798 8600
    645 13 11 23.108495 13 11 23.116709 8600
    646 13 11 23.118363 13 11 23.126688 8600
    647 13 11 23.128365 13 11 23.136390 8600
    648 13 11 23.138360 13 11 23.147898 8600
    649 13 11 23.148391 13 11 23.156576 8600
    650 13 11 23.158433 13 11 23.172696 8600
    651 13 11 23.168448 13 11 23.179832 8600
    652 13 11 23.178432 13 11 23.187000 8600
    653 13 11 23.188362 13 11 23.196493 8600
    654 13 11 23.198370 13 11 23.206322 8600
    655 13 11 23.208362 13 11 23.216332 8600
    656 13 11 23.218361 13 11 23.227479 8600
    657 13 11 23.228370 13 11 23.236533 8600
    658 13 11 23.238386 13 11 23.248205 8600
    659 13 11 23.248422 13 11 23.256721 8600
    660 13 11 23.258420 13 11 23.266653 8600
    661 13 11 23.268359 13 11 23.276590 8600
    662 13 11 23.278421 13 11 23.286456 8600
    663 13 11 23.288447 13 11 23.296669 8600
    664 13 11 23.298425 13 11 23.306536 8600
    665 13 11 23.308416 13 11 23.316548 8600
    666 13 11 23.318366 13 11 23.326385 8600
    667 13 11 23.328365 13 11 23.336389 8600
    668 13 11 23.338363 13 11 23.346955 8600
    669 13 11 23.348573 13 11 23.356792 8600
    670 13 11 23.358544 13 11 23.366714 8600
    671 13 11 23.368418 13 11 23.376649 8600
    672 13 11 23.378419 13 11 23.386717 8600
    673 13 11 23.388657 13 11 23.396643 8600
    674 13 11 23.398360 13 11 23.406324 8600
    675 13 11 23.408360 13 11 23.416333 8600
    676 13 11 23.418361 13 11 23.426317 8600
    677 13 11 23.428394 13 11 23.436426 8600
    678 13 11 23.438410 13 11 23.446535 8600
    679 13 11 23.448433 13 11 23.456621 8600
    680 13 11 23.458431 13 11 23.466711 8600
    681 13 11 23.468453 13 11 23.476586 8600
    682 13 11 23.478425 13 11 23.486578 8600
    683 13 11 23.488468 13 11 23.496708 8600
    684 13 11 23.498456 13 11 23.506671 8600
    685 13 11 23.508413 13 11 23.516698 8600
    686 13 11 23.518513 13 11 23.526699 8600
    687 13 11 23.528393 13 11 23.536577 8600
    688 13 11 23.538365 13 11 23.547751 8600
    689 13 11 23.548449 13 11 23.557120 8600
    690 13 11 23.558524 13 11 23.567406 8600
    691 13 11 23.568495 13 11 23.576685 8600
    692 13 11 23.578433 13 11 23.586545 8600
    693 13 11 23.588470 13 11 23.596599 8600
    694 13 11 23.598372 13 11 23.606355 8600
    695 13 11 23.608363 13 11 23.616347 8600
    696 13 11 23.618362 13 11 23.626394 8600
    697 13 11 23.628364 13 11 23.636343 8600
    698 13 11 23.638443 13 11 23.647262 8600
    699 13 11 23.648336 13 11 23.656510 8600
    700 13 11 23.658529 13 11 23.672737 8600
    701 13 11 23.668520 13 11 23.679867 8600
    702 13 11 23.678436 13 11 23.687034 8600
    703 13 11 23.688438 13 11 23.696510 8600
    704 13 11 23.698443 13 11 23.706552 8600
    705 13 11 23.708431 13 11 23.716611 8600
    706 13 11 23.718367 13 11 23.726403 8600
    707 13 11 23.728380 13 11 23.736395 8600
    708 13 11 23.738413 13 11 23.747395 8600
    709 13 11 23.748815 13 11 23.757933 8600
    710 13 11 23.758416 13 11 23.767341 8600
    711 13 11 23.768460 13 11 23.776637 8600
    712 13 11 23.778431 13 11 23.786592 8600
    713 13 11 23.788427 13 11 23.797291 8600
    714 13 11 23.798418 13 11 23.806477 8600
    715 13 11 23.808367 13 11 23.816351 8600
    716 13 11 23.818366 13 11 23.828123 8600
    717 13 11 23.828365 13 11 23.836341 8600
    718 13 11 23.838481 13 11 23.846554 8600
    719 13 11 23.848438 13 11 23.856691 8600
    720 13 11 23.858505 13 11 23.866640 8600
    721 13 11 23.868459 13 11 23.876777 8600
    722 13 11 23.878498 13 11 23.886686 8600
    723 13 11 23.888438 13 11 23.897328 8600
    724 13 11 23.898506 13 11 23.906687 8600
    725 13 11 23.908476 13 11 23.916803 8600
    726 13 11 23.918530 13 11 23.927855 8600
    727 13 11 23.928363 13 11 23.936627 8600
    728 13 11 23.938421 13 11 23.947359 8600
    729 13 11 23.949086 13 11 23.959502 8600
    730 13 11 23.958990 13 11 23.967704 8600
    731 13 11 23.968500 13 11 23.977036 8600
    732 13 11 23.978360 13 11 23.986889 8600
    733 13 11 23.988505 13 11 23.996866 8600
    734 13 11 23.998449 13 11 24.006685 8600
    735 13 11 24.008402 13 11 24.016490 8600
    736 13 11 24.018371 13 11 24.026551 8600
    737 13 11 24.028369 13 11 24.036386 8600
    738 13 11 24.038322 13 11 24.046476 8600
    739 13 11 24.048625 13 11 24.058278 8600
    740 13 11 24.058628 13 11 24.066994 8600
    741 13 11 24.068470 13 11 24.076661 8600
    742 13 11 24.078386 13 11 24.086627 8600
    743 13 11 24.088439 13 11 24.096692 8600
    744 13 11 24.098441 13 11 24.106563 8600
    745 13 11 24.108423 13 11 24.116558 8600
    746 13 11 24.118430 13 11 24.126467 8600
    747 13 11 24.128367 13 11 24.136341 8600
    748 13 11 24.138362 13 11 24.146698 8600
    749 13 11 24.148426 13 11 24.157325 8600
    750 13 11 24.158431 13 11 24.172630 8600
    751 13 11 24.168428 13 11 24.179755 8600
    752 13 11 24.178426 13 11 24.186966 8600
    753 13 11 24.188427 13 11 24.196587 8600
    754 13 11 24.198357 13 11 24.206292 8600
    755 13 11 24.208382 13 11 24.216471 8600
    756 13 11 24.218371 13 11 24.226347 8600
    757 13 11 24.228370 13 11 24.236335 8600
    758 13 11 24.238371 13 11 24.247690 8600
    759 13 11 24.248411 13 11 24.256944 8600
    760 13 11 24.258431 13 11 24.266559 8600
    761 13 11 24.268429 13 11 24.276605 8600
    762 13 11 24.278430 13 11 24.286615 8600
    763 13 11 24.288426 13 11 24.296552 8600
    764 13 11 24.298442 13 11 24.306591 8600
    765 13 11 24.308433 13 11 24.316538 8600
    766 13 11 24.318352 13 11 24.327286 8600
    767 13 11 24.328337 13 11 24.336372 8600
    768 13 11 24.338353 13 11 24.347559 8600
    769 13 11 24.348501 13 11 24.356608 8600
    770 13 11 24.358429 13 11 24.366620 8600
    771 13 11 24.368411 13 11 24.376673 8600
    772 13 11 24.378423 13 11 24.386517 8600
    773 13 11 24.389306 13 11 24.397341 8600
    774 13 11 24.398347 13 11 24.406327 8600
    775 13 11 24.408364 13 11 24.416366 8600
    776 13 11 24.418368 13 11 24.426355 8600
    777 13 11 24.428380 13 11 24.436393 8600
    778 13 11 24.438376 13 11 24.446452 8600
    779 13 11 24.448416 13 11 24.457641 8600
    780 13 11 24.458418 13 11 24.466639 8600
    781 13 11 24.468423 13 11 24.476544 8600
    782 13 11 24.478421 13 11 24.486598 8600
    783 13 11 24.488423 13 11 24.496572 8600
    784 13 11 24.498428 13 11 24.506810 8600
    785 13 11 24.508479 13 11 24.516785 8600
    786 13 11 24.518981 13 11 24.528372 8600
    787 13 11 24.528499 13 11 24.537518 8600
    788 13 11 24.538488 13 11 24.548192 8600
    789 13 11 24.548383 13 11 24.557835 8600
    790 13 11 24.559456 13 11 24.567782 8600
    791 13 11 24.568968 13 11 24.577393 8600
    792 13 11 24.578555 13 11 24.587841 8600
    793 13 11 24.588442 13 11 24.596765 8600
    794 13 11 24.598424 13 11 24.606985 8600
    795 13 11 24.608494 13 11 24.617114 8600
    796 13 11 24.618929 13 11 24.627192 8600
    797 13 11 24.628379 13 11 24.636576 8600
    798 13 11 24.638387 13 11 24.646426 8600
    799 13 11 24.648379 13 11 24.657422 8600
    800 13 11 24.658508 13 11 24.672858 8600
    801 13 11 24.668466 13 11 24.679901 8600
    802 13 11 24.678428 13 11 24.687711 8600
    803 13 11 24.688421 13 11 24.696500 8600
    804 13 11 24.698422 13 11 24.706651 8600
    805 13 11 24.708448 13 11 24.716587 8600
    806 13 11 24.718433 13 11 24.726504 8600
    807 13 11 24.728439 13 11 24.736459 8600
    808 13 11 24.738362 13 11 24.747367 8600
    809 13 11 24.748659 13 11 24.757159 8600
    810 13 11 24.758269 13 11 24.766518 8600
    811 13 11 24.768426 13 11 24.776710 8600
    812 13 11 24.778421 13 11 24.786605 8600
    813 13 11 24.788381 13 11 24.796752 8600
    814 13 11 24.798362 13 11 24.806349 8600
    815 13 11 24.808360 13 11 24.816334 8600
    816 13 11 24.818359 13 11 24.827231 8600
    817 13 11 24.828364 13 11 24.837821 8600
    818 13 11 24.838605 13 11 24.846872 8600
    819 13 11 24.848448 13 11 24.857471 8600
    820 13 11 24.858391 13 11 24.867346 8600
    821 13 11 24.868439 13 11 24.876726 8600
    822 13 11 24.878416 13 11 24.886606 8600
    823 13 11 24.888359 13 11 24.896574 8600
    824 13 11 24.898430 13 11 24.906514 8600
    825 13 11 24.908408 13 11 24.916515 8600
    826 13 11 24.918427 13 11 24.926639 8600
    827 13 11 24.928395 13 11 24.936962 8600
    828 13 11 24.938546 13 11 24.946601 8600
    829 13 11 24.948736 13 11 24.957164 8600
    830 13 11 24.958511 13 11 24.966708 8600
    831 13 11 24.968432 13 11 24.976578 8600
    832 13 11 24.978456 13 11 24.986578 8600
    833 13 11 24.988429 13 11 24.996628 8600
    834 13 11 24.998380 13 11 25.006503 8600
    835 13 11 25.008372 13 11 25.017295 8600
    836 13 11 25.018366 13 11 25.027200 8600
    837 13 11 25.028365 13 11 25.036349 8600
    838 13 11 25.038365 13 11 25.047364 8600
    839 13 11 25.048514 13 11 25.057065 8600
    840 13 11 25.058458 13 11 25.066672 8600
    841 13 11 25.068425 13 11 25.076558 8600
    842 13 11 25.078427 13 11 25.086628 8600
    843 13 11 25.088423 13 11 25.096544 8600
    844 13 11 25.098431 13 11 25.106601 8600
    845 13 11 25.108415 13 11 25.116564 8600
    846 13 11 25.118362 13 11 25.126539 8600
    847 13 11 25.128464 13 11 25.136638 8600
    848 13 11 25.138362 13 11 25.147248 8600
    849 13 11 25.148697 13 11 25.157713 8600
    850 13 11 25.158436 13 11 25.172540 8600
    851 13 11 25.168420 13 11 25.179852 8600
    852 13 11 25.178540 13 11 25.187864 8600
    853 13 11 25.188427 13 11 25.196404 8600
    854 13 11 25.198315 13 11 25.206333 8600
    855 13 11 25.208373 13 11 25.217290 8600
    856 13 11 25.218344 13 11 25.226403 8600
    857 13 11 25.228369 13 11 25.237224 8600
    858 13 11 25.238365 13 11 25.246347 8600
    859 13 11 25.248470 13 11 25.257149 8600
    860 13 11 25.258369 13 11 25.266799 8600
    861 13 11 25.268426 13 11 25.276609 8600
    862 13 11 25.278359 13 11 25.286854 8600
    863 13 11 25.288419 13 11 25.296541 8600
    864 13 11 25.298427 13 11 25.307065 8600
    865 13 11 25.308427 13 11 25.316713 8600
    866 13 11 25.318362 13 11 25.327498 8600
    867 13 11 25.328381 13 11 25.336477 8600
    868 13 11 25.338364 13 11 25.348117 8600
    869 13 11 25.348704 13 11 25.357907 8600
    870 13 11 25.358384 13 11 25.367214 8600
    871 13 11 25.368386 13 11 25.376678 8600
    872 13 11 25.378419 13 11 25.386627 8600
    873 13 11 25.388414 13 11 25.396627 8600
    874 13 11 25.398360 13 11 25.406349 8600
    875 13 11 25.408363 13 11 25.416373 8600
    876 13 11 25.418374 13 11 25.427299 8600
    877 13 11 25.428349 13 11 25.437335 8600
    878 13 11 25.438383 13 11 25.446532 8600
    879 13 11 25.448404 13 11 25.456786 8600
    880 13 11 25.458431 13 11 25.466691 8600
    881 13 11 25.468423 13 11 25.476630 8600
    882 13 11 25.479354 13 11 25.487770 8600
    883 13 11 25.488427 13 11 25.496686 8600
    884 13 11 25.498433 13 11 25.506585 8600
    885 13 11 25.508431 13 11 25.516590 8600
    886 13 11 25.518408 13 11 25.526626 8600
    887 13 11 25.528465 13 11 25.536675 8600
    888 13 11 25.538394 13 11 25.547449 8600
    889 13 11 25.548603 13 11 25.557210 8600
    890 13 11 25.558530 13 11 25.567413 8600
    891 13 11 25.568381 13 11 25.577259 8600
    892 13 11 25.578413 13 11 25.586719 8600
    893 13 11 25.588384 13 11 25.596578 8600
    894 13 11 25.598365 13 11 25.606432 8600
    895 13 11 25.608377 13 11 25.617319 8600
    896 13 11 25.618380 13 11 25.627355 8600
    897 13 11 25.628392 13 11 25.636507 8600
    898 13 11 25.638397 13 11 25.646421 8600
    899 13 11 25.648377 13 11 25.656815 8600
    900 13 11 25.658453 13 11 25.672516 8600
    901 13 11 25.668442 13 11 25.679666 8600
    902 13 11 25.678567 13 11 25.686986 8600
    903 13 11 25.688420 13 11 25.696493 8600
    904 13 11 25.698350 13 11 25.706472 8600
    905 13 11 25.708438 13 11 25.716635 8600
    906 13 11 25.718378 13 11 25.726568 8600
    907 13 11 25.728442 13 11 25.736554 8600
    908 13 11 25.738361 13 11 25.746414 8600
    909 13 11 25.748726 13 11 25.757477 8600
    910 13 11 25.758433 13 11 25.766791 8600
    911 13 11 25.768433 13 11 25.776693 8600
    912 13 11 25.778427 13 11 25.786547 8600
    913 13 11 25.788423 13 11 25.797419 8600
    914 13 11 25.798384 13 11 25.806381 8600
    915 13 11 25.808374 13 11 25.816364 8600
    916 13 11 25.818360 13 11 25.826442 8600
    917 13 11 25.828365 13 11 25.836376 8600
    918 13 11 25.838380 13 11 25.846425 8600
    919 13 11 25.848430 13 11 25.857862 8600
    920 13 11 25.858429 13 11 25.866637 8600
    921 13 11 25.868417 13 11 25.876629 8600
    922 13 11 25.878433 13 11 25.886717 8600
    923 13 11 25.888418 13 11 25.896664 8600
    924 13 11 25.898362 13 11 25.906620 8600
    925 13 11 25.908424 13 11 25.916605 8600
    926 13 11 25.918386 13 11 25.926514 8600
    927 13 11 25.928442 13 11 25.937454 8600
    928 13 11 25.938407 13 11 25.946937 8600
    929 13 11 25.948363 13 11 25.956792 8600
    930 13 11 25.958421 13 11 25.966796 8600
    931 13 11 25.968475 13 11 25.977593 8600
    932 13 11 25.978436 13 11 25.986820 8600
    933 13 11 25.988475 13 11 25.997451 8600
    934 13 11 25.998366 13 11 26.006364 8600
    935 13 11 26.008371 13 11 26.017378 8600
    936 13 11 26.018377 13 11 26.027315 8600
    937 13 11 26.028383 13 11 26.037106 8600
    938 13 11 26.038392 13 11 26.046397 8600
    939 13 11 26.048359 13 11 26.057251 8600
    940 13 11 26.058379 13 11 26.066624 8600
    941 13 11 26.068435 13 11 26.076678 8600
    942 13 11 26.078423 13 11 26.086590 8600
    943 13 11 26.088415 13 11 26.096650 8600
    944 13 11 26.098365 13 11 26.106608 8600
    945 13 11 26.108437 13 11 26.116606 8600
    946 13 11 26.118435 13 11 26.126650 8600
    947 13 11 26.128364 13 11 26.136368 8600
    948 13 11 26.138373 13 11 26.146512 8600
    949 13 11 26.148513 13 11 26.157682 8600
    950 13 11 26.158411 13 11 26.172549 8600
    951 13 11 26.168431 13 11 26.179601 8600
    952 13 11 26.178578 13 11 26.186868 8600
    953 13 11 26.188383 13 11 26.196387 8600
    954 13 11 26.198374 13 11 26.206358 8600
    955 13 11 26.208361 13 11 26.216384 8600
    956 13 11 26.218388 13 11 26.227482 8600
    957 13 11 26.228365 13 11 26.237082 8600
    958 13 11 26.238365 13 11 26.246338 8600
    959 13 11 26.248380 13 11 26.257612 8600
    960 13 11 26.258430 13 11 26.266612 8600
    961 13 11 26.268416 13 11 26.276675 8600
    962 13 11 26.278428 13 11 26.286529 8600
    963 13 11 26.288423 13 11 26.296655 8600
    964 13 11 26.298429 13 11 26.306606 8600
    965 13 11 26.308422 13 11 26.316597 8600
    966 13 11 26.318433 13 11 26.326630 8600
    967 13 11 26.328531 13 11 26.336849 8600
    968 13 11 26.338364 13 11 26.346564 8600
    969 13 11 26.349042 13 11 26.357327 8600
    970 13 11 26.358464 13 11 26.366728 8600
    971 13 11 26.368428 13 11 26.376650 8600
    972 13 11 26.378409 13 11 26.386558 8600
    973 13 11 26.388380 13 11 26.396504 8600
    974 13 11 26.398361 13 11 26.406330 8600
    975 13 11 26.408359 13 11 26.416333 8600
    976 13 11 26.418369 13 11 26.426331 8600
    977 13 11 26.428364 13 11 26.436327 8600
    978 13 11 26.438413 13 11 26.446472 8600
    979 13 11 26.448360 13 11 26.457314 8600
    980 13 11 26.458494 13 11 26.466716 8600
    981 13 11 26.468427 13 11 26.477002 8600
    982 13 11 26.478363 13 11 26.486603 8600
    983 13 11 26.488423 13 11 26.496635 8600
    984 13 11 26.498362 13 11 26.506523 8600
    985 13 11 26.508320 13 11 26.516380 8600
    986 13 11 26.518447 13 11 26.526772 8600
    987 13 11 26.528500 13 11 26.536811 8600
    988 13 11 26.538423 13 11 26.546540 8600
    989 13 11 26.548397 13 11 26.556930 8600
    990 13 11 26.558530 13 11 26.568027 8600
    991 13 11 26.568431 13 11 26.576626 8600
    992 13 11 26.578426 13 11 26.586590 8600
    993 13 11 26.588456 13 11 26.597200 8600
    994 13 11 26.598372 13 11 26.606414 8600
    995 13 11 26.608374 13 11 26.616396 8600
    996 13 11 26.618380 13 11 26.627476 8600
    997 13 11 26.628329 13 11 26.636323 8600
    998 13 11 26.638407 13 11 26.647455 8600
    999 13 11 26.648364 13 11 26.657499 8600
   1000 13 11 26.658431 13 11 26.672633 8600
