      1 13 4 23.903106 13 4 23.903106 9300
      2 13 4 23.913191 13 4 23.913191 9300
      3 13 4 23.923200 13 4 23.923200 9300
      4 13 4 23.933198 13 4 23.933198 9300
      5 13 4 23.943200 13 4 23.943200 9300
      6 13 4 23.953215 13 4 23.953215 9300
      7 13 4 23.963215 13 4 23.963215 9300
      8 13 4 23.973220 13 4 23.973220 9300
      9 13 4 23.983332 13 4 23.983332 9300
     10 13 4 23.993241 13 4 23.993241 9300
     11 13 4 24.003247 13 4 24.003247 9300
     12 13 4 24.013304 13 4 24.013304 9300
     13 13 4 24.023279 13 4 24.023279 9300
     14 13 4 24.033300 13 4 24.033300 9300
     15 13 4 24.043250 13 4 24.043250 9300
     16 13 4 24.053346 13 4 24.053346 9300
     17 13 4 24.063286 13 4 24.063286 9300
     18 13 4 24.073221 13 4 24.073221 9300
     19 13 4 24.083207 13 4 24.083207 9300
     20 13 4 24.093218 13 4 24.093218 9300
     21 13 4 24.103210 13 4 24.103210 9300
     22 13 4 24.113209 13 4 24.113209 9300
     23 13 4 24.123235 13 4 24.123235 9300
     24 13 4 24.133261 13 4 24.133261 9300
     25 13 4 24.143208 13 4 24.143208 9300
     26 13 4 24.153573 13 4 24.153573 9300
     27 13 4 24.163215 13 4 24.163215 9300
     28 13 4 24.173221 13 4 24.173221 9300
     29 13 4 24.183230 13 4 24.183230 9300
     30 13 4 24.193269 13 4 24.193269 9300
     31 13 4 24.203264 13 4 24.203264 9300
     32 13 4 24.213366 13 4 24.213366 9300
     33 13 4 24.223268 13 4 24.223268 9300
     34 13 4 24.233240 13 4 24.233240 9300
     35 13 4 24.243303 13 4 24.243303 9300
     36 13 4 24.253318 13 4 24.253318 9300
     37 13 4 24.263287 13 4 24.263287 9300
     38 13 4 24.273306 13 4 24.273306 9300
     39 13 4 24.283280 13 4 24.283280 9300
     40 13 4 24.293272 13 4 24.293272 9300
     41 13 4 24.303221 13 4 24.303221 9300
     42 13 4 24.313237 13 4 24.313237 9300
     43 13 4 24.323219 13 4 24.323219 9300
     44 13 4 24.333224 13 4 24.333224 9300
     45 13 4 24.343204 13 4 24.343204 9300
     46 13 4 24.353224 13 4 24.353224 9300
     47 13 4 24.363230 13 4 24.363230 9300
     48 13 4 24.373231 13 4 24.373231 9300
     49 13 4 24.383160 13 4 24.383160 9300
     50 13 4 24.393322 13 4 24.393322 9300
     51 13 4 24.403683 13 4 24.403683 9300
     52 13 4 24.413373 13 4 24.413373 9300
     53 13 4 24.423360 13 4 24.423360 9300
     54 13 4 24.433250 13 4 24.433250 9300
     55 13 4 24.443802 13 4 24.443802 9300
     56 13 4 24.453371 13 4 24.453371 9300
     57 13 4 24.463273 13 4 24.463273 9300
     58 13 4 24.473613 13 4 24.473613 9300
     59 13 4 24.483243 13 4 24.483243 9300
     60 13 4 24.493310 13 4 24.493310 9300
     61 13 4 24.503381 13 4 24.503381 9300
     62 13 4 24.513306 13 4 24.513306 9300
     63 13 4 24.523413 13 4 24.523413 9300
     64 13 4 24.533197 13 4 24.533197 9300
     65 13 4 24.543216 13 4 24.543216 9300
     66 13 4 24.553298 13 4 24.553298 9300
     67 13 4 24.563220 13 4 24.563220 9300
     68 13 4 24.573245 13 4 24.573245 9300
     69 13 4 24.583238 13 4 24.583238 9300
     70 13 4 24.593219 13 4 24.593219 9300
     71 13 4 24.603217 13 4 24.603217 9300
     72 13 4 24.613219 13 4 24.613219 9300
     73 13 4 24.623222 13 4 24.623222 9300
     74 13 4 24.633210 13 4 24.633210 9300
     75 13 4 24.643225 13 4 24.643225 9300
     76 13 4 24.653275 13 4 24.653275 9300
     77 13 4 24.663318 13 4 24.663318 9300
     78 13 4 24.673289 13 4 24.673289 9300
     79 13 4 24.683388 13 4 24.683388 9300
     80 13 4 24.693294 13 4 24.693294 9300
     81 13 4 24.703208 13 4 24.703208 9300
     82 13 4 24.713280 13 4 24.713280 9300
     83 13 4 24.723226 13 4 24.723226 9300
     84 13 4 24.733381 13 4 24.733381 9300
     85 13 4 24.743404 13 4 24.743404 9300
     86 13 4 24.753287 13 4 24.753287 9300
     87 13 4 24.763237 13 4 24.763237 9300
     88 13 4 24.773215 13 4 24.773215 9300
     89 13 4 24.783214 13 4 24.783214 9300
     90 13 4 24.793227 13 4 24.793227 9300
     91 13 4 24.803219 13 4 24.803219 9300
     92 13 4 24.813234 13 4 24.813234 9300
     93 13 4 24.823214 13 4 24.823214 9300
     94 13 4 24.833259 13 4 24.833259 9300
     95 13 4 24.843240 13 4 24.843240 9300
     96 13 4 24.853276 13 4 24.853276 9300
     97 13 4 24.863282 13 4 24.863282 9300
     98 13 4 24.873362 13 4 24.873362 9300
     99 13 4 24.883295 13 4 24.883295 9300
    100 13 4 24.893342 13 4 24.893342 9300
    101 13 4 24.903214 13 4 24.903214 9300
    102 13 4 24.913267 13 4 24.913267 9300
    103 13 4 24.923230 13 4 24.923230 9300
    104 13 4 24.933219 13 4 24.933219 9300
    105 13 4 24.943246 13 4 24.943246 9300
    106 13 4 24.953289 13 4 24.953289 9300
    107 13 4 24.963211 13 4 24.963211 9300
    108 13 4 24.973160 13 4 24.973160 9300
    109 13 4 24.983233 13 4 24.983233 9300
    110 13 4 24.993241 13 4 24.993241 9300
    111 13 4 25.003263 13 4 25.003263 9300
    112 13 4 25.013208 13 4 25.013208 9300
    113 13 4 25.023219 13 4 25.023219 9300
    114 13 4 25.034023 13 4 25.034023 9300
    115 13 4 25.043582 13 4 25.043582 9300
    116 13 4 25.053298 13 4 25.053298 9300
    117 13 4 25.063227 13 4 25.063227 9300
    118 13 4 25.073257 13 4 25.073257 9300
    119 13 4 25.083301 13 4 25.083301 9300
    120 13 4 25.093329 13 4 25.093329 9300
    121 13 4 25.103235 13 4 25.103235 9300
    122 13 4 25.113278 13 4 25.113278 9300
    123 13 4 25.123305 13 4 25.123305 9300
    124 13 4 25.133299 13 4 25.133299 9300
    125 13 4 25.143353 13 4 25.143353 9300
    126 13 4 25.153317 13 4 25.153317 9300
    127 13 4 25.163243 13 4 25.163243 9300
    128 13 4 25.173217 13 4 25.173217 9300
    129 13 4 25.183208 13 4 25.183208 9300
    130 13 4 25.193208 13 4 25.193208 9300
    131 13 4 25.203237 13 4 25.203237 9300
    132 13 4 25.213229 13 4 25.213229 9300
    133 13 4 25.223231 13 4 25.223231 9300
    134 13 4 25.233232 13 4 25.233232 9300
    135 13 4 25.243324 13 4 25.243324 9300
    136 13 4 25.253280 13 4 25.253280 9300
    137 13 4 25.263297 13 4 25.263297 9300
    138 13 4 25.273288 13 4 25.273288 9300
    139 13 4 25.283270 13 4 25.283270 9300
    140 13 4 25.293313 13 4 25.293313 9300
    141 13 4 25.303314 13 4 25.303314 9300
    142 13 4 25.313418 13 4 25.313418 9300
    143 13 4 25.323294 13 4 25.323294 9300
    144 13 4 25.333328 13 4 25.333328 9300
    145 13 4 25.343458 13 4 25.343458 9300
    146 13 4 25.353401 13 4 25.353401 9300
    147 13 4 25.363464 13 4 25.363464 9300
    148 13 4 25.373210 13 4 25.373210 9300
    149 13 4 25.383247 13 4 25.383247 9300
    150 13 4 25.393249 13 4 25.393249 9300
    151 13 4 25.403348 13 4 25.403348 9300
    152 13 4 25.413233 13 4 25.413233 9300
    153 13 4 25.423234 13 4 25.423234 9300
    154 13 4 25.433226 13 4 25.433226 9300
    155 13 4 25.443422 13 4 25.443422 9300
    156 13 4 25.453288 13 4 25.453288 9300
    157 13 4 25.463335 13 4 25.463335 9300
    158 13 4 25.473302 13 4 25.473302 9300
    159 13 4 25.483233 13 4 25.483233 9300
    160 13 4 25.493532 13 4 25.493532 9300
    161 13 4 25.503872 13 4 25.503872 9300
    162 13 4 25.513248 13 4 25.513248 9300
    163 13 4 25.523339 13 4 25.523339 9300
    164 13 4 25.533297 13 4 25.533297 9300
    165 13 4 25.543327 13 4 25.543327 9300
    166 13 4 25.553224 13 4 25.553224 9300
    167 13 4 25.563297 13 4 25.563297 9300
    168 13 4 25.573288 13 4 25.573288 9300
    169 13 4 25.583238 13 4 25.583238 9300
    170 13 4 25.593215 13 4 25.593215 9300
    171 13 4 25.603235 13 4 25.603235 9300
    172 13 4 25.613212 13 4 25.613212 9300
    173 13 4 25.623221 13 4 25.623221 9300
    174 13 4 25.633212 13 4 25.633212 9300
    175 13 4 25.643827 13 4 25.643827 9300
    176 13 4 25.653186 13 4 25.653186 9300
    177 13 4 25.663208 13 4 25.663208 9300
    178 13 4 25.673283 13 4 25.673283 9300
    179 13 4 25.683271 13 4 25.683271 9300
    180 13 4 25.693605 13 4 25.693605 9300
    181 13 4 25.703226 13 4 25.703226 9300
    182 13 4 25.713264 13 4 25.713264 9300
    183 13 4 25.723293 13 4 25.723293 9300
    184 13 4 25.733280 13 4 25.733280 9300
    185 13 4 25.743221 13 4 25.743221 9300
    186 13 4 25.753271 13 4 25.753271 9300
    187 13 4 25.763270 13 4 25.763270 9300
    188 13 4 25.773210 13 4 25.773210 9300
    189 13 4 25.783422 13 4 25.783422 9300
    190 13 4 25.793217 13 4 25.793217 9300
    191 13 4 25.803207 13 4 25.803207 9300
    192 13 4 25.813217 13 4 25.813217 9300
    193 13 4 25.823216 13 4 25.823216 9300
    194 13 4 25.833224 13 4 25.833224 9300
    195 13 4 25.843323 13 4 25.843323 9300
    196 13 4 25.853280 13 4 25.853280 9300
    197 13 4 25.863205 13 4 25.863205 9300
    198 13 4 25.873277 13 4 25.873277 9300
    199 13 4 25.883213 13 4 25.883213 9300
    200 13 4 25.893326 13 4 25.893326 9300
    201 13 4 25.903265 13 4 25.903265 9300
    202 13 4 25.913242 13 4 25.913242 9300
    203 13 4 25.923262 13 4 25.923262 9300
    204 13 4 25.933274 13 4 25.933274 9300
    205 13 4 25.943286 13 4 25.943286 9300
    206 13 4 25.953347 13 4 25.953347 9300
    207 13 4 25.963301 13 4 25.963301 9300
    208 13 4 25.973262 13 4 25.973262 9300
    209 13 4 25.983205 13 4 25.983205 9300
    210 13 4 25.993230 13 4 25.993230 9300
    211 13 4 26.003212 13 4 26.003212 9300
    212 13 4 26.013224 13 4 26.013224 9300
    213 13 4 26.023212 13 4 26.023212 9300
    214 13 4 26.033210 13 4 26.033210 9300
    215 13 4 26.043748 13 4 26.043748 9300
    216 13 4 26.053311 13 4 26.053311 9300
    217 13 4 26.063290 13 4 26.063290 9300
    218 13 4 26.073333 13 4 26.073333 9300
    219 13 4 26.083342 13 4 26.083342 9300
    220 13 4 26.093641 13 4 26.093641 9300
    221 13 4 26.103387 13 4 26.103387 9300
    222 13 4 26.113347 13 4 26.113347 9300
    223 13 4 26.123248 13 4 26.123248 9300
    224 13 4 26.133368 13 4 26.133368 9300
    225 13 4 26.143290 13 4 26.143290 9300
    226 13 4 26.153310 13 4 26.153310 9300
    227 13 4 26.163268 13 4 26.163268 9300
    228 13 4 26.173294 13 4 26.173294 9300
    229 13 4 26.183530 13 4 26.183530 9300
    230 13 4 26.193293 13 4 26.193293 9300
    231 13 4 26.203226 13 4 26.203226 9300
    232 13 4 26.213249 13 4 26.213249 9300
    233 13 4 26.223221 13 4 26.223221 9300
    234 13 4 26.233489 13 4 26.233489 9300
    235 13 4 26.243513 13 4 26.243513 9300
    236 13 4 26.253712 13 4 26.253712 9300
    237 13 4 26.263344 13 4 26.263344 9300
    238 13 4 26.273346 13 4 26.273346 9300
    239 13 4 26.283304 13 4 26.283304 9300
    240 13 4 26.293210 13 4 26.293210 9300
    241 13 4 26.303371 13 4 26.303371 9300
    242 13 4 26.313227 13 4 26.313227 9300
    243 13 4 26.323316 13 4 26.323316 9300
    244 13 4 26.333338 13 4 26.333338 9300
    245 13 4 26.343295 13 4 26.343295 9300
    246 13 4 26.353318 13 4 26.353318 9300
    247 13 4 26.363213 13 4 26.363213 9300
    248 13 4 26.373304 13 4 26.373304 9300
    249 13 4 26.383212 13 4 26.383212 9300
    250 13 4 26.393298 13 4 26.393298 9300
    251 13 4 26.403411 13 4 26.403411 9300
    252 13 4 26.413225 13 4 26.413225 9300
    253 13 4 26.423213 13 4 26.423213 9300
    254 13 4 26.433225 13 4 26.433225 9300
    255 13 4 26.443220 13 4 26.443220 9300
    256 13 4 26.453375 13 4 26.453375 9300
    257 13 4 26.463266 13 4 26.463266 9300
    258 13 4 26.473212 13 4 26.473212 9300
    259 13 4 26.483271 13 4 26.483271 9300
    260 13 4 26.493225 13 4 26.493225 9300
    261 13 4 26.503228 13 4 26.503228 9300
    262 13 4 26.513277 13 4 26.513277 9300
    263 13 4 26.523333 13 4 26.523333 9300
    264 13 4 26.533328 13 4 26.533328 9300
    265 13 4 26.543334 13 4 26.543334 9300
    266 13 4 26.553219 13 4 26.553219 9300
    267 13 4 26.563292 13 4 26.563292 9300
    268 13 4 26.573302 13 4 26.573302 9300
    269 13 4 26.583310 13 4 26.583310 9300
    270 13 4 26.593226 13 4 26.593226 9300
    271 13 4 26.603229 13 4 26.603229 9300
    272 13 4 26.613227 13 4 26.613227 9300
    273 13 4 26.623218 13 4 26.623218 9300
    274 13 4 26.633257 13 4 26.633257 9300
    275 13 4 26.643281 13 4 26.643281 9300
    276 13 4 26.653287 13 4 26.653287 9300
    277 13 4 26.663240 13 4 26.663240 9300
    278 13 4 26.673452 13 4 26.673452 9300
    279 13 4 26.683351 13 4 26.683351 9300
    280 13 4 26.693290 13 4 26.693290 9300
    281 13 4 26.703201 13 4 26.703201 9300
    282 13 4 26.713847 13 4 26.713847 9300
    283 13 4 26.723335 13 4 26.723335 9300
    284 13 4 26.733209 13 4 26.733209 9300
    285 13 4 26.743332 13 4 26.743332 9300
    286 13 4 26.753327 13 4 26.753327 9300
    287 13 4 26.763307 13 4 26.763307 9300
    288 13 4 26.773285 13 4 26.773285 9300
    289 13 4 26.783263 13 4 26.783263 9300
    290 13 4 26.793320 13 4 26.793320 9300
    291 13 4 26.803318 13 4 26.803318 9300
    292 13 4 26.813313 13 4 26.813313 9300
    293 13 4 26.823357 13 4 26.823357 9300
    294 13 4 26.833275 13 4 26.833275 9300
    295 13 4 26.843288 13 4 26.843288 9300
    296 13 4 26.853833 13 4 26.853833 9300
    297 13 4 26.863329 13 4 26.863329 9300
    298 13 4 26.873267 13 4 26.873267 9300
    299 13 4 26.883275 13 4 26.883275 9300
    300 13 4 26.893418 13 4 26.893418 9300
    301 13 4 26.903528 13 4 26.903528 9300
    302 13 4 26.913198 13 4 26.913198 9300
    303 13 4 26.923197 13 4 26.923197 9300
    304 13 4 26.933257 13 4 26.933257 9300
    305 13 4 26.943273 13 4 26.943273 9300
    306 13 4 26.953209 13 4 26.953209 9300
    307 13 4 26.963277 13 4 26.963277 9300
    308 13 4 26.973271 13 4 26.973271 9300
    309 13 4 26.983281 13 4 26.983281 9300
    310 13 4 26.993282 13 4 26.993282 9300
    311 13 4 27.003289 13 4 27.003289 9300
    312 13 4 27.013208 13 4 27.013208 9300
    313 13 4 27.023217 13 4 27.023217 9300
    314 13 4 27.033214 13 4 27.033214 9300
    315 13 4 27.043202 13 4 27.043202 9300
    316 13 4 27.053346 13 4 27.053346 9300
    317 13 4 27.063282 13 4 27.063282 9300
    318 13 4 27.073336 13 4 27.073336 9300
    319 13 4 27.083279 13 4 27.083279 9300
    320 13 4 27.093270 13 4 27.093270 9300
    321 13 4 27.103208 13 4 27.103208 9300
    322 13 4 27.113223 13 4 27.113223 9300
    323 13 4 27.123207 13 4 27.123207 9300
    324 13 4 27.133302 13 4 27.133302 9300
    325 13 4 27.143346 13 4 27.143346 9300
    326 13 4 27.153294 13 4 27.153294 9300
    327 13 4 27.163295 13 4 27.163295 9300
    328 13 4 27.173282 13 4 27.173282 9300
    329 13 4 27.183277 13 4 27.183277 9300
    330 13 4 27.193228 13 4 27.193228 9300
    331 13 4 27.203489 13 4 27.203489 9300
    332 13 4 27.213211 13 4 27.213211 9300
    333 13 4 27.223213 13 4 27.223213 9300
    334 13 4 27.233215 13 4 27.233215 9300
    335 13 4 27.243293 13 4 27.243293 9300
    336 13 4 27.253235 13 4 27.253235 9300
    337 13 4 27.263618 13 4 27.263618 9300
    338 13 4 27.273293 13 4 27.273293 9300
    339 13 4 27.283339 13 4 27.283339 9300
    340 13 4 27.293601 13 4 27.293601 9300
    341 13 4 27.303211 13 4 27.303211 9300
    342 13 4 27.313212 13 4 27.313212 9300
    343 13 4 27.323197 13 4 27.323197 9300
    344 13 4 27.333525 13 4 27.333525 9300
    345 13 4 27.343312 13 4 27.343312 9300
    346 13 4 27.353276 13 4 27.353276 9300
    347 13 4 27.363270 13 4 27.363270 9300
    348 13 4 27.373280 13 4 27.373280 9300
    349 13 4 27.383275 13 4 27.383275 9300
    350 13 4 27.393280 13 4 27.393280 9300
    351 13 4 27.403345 13 4 27.403345 9300
    352 13 4 27.413267 13 4 27.413267 9300
    353 13 4 27.423207 13 4 27.423207 9300
    354 13 4 27.433212 13 4 27.433212 9300
    355 13 4 27.443197 13 4 27.443197 9300
    356 13 4 27.453234 13 4 27.453234 9300
    357 13 4 27.463286 13 4 27.463286 9300
    358 13 4 27.473205 13 4 27.473205 9300
    359 13 4 27.483281 13 4 27.483281 9300
    360 13 4 27.493218 13 4 27.493218 9300
    361 13 4 27.503206 13 4 27.503206 9300
    362 13 4 27.513215 13 4 27.513215 9300
    363 13 4 27.523219 13 4 27.523219 9300
    364 13 4 27.533474 13 4 27.533474 9300
    365 13 4 27.543244 13 4 27.543244 9300
    366 13 4 27.553290 13 4 27.553290 9300
    367 13 4 27.563280 13 4 27.563280 9300
    368 13 4 27.573288 13 4 27.573288 9300
    369 13 4 27.583214 13 4 27.583214 9300
    370 13 4 27.593280 13 4 27.593280 9300
    371 13 4 27.603300 13 4 27.603300 9300
    372 13 4 27.613217 13 4 27.613217 9300
    373 13 4 27.623208 13 4 27.623208 9300
    374 13 4 27.633222 13 4 27.633222 9300
    375 13 4 27.643274 13 4 27.643274 9300
    376 13 4 27.653300 13 4 27.653300 9300
    377 13 4 27.663312 13 4 27.663312 9300
    378 13 4 27.673210 13 4 27.673210 9300
    379 13 4 27.683282 13 4 27.683282 9300
    380 13 4 27.693539 13 4 27.693539 9300
    381 13 4 27.703247 13 4 27.703247 9300
    382 13 4 27.713224 13 4 27.713224 9300
    383 13 4 27.723216 13 4 27.723216 9300
    384 13 4 27.733226 13 4 27.733226 9300
    385 13 4 27.743296 13 4 27.743296 9300
    386 13 4 27.753313 13 4 27.753313 9300
    387 13 4 27.763218 13 4 27.763218 9300
    388 13 4 27.773282 13 4 27.773282 9300
    389 13 4 27.783214 13 4 27.783214 9300
    390 13 4 27.793257 13 4 27.793257 9300
    391 13 4 27.803271 13 4 27.803271 9300
    392 13 4 27.813269 13 4 27.813269 9300
    393 13 4 27.823214 13 4 27.823214 9300
    394 13 4 27.833344 13 4 27.833344 9300
    395 13 4 27.843204 13 4 27.843204 9300
    396 13 4 27.853225 13 4 27.853225 9300
    397 13 4 27.863270 13 4 27.863270 9300
    398 13 4 27.873201 13 4 27.873201 9300
    399 13 4 27.883230 13 4 27.883230 9300
    400 13 4 27.893209 13 4 27.893209 9300
    401 13 4 27.903199 13 4 27.903199 9300
    402 13 4 27.913206 13 4 27.913206 9300
    403 13 4 27.923203 13 4 27.923203 9300
    404 13 4 27.933682 13 4 27.933682 9300
    405 13 4 27.943345 13 4 27.943345 9300
    406 13 4 27.953282 13 4 27.953282 9300
    407 13 4 27.963204 13 4 27.963204 9300
    408 13 4 27.973285 13 4 27.973285 9300
    409 13 4 27.983263 13 4 27.983263 9300
    410 13 4 27.993283 13 4 27.993283 9300
    411 13 4 28.003260 13 4 28.003260 9300
    412 13 4 28.013466 13 4 28.013466 9300
    413 13 4 28.023230 13 4 28.023230 9300
    414 13 4 28.033212 13 4 28.033212 9300
    415 13 4 28.043298 13 4 28.043298 9300
    416 13 4 28.053274 13 4 28.053274 9300
    417 13 4 28.063282 13 4 28.063282 9300
    418 13 4 28.073288 13 4 28.073288 9300
    419 13 4 28.083279 13 4 28.083279 9300
    420 13 4 28.093174 13 4 28.093174 9300
    421 13 4 28.103518 13 4 28.103518 9300
    422 13 4 28.113206 13 4 28.113206 9300
    423 13 4 28.123177 13 4 28.123177 9300
    424 13 4 28.133530 13 4 28.133530 9300
    425 13 4 28.143214 13 4 28.143214 9300
    426 13 4 28.153280 13 4 28.153280 9300
    427 13 4 28.163281 13 4 28.163281 9300
    428 13 4 28.173369 13 4 28.173369 9300
    429 13 4 28.183246 13 4 28.183246 9300
    430 13 4 28.193488 13 4 28.193488 9300
    431 13 4 28.203296 13 4 28.203296 9300
    432 13 4 28.213291 13 4 28.213291 9300
    433 13 4 28.223285 13 4 28.223285 9300
    434 13 4 28.233222 13 4 28.233222 9300
    435 13 4 28.243210 13 4 28.243210 9300
    436 13 4 28.253322 13 4 28.253322 9300
    437 13 4 28.263286 13 4 28.263286 9300
    438 13 4 28.273292 13 4 28.273292 9300
    439 13 4 28.283332 13 4 28.283332 9300
    440 13 4 28.293295 13 4 28.293295 9300
    441 13 4 28.303232 13 4 28.303232 9300
    442 13 4 28.313213 13 4 28.313213 9300
    443 13 4 28.323318 13 4 28.323318 9300
    444 13 4 28.333276 13 4 28.333276 9300
    445 13 4 28.343319 13 4 28.343319 9300
    446 13 4 28.353315 13 4 28.353315 9300
    447 13 4 28.363296 13 4 28.363296 9300
    448 13 4 28.373294 13 4 28.373294 9300
    449 13 4 28.383272 13 4 28.383272 9300
    450 13 4 28.393211 13 4 28.393211 9300
    451 13 4 28.403299 13 4 28.403299 9300
    452 13 4 28.413253 13 4 28.413253 9300
    453 13 4 28.423216 13 4 28.423216 9300
    454 13 4 28.433216 13 4 28.433216 9300
    455 13 4 28.443204 13 4 28.443204 9300
    456 13 4 28.453278 13 4 28.453278 9300
    457 13 4 28.463210 13 4 28.463210 9300
    458 13 4 28.473288 13 4 28.473288 9300
    459 13 4 28.483277 13 4 28.483277 9300
    460 13 4 28.493296 13 4 28.493296 9300
    461 13 4 28.503212 13 4 28.503212 9300
    462 13 4 28.515070 13 4 28.515070 9300
    463 13 4 28.523240 13 4 28.523240 9300
    464 13 4 28.533303 13 4 28.533303 9300
    465 13 4 28.543216 13 4 28.543216 9300
    466 13 4 28.553274 13 4 28.553274 9300
    467 13 4 28.563282 13 4 28.563282 9300
    468 13 4 28.573297 13 4 28.573297 9300
    469 13 4 28.583273 13 4 28.583273 9300
    470 13 4 28.593287 13 4 28.593287 9300
    471 13 4 28.603207 13 4 28.603207 9300
    472 13 4 28.613219 13 4 28.613219 9300
    473 13 4 28.623218 13 4 28.623218 9300
    474 13 4 28.633205 13 4 28.633205 9300
    475 13 4 28.643215 13 4 28.643215 9300
    476 13 4 28.653238 13 4 28.653238 9300
    477 13 4 28.663270 13 4 28.663270 9300
    478 13 4 28.673266 13 4 28.673266 9300
    479 13 4 28.683275 13 4 28.683275 9300
    480 13 4 28.693744 13 4 28.693744 9300
    481 13 4 28.703210 13 4 28.703210 9300
    482 13 4 28.713218 13 4 28.713218 9300
    483 13 4 28.723231 13 4 28.723231 9300
    484 13 4 28.733280 13 4 28.733280 9300
    485 13 4 28.743271 13 4 28.743271 9300
    486 13 4 28.753295 13 4 28.753295 9300
    487 13 4 28.763307 13 4 28.763307 9300
    488 13 4 28.773389 13 4 28.773389 9300
    489 13 4 28.784584 13 4 28.784584 9300
    490 13 4 28.793317 13 4 28.793317 9300
    491 13 4 28.803336 13 4 28.803336 9300
    492 13 4 28.813320 13 4 28.813320 9300
    493 13 4 28.823318 13 4 28.823318 9300
    494 13 4 28.833242 13 4 28.833242 9300
    495 13 4 28.843240 13 4 28.843240 9300
    496 13 4 28.853283 13 4 28.853283 9300
    497 13 4 28.863278 13 4 28.863278 9300
    498 13 4 28.873288 13 4 28.873288 9300
    499 13 4 28.883240 13 4 28.883240 9300
    500 13 4 28.893266 13 4 28.893266 9300
    501 13 4 28.903211 13 4 28.903211 9300
    502 13 4 28.913236 13 4 28.913236 9300
    503 13 4 28.923220 13 4 28.923220 9300
    504 13 4 28.933275 13 4 28.933275 9300
    505 13 4 28.943632 13 4 28.943632 9300
    506 13 4 28.953375 13 4 28.953375 9300
    507 13 4 28.963263 13 4 28.963263 9300
    508 13 4 28.973289 13 4 28.973289 9300
    509 13 4 28.983322 13 4 28.983322 9300
    510 13 4 28.993293 13 4 28.993293 9300
    511 13 4 29.003264 13 4 29.003264 9300
    512 13 4 29.013291 13 4 29.013291 9300
    513 13 4 29.023217 13 4 29.023217 9300
    514 13 4 29.033308 13 4 29.033308 9300
    515 13 4 29.043200 13 4 29.043200 9300
    516 13 4 29.053478 13 4 29.053478 9300
    517 13 4 29.063271 13 4 29.063271 9300
    518 13 4 29.073309 13 4 29.073309 9300
    519 13 4 29.083252 13 4 29.083252 9300
    520 13 4 29.093312 13 4 29.093312 9300
    521 13 4 29.103712 13 4 29.103712 9300
    522 13 4 29.113216 13 4 29.113216 9300
    523 13 4 29.123540 13 4 29.123540 9300
    524 13 4 29.133229 13 4 29.133229 9300
    525 13 4 29.143532 13 4 29.143532 9300
    526 13 4 29.153206 13 4 29.153206 9300
    527 13 4 29.163226 13 4 29.163226 9300
    528 13 4 29.173338 13 4 29.173338 9300
    529 13 4 29.183305 13 4 29.183305 9300
    530 13 4 29.193356 13 4 29.193356 9300
    531 13 4 29.203337 13 4 29.203337 9300
    532 13 4 29.213318 13 4 29.213318 9300
    533 13 4 29.223817 13 4 29.223817 9300
    534 13 4 29.233523 13 4 29.233523 9300
    535 13 4 29.243321 13 4 29.243321 9300
    536 13 4 29.253278 13 4 29.253278 9300
    537 13 4 29.263306 13 4 29.263306 9300
    538 13 4 29.273465 13 4 29.273465 9300
    539 13 4 29.283896 13 4 29.283896 9300
    540 13 4 29.293296 13 4 29.293296 9300
    541 13 4 29.303356 13 4 29.303356 9300
    542 13 4 29.313214 13 4 29.313214 9300
    543 13 4 29.323208 13 4 29.323208 9300
    544 13 4 29.333214 13 4 29.333214 9300
    545 13 4 29.343204 13 4 29.343204 9300
    546 13 4 29.353282 13 4 29.353282 9300
    547 13 4 29.363265 13 4 29.363265 9300
    548 13 4 29.373225 13 4 29.373225 9300
    549 13 4 29.383386 13 4 29.383386 9300
    550 13 4 29.393280 13 4 29.393280 9300
    551 13 4 29.403486 13 4 29.403486 9300
    552 13 4 29.413285 13 4 29.413285 9300
    553 13 4 29.423220 13 4 29.423220 9300
    554 13 4 29.433603 13 4 29.433603 9300
    555 13 4 29.443206 13 4 29.443206 9300
    556 13 4 29.453209 13 4 29.453209 9300
    557 13 4 29.463270 13 4 29.463270 9300
    558 13 4 29.473279 13 4 29.473279 9300
    559 13 4 29.483278 13 4 29.483278 9300
    560 13 4 29.493307 13 4 29.493307 9300
    561 13 4 29.503211 13 4 29.503211 9300
    562 13 4 29.513197 13 4 29.513197 9300
    563 13 4 29.523205 13 4 29.523205 9300
    564 13 4 29.533210 13 4 29.533210 9300
    565 13 4 29.543213 13 4 29.543213 9300
    566 13 4 29.553284 13 4 29.553284 9300
    567 13 4 29.563285 13 4 29.563285 9300
    568 13 4 29.573216 13 4 29.573216 9300
    569 13 4 29.583287 13 4 29.583287 9300
    570 13 4 29.593274 13 4 29.593274 9300
    571 13 4 29.603276 13 4 29.603276 9300
    572 13 4 29.613483 13 4 29.613483 9300
    573 13 4 29.623291 13 4 29.623291 9300
    574 13 4 29.633214 13 4 29.633214 9300
    575 13 4 29.643205 13 4 29.643205 9300
    576 13 4 29.653311 13 4 29.653311 9300
    577 13 4 29.663173 13 4 29.663173 9300
    578 13 4 29.673266 13 4 29.673266 9300
    579 13 4 29.683274 13 4 29.683274 9300
    580 13 4 29.693224 13 4 29.693224 9300
    581 13 4 29.703213 13 4 29.703213 9300
    582 13 4 29.713221 13 4 29.713221 9300
    583 13 4 29.723219 13 4 29.723219 9300
    584 13 4 29.733115 13 4 29.733115 9300
    585 13 4 29.743251 13 4 29.743251 9300
    586 13 4 29.753292 13 4 29.753292 9300
    587 13 4 29.763283 13 4 29.763283 9300
    588 13 4 29.773291 13 4 29.773291 9300
    589 13 4 29.783319 13 4 29.783319 9300
    590 13 4 29.793348 13 4 29.793348 9300
    591 13 4 29.803263 13 4 29.803263 9300
    592 13 4 29.813269 13 4 29.813269 9300
    593 13 4 29.823297 13 4 29.823297 9300
    594 13 4 29.833207 13 4 29.833207 9300
    595 13 4 29.843204 13 4 29.843204 9300
    596 13 4 29.853597 13 4 29.853597 9300
    597 13 4 29.863286 13 4 29.863286 9300
    598 13 4 29.873318 13 4 29.873318 9300
    599 13 4 29.883279 13 4 29.883279 9300
    600 13 4 29.893225 13 4 29.893225 9300
    601 13 4 29.903287 13 4 29.903287 9300
    602 13 4 29.913215 13 4 29.913215 9300
    603 13 4 29.923206 13 4 29.923206 9300
    604 13 4 29.933219 13 4 29.933219 9300
    605 13 4 29.943204 13 4 29.943204 9300
    606 13 4 29.953804 13 4 29.953804 9300
    607 13 4 29.963198 13 4 29.963198 9300
    608 13 4 29.973213 13 4 29.973213 9300
    609 13 4 29.983290 13 4 29.983290 9300
    610 13 4 29.993276 13 4 29.993276 9300
    611 13 4 30.003292 13 4 30.003292 9300
    612 13 4 30.013325 13 4 30.013325 9300
    613 13 4 30.023271 13 4 30.023271 9300
    614 13 4 30.033208 13 4 30.033208 9300
    615 13 4 30.043212 13 4 30.043212 9300
    616 13 4 30.053202 13 4 30.053202 9300
    617 13 4 30.063275 13 4 30.063275 9300
    618 13 4 30.073274 13 4 30.073274 9300
    619 13 4 30.083225 13 4 30.083225 9300
    620 13 4 30.093213 13 4 30.093213 9300
    621 13 4 30.103213 13 4 30.103213 9300
    622 13 4 30.113216 13 4 30.113216 9300
    623 13 4 30.123201 13 4 30.123201 9300
    624 13 4 30.133205 13 4 30.133205 9300
    625 13 4 30.143211 13 4 30.143211 9300
    626 13 4 30.153290 13 4 30.153290 9300
    627 13 4 30.163274 13 4 30.163274 9300
    628 13 4 30.173208 13 4 30.173208 9300
    629 13 4 30.183274 13 4 30.183274 9300
    630 13 4 30.193270 13 4 30.193270 9300
    631 13 4 30.203369 13 4 30.203369 9300
    632 13 4 30.213305 13 4 30.213305 9300
    633 13 4 30.223949 13 4 30.223949 9300
    634 13 4 30.233209 13 4 30.233209 9300
    635 13 4 30.243206 13 4 30.243206 9300
    636 13 4 30.253244 13 4 30.253244 9300
    637 13 4 30.263213 13 4 30.263213 9300
    638 13 4 30.273277 13 4 30.273277 9300
    639 13 4 30.283288 13 4 30.283288 9300
    640 13 4 30.293216 13 4 30.293216 9300
    641 13 4 30.303159 13 4 30.303159 9300
    642 13 4 30.313569 13 4 30.313569 9300
    643 13 4 30.323205 13 4 30.323205 9300
    644 13 4 30.333221 13 4 30.333221 9300
    645 13 4 30.343206 13 4 30.343206 9300
    646 13 4 30.353137 13 4 30.353137 9300
    647 13 4 30.363289 13 4 30.363289 9300
    648 13 4 30.373284 13 4 30.373284 9300
    649 13 4 30.383734 13 4 30.383734 9300
    650 13 4 30.393222 13 4 30.393222 9300
    651 13 4 30.403217 13 4 30.403217 9300
    652 13 4 30.413253 13 4 30.413253 9300
    653 13 4 30.423311 13 4 30.423311 9300
    654 13 4 30.433211 13 4 30.433211 9300
    655 13 4 30.443231 13 4 30.443231 9300
    656 13 4 30.453267 13 4 30.453267 9300
    657 13 4 30.463263 13 4 30.463263 9300
    658 13 4 30.473262 13 4 30.473262 9300
    659 13 4 30.483284 13 4 30.483284 9300
    660 13 4 30.493283 13 4 30.493283 9300
    661 13 4 30.503226 13 4 30.503226 9300
    662 13 4 30.513265 13 4 30.513265 9300
    663 13 4 30.523225 13 4 30.523225 9300
    664 13 4 30.534109 13 4 30.534109 9300
    665 13 4 30.543248 13 4 30.543248 9300
    666 13 4 30.553582 13 4 30.553582 9300
    667 13 4 30.563300 13 4 30.563300 9300
    668 13 4 30.573246 13 4 30.573246 9300
    669 13 4 30.583279 13 4 30.583279 9300
    670 13 4 30.593249 13 4 30.593249 9300
    671 13 4 30.603279 13 4 30.603279 9300
    672 13 4 30.613275 13 4 30.613275 9300
    673 13 4 30.623308 13 4 30.623308 9300
    674 13 4 30.633207 13 4 30.633207 9300
    675 13 4 30.643388 13 4 30.643388 9300
    676 13 4 30.653448 13 4 30.653448 9300
    677 13 4 30.663743 13 4 30.663743 9300
    678 13 4 30.673463 13 4 30.673463 9300
    679 13 4 30.683274 13 4 30.683274 9300
    680 13 4 30.693221 13 4 30.693221 9300
    681 13 4 30.703279 13 4 30.703279 9300
    682 13 4 30.714072 13 4 30.714072 9300
    683 13 4 30.723223 13 4 30.723223 9300
    684 13 4 30.733381 13 4 30.733381 9300
    685 13 4 30.743804 13 4 30.743804 9300
    686 13 4 30.753202 13 4 30.753202 9300
    687 13 4 30.763273 13 4 30.763273 9300
    688 13 4 30.773323 13 4 30.773323 9300
    689 13 4 30.783328 13 4 30.783328 9300
    690 13 4 30.793282 13 4 30.793282 9300
    691 13 4 30.803286 13 4 30.803286 9300
    692 13 4 30.813428 13 4 30.813428 9300
    693 13 4 30.824231 13 4 30.824231 9300
    694 13 4 30.833359 13 4 30.833359 9300
    695 13 4 30.843260 13 4 30.843260 9300
    696 13 4 30.854137 13 4 30.854137 9300
    697 13 4 30.863205 13 4 30.863205 9300
    698 13 4 30.873281 13 4 30.873281 9300
    699 13 4 30.883207 13 4 30.883207 9300
    700 13 4 30.893391 13 4 30.893391 9300
    701 13 4 30.903283 13 4 30.903283 9300
    702 13 4 30.913215 13 4 30.913215 9300
    703 13 4 30.923218 13 4 30.923218 9300
    704 13 4 30.933219 13 4 30.933219 9300
    705 13 4 30.944054 13 4 30.944054 9300
    706 13 4 30.953236 13 4 30.953236 9300
    707 13 4 30.963210 13 4 30.963210 9300
    708 13 4 30.973316 13 4 30.973316 9300
    709 13 4 30.983221 13 4 30.983221 9300
    710 13 4 30.993317 13 4 30.993317 9300
    711 13 4 31.003271 13 4 31.003271 9300
    712 13 4 31.013276 13 4 31.013276 9300
    713 13 4 31.023271 13 4 31.023271 9300
    714 13 4 31.033252 13 4 31.033252 9300
    715 13 4 31.043223 13 4 31.043223 9300
    716 13 4 31.053212 13 4 31.053212 9300
    717 13 4 31.063213 13 4 31.063213 9300
    718 13 4 31.073347 13 4 31.073347 9300
    719 13 4 31.083345 13 4 31.083345 9300
    720 13 4 31.093305 13 4 31.093305 9300
    721 13 4 31.103297 13 4 31.103297 9300
    722 13 4 31.113216 13 4 31.113216 9300
    723 13 4 31.123226 13 4 31.123226 9300
    724 13 4 31.133216 13 4 31.133216 9300
    725 13 4 31.143225 13 4 31.143225 9300
    726 13 4 31.154505 13 4 31.154505 9300
    727 13 4 31.163202 13 4 31.163202 9300
    728 13 4 31.173218 13 4 31.173218 9300
    729 13 4 31.183223 13 4 31.183223 9300
    730 13 4 31.193349 13 4 31.193349 9300
    731 13 4 31.203286 13 4 31.203286 9300
    732 13 4 31.213298 13 4 31.213298 9300
    733 13 4 31.223320 13 4 31.223320 9300
    734 13 4 31.233252 13 4 31.233252 9300
    735 13 4 31.243293 13 4 31.243293 9300
    736 13 4 31.253236 13 4 31.253236 9300
    737 13 4 31.263284 13 4 31.263284 9300
    738 13 4 31.273288 13 4 31.273288 9300
    739 13 4 31.283229 13 4 31.283229 9300
    740 13 4 31.293288 13 4 31.293288 9300
    741 13 4 31.303231 13 4 31.303231 9300
    742 13 4 31.313216 13 4 31.313216 9300
    743 13 4 31.323228 13 4 31.323228 9300
    744 13 4 31.333217 13 4 31.333217 9300
    745 13 4 31.344162 13 4 31.344162 9300
    746 13 4 31.353256 13 4 31.353256 9300
    747 13 4 31.363209 13 4 31.363209 9300
    748 13 4 31.373269 13 4 31.373269 9300
    749 13 4 31.383275 13 4 31.383275 9300
    750 13 4 31.393214 13 4 31.393214 9300
    751 13 4 31.403285 13 4 31.403285 9300
    752 13 4 31.413226 13 4 31.413226 9300
    753 13 4 31.423284 13 4 31.423284 9300
    754 13 4 31.433282 13 4 31.433282 9300
    755 13 4 31.443308 13 4 31.443308 9300
    756 13 4 31.453208 13 4 31.453208 9300
    757 13 4 31.463225 13 4 31.463225 9300
    758 13 4 31.473286 13 4 31.473286 9300
    759 13 4 31.483212 13 4 31.483212 9300
    760 13 4 31.493206 13 4 31.493206 9300
    761 13 4 31.503313 13 4 31.503313 9300
    762 13 4 31.513211 13 4 31.513211 9300
    763 13 4 31.523208 13 4 31.523208 9300
    764 13 4 31.533211 13 4 31.533211 9300
    765 13 4 31.543970 13 4 31.543970 9300
    766 13 4 31.553245 13 4 31.553245 9300
    767 13 4 31.563219 13 4 31.563219 9300
    768 13 4 31.573270 13 4 31.573270 9300
    769 13 4 31.583279 13 4 31.583279 9300
    770 13 4 31.593272 13 4 31.593272 9300
    771 13 4 31.603196 13 4 31.603196 9300
    772 13 4 31.613274 13 4 31.613274 9300
    773 13 4 31.623269 13 4 31.623269 9300
    774 13 4 31.633278 13 4 31.633278 9300
    775 13 4 31.643208 13 4 31.643208 9300
    776 13 4 31.653928 13 4 31.653928 9300
    777 13 4 31.663264 13 4 31.663264 9300
    778 13 4 31.673279 13 4 31.673279 9300
    779 13 4 31.683271 13 4 31.683271 9300
    780 13 4 31.693208 13 4 31.693208 9300
    781 13 4 31.703205 13 4 31.703205 9300
    782 13 4 31.713214 13 4 31.713214 9300
    783 13 4 31.723212 13 4 31.723212 9300
    784 13 4 31.733219 13 4 31.733219 9300
    785 13 4 31.743221 13 4 31.743221 9300
    786 13 4 31.753213 13 4 31.753213 9300
    787 13 4 31.763207 13 4 31.763207 9300
    788 13 4 31.773282 13 4 31.773282 9300
    789 13 4 31.783215 13 4 31.783215 9300
    790 13 4 31.793309 13 4 31.793309 9300
    791 13 4 31.803253 13 4 31.803253 9300
    792 13 4 31.813286 13 4 31.813286 9300
    793 13 4 31.823285 13 4 31.823285 9300
    794 13 4 31.833234 13 4 31.833234 9300
    795 13 4 31.843208 13 4 31.843208 9300
    796 13 4 31.854244 13 4 31.854244 9300
    797 13 4 31.863271 13 4 31.863271 9300
    798 13 4 31.873331 13 4 31.873331 9300
    799 13 4 31.883265 13 4 31.883265 9300
    800 13 4 31.893312 13 4 31.893312 9300
    801 13 4 31.903379 13 4 31.903379 9300
    802 13 4 31.913246 13 4 31.913246 9300
    803 13 4 31.923186 13 4 31.923186 9300
    804 13 4 31.933256 13 4 31.933256 9300
    805 13 4 31.943314 13 4 31.943314 9300
    806 13 4 31.953274 13 4 31.953274 9300
    807 13 4 31.963504 13 4 31.963504 9300
    808 13 4 31.973328 13 4 31.973328 9300
    809 13 4 31.983212 13 4 31.983212 9300
    810 13 4 31.993276 13 4 31.993276 9300
    811 13 4 32.003948 13 4 32.003948 9300
    812 13 4 32.013226 13 4 32.013226 9300
    813 13 4 32.023321 13 4 32.023321 9300
    814 13 4 32.033276 13 4 32.033276 9300
    815 13 4 32.043221 13 4 32.043221 9300
    816 13 4 32.053235 13 4 32.053235 9300
    817 13 4 32.063301 13 4 32.063301 9300
    818 13 4 32.073310 13 4 32.073310 9300
    819 13 4 32.083283 13 4 32.083283 9300
    820 13 4 32.093279 13 4 32.093279 9300
    821 13 4 32.103287 13 4 32.103287 9300
    822 13 4 32.113791 13 4 32.113791 9300
    823 13 4 32.123226 13 4 32.123226 9300
    824 13 4 32.133276 13 4 32.133276 9300
    825 13 4 32.143248 13 4 32.143248 9300
    826 13 4 32.153229 13 4 32.153229 9300
    827 13 4 32.163226 13 4 32.163226 9300
    828 13 4 32.173282 13 4 32.173282 9300
    829 13 4 32.183275 13 4 32.183275 9300
    830 13 4 32.193280 13 4 32.193280 9300
    831 13 4 32.203285 13 4 32.203285 9300
    832 13 4 32.213223 13 4 32.213223 9300
    833 13 4 32.223267 13 4 32.223267 9300
    834 13 4 32.233269 13 4 32.233269 9300
    835 13 4 32.243274 13 4 32.243274 9300
    836 13 4 32.253664 13 4 32.253664 9300
    837 13 4 32.263275 13 4 32.263275 9300
    838 13 4 32.273505 13 4 32.273505 9300
    839 13 4 32.283271 13 4 32.283271 9300
    840 13 4 32.293216 13 4 32.293216 9300
    841 13 4 32.303207 13 4 32.303207 9300
    842 13 4 32.313215 13 4 32.313215 9300
    843 13 4 32.323208 13 4 32.323208 9300
    844 13 4 32.333213 13 4 32.333213 9300
    845 13 4 32.343370 13 4 32.343370 9300
    846 13 4 32.353217 13 4 32.353217 9300
    847 13 4 32.368259 13 4 32.368259 9300
    848 13 4 32.373691 13 4 32.373691 9300
    849 13 4 32.383398 13 4 32.383398 9300
    850 13 4 32.393276 13 4 32.393276 9300
    851 13 4 32.403297 13 4 32.403297 9300
    852 13 4 32.413271 13 4 32.413271 9300
    853 13 4 32.423274 13 4 32.423274 9300
    854 13 4 32.433301 13 4 32.433301 9300
    855 13 4 32.443235 13 4 32.443235 9300
    856 13 4 32.453471 13 4 32.453471 9300
    857 13 4 32.463293 13 4 32.463293 9300
    858 13 4 32.473239 13 4 32.473239 9300
    859 13 4 32.483254 13 4 32.483254 9300
    860 13 4 32.493222 13 4 32.493222 9300
    861 13 4 32.503301 13 4 32.503301 9300
    862 13 4 32.513286 13 4 32.513286 9300
    863 13 4 32.523186 13 4 32.523186 9300
    864 13 4 32.533191 13 4 32.533191 9300
    865 13 4 32.543219 13 4 32.543219 9300
    866 13 4 32.553229 13 4 32.553229 9300
    867 13 4 32.563215 13 4 32.563215 9300
    868 13 4 32.573200 13 4 32.573200 9300
    869 13 4 32.583258 13 4 32.583258 9300
    870 13 4 32.593265 13 4 32.593265 9300
    871 13 4 32.603278 13 4 32.603278 9300
    872 13 4 32.613280 13 4 32.613280 9300
    873 13 4 32.623176 13 4 32.623176 9300
    874 13 4 32.633260 13 4 32.633260 9300
    875 13 4 32.643284 13 4 32.643284 9300
    876 13 4 32.653621 13 4 32.653621 9300
    877 13 4 32.663274 13 4 32.663274 9300
    878 13 4 32.673270 13 4 32.673270 9300
    879 13 4 32.683270 13 4 32.683270 9300
    880 13 4 32.693311 13 4 32.693311 9300
    881 13 4 32.703208 13 4 32.703208 9300
    882 13 4 32.713343 13 4 32.713343 9300
    883 13 4 32.723222 13 4 32.723222 9300
    884 13 4 32.733375 13 4 32.733375 9300
    885 13 4 32.743205 13 4 32.743205 9300
    886 13 4 32.753216 13 4 32.753216 9300
    887 13 4 32.763210 13 4 32.763210 9300
    888 13 4 32.773223 13 4 32.773223 9300
    889 13 4 32.783279 13 4 32.783279 9300
    890 13 4 32.793261 13 4 32.793261 9300
    891 13 4 32.803265 13 4 32.803265 9300
    892 13 4 32.813271 13 4 32.813271 9300
    893 13 4 32.823323 13 4 32.823323 9300
    894 13 4 32.833246 13 4 32.833246 9300
    895 13 4 32.843228 13 4 32.843228 9300
    896 13 4 32.853358 13 4 32.853358 9300
    897 13 4 32.863273 13 4 32.863273 9300
    898 13 4 32.873268 13 4 32.873268 9300
    899 13 4 32.883262 13 4 32.883262 9300
    900 13 4 32.893323 13 4 32.893323 9300
    901 13 4 32.903233 13 4 32.903233 9300
    902 13 4 32.916096 13 4 32.916096 9300
    903 13 4 32.923209 13 4 32.923209 9300
    904 13 4 32.933216 13 4 32.933216 9300
    905 13 4 32.943226 13 4 32.943226 9300
    906 13 4 32.953212 13 4 32.953212 9300
    907 13 4 32.964030 13 4 32.964030 9300
    908 13 4 32.973308 13 4 32.973308 9300
    909 13 4 32.983266 13 4 32.983266 9300
    910 13 4 32.993231 13 4 32.993231 9300
    911 13 4 33.003273 13 4 33.003273 9300
    912 13 4 33.013294 13 4 33.013294 9300
    913 13 4 33.023291 13 4 33.023291 9300
    914 13 4 33.033293 13 4 33.033293 9300
    915 13 4 33.043277 13 4 33.043277 9300
    916 13 4 33.053373 13 4 33.053373 9300
    917 13 4 33.063186 13 4 33.063186 9300
    918 13 4 33.073279 13 4 33.073279 9300
    919 13 4 33.083340 13 4 33.083340 9300
    920 13 4 33.093417 13 4 33.093417 9300
    921 13 4 33.103242 13 4 33.103242 9300
    922 13 4 33.113430 13 4 33.113430 9300
    923 13 4 33.123407 13 4 33.123407 9300
    924 13 4 33.133327 13 4 33.133327 9300
    925 13 4 33.143236 13 4 33.143236 9300
    926 13 4 33.153233 13 4 33.153233 9300
    927 13 4 33.169162 13 4 33.169162 9300
    928 13 4 33.173969 13 4 33.173969 9300
    929 13 4 33.183199 13 4 33.183199 9300
    930 13 4 33.193359 13 4 33.193359 9300
    931 13 4 33.203270 13 4 33.203270 9300
    932 13 4 33.213270 13 4 33.213270 9300
    933 13 4 33.223272 13 4 33.223272 9300
    934 13 4 33.233288 13 4 33.233288 9300
    935 13 4 33.243277 13 4 33.243277 9300
    936 13 4 33.253242 13 4 33.253242 9300
    937 13 4 33.263286 13 4 33.263286 9300
    938 13 4 33.273243 13 4 33.273243 9300
    939 13 4 33.283281 13 4 33.283281 9300
    940 13 4 33.293281 13 4 33.293281 9300
    941 13 4 33.303320 13 4 33.303320 9300
    942 13 4 33.313214 13 4 33.313214 9300
    943 13 4 33.323213 13 4 33.323213 9300
    944 13 4 33.333204 13 4 33.333204 9300
    945 13 4 33.343507 13 4 33.343507 9300
    946 13 4 33.353220 13 4 33.353220 9300
    947 13 4 33.363213 13 4 33.363213 9300
    948 13 4 33.373198 13 4 33.373198 9300
    949 13 4 33.383214 13 4 33.383214 9300
    950 13 4 33.393312 13 4 33.393312 9300
    951 13 4 33.403317 13 4 33.403317 9300
    952 13 4 33.413279 13 4 33.413279 9300
    953 13 4 33.423295 13 4 33.423295 9300
    954 13 4 33.433306 13 4 33.433306 9300
    955 13 4 33.443289 13 4 33.443289 9300
    956 13 4 33.454140 13 4 33.454140 9300
    957 13 4 33.463121 13 4 33.463121 9300
    958 13 4 33.473250 13 4 33.473250 9300
    959 13 4 33.483311 13 4 33.483311 9300
    960 13 4 33.493288 13 4 33.493288 9300
    961 13 4 33.503281 13 4 33.503281 9300
    962 13 4 33.513286 13 4 33.513286 9300
    963 13 4 33.523212 13 4 33.523212 9300
    964 13 4 33.533214 13 4 33.533214 9300
    965 13 4 33.543224 13 4 33.543224 9300
    966 13 4 33.553215 13 4 33.553215 9300
    967 13 4 33.563217 13 4 33.563217 9300
    968 13 4 33.573202 13 4 33.573202 9300
    969 13 4 33.583230 13 4 33.583230 9300
    970 13 4 33.593218 13 4 33.593218 9300
    971 13 4 33.603292 13 4 33.603292 9300
    972 13 4 33.613275 13 4 33.613275 9300
    973 13 4 33.623384 13 4 33.623384 9300
    974 13 4 33.633279 13 4 33.633279 9300
    975 13 4 33.643278 13 4 33.643278 9300
    976 13 4 33.653219 13 4 33.653219 9300
    977 13 4 33.663649 13 4 33.663649 9300
    978 13 4 33.673233 13 4 33.673233 9300
    979 13 4 33.683228 13 4 33.683228 9300
    980 13 4 33.693241 13 4 33.693241 9300
    981 13 4 33.703273 13 4 33.703273 9300
    982 13 4 33.713227 13 4 33.713227 9300
    983 13 4 33.723208 13 4 33.723208 9300
    984 13 4 33.733204 13 4 33.733204 9300
    985 13 4 33.743200 13 4 33.743200 9300
    986 13 4 33.753200 13 4 33.753200 9300
    987 13 4 33.763213 13 4 33.763213 9300
    988 13 4 33.773209 13 4 33.773209 9300
    989 13 4 33.783220 13 4 33.783220 9300
    990 13 4 33.793218 13 4 33.793218 9300
    991 13 4 33.803268 13 4 33.803268 9300
    992 13 4 33.813209 13 4 33.813209 9300
    993 13 4 33.823267 13 4 33.823267 9300
    994 13 4 33.833272 13 4 33.833272 9300
    995 13 4 33.843271 13 4 33.843271 9300
    996 13 4 33.853270 13 4 33.853270 9300
    997 13 4 33.863250 13 4 33.863250 9300
    998 13 4 33.873249 13 4 33.873249 9300
    999 13 4 33.883226 13 4 33.883226 9300
   1000 13 4 33.893421 13 4 33.893421 9300
