      1 13 3 11.129312 13 3 11.129312 8700
      2 13 3 11.139450 13 3 11.139450 8700
      3 13 3 11.149492 13 3 11.149492 8700
      4 13 3 11.159492 13 3 11.159492 8700
      5 13 3 11.169461 13 3 11.169461 8700
      6 13 3 11.179475 13 3 11.179475 8700
      7 13 3 11.189472 13 3 11.189472 8700
      8 13 3 11.199457 13 3 11.199457 8700
      9 13 3 11.209474 13 3 11.209474 8700
     10 13 3 11.219493 13 3 11.219493 8700
     11 13 3 11.229511 13 3 11.229511 8700
     12 13 3 11.239421 13 3 11.239421 8700
     13 13 3 11.249425 13 3 11.249425 8700
     14 13 3 11.259420 13 3 11.259420 8700
     15 13 3 11.269422 13 3 11.269422 8700
     16 13 3 11.279434 13 3 11.279434 8700
     17 13 3 11.289498 13 3 11.289498 8700
     18 13 3 11.299500 13 3 11.299500 8700
     19 13 3 11.309471 13 3 11.309471 8700
     20 13 3 11.319490 13 3 11.319490 8700
     21 13 3 11.329482 13 3 11.329482 8700
     22 13 3 11.339569 13 3 11.339569 8700
     23 13 3 11.349482 13 3 11.349482 8700
     24 13 3 11.359491 13 3 11.359491 8700
     25 13 3 11.369457 13 3 11.369457 8700
     26 13 3 11.379405 13 3 11.379405 8700
     27 13 3 11.389464 13 3 11.389464 8700
     28 13 3 11.399478 13 3 11.399478 8700
     29 13 3 11.409418 13 3 11.409418 8700
     30 13 3 11.419422 13 3 11.419422 8700
     31 13 3 11.429418 13 3 11.429418 8700
     32 13 3 11.439422 13 3 11.439422 8700
     33 13 3 11.449419 13 3 11.449419 8700
     34 13 3 11.459443 13 3 11.459443 8700
     35 13 3 11.469438 13 3 11.469438 8700
     36 13 3 11.480116 13 3 11.480116 8700
     37 13 3 11.489447 13 3 11.489447 8700
     38 13 3 11.499482 13 3 11.499482 8700
     39 13 3 11.509465 13 3 11.509465 8700
     40 13 3 11.519505 13 3 11.519505 8700
     41 13 3 11.529467 13 3 11.529467 8700
     42 13 3 11.539421 13 3 11.539421 8700
     43 13 3 11.549894 13 3 11.549894 8700
     44 13 3 11.559490 13 3 11.559490 8700
     45 13 3 11.569445 13 3 11.569445 8700
     46 13 3 11.579447 13 3 11.579447 8700
     47 13 3 11.589470 13 3 11.589470 8700
     48 13 3 11.599479 13 3 11.599479 8700
     49 13 3 11.609476 13 3 11.609476 8700
     50 13 3 11.619422 13 3 11.619422 8700
     51 13 3 11.629412 13 3 11.629412 8700
     52 13 3 11.639414 13 3 11.639414 8700
     53 13 3 11.649423 13 3 11.649423 8700
     54 13 3 11.659416 13 3 11.659416 8700
     55 13 3 11.669423 13 3 11.669423 8700
     56 13 3 11.679420 13 3 11.679420 8700
     57 13 3 11.689427 13 3 11.689427 8700
     58 13 3 11.699474 13 3 11.699474 8700
     59 13 3 11.709466 13 3 11.709466 8700
     60 13 3 11.719466 13 3 11.719466 8700
     61 13 3 11.729482 13 3 11.729482 8700
     62 13 3 11.739463 13 3 11.739463 8700
     63 13 3 11.749485 13 3 11.749485 8700
     64 13 3 11.759496 13 3 11.759496 8700
     65 13 3 11.769403 13 3 11.769403 8700
     66 13 3 11.779476 13 3 11.779476 8700
     67 13 3 11.789464 13 3 11.789464 8700
     68 13 3 11.799464 13 3 11.799464 8700
     69 13 3 11.809474 13 3 11.809474 8700
     70 13 3 11.819425 13 3 11.819425 8700
     71 13 3 11.829421 13 3 11.829421 8700
     72 13 3 11.839413 13 3 11.839413 8700
     73 13 3 11.849418 13 3 11.849418 8700
     74 13 3 11.859577 13 3 11.859577 8700
     75 13 3 11.870155 13 3 11.870155 8700
     76 13 3 11.879424 13 3 11.879424 8700
     77 13 3 11.889414 13 3 11.889414 8700
     78 13 3 11.899832 13 3 11.899832 8700
     79 13 3 11.909496 13 3 11.909496 8700
     80 13 3 11.919465 13 3 11.919465 8700
     81 13 3 11.929487 13 3 11.929487 8700
     82 13 3 11.939489 13 3 11.939489 8700
     83 13 3 11.949477 13 3 11.949477 8700
     84 13 3 11.959486 13 3 11.959486 8700
     85 13 3 11.969473 13 3 11.969473 8700
     86 13 3 11.979482 13 3 11.979482 8700
     87 13 3 11.989466 13 3 11.989466 8700
     88 13 3 11.999466 13 3 11.999466 8700
     89 13 3 12.009652 13 3 12.009652 8700
     90 13 3 12.019429 13 3 12.019429 8700
     91 13 3 12.029448 13 3 12.029448 8700
     92 13 3 12.040136 13 3 12.040136 8700
     93 13 3 12.049424 13 3 12.049424 8700
     94 13 3 12.059418 13 3 12.059418 8700
     95 13 3 12.069419 13 3 12.069419 8700
     96 13 3 12.079414 13 3 12.079414 8700
     97 13 3 12.089358 13 3 12.089358 8700
     98 13 3 12.099515 13 3 12.099515 8700
     99 13 3 12.109453 13 3 12.109453 8700
    100 13 3 12.119479 13 3 12.119479 8700
    101 13 3 12.129568 13 3 12.129568 8700
    102 13 3 12.139502 13 3 12.139502 8700
    103 13 3 12.149457 13 3 12.149457 8700
    104 13 3 12.159475 13 3 12.159475 8700
    105 13 3 12.169472 13 3 12.169472 8700
    106 13 3 12.179503 13 3 12.179503 8700
    107 13 3 12.189474 13 3 12.189474 8700
    108 13 3 12.199455 13 3 12.199455 8700
    109 13 3 12.209436 13 3 12.209436 8700
    110 13 3 12.219511 13 3 12.219511 8700
    111 13 3 12.229438 13 3 12.229438 8700
    112 13 3 12.239420 13 3 12.239420 8700
    113 13 3 12.249449 13 3 12.249449 8700
    114 13 3 12.259418 13 3 12.259418 8700
    115 13 3 12.269434 13 3 12.269434 8700
    116 13 3 12.279424 13 3 12.279424 8700
    117 13 3 12.289428 13 3 12.289428 8700
    118 13 3 12.299480 13 3 12.299480 8700
    119 13 3 12.309426 13 3 12.309426 8700
    120 13 3 12.319463 13 3 12.319463 8700
    121 13 3 12.329473 13 3 12.329473 8700
    122 13 3 12.339458 13 3 12.339458 8700
    123 13 3 12.349520 13 3 12.349520 8700
    124 13 3 12.359479 13 3 12.359479 8700
    125 13 3 12.369476 13 3 12.369476 8700
    126 13 3 12.379469 13 3 12.379469 8700
    127 13 3 12.389419 13 3 12.389419 8700
    128 13 3 12.399485 13 3 12.399485 8700
    129 13 3 12.409489 13 3 12.409489 8700
    130 13 3 12.420301 13 3 12.420301 8700
    131 13 3 12.429427 13 3 12.429427 8700
    132 13 3 12.439422 13 3 12.439422 8700
    133 13 3 12.449412 13 3 12.449412 8700
    134 13 3 12.459417 13 3 12.459417 8700
    135 13 3 12.469426 13 3 12.469426 8700
    136 13 3 12.479430 13 3 12.479430 8700
    137 13 3 12.489447 13 3 12.489447 8700
    138 13 3 12.499435 13 3 12.499435 8700
    139 13 3 12.509429 13 3 12.509429 8700
    140 13 3 12.519517 13 3 12.519517 8700
    141 13 3 12.529489 13 3 12.529489 8700
    142 13 3 12.539566 13 3 12.539566 8700
    143 13 3 12.549616 13 3 12.549616 8700
    144 13 3 12.559492 13 3 12.559492 8700
    145 13 3 12.569502 13 3 12.569502 8700
    146 13 3 12.579534 13 3 12.579534 8700
    147 13 3 12.589487 13 3 12.589487 8700
    148 13 3 12.599475 13 3 12.599475 8700
    149 13 3 12.609477 13 3 12.609477 8700
    150 13 3 12.619483 13 3 12.619483 8700
    151 13 3 12.629360 13 3 12.629360 8700
    152 13 3 12.639416 13 3 12.639416 8700
    153 13 3 12.649416 13 3 12.649416 8700
    154 13 3 12.659406 13 3 12.659406 8700
    155 13 3 12.669416 13 3 12.669416 8700
    156 13 3 12.679420 13 3 12.679420 8700
    157 13 3 12.689415 13 3 12.689415 8700
    158 13 3 12.699476 13 3 12.699476 8700
    159 13 3 12.709429 13 3 12.709429 8700
    160 13 3 12.719483 13 3 12.719483 8700
    161 13 3 12.729485 13 3 12.729485 8700
    162 13 3 12.739407 13 3 12.739407 8700
    163 13 3 12.749447 13 3 12.749447 8700
    164 13 3 12.759492 13 3 12.759492 8700
    165 13 3 12.769508 13 3 12.769508 8700
    166 13 3 12.779412 13 3 12.779412 8700
    167 13 3 12.789405 13 3 12.789405 8700
    168 13 3 12.799506 13 3 12.799506 8700
    169 13 3 12.809469 13 3 12.809469 8700
    170 13 3 12.819421 13 3 12.819421 8700
    171 13 3 12.829423 13 3 12.829423 8700
    172 13 3 12.840177 13 3 12.840177 8700
    173 13 3 12.849425 13 3 12.849425 8700
    174 13 3 12.859417 13 3 12.859417 8700
    175 13 3 12.869443 13 3 12.869443 8700
    176 13 3 12.879443 13 3 12.879443 8700
    177 13 3 12.889435 13 3 12.889435 8700
    178 13 3 12.899442 13 3 12.899442 8700
    179 13 3 12.909395 13 3 12.909395 8700
    180 13 3 12.919477 13 3 12.919477 8700
    181 13 3 12.929453 13 3 12.929453 8700
    182 13 3 12.939467 13 3 12.939467 8700
    183 13 3 12.950039 13 3 12.950039 8700
    184 13 3 12.959488 13 3 12.959488 8700
    185 13 3 12.969471 13 3 12.969471 8700
    186 13 3 12.980202 13 3 12.980202 8700
    187 13 3 12.989539 13 3 12.989539 8700
    188 13 3 12.999508 13 3 12.999508 8700
    189 13 3 13.009448 13 3 13.009448 8700
    190 13 3 13.019412 13 3 13.019412 8700
    191 13 3 13.029431 13 3 13.029431 8700
    192 13 3 13.039434 13 3 13.039434 8700
    193 13 3 13.049524 13 3 13.049524 8700
    194 13 3 13.059428 13 3 13.059428 8700
    195 13 3 13.069423 13 3 13.069423 8700
    196 13 3 13.079430 13 3 13.079430 8700
    197 13 3 13.089420 13 3 13.089420 8700
    198 13 3 13.099446 13 3 13.099446 8700
    199 13 3 13.109420 13 3 13.109420 8700
    200 13 3 13.119462 13 3 13.119462 8700
    201 13 3 13.129476 13 3 13.129476 8700
    202 13 3 13.139556 13 3 13.139556 8700
    203 13 3 13.149476 13 3 13.149476 8700
    204 13 3 13.159492 13 3 13.159492 8700
    205 13 3 13.169430 13 3 13.169430 8700
    206 13 3 13.179422 13 3 13.179422 8700
    207 13 3 13.189519 13 3 13.189519 8700
    208 13 3 13.199472 13 3 13.199472 8700
    209 13 3 13.209474 13 3 13.209474 8700
    210 13 3 13.219478 13 3 13.219478 8700
    211 13 3 13.229483 13 3 13.229483 8700
    212 13 3 13.240346 13 3 13.240346 8700
    213 13 3 13.249423 13 3 13.249423 8700
    214 13 3 13.259418 13 3 13.259418 8700
    215 13 3 13.269420 13 3 13.269420 8700
    216 13 3 13.279427 13 3 13.279427 8700
    217 13 3 13.289434 13 3 13.289434 8700
    218 13 3 13.299473 13 3 13.299473 8700
    219 13 3 13.309402 13 3 13.309402 8700
    220 13 3 13.319483 13 3 13.319483 8700
    221 13 3 13.329463 13 3 13.329463 8700
    222 13 3 13.339408 13 3 13.339408 8700
    223 13 3 13.349432 13 3 13.349432 8700
    224 13 3 13.359476 13 3 13.359476 8700
    225 13 3 13.369474 13 3 13.369474 8700
    226 13 3 13.379469 13 3 13.379469 8700
    227 13 3 13.389471 13 3 13.389471 8700
    228 13 3 13.399471 13 3 13.399471 8700
    229 13 3 13.409475 13 3 13.409475 8700
    230 13 3 13.419408 13 3 13.419408 8700
    231 13 3 13.429493 13 3 13.429493 8700
    232 13 3 13.439434 13 3 13.439434 8700
    233 13 3 13.449415 13 3 13.449415 8700
    234 13 3 13.459414 13 3 13.459414 8700
    235 13 3 13.469414 13 3 13.469414 8700
    236 13 3 13.479471 13 3 13.479471 8700
    237 13 3 13.490240 13 3 13.490240 8700
    238 13 3 13.499461 13 3 13.499461 8700
    239 13 3 13.509508 13 3 13.509508 8700
    240 13 3 13.519517 13 3 13.519517 8700
    241 13 3 13.529476 13 3 13.529476 8700
    242 13 3 13.539472 13 3 13.539472 8700
    243 13 3 13.549438 13 3 13.549438 8700
    244 13 3 13.559478 13 3 13.559478 8700
    245 13 3 13.569473 13 3 13.569473 8700
    246 13 3 13.579425 13 3 13.579425 8700
    247 13 3 13.589418 13 3 13.589418 8700
    248 13 3 13.599450 13 3 13.599450 8700
    249 13 3 13.609476 13 3 13.609476 8700
    250 13 3 13.619478 13 3 13.619478 8700
    251 13 3 13.629480 13 3 13.629480 8700
    252 13 3 13.639433 13 3 13.639433 8700
    253 13 3 13.649433 13 3 13.649433 8700
    254 13 3 13.659423 13 3 13.659423 8700
    255 13 3 13.669437 13 3 13.669437 8700
    256 13 3 13.679413 13 3 13.679413 8700
    257 13 3 13.689427 13 3 13.689427 8700
    258 13 3 13.699431 13 3 13.699431 8700
    259 13 3 13.709414 13 3 13.709414 8700
    260 13 3 13.719400 13 3 13.719400 8700
    261 13 3 13.729419 13 3 13.729419 8700
    262 13 3 13.739494 13 3 13.739494 8700
    263 13 3 13.749458 13 3 13.749458 8700
    264 13 3 13.759754 13 3 13.759754 8700
    265 13 3 13.769496 13 3 13.769496 8700
    266 13 3 13.779477 13 3 13.779477 8700
    267 13 3 13.789417 13 3 13.789417 8700
    268 13 3 13.799569 13 3 13.799569 8700
    269 13 3 13.809518 13 3 13.809518 8700
    270 13 3 13.819482 13 3 13.819482 8700
    271 13 3 13.829494 13 3 13.829494 8700
    272 13 3 13.839423 13 3 13.839423 8700
    273 13 3 13.850165 13 3 13.850165 8700
    274 13 3 13.859432 13 3 13.859432 8700
    275 13 3 13.869410 13 3 13.869410 8700
    276 13 3 13.879421 13 3 13.879421 8700
    277 13 3 13.890178 13 3 13.890178 8700
    278 13 3 13.899646 13 3 13.899646 8700
    279 13 3 13.909494 13 3 13.909494 8700
    280 13 3 13.919561 13 3 13.919561 8700
    281 13 3 13.929515 13 3 13.929515 8700
    282 13 3 13.939467 13 3 13.939467 8700
    283 13 3 13.949529 13 3 13.949529 8700
    284 13 3 13.959436 13 3 13.959436 8700
    285 13 3 13.969411 13 3 13.969411 8700
    286 13 3 13.979497 13 3 13.979497 8700
    287 13 3 13.989471 13 3 13.989471 8700
    288 13 3 13.999475 13 3 13.999475 8700
    289 13 3 14.009474 13 3 14.009474 8700
    290 13 3 14.019425 13 3 14.019425 8700
    291 13 3 14.029417 13 3 14.029417 8700
    292 13 3 14.039417 13 3 14.039417 8700
    293 13 3 14.049448 13 3 14.049448 8700
    294 13 3 14.059411 13 3 14.059411 8700
    295 13 3 14.069428 13 3 14.069428 8700
    296 13 3 14.079418 13 3 14.079418 8700
    297 13 3 14.089430 13 3 14.089430 8700
    298 13 3 14.099460 13 3 14.099460 8700
    299 13 3 14.109412 13 3 14.109412 8700
    300 13 3 14.119410 13 3 14.119410 8700
    301 13 3 14.129526 13 3 14.129526 8700
    302 13 3 14.139440 13 3 14.139440 8700
    303 13 3 14.149793 13 3 14.149793 8700
    304 13 3 14.159466 13 3 14.159466 8700
    305 13 3 14.169468 13 3 14.169468 8700
    306 13 3 14.179479 13 3 14.179479 8700
    307 13 3 14.189413 13 3 14.189413 8700
    308 13 3 14.199476 13 3 14.199476 8700
    309 13 3 14.209438 13 3 14.209438 8700
    310 13 3 14.219412 13 3 14.219412 8700
    311 13 3 14.229388 13 3 14.229388 8700
    312 13 3 14.240372 13 3 14.240372 8700
    313 13 3 14.249423 13 3 14.249423 8700
    314 13 3 14.259413 13 3 14.259413 8700
    315 13 3 14.270329 13 3 14.270329 8700
    316 13 3 14.279439 13 3 14.279439 8700
    317 13 3 14.289424 13 3 14.289424 8700
    318 13 3 14.299445 13 3 14.299445 8700
    319 13 3 14.309435 13 3 14.309435 8700
    320 13 3 14.319501 13 3 14.319501 8700
    321 13 3 14.329461 13 3 14.329461 8700
    322 13 3 14.339434 13 3 14.339434 8700
    323 13 3 14.349849 13 3 14.349849 8700
    324 13 3 14.359493 13 3 14.359493 8700
    325 13 3 14.369526 13 3 14.369526 8700
    326 13 3 14.379493 13 3 14.379493 8700
    327 13 3 14.389468 13 3 14.389468 8700
    328 13 3 14.399475 13 3 14.399475 8700
    329 13 3 14.409489 13 3 14.409489 8700
    330 13 3 14.419458 13 3 14.419458 8700
    331 13 3 14.429420 13 3 14.429420 8700
    332 13 3 14.439408 13 3 14.439408 8700
    333 13 3 14.450077 13 3 14.450077 8700
    334 13 3 14.459419 13 3 14.459419 8700
    335 13 3 14.469445 13 3 14.469445 8700
    336 13 3 14.479423 13 3 14.479423 8700
    337 13 3 14.489435 13 3 14.489435 8700
    338 13 3 14.499434 13 3 14.499434 8700
    339 13 3 14.509546 13 3 14.509546 8700
    340 13 3 14.519479 13 3 14.519479 8700
    341 13 3 14.529419 13 3 14.529419 8700
    342 13 3 14.539521 13 3 14.539521 8700
    343 13 3 14.549658 13 3 14.549658 8700
    344 13 3 14.559433 13 3 14.559433 8700
    345 13 3 14.569437 13 3 14.569437 8700
    346 13 3 14.579506 13 3 14.579506 8700
    347 13 3 14.589420 13 3 14.589420 8700
    348 13 3 14.599498 13 3 14.599498 8700
    349 13 3 14.609474 13 3 14.609474 8700
    350 13 3 14.619476 13 3 14.619476 8700
    351 13 3 14.629419 13 3 14.629419 8700
    352 13 3 14.639395 13 3 14.639395 8700
    353 13 3 14.649419 13 3 14.649419 8700
    354 13 3 14.659406 13 3 14.659406 8700
    355 13 3 14.669422 13 3 14.669422 8700
    356 13 3 14.679441 13 3 14.679441 8700
    357 13 3 14.689429 13 3 14.689429 8700
    358 13 3 14.699438 13 3 14.699438 8700
    359 13 3 14.709481 13 3 14.709481 8700
    360 13 3 14.719421 13 3 14.719421 8700
    361 13 3 14.729483 13 3 14.729483 8700
    362 13 3 14.739466 13 3 14.739466 8700
    363 13 3 14.749886 13 3 14.749886 8700
    364 13 3 14.759506 13 3 14.759506 8700
    365 13 3 14.769460 13 3 14.769460 8700
    366 13 3 14.779515 13 3 14.779515 8700
    367 13 3 14.789514 13 3 14.789514 8700
    368 13 3 14.799500 13 3 14.799500 8700
    369 13 3 14.809459 13 3 14.809459 8700
    370 13 3 14.819485 13 3 14.819485 8700
    371 13 3 14.829423 13 3 14.829423 8700
    372 13 3 14.839428 13 3 14.839428 8700
    373 13 3 14.849437 13 3 14.849437 8700
    374 13 3 14.859417 13 3 14.859417 8700
    375 13 3 14.869412 13 3 14.869412 8700
    376 13 3 14.879426 13 3 14.879426 8700
    377 13 3 14.889412 13 3 14.889412 8700
    378 13 3 14.899546 13 3 14.899546 8700
    379 13 3 14.909520 13 3 14.909520 8700
    380 13 3 14.919480 13 3 14.919480 8700
    381 13 3 14.929484 13 3 14.929484 8700
    382 13 3 14.939813 13 3 14.939813 8700
    383 13 3 14.949538 13 3 14.949538 8700
    384 13 3 14.959488 13 3 14.959488 8700
    385 13 3 14.969530 13 3 14.969530 8700
    386 13 3 14.981175 13 3 14.981175 8700
    387 13 3 14.989511 13 3 14.989511 8700
    388 13 3 14.999468 13 3 14.999468 8700
    389 13 3 15.009472 13 3 15.009472 8700
    390 13 3 15.019413 13 3 15.019413 8700
    391 13 3 15.029443 13 3 15.029443 8700
    392 13 3 15.039448 13 3 15.039448 8700
    393 13 3 15.050126 13 3 15.050126 8700
    394 13 3 15.059437 13 3 15.059437 8700
    395 13 3 15.069425 13 3 15.069425 8700
    396 13 3 15.079425 13 3 15.079425 8700
    397 13 3 15.089423 13 3 15.089423 8700
    398 13 3 15.099370 13 3 15.099370 8700
    399 13 3 15.109474 13 3 15.109474 8700
    400 13 3 15.119481 13 3 15.119481 8700
    401 13 3 15.129467 13 3 15.129467 8700
    402 13 3 15.139426 13 3 15.139426 8700
    403 13 3 15.149991 13 3 15.149991 8700
    404 13 3 15.159420 13 3 15.159420 8700
    405 13 3 15.169411 13 3 15.169411 8700
    406 13 3 15.179465 13 3 15.179465 8700
    407 13 3 15.189469 13 3 15.189469 8700
    408 13 3 15.199465 13 3 15.199465 8700
    409 13 3 15.209478 13 3 15.209478 8700
    410 13 3 15.219481 13 3 15.219481 8700
    411 13 3 15.229435 13 3 15.229435 8700
    412 13 3 15.239439 13 3 15.239439 8700
    413 13 3 15.249413 13 3 15.249413 8700
    414 13 3 15.259472 13 3 15.259472 8700
    415 13 3 15.269417 13 3 15.269417 8700
    416 13 3 15.279434 13 3 15.279434 8700
    417 13 3 15.289424 13 3 15.289424 8700
    418 13 3 15.299680 13 3 15.299680 8700
    419 13 3 15.309488 13 3 15.309488 8700
    420 13 3 15.319575 13 3 15.319575 8700
    421 13 3 15.329489 13 3 15.329489 8700
    422 13 3 15.339430 13 3 15.339430 8700
    423 13 3 15.349429 13 3 15.349429 8700
    424 13 3 15.359420 13 3 15.359420 8700
    425 13 3 15.369484 13 3 15.369484 8700
    426 13 3 15.379483 13 3 15.379483 8700
    427 13 3 15.389462 13 3 15.389462 8700
    428 13 3 15.399466 13 3 15.399466 8700
    429 13 3 15.409477 13 3 15.409477 8700
    430 13 3 15.419420 13 3 15.419420 8700
    431 13 3 15.429415 13 3 15.429415 8700
    432 13 3 15.439417 13 3 15.439417 8700
    433 13 3 15.449426 13 3 15.449426 8700
    434 13 3 15.459421 13 3 15.459421 8700
    435 13 3 15.469487 13 3 15.469487 8700
    436 13 3 15.479442 13 3 15.479442 8700
    437 13 3 15.489440 13 3 15.489440 8700
    438 13 3 15.499769 13 3 15.499769 8700
    439 13 3 15.509498 13 3 15.509498 8700
    440 13 3 15.519470 13 3 15.519470 8700
    441 13 3 15.529441 13 3 15.529441 8700
    442 13 3 15.539483 13 3 15.539483 8700
    443 13 3 15.549445 13 3 15.549445 8700
    444 13 3 15.559428 13 3 15.559428 8700
    445 13 3 15.569411 13 3 15.569411 8700
    446 13 3 15.579466 13 3 15.579466 8700
    447 13 3 15.589468 13 3 15.589468 8700
    448 13 3 15.599493 13 3 15.599493 8700
    449 13 3 15.609467 13 3 15.609467 8700
    450 13 3 15.619414 13 3 15.619414 8700
    451 13 3 15.629409 13 3 15.629409 8700
    452 13 3 15.639419 13 3 15.639419 8700
    453 13 3 15.649421 13 3 15.649421 8700
    454 13 3 15.659425 13 3 15.659425 8700
    455 13 3 15.669434 13 3 15.669434 8700
    456 13 3 15.679410 13 3 15.679410 8700
    457 13 3 15.689419 13 3 15.689419 8700
    458 13 3 15.699590 13 3 15.699590 8700
    459 13 3 15.709569 13 3 15.709569 8700
    460 13 3 15.719476 13 3 15.719476 8700
    461 13 3 15.729506 13 3 15.729506 8700
    462 13 3 15.739406 13 3 15.739406 8700
    463 13 3 15.749439 13 3 15.749439 8700
    464 13 3 15.759484 13 3 15.759484 8700
    465 13 3 15.769429 13 3 15.769429 8700
    466 13 3 15.779505 13 3 15.779505 8700
    467 13 3 15.789507 13 3 15.789507 8700
    468 13 3 15.799495 13 3 15.799495 8700
    469 13 3 15.809499 13 3 15.809499 8700
    470 13 3 15.819426 13 3 15.819426 8700
    471 13 3 15.829415 13 3 15.829415 8700
    472 13 3 15.839657 13 3 15.839657 8700
    473 13 3 15.849444 13 3 15.849444 8700
    474 13 3 15.859776 13 3 15.859776 8700
    475 13 3 15.869431 13 3 15.869431 8700
    476 13 3 15.879433 13 3 15.879433 8700
    477 13 3 15.889419 13 3 15.889419 8700
    478 13 3 15.899672 13 3 15.899672 8700
    479 13 3 15.909490 13 3 15.909490 8700
    480 13 3 15.919461 13 3 15.919461 8700
    481 13 3 15.929453 13 3 15.929453 8700
    482 13 3 15.939413 13 3 15.939413 8700
    483 13 3 15.949493 13 3 15.949493 8700
    484 13 3 15.960400 13 3 15.960400 8700
    485 13 3 15.969417 13 3 15.969417 8700
    486 13 3 15.979490 13 3 15.979490 8700
    487 13 3 15.989466 13 3 15.989466 8700
    488 13 3 15.999463 13 3 15.999463 8700
    489 13 3 16.009464 13 3 16.009464 8700
    490 13 3 16.019404 13 3 16.019404 8700
    491 13 3 16.029413 13 3 16.029413 8700
    492 13 3 16.039424 13 3 16.039424 8700
    493 13 3 16.049990 13 3 16.049990 8700
    494 13 3 16.059442 13 3 16.059442 8700
    495 13 3 16.069418 13 3 16.069418 8700
    496 13 3 16.079418 13 3 16.079418 8700
    497 13 3 16.089418 13 3 16.089418 8700
    498 13 3 16.099661 13 3 16.099661 8700
    499 13 3 16.109476 13 3 16.109476 8700
    500 13 3 16.119506 13 3 16.119506 8700
    501 13 3 16.129470 13 3 16.129470 8700
    502 13 3 16.139437 13 3 16.139437 8700
    503 13 3 16.149418 13 3 16.149418 8700
    504 13 3 16.159417 13 3 16.159417 8700
    505 13 3 16.169398 13 3 16.169398 8700
    506 13 3 16.179480 13 3 16.179480 8700
    507 13 3 16.189510 13 3 16.189510 8700
    508 13 3 16.199543 13 3 16.199543 8700
    509 13 3 16.209461 13 3 16.209461 8700
    510 13 3 16.219450 13 3 16.219450 8700
    511 13 3 16.229458 13 3 16.229458 8700
    512 13 3 16.239495 13 3 16.239495 8700
    513 13 3 16.249434 13 3 16.249434 8700
    514 13 3 16.259409 13 3 16.259409 8700
    515 13 3 16.270544 13 3 16.270544 8700
    516 13 3 16.279420 13 3 16.279420 8700
    517 13 3 16.289401 13 3 16.289401 8700
    518 13 3 16.299406 13 3 16.299406 8700
    519 13 3 16.309485 13 3 16.309485 8700
    520 13 3 16.319514 13 3 16.319514 8700
    521 13 3 16.329488 13 3 16.329488 8700
    522 13 3 16.339483 13 3 16.339483 8700
    523 13 3 16.349574 13 3 16.349574 8700
    524 13 3 16.359542 13 3 16.359542 8700
    525 13 3 16.369564 13 3 16.369564 8700
    526 13 3 16.379463 13 3 16.379463 8700
    527 13 3 16.389472 13 3 16.389472 8700
    528 13 3 16.399540 13 3 16.399540 8700
    529 13 3 16.409473 13 3 16.409473 8700
    530 13 3 16.419488 13 3 16.419488 8700
    531 13 3 16.429417 13 3 16.429417 8700
    532 13 3 16.439416 13 3 16.439416 8700
    533 13 3 16.449408 13 3 16.449408 8700
    534 13 3 16.459430 13 3 16.459430 8700
    535 13 3 16.470304 13 3 16.470304 8700
    536 13 3 16.479451 13 3 16.479451 8700
    537 13 3 16.489435 13 3 16.489435 8700
    538 13 3 16.499386 13 3 16.499386 8700
    539 13 3 16.509474 13 3 16.509474 8700
    540 13 3 16.519669 13 3 16.519669 8700
    541 13 3 16.529478 13 3 16.529478 8700
    542 13 3 16.539407 13 3 16.539407 8700
    543 13 3 16.549469 13 3 16.549469 8700
    544 13 3 16.559446 13 3 16.559446 8700
    545 13 3 16.569403 13 3 16.569403 8700
    546 13 3 16.579478 13 3 16.579478 8700
    547 13 3 16.589463 13 3 16.589463 8700
    548 13 3 16.599474 13 3 16.599474 8700
    549 13 3 16.609473 13 3 16.609473 8700
    550 13 3 16.619420 13 3 16.619420 8700
    551 13 3 16.629435 13 3 16.629435 8700
    552 13 3 16.639452 13 3 16.639452 8700
    553 13 3 16.649419 13 3 16.649419 8700
    554 13 3 16.659421 13 3 16.659421 8700
    555 13 3 16.669422 13 3 16.669422 8700
    556 13 3 16.679421 13 3 16.679421 8700
    557 13 3 16.690490 13 3 16.690490 8700
    558 13 3 16.699856 13 3 16.699856 8700
    559 13 3 16.709405 13 3 16.709405 8700
    560 13 3 16.719467 13 3 16.719467 8700
    561 13 3 16.729492 13 3 16.729492 8700
    562 13 3 16.739422 13 3 16.739422 8700
    563 13 3 16.749559 13 3 16.749559 8700
    564 13 3 16.759494 13 3 16.759494 8700
    565 13 3 16.769489 13 3 16.769489 8700
    566 13 3 16.779468 13 3 16.779468 8700
    567 13 3 16.789464 13 3 16.789464 8700
    568 13 3 16.799489 13 3 16.799489 8700
    569 13 3 16.809405 13 3 16.809405 8700
    570 13 3 16.819416 13 3 16.819416 8700
    571 13 3 16.829433 13 3 16.829433 8700
    572 13 3 16.840095 13 3 16.840095 8700
    573 13 3 16.850220 13 3 16.850220 8700
    574 13 3 16.859427 13 3 16.859427 8700
    575 13 3 16.869416 13 3 16.869416 8700
    576 13 3 16.879418 13 3 16.879418 8700
    577 13 3 16.889434 13 3 16.889434 8700
    578 13 3 16.899400 13 3 16.899400 8700
    579 13 3 16.909492 13 3 16.909492 8700
    580 13 3 16.919477 13 3 16.919477 8700
    581 13 3 16.929487 13 3 16.929487 8700
    582 13 3 16.939458 13 3 16.939458 8700
    583 13 3 16.949491 13 3 16.949491 8700
    584 13 3 16.959451 13 3 16.959451 8700
    585 13 3 16.969791 13 3 16.969791 8700
    586 13 3 16.979444 13 3 16.979444 8700
    587 13 3 16.989423 13 3 16.989423 8700
    588 13 3 16.999492 13 3 16.999492 8700
    589 13 3 17.009482 13 3 17.009482 8700
    590 13 3 17.019480 13 3 17.019480 8700
    591 13 3 17.029485 13 3 17.029485 8700
    592 13 3 17.039421 13 3 17.039421 8700
    593 13 3 17.049414 13 3 17.049414 8700
    594 13 3 17.059480 13 3 17.059480 8700
    595 13 3 17.069433 13 3 17.069433 8700
    596 13 3 17.080211 13 3 17.080211 8700
    597 13 3 17.089428 13 3 17.089428 8700
    598 13 3 17.099479 13 3 17.099479 8700
    599 13 3 17.109473 13 3 17.109473 8700
    600 13 3 17.119469 13 3 17.119469 8700
    601 13 3 17.129411 13 3 17.129411 8700
    602 13 3 17.139520 13 3 17.139520 8700
    603 13 3 17.149559 13 3 17.149559 8700
    604 13 3 17.159499 13 3 17.159499 8700
    605 13 3 17.169488 13 3 17.169488 8700
    606 13 3 17.179511 13 3 17.179511 8700
    607 13 3 17.189478 13 3 17.189478 8700
    608 13 3 17.199467 13 3 17.199467 8700
    609 13 3 17.209468 13 3 17.209468 8700
    610 13 3 17.219498 13 3 17.219498 8700
    611 13 3 17.229427 13 3 17.229427 8700
    612 13 3 17.239440 13 3 17.239440 8700
    613 13 3 17.249428 13 3 17.249428 8700
    614 13 3 17.259425 13 3 17.259425 8700
    615 13 3 17.269432 13 3 17.269432 8700
    616 13 3 17.279431 13 3 17.279431 8700
    617 13 3 17.289411 13 3 17.289411 8700
    618 13 3 17.299478 13 3 17.299478 8700
    619 13 3 17.309556 13 3 17.309556 8700
    620 13 3 17.319428 13 3 17.319428 8700
    621 13 3 17.329470 13 3 17.329470 8700
    622 13 3 17.339425 13 3 17.339425 8700
    623 13 3 17.349478 13 3 17.349478 8700
    624 13 3 17.359488 13 3 17.359488 8700
    625 13 3 17.369485 13 3 17.369485 8700
    626 13 3 17.379470 13 3 17.379470 8700
    627 13 3 17.389407 13 3 17.389407 8700
    628 13 3 17.399473 13 3 17.399473 8700
    629 13 3 17.409478 13 3 17.409478 8700
    630 13 3 17.419409 13 3 17.419409 8700
    631 13 3 17.429422 13 3 17.429422 8700
    632 13 3 17.439436 13 3 17.439436 8700
    633 13 3 17.449424 13 3 17.449424 8700
    634 13 3 17.459507 13 3 17.459507 8700
    635 13 3 17.469450 13 3 17.469450 8700
    636 13 3 17.479421 13 3 17.479421 8700
    637 13 3 17.489435 13 3 17.489435 8700
    638 13 3 17.499486 13 3 17.499486 8700
    639 13 3 17.509471 13 3 17.509471 8700
    640 13 3 17.519466 13 3 17.519466 8700
    641 13 3 17.529481 13 3 17.529481 8700
    642 13 3 17.539466 13 3 17.539466 8700
    643 13 3 17.549472 13 3 17.549472 8700
    644 13 3 17.559504 13 3 17.559504 8700
    645 13 3 17.569493 13 3 17.569493 8700
    646 13 3 17.579523 13 3 17.579523 8700
    647 13 3 17.589477 13 3 17.589477 8700
    648 13 3 17.599478 13 3 17.599478 8700
    649 13 3 17.609459 13 3 17.609459 8700
    650 13 3 17.619482 13 3 17.619482 8700
    651 13 3 17.629415 13 3 17.629415 8700
    652 13 3 17.639386 13 3 17.639386 8700
    653 13 3 17.649433 13 3 17.649433 8700
    654 13 3 17.659427 13 3 17.659427 8700
    655 13 3 17.669425 13 3 17.669425 8700
    656 13 3 17.679511 13 3 17.679511 8700
    657 13 3 17.690169 13 3 17.690169 8700
    658 13 3 17.699428 13 3 17.699428 8700
    659 13 3 17.709402 13 3 17.709402 8700
    660 13 3 17.719477 13 3 17.719477 8700
    661 13 3 17.729500 13 3 17.729500 8700
    662 13 3 17.739460 13 3 17.739460 8700
    663 13 3 17.749410 13 3 17.749410 8700
    664 13 3 17.759482 13 3 17.759482 8700
    665 13 3 17.769477 13 3 17.769477 8700
    666 13 3 17.779564 13 3 17.779564 8700
    667 13 3 17.789400 13 3 17.789400 8700
    668 13 3 17.799600 13 3 17.799600 8700
    669 13 3 17.809474 13 3 17.809474 8700
    670 13 3 17.819473 13 3 17.819473 8700
    671 13 3 17.829428 13 3 17.829428 8700
    672 13 3 17.839437 13 3 17.839437 8700
    673 13 3 17.849423 13 3 17.849423 8700
    674 13 3 17.859411 13 3 17.859411 8700
    675 13 3 17.870181 13 3 17.870181 8700
    676 13 3 17.880248 13 3 17.880248 8700
    677 13 3 17.890256 13 3 17.890256 8700
    678 13 3 17.899467 13 3 17.899467 8700
    679 13 3 17.909483 13 3 17.909483 8700
    680 13 3 17.919485 13 3 17.919485 8700
    681 13 3 17.929480 13 3 17.929480 8700
    682 13 3 17.939470 13 3 17.939470 8700
    683 13 3 17.950157 13 3 17.950157 8700
    684 13 3 17.960043 13 3 17.960043 8700
    685 13 3 17.969539 13 3 17.969539 8700
    686 13 3 17.979586 13 3 17.979586 8700
    687 13 3 17.989415 13 3 17.989415 8700
    688 13 3 17.999492 13 3 17.999492 8700
    689 13 3 18.009477 13 3 18.009477 8700
    690 13 3 18.019449 13 3 18.019449 8700
    691 13 3 18.029444 13 3 18.029444 8700
    692 13 3 18.039414 13 3 18.039414 8700
    693 13 3 18.049420 13 3 18.049420 8700
    694 13 3 18.059429 13 3 18.059429 8700
    695 13 3 18.070250 13 3 18.070250 8700
    696 13 3 18.080123 13 3 18.080123 8700
    697 13 3 18.090088 13 3 18.090088 8700
    698 13 3 18.099486 13 3 18.099486 8700
    699 13 3 18.109408 13 3 18.109408 8700
    700 13 3 18.119468 13 3 18.119468 8700
    701 13 3 18.129467 13 3 18.129467 8700
    702 13 3 18.139479 13 3 18.139479 8700
    703 13 3 18.150293 13 3 18.150293 8700
    704 13 3 18.159413 13 3 18.159413 8700
    705 13 3 18.169477 13 3 18.169477 8700
    706 13 3 18.179410 13 3 18.179410 8700
    707 13 3 18.189478 13 3 18.189478 8700
    708 13 3 18.199467 13 3 18.199467 8700
    709 13 3 18.209468 13 3 18.209468 8700
    710 13 3 18.219424 13 3 18.219424 8700
    711 13 3 18.229475 13 3 18.229475 8700
    712 13 3 18.239405 13 3 18.239405 8700
    713 13 3 18.249431 13 3 18.249431 8700
    714 13 3 18.259409 13 3 18.259409 8700
    715 13 3 18.269421 13 3 18.269421 8700
    716 13 3 18.280270 13 3 18.280270 8700
    717 13 3 18.289428 13 3 18.289428 8700
    718 13 3 18.299472 13 3 18.299472 8700
    719 13 3 18.309508 13 3 18.309508 8700
    720 13 3 18.319468 13 3 18.319468 8700
    721 13 3 18.329495 13 3 18.329495 8700
    722 13 3 18.339423 13 3 18.339423 8700
    723 13 3 18.349422 13 3 18.349422 8700
    724 13 3 18.359483 13 3 18.359483 8700
    725 13 3 18.369500 13 3 18.369500 8700
    726 13 3 18.379478 13 3 18.379478 8700
    727 13 3 18.389465 13 3 18.389465 8700
    728 13 3 18.399474 13 3 18.399474 8700
    729 13 3 18.409487 13 3 18.409487 8700
    730 13 3 18.419471 13 3 18.419471 8700
    731 13 3 18.429435 13 3 18.429435 8700
    732 13 3 18.440473 13 3 18.440473 8700
    733 13 3 18.449428 13 3 18.449428 8700
    734 13 3 18.459413 13 3 18.459413 8700
    735 13 3 18.469435 13 3 18.469435 8700
    736 13 3 18.479438 13 3 18.479438 8700
    737 13 3 18.490104 13 3 18.490104 8700
    738 13 3 18.499448 13 3 18.499448 8700
    739 13 3 18.509468 13 3 18.509468 8700
    740 13 3 18.519398 13 3 18.519398 8700
    741 13 3 18.529434 13 3 18.529434 8700
    742 13 3 18.539411 13 3 18.539411 8700
    743 13 3 18.549402 13 3 18.549402 8700
    744 13 3 18.559709 13 3 18.559709 8700
    745 13 3 18.569479 13 3 18.569479 8700
    746 13 3 18.579478 13 3 18.579478 8700
    747 13 3 18.589418 13 3 18.589418 8700
    748 13 3 18.599467 13 3 18.599467 8700
    749 13 3 18.609466 13 3 18.609466 8700
    750 13 3 18.619427 13 3 18.619427 8700
    751 13 3 18.629858 13 3 18.629858 8700
    752 13 3 18.639606 13 3 18.639606 8700
    753 13 3 18.649443 13 3 18.649443 8700
    754 13 3 18.659417 13 3 18.659417 8700
    755 13 3 18.669422 13 3 18.669422 8700
    756 13 3 18.679453 13 3 18.679453 8700
    757 13 3 18.689417 13 3 18.689417 8700
    758 13 3 18.699508 13 3 18.699508 8700
    759 13 3 18.709489 13 3 18.709489 8700
    760 13 3 18.719412 13 3 18.719412 8700
    761 13 3 18.729541 13 3 18.729541 8700
    762 13 3 18.739475 13 3 18.739475 8700
    763 13 3 18.749490 13 3 18.749490 8700
    764 13 3 18.759430 13 3 18.759430 8700
    765 13 3 18.769467 13 3 18.769467 8700
    766 13 3 18.779426 13 3 18.779426 8700
    767 13 3 18.789470 13 3 18.789470 8700
    768 13 3 18.799735 13 3 18.799735 8700
    769 13 3 18.809515 13 3 18.809515 8700
    770 13 3 18.819464 13 3 18.819464 8700
    771 13 3 18.829409 13 3 18.829409 8700
    772 13 3 18.839418 13 3 18.839418 8700
    773 13 3 18.850200 13 3 18.850200 8700
    774 13 3 18.859421 13 3 18.859421 8700
    775 13 3 18.869422 13 3 18.869422 8700
    776 13 3 18.879425 13 3 18.879425 8700
    777 13 3 18.889431 13 3 18.889431 8700
    778 13 3 18.899400 13 3 18.899400 8700
    779 13 3 18.909524 13 3 18.909524 8700
    780 13 3 18.919475 13 3 18.919475 8700
    781 13 3 18.929490 13 3 18.929490 8700
    782 13 3 18.939485 13 3 18.939485 8700
    783 13 3 18.949432 13 3 18.949432 8700
    784 13 3 18.960083 13 3 18.960083 8700
    785 13 3 18.969481 13 3 18.969481 8700
    786 13 3 18.979527 13 3 18.979527 8700
    787 13 3 18.989412 13 3 18.989412 8700
    788 13 3 18.999466 13 3 18.999466 8700
    789 13 3 19.009464 13 3 19.009464 8700
    790 13 3 19.019432 13 3 19.019432 8700
    791 13 3 19.029478 13 3 19.029478 8700
    792 13 3 19.039432 13 3 19.039432 8700
    793 13 3 19.049417 13 3 19.049417 8700
    794 13 3 19.059435 13 3 19.059435 8700
    795 13 3 19.069442 13 3 19.069442 8700
    796 13 3 19.079444 13 3 19.079444 8700
    797 13 3 19.089420 13 3 19.089420 8700
    798 13 3 19.099410 13 3 19.099410 8700
    799 13 3 19.109503 13 3 19.109503 8700
    800 13 3 19.119431 13 3 19.119431 8700
    801 13 3 19.129473 13 3 19.129473 8700
    802 13 3 19.139607 13 3 19.139607 8700
    803 13 3 19.149442 13 3 19.149442 8700
    804 13 3 19.159479 13 3 19.159479 8700
    805 13 3 19.169854 13 3 19.169854 8700
    806 13 3 19.179521 13 3 19.179521 8700
    807 13 3 19.189485 13 3 19.189485 8700
    808 13 3 19.199650 13 3 19.199650 8700
    809 13 3 19.209607 13 3 19.209607 8700
    810 13 3 19.219488 13 3 19.219488 8700
    811 13 3 19.229434 13 3 19.229434 8700
    812 13 3 19.239553 13 3 19.239553 8700
    813 13 3 19.249455 13 3 19.249455 8700
    814 13 3 19.259441 13 3 19.259441 8700
    815 13 3 19.269467 13 3 19.269467 8700
    816 13 3 19.279410 13 3 19.279410 8700
    817 13 3 19.289442 13 3 19.289442 8700
    818 13 3 19.299410 13 3 19.299410 8700
    819 13 3 19.309469 13 3 19.309469 8700
    820 13 3 19.319480 13 3 19.319480 8700
    821 13 3 19.329423 13 3 19.329423 8700
    822 13 3 19.339475 13 3 19.339475 8700
    823 13 3 19.349441 13 3 19.349441 8700
    824 13 3 19.359418 13 3 19.359418 8700
    825 13 3 19.369437 13 3 19.369437 8700
    826 13 3 19.379428 13 3 19.379428 8700
    827 13 3 19.389810 13 3 19.389810 8700
    828 13 3 19.399470 13 3 19.399470 8700
    829 13 3 19.409480 13 3 19.409480 8700
    830 13 3 19.419430 13 3 19.419430 8700
    831 13 3 19.429472 13 3 19.429472 8700
    832 13 3 19.439465 13 3 19.439465 8700
    833 13 3 19.449477 13 3 19.449477 8700
    834 13 3 19.459409 13 3 19.459409 8700
    835 13 3 19.469409 13 3 19.469409 8700
    836 13 3 19.479427 13 3 19.479427 8700
    837 13 3 19.489419 13 3 19.489419 8700
    838 13 3 19.499431 13 3 19.499431 8700
    839 13 3 19.509492 13 3 19.509492 8700
    840 13 3 19.519486 13 3 19.519486 8700
    841 13 3 19.529502 13 3 19.529502 8700
    842 13 3 19.539517 13 3 19.539517 8700
    843 13 3 19.549444 13 3 19.549444 8700
    844 13 3 19.559409 13 3 19.559409 8700
    845 13 3 19.569423 13 3 19.569423 8700
    846 13 3 19.579433 13 3 19.579433 8700
    847 13 3 19.589411 13 3 19.589411 8700
    848 13 3 19.599471 13 3 19.599471 8700
    849 13 3 19.609474 13 3 19.609474 8700
    850 13 3 19.619835 13 3 19.619835 8700
    851 13 3 19.629456 13 3 19.629456 8700
    852 13 3 19.639478 13 3 19.639478 8700
    853 13 3 19.649484 13 3 19.649484 8700
    854 13 3 19.659483 13 3 19.659483 8700
    855 13 3 19.669474 13 3 19.669474 8700
    856 13 3 19.679431 13 3 19.679431 8700
    857 13 3 19.689419 13 3 19.689419 8700
    858 13 3 19.699422 13 3 19.699422 8700
    859 13 3 19.709479 13 3 19.709479 8700
    860 13 3 19.719321 13 3 19.719321 8700
    861 13 3 19.729534 13 3 19.729534 8700
    862 13 3 19.739460 13 3 19.739460 8700
    863 13 3 19.749425 13 3 19.749425 8700
    864 13 3 19.759415 13 3 19.759415 8700
    865 13 3 19.769486 13 3 19.769486 8700
    866 13 3 19.779433 13 3 19.779433 8700
    867 13 3 19.789684 13 3 19.789684 8700
    868 13 3 19.799406 13 3 19.799406 8700
    869 13 3 19.809507 13 3 19.809507 8700
    870 13 3 19.819476 13 3 19.819476 8700
    871 13 3 19.829474 13 3 19.829474 8700
    872 13 3 19.839480 13 3 19.839480 8700
    873 13 3 19.849408 13 3 19.849408 8700
    874 13 3 19.859489 13 3 19.859489 8700
    875 13 3 19.869440 13 3 19.869440 8700
    876 13 3 19.879411 13 3 19.879411 8700
    877 13 3 19.889441 13 3 19.889441 8700
    878 13 3 19.899425 13 3 19.899425 8700
    879 13 3 19.909417 13 3 19.909417 8700
    880 13 3 19.919419 13 3 19.919419 8700
    881 13 3 19.929580 13 3 19.929580 8700
    882 13 3 19.939485 13 3 19.939485 8700
    883 13 3 19.949535 13 3 19.949535 8700
    884 13 3 19.959496 13 3 19.959496 8700
    885 13 3 19.969473 13 3 19.969473 8700
    886 13 3 19.982101 13 3 19.982101 8700
    887 13 3 19.989421 13 3 19.989421 8700
    888 13 3 19.999476 13 3 19.999476 8700
    889 13 3 20.009475 13 3 20.009475 8700
    890 13 3 20.019490 13 3 20.019490 8700
    891 13 3 20.029516 13 3 20.029516 8700
    892 13 3 20.039501 13 3 20.039501 8700
    893 13 3 20.049503 13 3 20.049503 8700
    894 13 3 20.059577 13 3 20.059577 8700
    895 13 3 20.070299 13 3 20.070299 8700
    896 13 3 20.079620 13 3 20.079620 8700
    897 13 3 20.089480 13 3 20.089480 8700
    898 13 3 20.099620 13 3 20.099620 8700
    899 13 3 20.109635 13 3 20.109635 8700
    900 13 3 20.119509 13 3 20.119509 8700
    901 13 3 20.129448 13 3 20.129448 8700
    902 13 3 20.139493 13 3 20.139493 8700
    903 13 3 20.149421 13 3 20.149421 8700
    904 13 3 20.159472 13 3 20.159472 8700
    905 13 3 20.169413 13 3 20.169413 8700
    906 13 3 20.179615 13 3 20.179615 8700
    907 13 3 20.189422 13 3 20.189422 8700
    908 13 3 20.199428 13 3 20.199428 8700
    909 13 3 20.209479 13 3 20.209479 8700
    910 13 3 20.219431 13 3 20.219431 8700
    911 13 3 20.229509 13 3 20.229509 8700
    912 13 3 20.239495 13 3 20.239495 8700
    913 13 3 20.249466 13 3 20.249466 8700
    914 13 3 20.259420 13 3 20.259420 8700
    915 13 3 20.269474 13 3 20.269474 8700
    916 13 3 20.279458 13 3 20.279458 8700
    917 13 3 20.289418 13 3 20.289418 8700
    918 13 3 20.299419 13 3 20.299419 8700
    919 13 3 20.309501 13 3 20.309501 8700
    920 13 3 20.319469 13 3 20.319469 8700
    921 13 3 20.329484 13 3 20.329484 8700
    922 13 3 20.339468 13 3 20.339468 8700
    923 13 3 20.349420 13 3 20.349420 8700
    924 13 3 20.359421 13 3 20.359421 8700
    925 13 3 20.369447 13 3 20.369447 8700
    926 13 3 20.379418 13 3 20.379418 8700
    927 13 3 20.389421 13 3 20.389421 8700
    928 13 3 20.399429 13 3 20.399429 8700
    929 13 3 20.409940 13 3 20.409940 8700
    930 13 3 20.419491 13 3 20.419491 8700
    931 13 3 20.429425 13 3 20.429425 8700
    932 13 3 20.439478 13 3 20.439478 8700
    933 13 3 20.449466 13 3 20.449466 8700
    934 13 3 20.459502 13 3 20.459502 8700
    935 13 3 20.469456 13 3 20.469456 8700
    936 13 3 20.479496 13 3 20.479496 8700
    937 13 3 20.489426 13 3 20.489426 8700
    938 13 3 20.499403 13 3 20.499403 8700
    939 13 3 20.509349 13 3 20.509349 8700
    940 13 3 20.519515 13 3 20.519515 8700
    941 13 3 20.529395 13 3 20.529395 8700
    942 13 3 20.540085 13 3 20.540085 8700
    943 13 3 20.549482 13 3 20.549482 8700
    944 13 3 20.559481 13 3 20.559481 8700
    945 13 3 20.569465 13 3 20.569465 8700
    946 13 3 20.579447 13 3 20.579447 8700
    947 13 3 20.589418 13 3 20.589418 8700
    948 13 3 20.599410 13 3 20.599410 8700
    949 13 3 20.609411 13 3 20.609411 8700
    950 13 3 20.619482 13 3 20.619482 8700
    951 13 3 20.629414 13 3 20.629414 8700
    952 13 3 20.639537 13 3 20.639537 8700
    953 13 3 20.649425 13 3 20.649425 8700
    954 13 3 20.659489 13 3 20.659489 8700
    955 13 3 20.669473 13 3 20.669473 8700
    956 13 3 20.679404 13 3 20.679404 8700
    957 13 3 20.689417 13 3 20.689417 8700
    958 13 3 20.699421 13 3 20.699421 8700
    959 13 3 20.709447 13 3 20.709447 8700
    960 13 3 20.719446 13 3 20.719446 8700
    961 13 3 20.729482 13 3 20.729482 8700
    962 13 3 20.739473 13 3 20.739473 8700
    963 13 3 20.749421 13 3 20.749421 8700
    964 13 3 20.759752 13 3 20.759752 8700
    965 13 3 20.769725 13 3 20.769725 8700
    966 13 3 20.779693 13 3 20.779693 8700
    967 13 3 20.789809 13 3 20.789809 8700
    968 13 3 20.799424 13 3 20.799424 8700
    969 13 3 20.809360 13 3 20.809360 8700
    970 13 3 20.819410 13 3 20.819410 8700
    971 13 3 20.829488 13 3 20.829488 8700
    972 13 3 20.839480 13 3 20.839480 8700
    973 13 3 20.849468 13 3 20.849468 8700
    974 13 3 20.859480 13 3 20.859480 8700
    975 13 3 20.869469 13 3 20.869469 8700
    976 13 3 20.879429 13 3 20.879429 8700
    977 13 3 20.889402 13 3 20.889402 8700
    978 13 3 20.900379 13 3 20.900379 8700
    979 13 3 20.909513 13 3 20.909513 8700
    980 13 3 20.919464 13 3 20.919464 8700
    981 13 3 20.929508 13 3 20.929508 8700
    982 13 3 20.939467 13 3 20.939467 8700
    983 13 3 20.949439 13 3 20.949439 8700
    984 13 3 20.959440 13 3 20.959440 8700
    985 13 3 20.969778 13 3 20.969778 8700
    986 13 3 20.979383 13 3 20.979383 8700
    987 13 3 20.989436 13 3 20.989436 8700
    988 13 3 20.999431 13 3 20.999431 8700
    989 13 3 21.009412 13 3 21.009412 8700
    990 13 3 21.019453 13 3 21.019453 8700
    991 13 3 21.029507 13 3 21.029507 8700
    992 13 3 21.039469 13 3 21.039469 8700
    993 13 3 21.049444 13 3 21.049444 8700
    994 13 3 21.059505 13 3 21.059505 8700
    995 13 3 21.069469 13 3 21.069469 8700
    996 13 3 21.079467 13 3 21.079467 8700
    997 13 3 21.089421 13 3 21.089421 8700
    998 13 3 21.099423 13 3 21.099423 8700
    999 13 3 21.109756 13 3 21.109756 8700
   1000 13 3 21.119465 13 3 21.119465 8700
