      1 13 7 1.683486 13 7 1.683486 10600
      2 13 7 1.693767 13 7 1.693767 10600
      3 13 7 1.703614 13 7 1.703614 10600
      4 13 7 1.713605 13 7 1.713605 10600
      5 13 7 1.723574 13 7 1.723574 10600
      6 13 7 1.733597 13 7 1.733597 10600
      7 13 7 1.743663 13 7 1.743663 10600
      8 13 7 1.753549 13 7 1.753549 10600
      9 13 7 1.763587 13 7 1.763587 10600
     10 13 7 1.773594 13 7 1.773594 10600
     11 13 7 1.783586 13 7 1.783586 10600
     12 13 7 1.793575 13 7 1.793575 10600
     13 13 7 1.803672 13 7 1.803672 10600
     14 13 7 1.813571 13 7 1.813571 10600
     15 13 7 1.823615 13 7 1.823615 10600
     16 13 7 1.833609 13 7 1.833609 10600
     17 13 7 1.843707 13 7 1.843707 10600
     18 13 7 1.853648 13 7 1.853648 10600
     19 13 7 1.863651 13 7 1.863651 10600
     20 13 7 1.873664 13 7 1.873664 10600
     21 13 7 1.883652 13 7 1.883652 10600
     22 13 7 1.893666 13 7 1.893666 10600
     23 13 7 1.903664 13 7 1.903664 10600
     24 13 7 1.913641 13 7 1.913641 10600
     25 13 7 1.923589 13 7 1.923589 10600
     26 13 7 1.933594 13 7 1.933594 10600
     27 13 7 1.943585 13 7 1.943585 10600
     28 13 7 1.953598 13 7 1.953598 10600
     29 13 7 1.963589 13 7 1.963589 10600
     30 13 7 1.973595 13 7 1.973595 10600
     31 13 7 1.983585 13 7 1.983585 10600
     32 13 7 1.993593 13 7 1.993593 10600
     33 13 7 2.003657 13 7 2.003657 10600
     34 13 7 2.013651 13 7 2.013651 10600
     35 13 7 2.023642 13 7 2.023642 10600
     36 13 7 2.033563 13 7 2.033563 10600
     37 13 7 2.043677 13 7 2.043677 10600
     38 13 7 2.053596 13 7 2.053596 10600
     39 13 7 2.063588 13 7 2.063588 10600
     40 13 7 2.073703 13 7 2.073703 10600
     41 13 7 2.083651 13 7 2.083651 10600
     42 13 7 2.093658 13 7 2.093658 10600
     43 13 7 2.103645 13 7 2.103645 10600
     44 13 7 2.113675 13 7 2.113675 10600
     45 13 7 2.123610 13 7 2.123610 10600
     46 13 7 2.133592 13 7 2.133592 10600
     47 13 7 2.143587 13 7 2.143587 10600
     48 13 7 2.153592 13 7 2.153592 10600
     49 13 7 2.163587 13 7 2.163587 10600
     50 13 7 2.173591 13 7 2.173591 10600
     51 13 7 2.183590 13 7 2.183590 10600
     52 13 7 2.193595 13 7 2.193595 10600
     53 13 7 2.203656 13 7 2.203656 10600
     54 13 7 2.213652 13 7 2.213652 10600
     55 13 7 2.223666 13 7 2.223666 10600
     56 13 7 2.234490 13 7 2.234490 10600
     57 13 7 2.243593 13 7 2.243593 10600
     58 13 7 2.253693 13 7 2.253693 10600
     59 13 7 2.263643 13 7 2.263643 10600
     60 13 7 2.273652 13 7 2.273652 10600
     61 13 7 2.283647 13 7 2.283647 10600
     62 13 7 2.293663 13 7 2.293663 10600
     63 13 7 2.303647 13 7 2.303647 10600
     64 13 7 2.313652 13 7 2.313652 10600
     65 13 7 2.323596 13 7 2.323596 10600
     66 13 7 2.333593 13 7 2.333593 10600
     67 13 7 2.343585 13 7 2.343585 10600
     68 13 7 2.353585 13 7 2.353585 10600
     69 13 7 2.363624 13 7 2.363624 10600
     70 13 7 2.373593 13 7 2.373593 10600
     71 13 7 2.383839 13 7 2.383839 10600
     72 13 7 2.393588 13 7 2.393588 10600
     73 13 7 2.403651 13 7 2.403651 10600
     74 13 7 2.413643 13 7 2.413643 10600
     75 13 7 2.423588 13 7 2.423588 10600
     76 13 7 2.433603 13 7 2.433603 10600
     77 13 7 2.443611 13 7 2.443611 10600
     78 13 7 2.453656 13 7 2.453656 10600
     79 13 7 2.463623 13 7 2.463623 10600
     80 13 7 2.473660 13 7 2.473660 10600
     81 13 7 2.483540 13 7 2.483540 10600
     82 13 7 2.493697 13 7 2.493697 10600
     83 13 7 2.503737 13 7 2.503737 10600
     84 13 7 2.514476 13 7 2.514476 10600
     85 13 7 2.523684 13 7 2.523684 10600
     86 13 7 2.533592 13 7 2.533592 10600
     87 13 7 2.543585 13 7 2.543585 10600
     88 13 7 2.553592 13 7 2.553592 10600
     89 13 7 2.563585 13 7 2.563585 10600
     90 13 7 2.573592 13 7 2.573592 10600
     91 13 7 2.583609 13 7 2.583609 10600
     92 13 7 2.593599 13 7 2.593599 10600
     93 13 7 2.603572 13 7 2.603572 10600
     94 13 7 2.613685 13 7 2.613685 10600
     95 13 7 2.623826 13 7 2.623826 10600
     96 13 7 2.633728 13 7 2.633728 10600
     97 13 7 2.643645 13 7 2.643645 10600
     98 13 7 2.653678 13 7 2.653678 10600
     99 13 7 2.663663 13 7 2.663663 10600
    100 13 7 2.673649 13 7 2.673649 10600
    101 13 7 2.683606 13 7 2.683606 10600
    102 13 7 2.693652 13 7 2.693652 10600
    103 13 7 2.703641 13 7 2.703641 10600
    104 13 7 2.713664 13 7 2.713664 10600
    105 13 7 2.723522 13 7 2.723522 10600
    106 13 7 2.733722 13 7 2.733722 10600
    107 13 7 2.743592 13 7 2.743592 10600
    108 13 7 2.753593 13 7 2.753593 10600
    109 13 7 2.763590 13 7 2.763590 10600
    110 13 7 2.773582 13 7 2.773582 10600
    111 13 7 2.783585 13 7 2.783585 10600
    112 13 7 2.793579 13 7 2.793579 10600
    113 13 7 2.804071 13 7 2.804071 10600
    114 13 7 2.814387 13 7 2.814387 10600
    115 13 7 2.823653 13 7 2.823653 10600
    116 13 7 2.833596 13 7 2.833596 10600
    117 13 7 2.843608 13 7 2.843608 10600
    118 13 7 2.853677 13 7 2.853677 10600
    119 13 7 2.863713 13 7 2.863713 10600
    120 13 7 2.873673 13 7 2.873673 10600
    121 13 7 2.883607 13 7 2.883607 10600
    122 13 7 2.893660 13 7 2.893660 10600
    123 13 7 2.903687 13 7 2.903687 10600
    124 13 7 2.913660 13 7 2.913660 10600
    125 13 7 2.923746 13 7 2.923746 10600
    126 13 7 2.933619 13 7 2.933619 10600
    127 13 7 2.943607 13 7 2.943607 10600
    128 13 7 2.953597 13 7 2.953597 10600
    129 13 7 2.963899 13 7 2.963899 10600
    130 13 7 2.973649 13 7 2.973649 10600
    131 13 7 2.983585 13 7 2.983585 10600
    132 13 7 2.993593 13 7 2.993593 10600
    133 13 7 3.003632 13 7 3.003632 10600
    134 13 7 3.013656 13 7 3.013656 10600
    135 13 7 3.023662 13 7 3.023662 10600
    136 13 7 3.033606 13 7 3.033606 10600
    137 13 7 3.043852 13 7 3.043852 10600
    138 13 7 3.053660 13 7 3.053660 10600
    139 13 7 3.063928 13 7 3.063928 10600
    140 13 7 3.073666 13 7 3.073666 10600
    141 13 7 3.083648 13 7 3.083648 10600
    142 13 7 3.093672 13 7 3.093672 10600
    143 13 7 3.103644 13 7 3.103644 10600
    144 13 7 3.113672 13 7 3.113672 10600
    145 13 7 3.123591 13 7 3.123591 10600
    146 13 7 3.133605 13 7 3.133605 10600
    147 13 7 3.143600 13 7 3.143600 10600
    148 13 7 3.153595 13 7 3.153595 10600
    149 13 7 3.163586 13 7 3.163586 10600
    150 13 7 3.173594 13 7 3.173594 10600
    151 13 7 3.183589 13 7 3.183589 10600
    152 13 7 3.193585 13 7 3.193585 10600
    153 13 7 3.203646 13 7 3.203646 10600
    154 13 7 3.213576 13 7 3.213576 10600
    155 13 7 3.223609 13 7 3.223609 10600
    156 13 7 3.233607 13 7 3.233607 10600
    157 13 7 3.243687 13 7 3.243687 10600
    158 13 7 3.253651 13 7 3.253651 10600
    159 13 7 3.263646 13 7 3.263646 10600
    160 13 7 3.273680 13 7 3.273680 10600
    161 13 7 3.283650 13 7 3.283650 10600
    162 13 7 3.293727 13 7 3.293727 10600
    163 13 7 3.303656 13 7 3.303656 10600
    164 13 7 3.313644 13 7 3.313644 10600
    165 13 7 3.323589 13 7 3.323589 10600
    166 13 7 3.333593 13 7 3.333593 10600
    167 13 7 3.343588 13 7 3.343588 10600
    168 13 7 3.353584 13 7 3.353584 10600
    169 13 7 3.363585 13 7 3.363585 10600
    170 13 7 3.373591 13 7 3.373591 10600
    171 13 7 3.383586 13 7 3.383586 10600
    172 13 7 3.393593 13 7 3.393593 10600
    173 13 7 3.403761 13 7 3.403761 10600
    174 13 7 3.413610 13 7 3.413610 10600
    175 13 7 3.423665 13 7 3.423665 10600
    176 13 7 3.433622 13 7 3.433622 10600
    177 13 7 3.443627 13 7 3.443627 10600
    178 13 7 3.453864 13 7 3.453864 10600
    179 13 7 3.463655 13 7 3.463655 10600
    180 13 7 3.473654 13 7 3.473654 10600
    181 13 7 3.483652 13 7 3.483652 10600
    182 13 7 3.493666 13 7 3.493666 10600
    183 13 7 3.503646 13 7 3.503646 10600
    184 13 7 3.513660 13 7 3.513660 10600
    185 13 7 3.523595 13 7 3.523595 10600
    186 13 7 3.533604 13 7 3.533604 10600
    187 13 7 3.543587 13 7 3.543587 10600
    188 13 7 3.553595 13 7 3.553595 10600
    189 13 7 3.563588 13 7 3.563588 10600
    190 13 7 3.573585 13 7 3.573585 10600
    191 13 7 3.583585 13 7 3.583585 10600
    192 13 7 3.593596 13 7 3.593596 10600
    193 13 7 3.604102 13 7 3.604102 10600
    194 13 7 3.613674 13 7 3.613674 10600
    195 13 7 3.623653 13 7 3.623653 10600
    196 13 7 3.633559 13 7 3.633559 10600
    197 13 7 3.643645 13 7 3.643645 10600
    198 13 7 3.653633 13 7 3.653633 10600
    199 13 7 3.663593 13 7 3.663593 10600
    200 13 7 3.673645 13 7 3.673645 10600
    201 13 7 3.683686 13 7 3.683686 10600
    202 13 7 3.693700 13 7 3.693700 10600
    203 13 7 3.703643 13 7 3.703643 10600
    204 13 7 3.713588 13 7 3.713588 10600
    205 13 7 3.723590 13 7 3.723590 10600
    206 13 7 3.733591 13 7 3.733591 10600
    207 13 7 3.743586 13 7 3.743586 10600
    208 13 7 3.753571 13 7 3.753571 10600
    209 13 7 3.763834 13 7 3.763834 10600
    210 13 7 3.773595 13 7 3.773595 10600
    211 13 7 3.783583 13 7 3.783583 10600
    212 13 7 3.793594 13 7 3.793594 10600
    213 13 7 3.803833 13 7 3.803833 10600
    214 13 7 3.813615 13 7 3.813615 10600
    215 13 7 3.823608 13 7 3.823608 10600
    216 13 7 3.833648 13 7 3.833648 10600
    217 13 7 3.843652 13 7 3.843652 10600
    218 13 7 3.853621 13 7 3.853621 10600
    219 13 7 3.863639 13 7 3.863639 10600
    220 13 7 3.873663 13 7 3.873663 10600
    221 13 7 3.883643 13 7 3.883643 10600
    222 13 7 3.893596 13 7 3.893596 10600
    223 13 7 3.903684 13 7 3.903684 10600
    224 13 7 3.913643 13 7 3.913643 10600
    225 13 7 3.923728 13 7 3.923728 10600
    226 13 7 3.933612 13 7 3.933612 10600
    227 13 7 3.943589 13 7 3.943589 10600
    228 13 7 3.953596 13 7 3.953596 10600
    229 13 7 3.963586 13 7 3.963586 10600
    230 13 7 3.973596 13 7 3.973596 10600
    231 13 7 3.983585 13 7 3.983585 10600
    232 13 7 3.993615 13 7 3.993615 10600
    233 13 7 4.003625 13 7 4.003625 10600
    234 13 7 4.013916 13 7 4.013916 10600
    235 13 7 4.023743 13 7 4.023743 10600
    236 13 7 4.033650 13 7 4.033650 10600
    237 13 7 4.043670 13 7 4.043670 10600
    238 13 7 4.053655 13 7 4.053655 10600
    239 13 7 4.063648 13 7 4.063648 10600
    240 13 7 4.073616 13 7 4.073616 10600
    241 13 7 4.083643 13 7 4.083643 10600
    242 13 7 4.093670 13 7 4.093670 10600
    243 13 7 4.103612 13 7 4.103612 10600
    244 13 7 4.113627 13 7 4.113627 10600
    245 13 7 4.123598 13 7 4.123598 10600
    246 13 7 4.133587 13 7 4.133587 10600
    247 13 7 4.143587 13 7 4.143587 10600
    248 13 7 4.153635 13 7 4.153635 10600
    249 13 7 4.163605 13 7 4.163605 10600
    250 13 7 4.173600 13 7 4.173600 10600
    251 13 7 4.183601 13 7 4.183601 10600
    252 13 7 4.193586 13 7 4.193586 10600
    253 13 7 4.203744 13 7 4.203744 10600
    254 13 7 4.213578 13 7 4.213578 10600
    255 13 7 4.223594 13 7 4.223594 10600
    256 13 7 4.233590 13 7 4.233590 10600
    257 13 7 4.243628 13 7 4.243628 10600
    258 13 7 4.253646 13 7 4.253646 10600
    259 13 7 4.263580 13 7 4.263580 10600
    260 13 7 4.273629 13 7 4.273629 10600
    261 13 7 4.283635 13 7 4.283635 10600
    262 13 7 4.293637 13 7 4.293637 10600
    263 13 7 4.303643 13 7 4.303643 10600
    264 13 7 4.313614 13 7 4.313614 10600
    265 13 7 4.323589 13 7 4.323589 10600
    266 13 7 4.333759 13 7 4.333759 10600
    267 13 7 4.344388 13 7 4.344388 10600
    268 13 7 4.353595 13 7 4.353595 10600
    269 13 7 4.363584 13 7 4.363584 10600
    270 13 7 4.373591 13 7 4.373591 10600
    271 13 7 4.383585 13 7 4.383585 10600
    272 13 7 4.393648 13 7 4.393648 10600
    273 13 7 4.403586 13 7 4.403586 10600
    274 13 7 4.413598 13 7 4.413598 10600
    275 13 7 4.423651 13 7 4.423651 10600
    276 13 7 4.433606 13 7 4.433606 10600
    277 13 7 4.443571 13 7 4.443571 10600
    278 13 7 4.454499 13 7 4.454499 10600
    279 13 7 4.463684 13 7 4.463684 10600
    280 13 7 4.473614 13 7 4.473614 10600
    281 13 7 4.483645 13 7 4.483645 10600
    282 13 7 4.493711 13 7 4.493711 10600
    283 13 7 4.503644 13 7 4.503644 10600
    284 13 7 4.513655 13 7 4.513655 10600
    285 13 7 4.523549 13 7 4.523549 10600
    286 13 7 4.533602 13 7 4.533602 10600
    287 13 7 4.543539 13 7 4.543539 10600
    288 13 7 4.553606 13 7 4.553606 10600
    289 13 7 4.563583 13 7 4.563583 10600
    290 13 7 4.573585 13 7 4.573585 10600
    291 13 7 4.583585 13 7 4.583585 10600
    292 13 7 4.593591 13 7 4.593591 10600
    293 13 7 4.604317 13 7 4.604317 10600
    294 13 7 4.613654 13 7 4.613654 10600
    295 13 7 4.623609 13 7 4.623609 10600
    296 13 7 4.633659 13 7 4.633659 10600
    297 13 7 4.643891 13 7 4.643891 10600
    298 13 7 4.653641 13 7 4.653641 10600
    299 13 7 4.664508 13 7 4.664508 10600
    300 13 7 4.673688 13 7 4.673688 10600
    301 13 7 4.683651 13 7 4.683651 10600
    302 13 7 4.693657 13 7 4.693657 10600
    303 13 7 4.703649 13 7 4.703649 10600
    304 13 7 4.713657 13 7 4.713657 10600
    305 13 7 4.723665 13 7 4.723665 10600
    306 13 7 4.733594 13 7 4.733594 10600
    307 13 7 4.743935 13 7 4.743935 10600
    308 13 7 4.753610 13 7 4.753610 10600
    309 13 7 4.763585 13 7 4.763585 10600
    310 13 7 4.773590 13 7 4.773590 10600
    311 13 7 4.783591 13 7 4.783591 10600
    312 13 7 4.793590 13 7 4.793590 10600
    313 13 7 4.804122 13 7 4.804122 10600
    314 13 7 4.813653 13 7 4.813653 10600
    315 13 7 4.823589 13 7 4.823589 10600
    316 13 7 4.833999 13 7 4.833999 10600
    317 13 7 4.843685 13 7 4.843685 10600
    318 13 7 4.853728 13 7 4.853728 10600
    319 13 7 4.863641 13 7 4.863641 10600
    320 13 7 4.873659 13 7 4.873659 10600
    321 13 7 4.883651 13 7 4.883651 10600
    322 13 7 4.893667 13 7 4.893667 10600
    323 13 7 4.903704 13 7 4.903704 10600
    324 13 7 4.913589 13 7 4.913589 10600
    325 13 7 4.923650 13 7 4.923650 10600
    326 13 7 4.933659 13 7 4.933659 10600
    327 13 7 4.943590 13 7 4.943590 10600
    328 13 7 4.953593 13 7 4.953593 10600
    329 13 7 4.963586 13 7 4.963586 10600
    330 13 7 4.973593 13 7 4.973593 10600
    331 13 7 4.983615 13 7 4.983615 10600
    332 13 7 4.993595 13 7 4.993595 10600
    333 13 7 5.003881 13 7 5.003881 10600
    334 13 7 5.013672 13 7 5.013672 10600
    335 13 7 5.023641 13 7 5.023641 10600
    336 13 7 5.033654 13 7 5.033654 10600
    337 13 7 5.043542 13 7 5.043542 10600
    338 13 7 5.053703 13 7 5.053703 10600
    339 13 7 5.063654 13 7 5.063654 10600
    340 13 7 5.073728 13 7 5.073728 10600
    341 13 7 5.083643 13 7 5.083643 10600
    342 13 7 5.093655 13 7 5.093655 10600
    343 13 7 5.103646 13 7 5.103646 10600
    344 13 7 5.113673 13 7 5.113673 10600
    345 13 7 5.123586 13 7 5.123586 10600
    346 13 7 5.133594 13 7 5.133594 10600
    347 13 7 5.143600 13 7 5.143600 10600
    348 13 7 5.153598 13 7 5.153598 10600
    349 13 7 5.163586 13 7 5.163586 10600
    350 13 7 5.173592 13 7 5.173592 10600
    351 13 7 5.183596 13 7 5.183596 10600
    352 13 7 5.193588 13 7 5.193588 10600
    353 13 7 5.203735 13 7 5.203735 10600
    354 13 7 5.213640 13 7 5.213640 10600
    355 13 7 5.223649 13 7 5.223649 10600
    356 13 7 5.233659 13 7 5.233659 10600
    357 13 7 5.243602 13 7 5.243602 10600
    358 13 7 5.254417 13 7 5.254417 10600
    359 13 7 5.263671 13 7 5.263671 10600
    360 13 7 5.273659 13 7 5.273659 10600
    361 13 7 5.283606 13 7 5.283606 10600
    362 13 7 5.293688 13 7 5.293688 10600
    363 13 7 5.303682 13 7 5.303682 10600
    364 13 7 5.313659 13 7 5.313659 10600
    365 13 7 5.323667 13 7 5.323667 10600
    366 13 7 5.333718 13 7 5.333718 10600
    367 13 7 5.343601 13 7 5.343601 10600
    368 13 7 5.353589 13 7 5.353589 10600
    369 13 7 5.363584 13 7 5.363584 10600
    370 13 7 5.373593 13 7 5.373593 10600
    371 13 7 5.383585 13 7 5.383585 10600
    372 13 7 5.393589 13 7 5.393589 10600
    373 13 7 5.404512 13 7 5.404512 10600
    374 13 7 5.413653 13 7 5.413653 10600
    375 13 7 5.423681 13 7 5.423681 10600
    376 13 7 5.433648 13 7 5.433648 10600
    377 13 7 5.444683 13 7 5.444683 10600
    378 13 7 5.453699 13 7 5.453699 10600
    379 13 7 5.463688 13 7 5.463688 10600
    380 13 7 5.473734 13 7 5.473734 10600
    381 13 7 5.484125 13 7 5.484125 10600
    382 13 7 5.493604 13 7 5.493604 10600
    383 13 7 5.503669 13 7 5.503669 10600
    384 13 7 5.513649 13 7 5.513649 10600
    385 13 7 5.523593 13 7 5.523593 10600
    386 13 7 5.533595 13 7 5.533595 10600
    387 13 7 5.543599 13 7 5.543599 10600
    388 13 7 5.553601 13 7 5.553601 10600
    389 13 7 5.563583 13 7 5.563583 10600
    390 13 7 5.573546 13 7 5.573546 10600
    391 13 7 5.583593 13 7 5.583593 10600
    392 13 7 5.593598 13 7 5.593598 10600
    393 13 7 5.603730 13 7 5.603730 10600
    394 13 7 5.613683 13 7 5.613683 10600
    395 13 7 5.623609 13 7 5.623609 10600
    396 13 7 5.633668 13 7 5.633668 10600
    397 13 7 5.643721 13 7 5.643721 10600
    398 13 7 5.653658 13 7 5.653658 10600
    399 13 7 5.663718 13 7 5.663718 10600
    400 13 7 5.673789 13 7 5.673789 10600
    401 13 7 5.683695 13 7 5.683695 10600
    402 13 7 5.693660 13 7 5.693660 10600
    403 13 7 5.703589 13 7 5.703589 10600
    404 13 7 5.713656 13 7 5.713656 10600
    405 13 7 5.723649 13 7 5.723649 10600
    406 13 7 5.733657 13 7 5.733657 10600
    407 13 7 5.743598 13 7 5.743598 10600
    408 13 7 5.753600 13 7 5.753600 10600
    409 13 7 5.763600 13 7 5.763600 10600
    410 13 7 5.773595 13 7 5.773595 10600
    411 13 7 5.783588 13 7 5.783588 10600
    412 13 7 5.793719 13 7 5.793719 10600
    413 13 7 5.803684 13 7 5.803684 10600
    414 13 7 5.813690 13 7 5.813690 10600
    415 13 7 5.823647 13 7 5.823647 10600
    416 13 7 5.833670 13 7 5.833670 10600
    417 13 7 5.844564 13 7 5.844564 10600
    418 13 7 5.853552 13 7 5.853552 10600
    419 13 7 5.863684 13 7 5.863684 10600
    420 13 7 5.873678 13 7 5.873678 10600
    421 13 7 5.883700 13 7 5.883700 10600
    422 13 7 5.893619 13 7 5.893619 10600
    423 13 7 5.903659 13 7 5.903659 10600
    424 13 7 5.913674 13 7 5.913674 10600
    425 13 7 5.923658 13 7 5.923658 10600
    426 13 7 5.933722 13 7 5.933722 10600
    427 13 7 5.943638 13 7 5.943638 10600
    428 13 7 5.953790 13 7 5.953790 10600
    429 13 7 5.963555 13 7 5.963555 10600
    430 13 7 5.973609 13 7 5.973609 10600
    431 13 7 5.984289 13 7 5.984289 10600
    432 13 7 5.993598 13 7 5.993598 10600
    433 13 7 6.003661 13 7 6.003661 10600
    434 13 7 6.013599 13 7 6.013599 10600
    435 13 7 6.023721 13 7 6.023721 10600
    436 13 7 6.033686 13 7 6.033686 10600
    437 13 7 6.044608 13 7 6.044608 10600
    438 13 7 6.054013 13 7 6.054013 10600
    439 13 7 6.063765 13 7 6.063765 10600
    440 13 7 6.073692 13 7 6.073692 10600
    441 13 7 6.083620 13 7 6.083620 10600
    442 13 7 6.093675 13 7 6.093675 10600
    443 13 7 6.103670 13 7 6.103670 10600
    444 13 7 6.113729 13 7 6.113729 10600
    445 13 7 6.123723 13 7 6.123723 10600
    446 13 7 6.133720 13 7 6.133720 10600
    447 13 7 6.143633 13 7 6.143633 10600
    448 13 7 6.153622 13 7 6.153622 10600
    449 13 7 6.163622 13 7 6.163622 10600
    450 13 7 6.173634 13 7 6.173634 10600
    451 13 7 6.183563 13 7 6.183563 10600
    452 13 7 6.193601 13 7 6.193601 10600
    453 13 7 6.203608 13 7 6.203608 10600
    454 13 7 6.213681 13 7 6.213681 10600
    455 13 7 6.223650 13 7 6.223650 10600
    456 13 7 6.233614 13 7 6.233614 10600
    457 13 7 6.243703 13 7 6.243703 10600
    458 13 7 6.253627 13 7 6.253627 10600
    459 13 7 6.263598 13 7 6.263598 10600
    460 13 7 6.273873 13 7 6.273873 10600
    461 13 7 6.283639 13 7 6.283639 10600
    462 13 7 6.293635 13 7 6.293635 10600
    463 13 7 6.303790 13 7 6.303790 10600
    464 13 7 6.313690 13 7 6.313690 10600
    465 13 7 6.323678 13 7 6.323678 10600
    466 13 7 6.333718 13 7 6.333718 10600
    467 13 7 6.344440 13 7 6.344440 10600
    468 13 7 6.353602 13 7 6.353602 10600
    469 13 7 6.363603 13 7 6.363603 10600
    470 13 7 6.373603 13 7 6.373603 10600
    471 13 7 6.383593 13 7 6.383593 10600
    472 13 7 6.393596 13 7 6.393596 10600
    473 13 7 6.403705 13 7 6.403705 10600
    474 13 7 6.413692 13 7 6.413692 10600
    475 13 7 6.423670 13 7 6.423670 10600
    476 13 7 6.433671 13 7 6.433671 10600
    477 13 7 6.443683 13 7 6.443683 10600
    478 13 7 6.453684 13 7 6.453684 10600
    479 13 7 6.463589 13 7 6.463589 10600
    480 13 7 6.473596 13 7 6.473596 10600
    481 13 7 6.483595 13 7 6.483595 10600
    482 13 7 6.494047 13 7 6.494047 10600
    483 13 7 6.503591 13 7 6.503591 10600
    484 13 7 6.513666 13 7 6.513666 10600
    485 13 7 6.523640 13 7 6.523640 10600
    486 13 7 6.533593 13 7 6.533593 10600
    487 13 7 6.543600 13 7 6.543600 10600
    488 13 7 6.553596 13 7 6.553596 10600
    489 13 7 6.563590 13 7 6.563590 10600
    490 13 7 6.573592 13 7 6.573592 10600
    491 13 7 6.583588 13 7 6.583588 10600
    492 13 7 6.593607 13 7 6.593607 10600
    493 13 7 6.603703 13 7 6.603703 10600
    494 13 7 6.613664 13 7 6.613664 10600
    495 13 7 6.623710 13 7 6.623710 10600
    496 13 7 6.633602 13 7 6.633602 10600
    497 13 7 6.643691 13 7 6.643691 10600
    498 13 7 6.653698 13 7 6.653698 10600
    499 13 7 6.663631 13 7 6.663631 10600
    500 13 7 6.673652 13 7 6.673652 10600
    501 13 7 6.683640 13 7 6.683640 10600
    502 13 7 6.693617 13 7 6.693617 10600
    503 13 7 6.703631 13 7 6.703631 10600
    504 13 7 6.713662 13 7 6.713662 10600
    505 13 7 6.723583 13 7 6.723583 10600
    506 13 7 6.733659 13 7 6.733659 10600
    507 13 7 6.743650 13 7 6.743650 10600
    508 13 7 6.753590 13 7 6.753590 10600
    509 13 7 6.763548 13 7 6.763548 10600
    510 13 7 6.773589 13 7 6.773589 10600
    511 13 7 6.783585 13 7 6.783585 10600
    512 13 7 6.793587 13 7 6.793587 10600
    513 13 7 6.803581 13 7 6.803581 10600
    514 13 7 6.813648 13 7 6.813648 10600
    515 13 7 6.823659 13 7 6.823659 10600
    516 13 7 6.833638 13 7 6.833638 10600
    517 13 7 6.843642 13 7 6.843642 10600
    518 13 7 6.853594 13 7 6.853594 10600
    519 13 7 6.863617 13 7 6.863617 10600
    520 13 7 6.873609 13 7 6.873609 10600
    521 13 7 6.883636 13 7 6.883636 10600
    522 13 7 6.893671 13 7 6.893671 10600
    523 13 7 6.903652 13 7 6.903652 10600
    524 13 7 6.913676 13 7 6.913676 10600
    525 13 7 6.923673 13 7 6.923673 10600
    526 13 7 6.933664 13 7 6.933664 10600
    527 13 7 6.943664 13 7 6.943664 10600
    528 13 7 6.953587 13 7 6.953587 10600
    529 13 7 6.963587 13 7 6.963587 10600
    530 13 7 6.973593 13 7 6.973593 10600
    531 13 7 6.983585 13 7 6.983585 10600
    532 13 7 6.993623 13 7 6.993623 10600
    533 13 7 7.003607 13 7 7.003607 10600
    534 13 7 7.013647 13 7 7.013647 10600
    535 13 7 7.023615 13 7 7.023615 10600
    536 13 7 7.033650 13 7 7.033650 10600
    537 13 7 7.043674 13 7 7.043674 10600
    538 13 7 7.053587 13 7 7.053587 10600
    539 13 7 7.063574 13 7 7.063574 10600
    540 13 7 7.073878 13 7 7.073878 10600
    541 13 7 7.083714 13 7 7.083714 10600
    542 13 7 7.093590 13 7 7.093590 10600
    543 13 7 7.103671 13 7 7.103671 10600
    544 13 7 7.113649 13 7 7.113649 10600
    545 13 7 7.123651 13 7 7.123651 10600
    546 13 7 7.133657 13 7 7.133657 10600
    547 13 7 7.143648 13 7 7.143648 10600
    548 13 7 7.153677 13 7 7.153677 10600
    549 13 7 7.163587 13 7 7.163587 10600
    550 13 7 7.173587 13 7 7.173587 10600
    551 13 7 7.183601 13 7 7.183601 10600
    552 13 7 7.193583 13 7 7.193583 10600
    553 13 7 7.203746 13 7 7.203746 10600
    554 13 7 7.213636 13 7 7.213636 10600
    555 13 7 7.223593 13 7 7.223593 10600
    556 13 7 7.233655 13 7 7.233655 10600
    557 13 7 7.243655 13 7 7.243655 10600
    558 13 7 7.253592 13 7 7.253592 10600
    559 13 7 7.263595 13 7 7.263595 10600
    560 13 7 7.273762 13 7 7.273762 10600
    561 13 7 7.283736 13 7 7.283736 10600
    562 13 7 7.293666 13 7 7.293666 10600
    563 13 7 7.303663 13 7 7.303663 10600
    564 13 7 7.313595 13 7 7.313595 10600
    565 13 7 7.323652 13 7 7.323652 10600
    566 13 7 7.333667 13 7 7.333667 10600
    567 13 7 7.343604 13 7 7.343604 10600
    568 13 7 7.353600 13 7 7.353600 10600
    569 13 7 7.363584 13 7 7.363584 10600
    570 13 7 7.373598 13 7 7.373598 10600
    571 13 7 7.383897 13 7 7.383897 10600
    572 13 7 7.393594 13 7 7.393594 10600
    573 13 7 7.403586 13 7 7.403586 10600
    574 13 7 7.413647 13 7 7.413647 10600
    575 13 7 7.423650 13 7 7.423650 10600
    576 13 7 7.433670 13 7 7.433670 10600
    577 13 7 7.443662 13 7 7.443662 10600
    578 13 7 7.453691 13 7 7.453691 10600
    579 13 7 7.463588 13 7 7.463588 10600
    580 13 7 7.473976 13 7 7.473976 10600
    581 13 7 7.483609 13 7 7.483609 10600
    582 13 7 7.493648 13 7 7.493648 10600
    583 13 7 7.503643 13 7 7.503643 10600
    584 13 7 7.513653 13 7 7.513653 10600
    585 13 7 7.523653 13 7 7.523653 10600
    586 13 7 7.533654 13 7 7.533654 10600
    587 13 7 7.543649 13 7 7.543649 10600
    588 13 7 7.553587 13 7 7.553587 10600
    589 13 7 7.563584 13 7 7.563584 10600
    590 13 7 7.573595 13 7 7.573595 10600
    591 13 7 7.583618 13 7 7.583618 10600
    592 13 7 7.593562 13 7 7.593562 10600
    593 13 7 7.603594 13 7 7.603594 10600
    594 13 7 7.613651 13 7 7.613651 10600
    595 13 7 7.623651 13 7 7.623651 10600
    596 13 7 7.633649 13 7 7.633649 10600
    597 13 7 7.643702 13 7 7.643702 10600
    598 13 7 7.653594 13 7 7.653594 10600
    599 13 7 7.663592 13 7 7.663592 10600
    600 13 7 7.674673 13 7 7.674673 10600
    601 13 7 7.683568 13 7 7.683568 10600
    602 13 7 7.693659 13 7 7.693659 10600
    603 13 7 7.703649 13 7 7.703649 10600
    604 13 7 7.713651 13 7 7.713651 10600
    605 13 7 7.723649 13 7 7.723649 10600
    606 13 7 7.733663 13 7 7.733663 10600
    607 13 7 7.743648 13 7 7.743648 10600
    608 13 7 7.753594 13 7 7.753594 10600
    609 13 7 7.763582 13 7 7.763582 10600
    610 13 7 7.773606 13 7 7.773606 10600
    611 13 7 7.783584 13 7 7.783584 10600
    612 13 7 7.793592 13 7 7.793592 10600
    613 13 7 7.803585 13 7 7.803585 10600
    614 13 7 7.813653 13 7 7.813653 10600
    615 13 7 7.823720 13 7 7.823720 10600
    616 13 7 7.833679 13 7 7.833679 10600
    617 13 7 7.843640 13 7 7.843640 10600
    618 13 7 7.853589 13 7 7.853589 10600
    619 13 7 7.863586 13 7 7.863586 10600
    620 13 7 7.873961 13 7 7.873961 10600
    621 13 7 7.883687 13 7 7.883687 10600
    622 13 7 7.893639 13 7 7.893639 10600
    623 13 7 7.903674 13 7 7.903674 10600
    624 13 7 7.913648 13 7 7.913648 10600
    625 13 7 7.923607 13 7 7.923607 10600
    626 13 7 7.933651 13 7 7.933651 10600
    627 13 7 7.943606 13 7 7.943606 10600
    628 13 7 7.953596 13 7 7.953596 10600
    629 13 7 7.963587 13 7 7.963587 10600
    630 13 7 7.973590 13 7 7.973590 10600
    631 13 7 7.983584 13 7 7.983584 10600
    632 13 7 7.993593 13 7 7.993593 10600
    633 13 7 8.003596 13 7 8.003596 10600
    634 13 7 8.013657 13 7 8.013657 10600
    635 13 7 8.023647 13 7 8.023647 10600
    636 13 7 8.033656 13 7 8.033656 10600
    637 13 7 8.043644 13 7 8.043644 10600
    638 13 7 8.053649 13 7 8.053649 10600
    639 13 7 8.063584 13 7 8.063584 10600
    640 13 7 8.073814 13 7 8.073814 10600
    641 13 7 8.083640 13 7 8.083640 10600
    642 13 7 8.093711 13 7 8.093711 10600
    643 13 7 8.103607 13 7 8.103607 10600
    644 13 7 8.113599 13 7 8.113599 10600
    645 13 7 8.123642 13 7 8.123642 10600
    646 13 7 8.133651 13 7 8.133651 10600
    647 13 7 8.143648 13 7 8.143648 10600
    648 13 7 8.153657 13 7 8.153657 10600
    649 13 7 8.163588 13 7 8.163588 10600
    650 13 7 8.174542 13 7 8.174542 10600
    651 13 7 8.183605 13 7 8.183605 10600
    652 13 7 8.193611 13 7 8.193611 10600
    653 13 7 8.203587 13 7 8.203587 10600
    654 13 7 8.214733 13 7 8.214733 10600
    655 13 7 8.223644 13 7 8.223644 10600
    656 13 7 8.233643 13 7 8.233643 10600
    657 13 7 8.243657 13 7 8.243657 10600
    658 13 7 8.253657 13 7 8.253657 10600
    659 13 7 8.263583 13 7 8.263583 10600
    660 13 7 8.273666 13 7 8.273666 10600
    661 13 7 8.283639 13 7 8.283639 10600
    662 13 7 8.293727 13 7 8.293727 10600
    663 13 7 8.303677 13 7 8.303677 10600
    664 13 7 8.313689 13 7 8.313689 10600
    665 13 7 8.323646 13 7 8.323646 10600
    666 13 7 8.333686 13 7 8.333686 10600
    667 13 7 8.343645 13 7 8.343645 10600
    668 13 7 8.353652 13 7 8.353652 10600
    669 13 7 8.363609 13 7 8.363609 10600
    670 13 7 8.373592 13 7 8.373592 10600
    671 13 7 8.383589 13 7 8.383589 10600
    672 13 7 8.393585 13 7 8.393585 10600
    673 13 7 8.403582 13 7 8.403582 10600
    674 13 7 8.413641 13 7 8.413641 10600
    675 13 7 8.423657 13 7 8.423657 10600
    676 13 7 8.433652 13 7 8.433652 10600
    677 13 7 8.443640 13 7 8.443640 10600
    678 13 7 8.453597 13 7 8.453597 10600
    679 13 7 8.463585 13 7 8.463585 10600
    680 13 7 8.473677 13 7 8.473677 10600
    681 13 7 8.483580 13 7 8.483580 10600
    682 13 7 8.493655 13 7 8.493655 10600
    683 13 7 8.503636 13 7 8.503636 10600
    684 13 7 8.513593 13 7 8.513593 10600
    685 13 7 8.523606 13 7 8.523606 10600
    686 13 7 8.533657 13 7 8.533657 10600
    687 13 7 8.543625 13 7 8.543625 10600
    688 13 7 8.553573 13 7 8.553573 10600
    689 13 7 8.563591 13 7 8.563591 10600
    690 13 7 8.573591 13 7 8.573591 10600
    691 13 7 8.583588 13 7 8.583588 10600
    692 13 7 8.593593 13 7 8.593593 10600
    693 13 7 8.603597 13 7 8.603597 10600
    694 13 7 8.613621 13 7 8.613621 10600
    695 13 7 8.624047 13 7 8.624047 10600
    696 13 7 8.633585 13 7 8.633585 10600
    697 13 7 8.643700 13 7 8.643700 10600
    698 13 7 8.653715 13 7 8.653715 10600
    699 13 7 8.663646 13 7 8.663646 10600
    700 13 7 8.673602 13 7 8.673602 10600
    701 13 7 8.684089 13 7 8.684089 10600
    702 13 7 8.693730 13 7 8.693730 10600
    703 13 7 8.703666 13 7 8.703666 10600
    704 13 7 8.713698 13 7 8.713698 10600
    705 13 7 8.723644 13 7 8.723644 10600
    706 13 7 8.733658 13 7 8.733658 10600
    707 13 7 8.743641 13 7 8.743641 10600
    708 13 7 8.753665 13 7 8.753665 10600
    709 13 7 8.763598 13 7 8.763598 10600
    710 13 7 8.773592 13 7 8.773592 10600
    711 13 7 8.783626 13 7 8.783626 10600
    712 13 7 8.793594 13 7 8.793594 10600
    713 13 7 8.803571 13 7 8.803571 10600
    714 13 7 8.814033 13 7 8.814033 10600
    715 13 7 8.823624 13 7 8.823624 10600
    716 13 7 8.833586 13 7 8.833586 10600
    717 13 7 8.843650 13 7 8.843650 10600
    718 13 7 8.853650 13 7 8.853650 10600
    719 13 7 8.863573 13 7 8.863573 10600
    720 13 7 8.873625 13 7 8.873625 10600
    721 13 7 8.883687 13 7 8.883687 10600
    722 13 7 8.893653 13 7 8.893653 10600
    723 13 7 8.903696 13 7 8.903696 10600
    724 13 7 8.913652 13 7 8.913652 10600
    725 13 7 8.923674 13 7 8.923674 10600
    726 13 7 8.933669 13 7 8.933669 10600
    727 13 7 8.943652 13 7 8.943652 10600
    728 13 7 8.953777 13 7 8.953777 10600
    729 13 7 8.963601 13 7 8.963601 10600
    730 13 7 8.973606 13 7 8.973606 10600
    731 13 7 8.983587 13 7 8.983587 10600
    732 13 7 8.993608 13 7 8.993608 10600
    733 13 7 9.003624 13 7 9.003624 10600
    734 13 7 9.013998 13 7 9.013998 10600
    735 13 7 9.023623 13 7 9.023623 10600
    736 13 7 9.033656 13 7 9.033656 10600
    737 13 7 9.043651 13 7 9.043651 10600
    738 13 7 9.053660 13 7 9.053660 10600
    739 13 7 9.063589 13 7 9.063589 10600
    740 13 7 9.073629 13 7 9.073629 10600
    741 13 7 9.083757 13 7 9.083757 10600
    742 13 7 9.094620 13 7 9.094620 10600
    743 13 7 9.103668 13 7 9.103668 10600
    744 13 7 9.113673 13 7 9.113673 10600
    745 13 7 9.123652 13 7 9.123652 10600
    746 13 7 9.133703 13 7 9.133703 10600
    747 13 7 9.143665 13 7 9.143665 10600
    748 13 7 9.153541 13 7 9.153541 10600
    749 13 7 9.163591 13 7 9.163591 10600
    750 13 7 9.173588 13 7 9.173588 10600
    751 13 7 9.183590 13 7 9.183590 10600
    752 13 7 9.193585 13 7 9.193585 10600
    753 13 7 9.203583 13 7 9.203583 10600
    754 13 7 9.213801 13 7 9.213801 10600
    755 13 7 9.223672 13 7 9.223672 10600
    756 13 7 9.233658 13 7 9.233658 10600
    757 13 7 9.243679 13 7 9.243679 10600
    758 13 7 9.253652 13 7 9.253652 10600
    759 13 7 9.263586 13 7 9.263586 10600
    760 13 7 9.273645 13 7 9.273645 10600
    761 13 7 9.283625 13 7 9.283625 10600
    762 13 7 9.293713 13 7 9.293713 10600
    763 13 7 9.303713 13 7 9.303713 10600
    764 13 7 9.313812 13 7 9.313812 10600
    765 13 7 9.323612 13 7 9.323612 10600
    766 13 7 9.333655 13 7 9.333655 10600
    767 13 7 9.343641 13 7 9.343641 10600
    768 13 7 9.353640 13 7 9.353640 10600
    769 13 7 9.364169 13 7 9.364169 10600
    770 13 7 9.373606 13 7 9.373606 10600
    771 13 7 9.383570 13 7 9.383570 10600
    772 13 7 9.393575 13 7 9.393575 10600
    773 13 7 9.403601 13 7 9.403601 10600
    774 13 7 9.414289 13 7 9.414289 10600
    775 13 7 9.423688 13 7 9.423688 10600
    776 13 7 9.433655 13 7 9.433655 10600
    777 13 7 9.443642 13 7 9.443642 10600
    778 13 7 9.453687 13 7 9.453687 10600
    779 13 7 9.463589 13 7 9.463589 10600
    780 13 7 9.473598 13 7 9.473598 10600
    781 13 7 9.483584 13 7 9.483584 10600
    782 13 7 9.493883 13 7 9.493883 10600
    783 13 7 9.503591 13 7 9.503591 10600
    784 13 7 9.513655 13 7 9.513655 10600
    785 13 7 9.523642 13 7 9.523642 10600
    786 13 7 9.533671 13 7 9.533671 10600
    787 13 7 9.543656 13 7 9.543656 10600
    788 13 7 9.554261 13 7 9.554261 10600
    789 13 7 9.564463 13 7 9.564463 10600
    790 13 7 9.573622 13 7 9.573622 10600
    791 13 7 9.583584 13 7 9.583584 10600
    792 13 7 9.593591 13 7 9.593591 10600
    793 13 7 9.603975 13 7 9.603975 10600
    794 13 7 9.613614 13 7 9.613614 10600
    795 13 7 9.623685 13 7 9.623685 10600
    796 13 7 9.633642 13 7 9.633642 10600
    797 13 7 9.643644 13 7 9.643644 10600
    798 13 7 9.653719 13 7 9.653719 10600
    799 13 7 9.663655 13 7 9.663655 10600
    800 13 7 9.673584 13 7 9.673584 10600
    801 13 7 9.683685 13 7 9.683685 10600
    802 13 7 9.693592 13 7 9.693592 10600
    803 13 7 9.703616 13 7 9.703616 10600
    804 13 7 9.713653 13 7 9.713653 10600
    805 13 7 9.723679 13 7 9.723679 10600
    806 13 7 9.733672 13 7 9.733672 10600
    807 13 7 9.743648 13 7 9.743648 10600
    808 13 7 9.753660 13 7 9.753660 10600
    809 13 7 9.763586 13 7 9.763586 10600
    810 13 7 9.773593 13 7 9.773593 10600
    811 13 7 9.783588 13 7 9.783588 10600
    812 13 7 9.793602 13 7 9.793602 10600
    813 13 7 9.803535 13 7 9.803535 10600
    814 13 7 9.813594 13 7 9.813594 10600
    815 13 7 9.823677 13 7 9.823677 10600
    816 13 7 9.833648 13 7 9.833648 10600
    817 13 7 9.843652 13 7 9.843652 10600
    818 13 7 9.853657 13 7 9.853657 10600
    819 13 7 9.863571 13 7 9.863571 10600
    820 13 7 9.873608 13 7 9.873608 10600
    821 13 7 9.883666 13 7 9.883666 10600
    822 13 7 9.893587 13 7 9.893587 10600
    823 13 7 9.903603 13 7 9.903603 10600
    824 13 7 9.913646 13 7 9.913646 10600
    825 13 7 9.923588 13 7 9.923588 10600
    826 13 7 9.933657 13 7 9.933657 10600
    827 13 7 9.943702 13 7 9.943702 10600
    828 13 7 9.953620 13 7 9.953620 10600
    829 13 7 9.963590 13 7 9.963590 10600
    830 13 7 9.973592 13 7 9.973592 10600
    831 13 7 9.983589 13 7 9.983589 10600
    832 13 7 9.993593 13 7 9.993593 10600
    833 13 7 10.003591 13 7 10.003591 10600
    834 13 7 10.013486 13 7 10.013486 10600
    835 13 7 10.023911 13 7 10.023911 10600
    836 13 7 10.033751 13 7 10.033751 10600
    837 13 7 10.043653 13 7 10.043653 10600
    838 13 7 10.053582 13 7 10.053582 10600
    839 13 7 10.063584 13 7 10.063584 10600
    840 13 7 10.073584 13 7 10.073584 10600
    841 13 7 10.083814 13 7 10.083814 10600
    842 13 7 10.093655 13 7 10.093655 10600
    843 13 7 10.103659 13 7 10.103659 10600
    844 13 7 10.113704 13 7 10.113704 10600
    845 13 7 10.123703 13 7 10.123703 10600
    846 13 7 10.133670 13 7 10.133670 10600
    847 13 7 10.143651 13 7 10.143651 10600
    848 13 7 10.153612 13 7 10.153612 10600
    849 13 7 10.163591 13 7 10.163591 10600
    850 13 7 10.173681 13 7 10.173681 10600
    851 13 7 10.183559 13 7 10.183559 10600
    852 13 7 10.193607 13 7 10.193607 10600
    853 13 7 10.203587 13 7 10.203587 10600
    854 13 7 10.214489 13 7 10.214489 10600
    855 13 7 10.223641 13 7 10.223641 10600
    856 13 7 10.233655 13 7 10.233655 10600
    857 13 7 10.243641 13 7 10.243641 10600
    858 13 7 10.253593 13 7 10.253593 10600
    859 13 7 10.263595 13 7 10.263595 10600
    860 13 7 10.273619 13 7 10.273619 10600
    861 13 7 10.283886 13 7 10.283886 10600
    862 13 7 10.293711 13 7 10.293711 10600
    863 13 7 10.303589 13 7 10.303589 10600
    864 13 7 10.313715 13 7 10.313715 10600
    865 13 7 10.323641 13 7 10.323641 10600
    866 13 7 10.333712 13 7 10.333712 10600
    867 13 7 10.343750 13 7 10.343750 10600
    868 13 7 10.353628 13 7 10.353628 10600
    869 13 7 10.363678 13 7 10.363678 10600
    870 13 7 10.373599 13 7 10.373599 10600
    871 13 7 10.383594 13 7 10.383594 10600
    872 13 7 10.393620 13 7 10.393620 10600
    873 13 7 10.403589 13 7 10.403589 10600
    874 13 7 10.413845 13 7 10.413845 10600
    875 13 7 10.423738 13 7 10.423738 10600
    876 13 7 10.433666 13 7 10.433666 10600
    877 13 7 10.443654 13 7 10.443654 10600
    878 13 7 10.453678 13 7 10.453678 10600
    879 13 7 10.463589 13 7 10.463589 10600
    880 13 7 10.473629 13 7 10.473629 10600
    881 13 7 10.483691 13 7 10.483691 10600
    882 13 7 10.493819 13 7 10.493819 10600
    883 13 7 10.504229 13 7 10.504229 10600
    884 13 7 10.513754 13 7 10.513754 10600
    885 13 7 10.523789 13 7 10.523789 10600
    886 13 7 10.533666 13 7 10.533666 10600
    887 13 7 10.543727 13 7 10.543727 10600
    888 13 7 10.553680 13 7 10.553680 10600
    889 13 7 10.563752 13 7 10.563752 10600
    890 13 7 10.573589 13 7 10.573589 10600
    891 13 7 10.583584 13 7 10.583584 10600
    892 13 7 10.593610 13 7 10.593610 10600
    893 13 7 10.603616 13 7 10.603616 10600
    894 13 7 10.613616 13 7 10.613616 10600
    895 13 7 10.623616 13 7 10.623616 10600
    896 13 7 10.633710 13 7 10.633710 10600
    897 13 7 10.643670 13 7 10.643670 10600
    898 13 7 10.653684 13 7 10.653684 10600
    899 13 7 10.663857 13 7 10.663857 10600
    900 13 7 10.674032 13 7 10.674032 10600
    901 13 7 10.684431 13 7 10.684431 10600
    902 13 7 10.693673 13 7 10.693673 10600
    903 13 7 10.703670 13 7 10.703670 10600
    904 13 7 10.713692 13 7 10.713692 10600
    905 13 7 10.723646 13 7 10.723646 10600
    906 13 7 10.733679 13 7 10.733679 10600
    907 13 7 10.743665 13 7 10.743665 10600
    908 13 7 10.753660 13 7 10.753660 10600
    909 13 7 10.763678 13 7 10.763678 10600
    910 13 7 10.773602 13 7 10.773602 10600
    911 13 7 10.783599 13 7 10.783599 10600
    912 13 7 10.793596 13 7 10.793596 10600
    913 13 7 10.803596 13 7 10.803596 10600
    914 13 7 10.813665 13 7 10.813665 10600
    915 13 7 10.823639 13 7 10.823639 10600
    916 13 7 10.833653 13 7 10.833653 10600
    917 13 7 10.843657 13 7 10.843657 10600
    918 13 7 10.853680 13 7 10.853680 10600
    919 13 7 10.863720 13 7 10.863720 10600
    920 13 7 10.873585 13 7 10.873585 10600
    921 13 7 10.883839 13 7 10.883839 10600
    922 13 7 10.893610 13 7 10.893610 10600
    923 13 7 10.903622 13 7 10.903622 10600
    924 13 7 10.913686 13 7 10.913686 10600
    925 13 7 10.923648 13 7 10.923648 10600
    926 13 7 10.933718 13 7 10.933718 10600
    927 13 7 10.943600 13 7 10.943600 10600
    928 13 7 10.953760 13 7 10.953760 10600
    929 13 7 10.963637 13 7 10.963637 10600
    930 13 7 10.973710 13 7 10.973710 10600
    931 13 7 10.983584 13 7 10.983584 10600
    932 13 7 10.993626 13 7 10.993626 10600
    933 13 7 11.003588 13 7 11.003588 10600
    934 13 7 11.013683 13 7 11.013683 10600
    935 13 7 11.023605 13 7 11.023605 10600
    936 13 7 11.033645 13 7 11.033645 10600
    937 13 7 11.043680 13 7 11.043680 10600
    938 13 7 11.053668 13 7 11.053668 10600
    939 13 7 11.063587 13 7 11.063587 10600
    940 13 7 11.073643 13 7 11.073643 10600
    941 13 7 11.083650 13 7 11.083650 10600
    942 13 7 11.094068 13 7 11.094068 10600
    943 13 7 11.103678 13 7 11.103678 10600
    944 13 7 11.113659 13 7 11.113659 10600
    945 13 7 11.123654 13 7 11.123654 10600
    946 13 7 11.133677 13 7 11.133677 10600
    947 13 7 11.143663 13 7 11.143663 10600
    948 13 7 11.153653 13 7 11.153653 10600
    949 13 7 11.163695 13 7 11.163695 10600
    950 13 7 11.173617 13 7 11.173617 10600
    951 13 7 11.183595 13 7 11.183595 10600
    952 13 7 11.193607 13 7 11.193607 10600
    953 13 7 11.203585 13 7 11.203585 10600
    954 13 7 11.213653 13 7 11.213653 10600
    955 13 7 11.223622 13 7 11.223622 10600
    956 13 7 11.233670 13 7 11.233670 10600
    957 13 7 11.243686 13 7 11.243686 10600
    958 13 7 11.253664 13 7 11.253664 10600
    959 13 7 11.263593 13 7 11.263593 10600
    960 13 7 11.273647 13 7 11.273647 10600
    961 13 7 11.283668 13 7 11.283668 10600
    962 13 7 11.293704 13 7 11.293704 10600
    963 13 7 11.303656 13 7 11.303656 10600
    964 13 7 11.313681 13 7 11.313681 10600
    965 13 7 11.323672 13 7 11.323672 10600
    966 13 7 11.333717 13 7 11.333717 10600
    967 13 7 11.343664 13 7 11.343664 10600
    968 13 7 11.353777 13 7 11.353777 10600
    969 13 7 11.363666 13 7 11.363666 10600
    970 13 7 11.373628 13 7 11.373628 10600
    971 13 7 11.383717 13 7 11.383717 10600
    972 13 7 11.393577 13 7 11.393577 10600
    973 13 7 11.403587 13 7 11.403587 10600
    974 13 7 11.413671 13 7 11.413671 10600
    975 13 7 11.423695 13 7 11.423695 10600
    976 13 7 11.433657 13 7 11.433657 10600
    977 13 7 11.443659 13 7 11.443659 10600
    978 13 7 11.453594 13 7 11.453594 10600
    979 13 7 11.463635 13 7 11.463635 10600
    980 13 7 11.474508 13 7 11.474508 10600
    981 13 7 11.483591 13 7 11.483591 10600
    982 13 7 11.493669 13 7 11.493669 10600
    983 13 7 11.503588 13 7 11.503588 10600
    984 13 7 11.513692 13 7 11.513692 10600
    985 13 7 11.523661 13 7 11.523661 10600
    986 13 7 11.533661 13 7 11.533661 10600
    987 13 7 11.543663 13 7 11.543663 10600
    988 13 7 11.553670 13 7 11.553670 10600
    989 13 7 11.563667 13 7 11.563667 10600
    990 13 7 11.573669 13 7 11.573669 10600
    991 13 7 11.583686 13 7 11.583686 10600
    992 13 7 11.593640 13 7 11.593640 10600
    993 13 7 11.603967 13 7 11.603967 10600
    994 13 7 11.613645 13 7 11.613645 10600
    995 13 7 11.623668 13 7 11.623668 10600
    996 13 7 11.633663 13 7 11.633663 10600
    997 13 7 11.643646 13 7 11.643646 10600
    998 13 7 11.653658 13 7 11.653658 10600
    999 13 7 11.663612 13 7 11.663612 10600
   1000 13 7 11.673607 13 7 11.673607 10600
