      1 13 18 10.090704 13 18 10.090704 12000
      2 13 18 10.100939 13 18 10.100939 12000
      3 13 18 10.110950 13 18 10.110950 12000
      4 13 18 10.120836 13 18 10.120836 12000
      5 13 18 10.130831 13 18 10.130831 12000
      6 13 18 10.140841 13 18 10.140841 12000
      7 13 18 10.150828 13 18 10.150828 12000
      8 13 18 10.160845 13 18 10.160845 12000
      9 13 18 10.170807 13 18 10.170807 12000
     10 13 18 10.180811 13 18 10.180811 12000
     11 13 18 10.190836 13 18 10.190836 12000
     12 13 18 10.200806 13 18 10.200806 12000
     13 13 18 10.210798 13 18 10.210798 12000
     14 13 18 10.220845 13 18 10.220845 12000
     15 13 18 10.230838 13 18 10.230838 12000
     16 13 18 10.240807 13 18 10.240807 12000
     17 13 18 10.250807 13 18 10.250807 12000
     18 13 18 10.260778 13 18 10.260778 12000
     19 13 18 10.270804 13 18 10.270804 12000
     20 13 18 10.280803 13 18 10.280803 12000
     21 13 18 10.290803 13 18 10.290803 12000
     22 13 18 10.300760 13 18 10.300760 12000
     23 13 18 10.310848 13 18 10.310848 12000
     24 13 18 10.320811 13 18 10.320811 12000
     25 13 18 10.330847 13 18 10.330847 12000
     26 13 18 10.340842 13 18 10.340842 12000
     27 13 18 10.350813 13 18 10.350813 12000
     28 13 18 10.360827 13 18 10.360827 12000
     29 13 18 10.370822 13 18 10.370822 12000
     30 13 18 10.380808 13 18 10.380808 12000
     31 13 18 10.390805 13 18 10.390805 12000
     32 13 18 10.400854 13 18 10.400854 12000
     33 13 18 10.410828 13 18 10.410828 12000
     34 13 18 10.420804 13 18 10.420804 12000
     35 13 18 10.430834 13 18 10.430834 12000
     36 13 18 10.440792 13 18 10.440792 12000
     37 13 18 10.450834 13 18 10.450834 12000
     38 13 18 10.460827 13 18 10.460827 12000
     39 13 18 10.470924 13 18 10.470924 12000
     40 13 18 10.480881 13 18 10.480881 12000
     41 13 18 10.490807 13 18 10.490807 12000
     42 13 18 10.500806 13 18 10.500806 12000
     43 13 18 10.510806 13 18 10.510806 12000
     44 13 18 10.520889 13 18 10.520889 12000
     45 13 18 10.530803 13 18 10.530803 12000
     46 13 18 10.540808 13 18 10.540808 12000
     47 13 18 10.550827 13 18 10.550827 12000
     48 13 18 10.560900 13 18 10.560900 12000
     49 13 18 10.570859 13 18 10.570859 12000
     50 13 18 10.580821 13 18 10.580821 12000
     51 13 18 10.590759 13 18 10.590759 12000
     52 13 18 10.600787 13 18 10.600787 12000
     53 13 18 10.610849 13 18 10.610849 12000
     54 13 18 10.620791 13 18 10.620791 12000
     55 13 18 10.630793 13 18 10.630793 12000
     56 13 18 10.640812 13 18 10.640812 12000
     57 13 18 10.650793 13 18 10.650793 12000
     58 13 18 10.660819 13 18 10.660819 12000
     59 13 18 10.670818 13 18 10.670818 12000
     60 13 18 10.680778 13 18 10.680778 12000
     61 13 18 10.690758 13 18 10.690758 12000
     62 13 18 10.700808 13 18 10.700808 12000
     63 13 18 10.710793 13 18 10.710793 12000
     64 13 18 10.720800 13 18 10.720800 12000
     65 13 18 10.730753 13 18 10.730753 12000
     66 13 18 10.740807 13 18 10.740807 12000
     67 13 18 10.750747 13 18 10.750747 12000
     68 13 18 10.760792 13 18 10.760792 12000
     69 13 18 10.770749 13 18 10.770749 12000
     70 13 18 10.780841 13 18 10.780841 12000
     71 13 18 10.790791 13 18 10.790791 12000
     72 13 18 10.800793 13 18 10.800793 12000
     73 13 18 10.810802 13 18 10.810802 12000
     74 13 18 10.820792 13 18 10.820792 12000
     75 13 18 10.830804 13 18 10.830804 12000
     76 13 18 10.840790 13 18 10.840790 12000
     77 13 18 10.850804 13 18 10.850804 12000
     78 13 18 10.860803 13 18 10.860803 12000
     79 13 18 10.870796 13 18 10.870796 12000
     80 13 18 10.880803 13 18 10.880803 12000
     81 13 18 10.890800 13 18 10.890800 12000
     82 13 18 10.900821 13 18 10.900821 12000
     83 13 18 10.910785 13 18 10.910785 12000
     84 13 18 10.920806 13 18 10.920806 12000
     85 13 18 10.930806 13 18 10.930806 12000
     86 13 18 10.940806 13 18 10.940806 12000
     87 13 18 10.950793 13 18 10.950793 12000
     88 13 18 10.960808 13 18 10.960808 12000
     89 13 18 10.970796 13 18 10.970796 12000
     90 13 18 10.980835 13 18 10.980835 12000
     91 13 18 10.990809 13 18 10.990809 12000
     92 13 18 11.000807 13 18 11.000807 12000
     93 13 18 11.010754 13 18 11.010754 12000
     94 13 18 11.020815 13 18 11.020815 12000
     95 13 18 11.030780 13 18 11.030780 12000
     96 13 18 11.040808 13 18 11.040808 12000
     97 13 18 11.050805 13 18 11.050805 12000
     98 13 18 11.060805 13 18 11.060805 12000
     99 13 18 11.070824 13 18 11.070824 12000
    100 13 18 11.080818 13 18 11.080818 12000
    101 13 18 11.090882 13 18 11.090882 12000
    102 13 18 11.100778 13 18 11.100778 12000
    103 13 18 11.110799 13 18 11.110799 12000
    104 13 18 11.120829 13 18 11.120829 12000
    105 13 18 11.132536 13 18 11.132536 12000
    106 13 18 11.140819 13 18 11.140819 12000
    107 13 18 11.150824 13 18 11.150824 12000
    108 13 18 11.160835 13 18 11.160835 12000
    109 13 18 11.173667 13 18 11.173667 12000
    110 13 18 11.180839 13 18 11.180839 12000
    111 13 18 11.190782 13 18 11.190782 12000
    112 13 18 11.200810 13 18 11.200810 12000
    113 13 18 11.210826 13 18 11.210826 12000
    114 13 18 11.223273 13 18 11.223273 12000
    115 13 18 11.230855 13 18 11.230855 12000
    116 13 18 11.240804 13 18 11.240804 12000
    117 13 18 11.250826 13 18 11.250826 12000
    118 13 18 11.260830 13 18 11.260830 12000
    119 13 18 11.270792 13 18 11.270792 12000
    120 13 18 11.280832 13 18 11.280832 12000
    121 13 18 11.290834 13 18 11.290834 12000
    122 13 18 11.300793 13 18 11.300793 12000
    123 13 18 11.310814 13 18 11.310814 12000
    124 13 18 11.320847 13 18 11.320847 12000
    125 13 18 11.330814 13 18 11.330814 12000
    126 13 18 11.340789 13 18 11.340789 12000
    127 13 18 11.350820 13 18 11.350820 12000
    128 13 18 11.360803 13 18 11.360803 12000
    129 13 18 11.370801 13 18 11.370801 12000
    130 13 18 11.380824 13 18 11.380824 12000
    131 13 18 11.390855 13 18 11.390855 12000
    132 13 18 11.400859 13 18 11.400859 12000
    133 13 18 11.410899 13 18 11.410899 12000
    134 13 18 11.420766 13 18 11.420766 12000
    135 13 18 11.430813 13 18 11.430813 12000
    136 13 18 11.440803 13 18 11.440803 12000
    137 13 18 11.450753 13 18 11.450753 12000
    138 13 18 11.460812 13 18 11.460812 12000
    139 13 18 11.470781 13 18 11.470781 12000
    140 13 18 11.480828 13 18 11.480828 12000
    141 13 18 11.490807 13 18 11.490807 12000
    142 13 18 11.500814 13 18 11.500814 12000
    143 13 18 11.510851 13 18 11.510851 12000
    144 13 18 11.520758 13 18 11.520758 12000
    145 13 18 11.530834 13 18 11.530834 12000
    146 13 18 11.540803 13 18 11.540803 12000
    147 13 18 11.550791 13 18 11.550791 12000
    148 13 18 11.560757 13 18 11.560757 12000
    149 13 18 11.570840 13 18 11.570840 12000
    150 13 18 11.580790 13 18 11.580790 12000
    151 13 18 11.590790 13 18 11.590790 12000
    152 13 18 11.600790 13 18 11.600790 12000
    153 13 18 11.610797 13 18 11.610797 12000
    154 13 18 11.620803 13 18 11.620803 12000
    155 13 18 11.630862 13 18 11.630862 12000
    156 13 18 11.642262 13 18 11.642262 12000
    157 13 18 11.650812 13 18 11.650812 12000
    158 13 18 11.665520 13 18 11.665520 12000
    159 13 18 11.670806 13 18 11.670806 12000
    160 13 18 11.680773 13 18 11.680773 12000
    161 13 18 11.690806 13 18 11.690806 12000
    162 13 18 11.705863 13 18 11.705863 12000
    163 13 18 11.710806 13 18 11.710806 12000
    164 13 18 11.720791 13 18 11.720791 12000
    165 13 18 11.730805 13 18 11.730805 12000
    166 13 18 11.740821 13 18 11.740821 12000
    167 13 18 11.755947 13 18 11.755947 12000
    168 13 18 11.760789 13 18 11.760789 12000
    169 13 18 11.770806 13 18 11.770806 12000
    170 13 18 11.780806 13 18 11.780806 12000
    171 13 18 11.790808 13 18 11.790808 12000
    172 13 18 11.800810 13 18 11.800810 12000
    173 13 18 11.810802 13 18 11.810802 12000
    174 13 18 11.820805 13 18 11.820805 12000
    175 13 18 11.830804 13 18 11.830804 12000
    176 13 18 11.840802 13 18 11.840802 12000
    177 13 18 11.850790 13 18 11.850790 12000
    178 13 18 11.860749 13 18 11.860749 12000
    179 13 18 11.870805 13 18 11.870805 12000
    180 13 18 11.880808 13 18 11.880808 12000
    181 13 18 11.890803 13 18 11.890803 12000
    182 13 18 11.900788 13 18 11.900788 12000
    183 13 18 11.910740 13 18 11.910740 12000
    184 13 18 11.920823 13 18 11.920823 12000
    185 13 18 11.930801 13 18 11.930801 12000
    186 13 18 11.940804 13 18 11.940804 12000
    187 13 18 11.950803 13 18 11.950803 12000
    188 13 18 11.960803 13 18 11.960803 12000
    189 13 18 11.970807 13 18 11.970807 12000
    190 13 18 11.980795 13 18 11.980795 12000
    191 13 18 11.990764 13 18 11.990764 12000
    192 13 18 12.000826 13 18 12.000826 12000
    193 13 18 12.010794 13 18 12.010794 12000
    194 13 18 12.020815 13 18 12.020815 12000
    195 13 18 12.034395 13 18 12.034395 12000
    196 13 18 12.040808 13 18 12.040808 12000
    197 13 18 12.050843 13 18 12.050843 12000
    198 13 18 12.060788 13 18 12.060788 12000
    199 13 18 12.070921 13 18 12.070921 12000
    200 13 18 12.080852 13 18 12.080852 12000
    201 13 18 12.090807 13 18 12.090807 12000
    202 13 18 12.100830 13 18 12.100830 12000
    203 13 18 12.110808 13 18 12.110808 12000
    204 13 18 12.120837 13 18 12.120837 12000
    205 13 18 12.130807 13 18 12.130807 12000
    206 13 18 12.140812 13 18 12.140812 12000
    207 13 18 12.158243 13 18 12.158243 12000
    208 13 18 12.160823 13 18 12.160823 12000
    209 13 18 12.170894 13 18 12.170894 12000
    210 13 18 12.180815 13 18 12.180815 12000
    211 13 18 12.190820 13 18 12.190820 12000
    212 13 18 12.200810 13 18 12.200810 12000
    213 13 18 12.210808 13 18 12.210808 12000
    214 13 18 12.220743 13 18 12.220743 12000
    215 13 18 12.230809 13 18 12.230809 12000
    216 13 18 12.240859 13 18 12.240859 12000
    217 13 18 12.250813 13 18 12.250813 12000
    218 13 18 12.260816 13 18 12.260816 12000
    219 13 18 12.270837 13 18 12.270837 12000
    220 13 18 12.280815 13 18 12.280815 12000
    221 13 18 12.290808 13 18 12.290808 12000
    222 13 18 12.300824 13 18 12.300824 12000
    223 13 18 12.317951 13 18 12.317951 12000
    224 13 18 12.320790 13 18 12.320790 12000
    225 13 18 12.330792 13 18 12.330792 12000
    226 13 18 12.340804 13 18 12.340804 12000
    227 13 18 12.350790 13 18 12.350790 12000
    228 13 18 12.360818 13 18 12.360818 12000
    229 13 18 12.370808 13 18 12.370808 12000
    230 13 18 12.380834 13 18 12.380834 12000
    231 13 18 12.390814 13 18 12.390814 12000
    232 13 18 12.400816 13 18 12.400816 12000
    233 13 18 12.410802 13 18 12.410802 12000
    234 13 18 12.420811 13 18 12.420811 12000
    235 13 18 12.430808 13 18 12.430808 12000
    236 13 18 12.440792 13 18 12.440792 12000
    237 13 18 12.450810 13 18 12.450810 12000
    238 13 18 12.460791 13 18 12.460791 12000
    239 13 18 12.470812 13 18 12.470812 12000
    240 13 18 12.480841 13 18 12.480841 12000
    241 13 18 12.490807 13 18 12.490807 12000
    242 13 18 12.500787 13 18 12.500787 12000
    243 13 18 12.510842 13 18 12.510842 12000
    244 13 18 12.520861 13 18 12.520861 12000
    245 13 18 12.530837 13 18 12.530837 12000
    246 13 18 12.540801 13 18 12.540801 12000
    247 13 18 12.550812 13 18 12.550812 12000
    248 13 18 12.560738 13 18 12.560738 12000
    249 13 18 12.570814 13 18 12.570814 12000
    250 13 18 12.580849 13 18 12.580849 12000
    251 13 18 12.590795 13 18 12.590795 12000
    252 13 18 12.600796 13 18 12.600796 12000
    253 13 18 12.610820 13 18 12.610820 12000
    254 13 18 12.620806 13 18 12.620806 12000
    255 13 18 12.630769 13 18 12.630769 12000
    256 13 18 12.640800 13 18 12.640800 12000
    257 13 18 12.650795 13 18 12.650795 12000
    258 13 18 12.666605 13 18 12.666605 12000
    259 13 18 12.670802 13 18 12.670802 12000
    260 13 18 12.680885 13 18 12.680885 12000
    261 13 18 12.690806 13 18 12.690806 12000
    262 13 18 12.700817 13 18 12.700817 12000
    263 13 18 12.710805 13 18 12.710805 12000
    264 13 18 12.720886 13 18 12.720886 12000
    265 13 18 12.730810 13 18 12.730810 12000
    266 13 18 12.740805 13 18 12.740805 12000
    267 13 18 12.750806 13 18 12.750806 12000
    268 13 18 12.760778 13 18 12.760778 12000
    269 13 18 12.770804 13 18 12.770804 12000
    270 13 18 12.780763 13 18 12.780763 12000
    271 13 18 12.790815 13 18 12.790815 12000
    272 13 18 12.800808 13 18 12.800808 12000
    273 13 18 12.810815 13 18 12.810815 12000
    274 13 18 12.820743 13 18 12.820743 12000
    275 13 18 12.830804 13 18 12.830804 12000
    276 13 18 12.850426 13 18 12.850426 12000
    277 13 18 12.850808 13 18 12.850808 12000
    278 13 18 12.860806 13 18 12.860806 12000
    279 13 18 12.870791 13 18 12.870791 12000
    280 13 18 12.880794 13 18 12.880794 12000
    281 13 18 12.890774 13 18 12.890774 12000
    282 13 18 12.900805 13 18 12.900805 12000
    283 13 18 12.910806 13 18 12.910806 12000
    284 13 18 12.920745 13 18 12.920745 12000
    285 13 18 12.930759 13 18 12.930759 12000
    286 13 18 12.940804 13 18 12.940804 12000
    287 13 18 12.950803 13 18 12.950803 12000
    288 13 18 12.960806 13 18 12.960806 12000
    289 13 18 12.970808 13 18 12.970808 12000
    290 13 18 12.980831 13 18 12.980831 12000
    291 13 18 12.990809 13 18 12.990809 12000
    292 13 18 13.000825 13 18 13.000825 12000
    293 13 18 13.010816 13 18 13.010816 12000
    294 13 18 13.020810 13 18 13.020810 12000
    295 13 18 13.030803 13 18 13.030803 12000
    296 13 18 13.040805 13 18 13.040805 12000
    297 13 18 13.050808 13 18 13.050808 12000
    298 13 18 13.060798 13 18 13.060798 12000
    299 13 18 13.070805 13 18 13.070805 12000
    300 13 18 13.080766 13 18 13.080766 12000
    301 13 18 13.090830 13 18 13.090830 12000
    302 13 18 13.100754 13 18 13.100754 12000
    303 13 18 13.110808 13 18 13.110808 12000
    304 13 18 13.120808 13 18 13.120808 12000
    305 13 18 13.130807 13 18 13.130807 12000
    306 13 18 13.140769 13 18 13.140769 12000
    307 13 18 13.150835 13 18 13.150835 12000
    308 13 18 13.160887 13 18 13.160887 12000
    309 13 18 13.181559 13 18 13.181559 12000
    310 13 18 13.181597 13 18 13.181597 12000
    311 13 18 13.190816 13 18 13.190816 12000
    312 13 18 13.200808 13 18 13.200808 12000
    313 13 18 13.210810 13 18 13.210810 12000
    314 13 18 13.220800 13 18 13.220800 12000
    315 13 18 13.230809 13 18 13.230809 12000
    316 13 18 13.240750 13 18 13.240750 12000
    317 13 18 13.250816 13 18 13.250816 12000
    318 13 18 13.260766 13 18 13.260766 12000
    319 13 18 13.270830 13 18 13.270830 12000
    320 13 18 13.280791 13 18 13.280791 12000
    321 13 18 13.290808 13 18 13.290808 12000
    322 13 18 13.300819 13 18 13.300819 12000
    323 13 18 13.310847 13 18 13.310847 12000
    324 13 18 13.320817 13 18 13.320817 12000
    325 13 18 13.330788 13 18 13.330788 12000
    326 13 18 13.340806 13 18 13.340806 12000
    327 13 18 13.350806 13 18 13.350806 12000
    328 13 18 13.360765 13 18 13.360765 12000
    329 13 18 13.370815 13 18 13.370815 12000
    330 13 18 13.380808 13 18 13.380808 12000
    331 13 18 13.390803 13 18 13.390803 12000
    332 13 18 13.400807 13 18 13.400807 12000
    333 13 18 13.410804 13 18 13.410804 12000
    334 13 18 13.432589 13 18 13.432589 12000
    335 13 18 13.432627 13 18 13.432627 12000
    336 13 18 13.440804 13 18 13.440804 12000
    337 13 18 13.450813 13 18 13.450813 12000
    338 13 18 13.460777 13 18 13.460777 12000
    339 13 18 13.470765 13 18 13.470765 12000
    340 13 18 13.480840 13 18 13.480840 12000
    341 13 18 13.490809 13 18 13.490809 12000
    342 13 18 13.500814 13 18 13.500814 12000
    343 13 18 13.510849 13 18 13.510849 12000
    344 13 18 13.520873 13 18 13.520873 12000
    345 13 18 13.531729 13 18 13.531729 12000
    346 13 18 13.540807 13 18 13.540807 12000
    347 13 18 13.550791 13 18 13.550791 12000
    348 13 18 13.560755 13 18 13.560755 12000
    349 13 18 13.570795 13 18 13.570795 12000
    350 13 18 13.580845 13 18 13.580845 12000
    351 13 18 13.590923 13 18 13.590923 12000
    352 13 18 13.600818 13 18 13.600818 12000
    353 13 18 13.610806 13 18 13.610806 12000
    354 13 18 13.620781 13 18 13.620781 12000
    355 13 18 13.630793 13 18 13.630793 12000
    356 13 18 13.640793 13 18 13.640793 12000
    357 13 18 13.650743 13 18 13.650743 12000
    358 13 18 13.660804 13 18 13.660804 12000
    359 13 18 13.670806 13 18 13.670806 12000
    360 13 18 13.697164 13 18 13.697164 12000
    361 13 18 13.697205 13 18 13.697205 12000
    362 13 18 13.700786 13 18 13.700786 12000
    363 13 18 13.710805 13 18 13.710805 12000
    364 13 18 13.720757 13 18 13.720757 12000
    365 13 18 13.730791 13 18 13.730791 12000
    366 13 18 13.740805 13 18 13.740805 12000
    367 13 18 13.750837 13 18 13.750837 12000
    368 13 18 13.760778 13 18 13.760778 12000
    369 13 18 13.770806 13 18 13.770806 12000
    370 13 18 13.780758 13 18 13.780758 12000
    371 13 18 13.790815 13 18 13.790815 12000
    372 13 18 13.800791 13 18 13.800791 12000
    373 13 18 13.810797 13 18 13.810797 12000
    374 13 18 13.820805 13 18 13.820805 12000
    375 13 18 13.830807 13 18 13.830807 12000
    376 13 18 13.840806 13 18 13.840806 12000
    377 13 18 13.850822 13 18 13.850822 12000
    378 13 18 13.860804 13 18 13.860804 12000
    379 13 18 13.870836 13 18 13.870836 12000
    380 13 18 13.880763 13 18 13.880763 12000
    381 13 18 13.890833 13 18 13.890833 12000
    382 13 18 13.900807 13 18 13.900807 12000
    383 13 18 13.910816 13 18 13.910816 12000
    384 13 18 13.920804 13 18 13.920804 12000
    385 13 18 13.930775 13 18 13.930775 12000
    386 13 18 13.940804 13 18 13.940804 12000
    387 13 18 13.950772 13 18 13.950772 12000
    388 13 18 13.960739 13 18 13.960739 12000
    389 13 18 13.970876 13 18 13.970876 12000
    390 13 18 13.980812 13 18 13.980812 12000
    391 13 18 13.990809 13 18 13.990809 12000
    392 13 18 14.000807 13 18 14.000807 12000
    393 13 18 14.010797 13 18 14.010797 12000
    394 13 18 14.020825 13 18 14.020825 12000
    395 13 18 14.030789 13 18 14.030789 12000
    396 13 18 14.040813 13 18 14.040813 12000
    397 13 18 14.050807 13 18 14.050807 12000
    398 13 18 14.060762 13 18 14.060762 12000
    399 13 18 14.070738 13 18 14.070738 12000
    400 13 18 14.080802 13 18 14.080802 12000
    401 13 18 14.090844 13 18 14.090844 12000
    402 13 18 14.100787 13 18 14.100787 12000
    403 13 18 14.110820 13 18 14.110820 12000
    404 13 18 14.120810 13 18 14.120810 12000
    405 13 18 14.130824 13 18 14.130824 12000
    406 13 18 14.140776 13 18 14.140776 12000
    407 13 18 14.150807 13 18 14.150807 12000
    408 13 18 14.160804 13 18 14.160804 12000
    409 13 18 14.170806 13 18 14.170806 12000
    410 13 18 14.180828 13 18 14.180828 12000
    411 13 18 14.205135 13 18 14.205135 12000
    412 13 18 14.205171 13 18 14.205171 12000
    413 13 18 14.210794 13 18 14.210794 12000
    414 13 18 14.220805 13 18 14.220805 12000
    415 13 18 14.230859 13 18 14.230859 12000
    416 13 18 14.240805 13 18 14.240805 12000
    417 13 18 14.250804 13 18 14.250804 12000
    418 13 18 14.260804 13 18 14.260804 12000
    419 13 18 14.270749 13 18 14.270749 12000
    420 13 18 14.280799 13 18 14.280799 12000
    421 13 18 14.290806 13 18 14.290806 12000
    422 13 18 14.300807 13 18 14.300807 12000
    423 13 18 14.310814 13 18 14.310814 12000
    424 13 18 14.320781 13 18 14.320781 12000
    425 13 18 14.330809 13 18 14.330809 12000
    426 13 18 14.340802 13 18 14.340802 12000
    427 13 18 14.351025 13 18 14.351025 12000
    428 13 18 14.360808 13 18 14.360808 12000
    429 13 18 14.370803 13 18 14.370803 12000
    430 13 18 14.380819 13 18 14.380819 12000
    431 13 18 14.390831 13 18 14.390831 12000
    432 13 18 14.400805 13 18 14.400805 12000
    433 13 18 14.410814 13 18 14.410814 12000
    434 13 18 14.420776 13 18 14.420776 12000
    435 13 18 14.430861 13 18 14.430861 12000
    436 13 18 14.440763 13 18 14.440763 12000
    437 13 18 14.450758 13 18 14.450758 12000
    438 13 18 14.460786 13 18 14.460786 12000
    439 13 18 14.470793 13 18 14.470793 12000
    440 13 18 14.480805 13 18 14.480805 12000
    441 13 18 14.490800 13 18 14.490800 12000
    442 13 18 14.500804 13 18 14.500804 12000
    443 13 18 14.510804 13 18 14.510804 12000
    444 13 18 14.520804 13 18 14.520804 12000
    445 13 18 14.548038 13 18 14.548038 12000
    446 13 18 14.548090 13 18 14.548090 12000
    447 13 18 14.550784 13 18 14.550784 12000
    448 13 18 14.560809 13 18 14.560809 12000
    449 13 18 14.570809 13 18 14.570809 12000
    450 13 18 14.580890 13 18 14.580890 12000
    451 13 18 14.591476 13 18 14.591476 12000
    452 13 18 14.600825 13 18 14.600825 12000
    453 13 18 14.610803 13 18 14.610803 12000
    454 13 18 14.620863 13 18 14.620863 12000
    455 13 18 14.630838 13 18 14.630838 12000
    456 13 18 14.640807 13 18 14.640807 12000
    457 13 18 14.650804 13 18 14.650804 12000
    458 13 18 14.660766 13 18 14.660766 12000
    459 13 18 14.670830 13 18 14.670830 12000
    460 13 18 14.680832 13 18 14.680832 12000
    461 13 18 14.690854 13 18 14.690854 12000
    462 13 18 14.700846 13 18 14.700846 12000
    463 13 18 14.710846 13 18 14.710846 12000
    464 13 18 14.720810 13 18 14.720810 12000
    465 13 18 14.730871 13 18 14.730871 12000
    466 13 18 14.740783 13 18 14.740783 12000
    467 13 18 14.750807 13 18 14.750807 12000
    468 13 18 14.760809 13 18 14.760809 12000
    469 13 18 14.770789 13 18 14.770789 12000
    470 13 18 14.780825 13 18 14.780825 12000
    471 13 18 14.790964 13 18 14.790964 12000
    472 13 18 14.800786 13 18 14.800786 12000
    473 13 18 14.810904 13 18 14.810904 12000
    474 13 18 14.820809 13 18 14.820809 12000
    475 13 18 14.830811 13 18 14.830811 12000
    476 13 18 14.840809 13 18 14.840809 12000
    477 13 18 14.850809 13 18 14.850809 12000
    478 13 18 14.860813 13 18 14.860813 12000
    479 13 18 14.870789 13 18 14.870789 12000
    480 13 18 14.880808 13 18 14.880808 12000
    481 13 18 14.890822 13 18 14.890822 12000
    482 13 18 14.900771 13 18 14.900771 12000
    483 13 18 14.910809 13 18 14.910809 12000
    484 13 18 14.920816 13 18 14.920816 12000
    485 13 18 14.953077 13 18 14.953077 12000
    486 13 18 14.953257 13 18 14.953257 12000
    487 13 18 14.953298 13 18 14.953298 12000
    488 13 18 14.960822 13 18 14.960822 12000
    489 13 18 14.970812 13 18 14.970812 12000
    490 13 18 14.980885 13 18 14.980885 12000
    491 13 18 14.990809 13 18 14.990809 12000
    492 13 18 15.000809 13 18 15.000809 12000
    493 13 18 15.010828 13 18 15.010828 12000
    494 13 18 15.020813 13 18 15.020813 12000
    495 13 18 15.030849 13 18 15.030849 12000
    496 13 18 15.040952 13 18 15.040952 12000
    497 13 18 15.050838 13 18 15.050838 12000
    498 13 18 15.060810 13 18 15.060810 12000
    499 13 18 15.070816 13 18 15.070816 12000
    500 13 18 15.080890 13 18 15.080890 12000
    501 13 18 15.090811 13 18 15.090811 12000
    502 13 18 15.100768 13 18 15.100768 12000
    503 13 18 15.110868 13 18 15.110868 12000
    504 13 18 15.120817 13 18 15.120817 12000
    505 13 18 15.130807 13 18 15.130807 12000
    506 13 18 15.140831 13 18 15.140831 12000
    507 13 18 15.150748 13 18 15.150748 12000
    508 13 18 15.160849 13 18 15.160849 12000
    509 13 18 15.170830 13 18 15.170830 12000
    510 13 18 15.180775 13 18 15.180775 12000
    511 13 18 15.190792 13 18 15.190792 12000
    512 13 18 15.200843 13 18 15.200843 12000
    513 13 18 15.210798 13 18 15.210798 12000
    514 13 18 15.220926 13 18 15.220926 12000
    515 13 18 15.230797 13 18 15.230797 12000
    516 13 18 15.240790 13 18 15.240790 12000
    517 13 18 15.250804 13 18 15.250804 12000
    518 13 18 15.260804 13 18 15.260804 12000
    519 13 18 15.270811 13 18 15.270811 12000
    520 13 18 15.280765 13 18 15.280765 12000
    521 13 18 15.290841 13 18 15.290841 12000
    522 13 18 15.300815 13 18 15.300815 12000
    523 13 18 15.310807 13 18 15.310807 12000
    524 13 18 15.320779 13 18 15.320779 12000
    525 13 18 15.330837 13 18 15.330837 12000
    526 13 18 15.340863 13 18 15.340863 12000
    527 13 18 15.375339 13 18 15.375339 12000
    528 13 18 15.375384 13 18 15.375384 12000
    529 13 18 15.375446 13 18 15.375446 12000
    530 13 18 15.380812 13 18 15.380812 12000
    531 13 18 15.390793 13 18 15.390793 12000
    532 13 18 15.400838 13 18 15.400838 12000
    533 13 18 15.410807 13 18 15.410807 12000
    534 13 18 15.420806 13 18 15.420806 12000
    535 13 18 15.430806 13 18 15.430806 12000
    536 13 18 15.440806 13 18 15.440806 12000
    537 13 18 15.450773 13 18 15.450773 12000
    538 13 18 15.460805 13 18 15.460805 12000
    539 13 18 15.470805 13 18 15.470805 12000
    540 13 18 15.480843 13 18 15.480843 12000
    541 13 18 15.490821 13 18 15.490821 12000
    542 13 18 15.500856 13 18 15.500856 12000
    543 13 18 15.510794 13 18 15.510794 12000
    544 13 18 15.520792 13 18 15.520792 12000
    545 13 18 15.530794 13 18 15.530794 12000
    546 13 18 15.540807 13 18 15.540807 12000
    547 13 18 15.550807 13 18 15.550807 12000
    548 13 18 15.560833 13 18 15.560833 12000
    549 13 18 15.570930 13 18 15.570930 12000
    550 13 18 15.580811 13 18 15.580811 12000
    551 13 18 15.590845 13 18 15.590845 12000
    552 13 18 15.600820 13 18 15.600820 12000
    553 13 18 15.610813 13 18 15.610813 12000
    554 13 18 15.620805 13 18 15.620805 12000
    555 13 18 15.630800 13 18 15.630800 12000
    556 13 18 15.640805 13 18 15.640805 12000
    557 13 18 15.650773 13 18 15.650773 12000
    558 13 18 15.660804 13 18 15.660804 12000
    559 13 18 15.670804 13 18 15.670804 12000
    560 13 18 15.680806 13 18 15.680806 12000
    561 13 18 15.690803 13 18 15.690803 12000
    562 13 18 15.700799 13 18 15.700799 12000
    563 13 18 15.710782 13 18 15.710782 12000
    564 13 18 15.748974 13 18 15.748974 12000
    565 13 18 15.749015 13 18 15.749015 12000
    566 13 18 15.749050 13 18 15.749050 12000
    567 13 18 15.750844 13 18 15.750844 12000
    568 13 18 15.760811 13 18 15.760811 12000
    569 13 18 15.770804 13 18 15.770804 12000
    570 13 18 15.780763 13 18 15.780763 12000
    571 13 18 15.790808 13 18 15.790808 12000
    572 13 18 15.800817 13 18 15.800817 12000
    573 13 18 15.810803 13 18 15.810803 12000
    574 13 18 15.820802 13 18 15.820802 12000
    575 13 18 15.830806 13 18 15.830806 12000
    576 13 18 15.840814 13 18 15.840814 12000
    577 13 18 15.850806 13 18 15.850806 12000
    578 13 18 15.860749 13 18 15.860749 12000
    579 13 18 15.870813 13 18 15.870813 12000
    580 13 18 15.880805 13 18 15.880805 12000
    581 13 18 15.890814 13 18 15.890814 12000
    582 13 18 15.900804 13 18 15.900804 12000
    583 13 18 15.910821 13 18 15.910821 12000
    584 13 18 15.920778 13 18 15.920778 12000
    585 13 18 15.930832 13 18 15.930832 12000
    586 13 18 15.940806 13 18 15.940806 12000
    587 13 18 15.950806 13 18 15.950806 12000
    588 13 18 15.960817 13 18 15.960817 12000
    589 13 18 15.970845 13 18 15.970845 12000
    590 13 18 15.980845 13 18 15.980845 12000
    591 13 18 15.990823 13 18 15.990823 12000
    592 13 18 16.000834 13 18 16.000834 12000
    593 13 18 16.010809 13 18 16.010809 12000
    594 13 18 16.020935 13 18 16.020935 12000
    595 13 18 16.030826 13 18 16.030826 12000
    596 13 18 16.040783 13 18 16.040783 12000
    597 13 18 16.050844 13 18 16.050844 12000
    598 13 18 16.060814 13 18 16.060814 12000
    599 13 18 16.070827 13 18 16.070827 12000
    600 13 18 16.080752 13 18 16.080752 12000
    601 13 18 16.090852 13 18 16.090852 12000
    602 13 18 16.100934 13 18 16.100934 12000
    603 13 18 16.110827 13 18 16.110827 12000
    604 13 18 16.120806 13 18 16.120806 12000
    605 13 18 16.130863 13 18 16.130863 12000
    606 13 18 16.140820 13 18 16.140820 12000
    607 13 18 16.150779 13 18 16.150779 12000
    608 13 18 16.160848 13 18 16.160848 12000
    609 13 18 16.170799 13 18 16.170799 12000
    610 13 18 16.180807 13 18 16.180807 12000
    611 13 18 16.190808 13 18 16.190808 12000
    612 13 18 16.200841 13 18 16.200841 12000
    613 13 18 16.210748 13 18 16.210748 12000
    614 13 18 16.220842 13 18 16.220842 12000
    615 13 18 16.258887 13 18 16.258887 12000
    616 13 18 16.258921 13 18 16.258921 12000
    617 13 18 16.258957 13 18 16.258957 12000
    618 13 18 16.260781 13 18 16.260781 12000
    619 13 18 16.270790 13 18 16.270790 12000
    620 13 18 16.280823 13 18 16.280823 12000
    621 13 18 16.290807 13 18 16.290807 12000
    622 13 18 16.300793 13 18 16.300793 12000
    623 13 18 16.310804 13 18 16.310804 12000
    624 13 18 16.320823 13 18 16.320823 12000
    625 13 18 16.330818 13 18 16.330818 12000
    626 13 18 16.340744 13 18 16.340744 12000
    627 13 18 16.350804 13 18 16.350804 12000
    628 13 18 16.360807 13 18 16.360807 12000
    629 13 18 16.370805 13 18 16.370805 12000
    630 13 18 16.380810 13 18 16.380810 12000
    631 13 18 16.390762 13 18 16.390762 12000
    632 13 18 16.400784 13 18 16.400784 12000
    633 13 18 16.410792 13 18 16.410792 12000
    634 13 18 16.420814 13 18 16.420814 12000
    635 13 18 16.430806 13 18 16.430806 12000
    636 13 18 16.440802 13 18 16.440802 12000
    637 13 18 16.450752 13 18 16.450752 12000
    638 13 18 16.460816 13 18 16.460816 12000
    639 13 18 16.470805 13 18 16.470805 12000
    640 13 18 16.480805 13 18 16.480805 12000
    641 13 18 16.490805 13 18 16.490805 12000
    642 13 18 16.500769 13 18 16.500769 12000
    643 13 18 16.510770 13 18 16.510770 12000
    644 13 18 16.520804 13 18 16.520804 12000
    645 13 18 16.530792 13 18 16.530792 12000
    646 13 18 16.540791 13 18 16.540791 12000
    647 13 18 16.550778 13 18 16.550778 12000
    648 13 18 16.560807 13 18 16.560807 12000
    649 13 18 16.570803 13 18 16.570803 12000
    650 13 18 16.580821 13 18 16.580821 12000
    651 13 18 16.590865 13 18 16.590865 12000
    652 13 18 16.600750 13 18 16.600750 12000
    653 13 18 16.610804 13 18 16.610804 12000
    654 13 18 16.620803 13 18 16.620803 12000
    655 13 18 16.630814 13 18 16.630814 12000
    656 13 18 16.640792 13 18 16.640792 12000
    657 13 18 16.650777 13 18 16.650777 12000
    658 13 18 16.660804 13 18 16.660804 12000
    659 13 18 16.670749 13 18 16.670749 12000
    660 13 18 16.680814 13 18 16.680814 12000
    661 13 18 16.690796 13 18 16.690796 12000
    662 13 18 16.700794 13 18 16.700794 12000
    663 13 18 16.710809 13 18 16.710809 12000
    664 13 18 16.720770 13 18 16.720770 12000
    665 13 18 16.730783 13 18 16.730783 12000
    666 13 18 16.771453 13 18 16.771453 12000
    667 13 18 16.771490 13 18 16.771490 12000
    668 13 18 16.771520 13 18 16.771520 12000
    669 13 18 16.771553 13 18 16.771553 12000
    670 13 18 16.780816 13 18 16.780816 12000
    671 13 18 16.790780 13 18 16.790780 12000
    672 13 18 16.800806 13 18 16.800806 12000
    673 13 18 16.810811 13 18 16.810811 12000
    674 13 18 16.820806 13 18 16.820806 12000
    675 13 18 16.830742 13 18 16.830742 12000
    676 13 18 16.840804 13 18 16.840804 12000
    677 13 18 16.850804 13 18 16.850804 12000
    678 13 18 16.860801 13 18 16.860801 12000
    679 13 18 16.870812 13 18 16.870812 12000
    680 13 18 16.880838 13 18 16.880838 12000
    681 13 18 16.890805 13 18 16.890805 12000
    682 13 18 16.900811 13 18 16.900811 12000
    683 13 18 16.910803 13 18 16.910803 12000
    684 13 18 16.920805 13 18 16.920805 12000
    685 13 18 16.930807 13 18 16.930807 12000
    686 13 18 16.940805 13 18 16.940805 12000
    687 13 18 16.950804 13 18 16.950804 12000
    688 13 18 16.960816 13 18 16.960816 12000
    689 13 18 16.970818 13 18 16.970818 12000
    690 13 18 16.980809 13 18 16.980809 12000
    691 13 18 16.990808 13 18 16.990808 12000
    692 13 18 17.000800 13 18 17.000800 12000
    693 13 18 17.010805 13 18 17.010805 12000
    694 13 18 17.020818 13 18 17.020818 12000
    695 13 18 17.030826 13 18 17.030826 12000
    696 13 18 17.040821 13 18 17.040821 12000
    697 13 18 17.050806 13 18 17.050806 12000
    698 13 18 17.060808 13 18 17.060808 12000
    699 13 18 17.070876 13 18 17.070876 12000
    700 13 18 17.080829 13 18 17.080829 12000
    701 13 18 17.090835 13 18 17.090835 12000
    702 13 18 17.100829 13 18 17.100829 12000
    703 13 18 17.110856 13 18 17.110856 12000
    704 13 18 17.120802 13 18 17.120802 12000
    705 13 18 17.130832 13 18 17.130832 12000
    706 13 18 17.140831 13 18 17.140831 12000
    707 13 18 17.150829 13 18 17.150829 12000
    708 13 18 17.160838 13 18 17.160838 12000
    709 13 18 17.170801 13 18 17.170801 12000
    710 13 18 17.180817 13 18 17.180817 12000
    711 13 18 17.190806 13 18 17.190806 12000
    712 13 18 17.200921 13 18 17.200921 12000
    713 13 18 17.210817 13 18 17.210817 12000
    714 13 18 17.220807 13 18 17.220807 12000
    715 13 18 17.230962 13 18 17.230962 12000
    716 13 18 17.240746 13 18 17.240746 12000
    717 13 18 17.287796 13 18 17.287796 12000
    718 13 18 17.287862 13 18 17.287862 12000
    719 13 18 17.287900 13 18 17.287900 12000
    720 13 18 17.287931 13 18 17.287931 12000
    721 13 18 17.290804 13 18 17.290804 12000
    722 13 18 17.300809 13 18 17.300809 12000
    723 13 18 17.310804 13 18 17.310804 12000
    724 13 18 17.320769 13 18 17.320769 12000
    725 13 18 17.330805 13 18 17.330805 12000
    726 13 18 17.340811 13 18 17.340811 12000
    727 13 18 17.350808 13 18 17.350808 12000
    728 13 18 17.360808 13 18 17.360808 12000
    729 13 18 17.370806 13 18 17.370806 12000
    730 13 18 17.380744 13 18 17.380744 12000
    731 13 18 17.390805 13 18 17.390805 12000
    732 13 18 17.400760 13 18 17.400760 12000
    733 13 18 17.410806 13 18 17.410806 12000
    734 13 18 17.420815 13 18 17.420815 12000
    735 13 18 17.430804 13 18 17.430804 12000
    736 13 18 17.440808 13 18 17.440808 12000
    737 13 18 17.450793 13 18 17.450793 12000
    738 13 18 17.460805 13 18 17.460805 12000
    739 13 18 17.470791 13 18 17.470791 12000
    740 13 18 17.480803 13 18 17.480803 12000
    741 13 18 17.490805 13 18 17.490805 12000
    742 13 18 17.500809 13 18 17.500809 12000
    743 13 18 17.510795 13 18 17.510795 12000
    744 13 18 17.520804 13 18 17.520804 12000
    745 13 18 17.530805 13 18 17.530805 12000
    746 13 18 17.540818 13 18 17.540818 12000
    747 13 18 17.550791 13 18 17.550791 12000
    748 13 18 17.560804 13 18 17.560804 12000
    749 13 18 17.570790 13 18 17.570790 12000
    750 13 18 17.580805 13 18 17.580805 12000
    751 13 18 17.590810 13 18 17.590810 12000
    752 13 18 17.600781 13 18 17.600781 12000
    753 13 18 17.610845 13 18 17.610845 12000
    754 13 18 17.620805 13 18 17.620805 12000
    755 13 18 17.630819 13 18 17.630819 12000
    756 13 18 17.640806 13 18 17.640806 12000
    757 13 18 17.650807 13 18 17.650807 12000
    758 13 18 17.660762 13 18 17.660762 12000
    759 13 18 17.670814 13 18 17.670814 12000
    760 13 18 17.680807 13 18 17.680807 12000
    761 13 18 17.690771 13 18 17.690771 12000
    762 13 18 17.700804 13 18 17.700804 12000
    763 13 18 17.710788 13 18 17.710788 12000
    764 13 18 17.720807 13 18 17.720807 12000
    765 13 18 17.730803 13 18 17.730803 12000
    766 13 18 17.740808 13 18 17.740808 12000
    767 13 18 17.750762 13 18 17.750762 12000
    768 13 18 17.798749 13 18 17.798749 12000
    769 13 18 17.798788 13 18 17.798788 12000
    770 13 18 17.798821 13 18 17.798821 12000
    771 13 18 17.798857 13 18 17.798857 12000
    772 13 18 17.800799 13 18 17.800799 12000
    773 13 18 17.810805 13 18 17.810805 12000
    774 13 18 17.820816 13 18 17.820816 12000
    775 13 18 17.830807 13 18 17.830807 12000
    776 13 18 17.840806 13 18 17.840806 12000
    777 13 18 17.850858 13 18 17.850858 12000
    778 13 18 17.860786 13 18 17.860786 12000
    779 13 18 17.870806 13 18 17.870806 12000
    780 13 18 17.880805 13 18 17.880805 12000
    781 13 18 17.890792 13 18 17.890792 12000
    782 13 18 17.900753 13 18 17.900753 12000
    783 13 18 17.910869 13 18 17.910869 12000
    784 13 18 17.920825 13 18 17.920825 12000
    785 13 18 17.930814 13 18 17.930814 12000
    786 13 18 17.940833 13 18 17.940833 12000
    787 13 18 17.950804 13 18 17.950804 12000
    788 13 18 17.960833 13 18 17.960833 12000
    789 13 18 17.970794 13 18 17.970794 12000
    790 13 18 17.980812 13 18 17.980812 12000
    791 13 18 17.990771 13 18 17.990771 12000
    792 13 18 18.000803 13 18 18.000803 12000
    793 13 18 18.010757 13 18 18.010757 12000
    794 13 18 18.020814 13 18 18.020814 12000
    795 13 18 18.030805 13 18 18.030805 12000
    796 13 18 18.040815 13 18 18.040815 12000
    797 13 18 18.050802 13 18 18.050802 12000
    798 13 18 18.060776 13 18 18.060776 12000
    799 13 18 18.070851 13 18 18.070851 12000
    800 13 18 18.080764 13 18 18.080764 12000
    801 13 18 18.090751 13 18 18.090751 12000
    802 13 18 18.100905 13 18 18.100905 12000
    803 13 18 18.110820 13 18 18.110820 12000
    804 13 18 18.120892 13 18 18.120892 12000
    805 13 18 18.130964 13 18 18.130964 12000
    806 13 18 18.140768 13 18 18.140768 12000
    807 13 18 18.150846 13 18 18.150846 12000
    808 13 18 18.160952 13 18 18.160952 12000
    809 13 18 18.170805 13 18 18.170805 12000
    810 13 18 18.180807 13 18 18.180807 12000
    811 13 18 18.190758 13 18 18.190758 12000
    812 13 18 18.200910 13 18 18.200910 12000
    813 13 18 18.210812 13 18 18.210812 12000
    814 13 18 18.220804 13 18 18.220804 12000
    815 13 18 18.230806 13 18 18.230806 12000
    816 13 18 18.240791 13 18 18.240791 12000
    817 13 18 18.250795 13 18 18.250795 12000
    818 13 18 18.260854 13 18 18.260854 12000
    819 13 18 18.270804 13 18 18.270804 12000
    820 13 18 18.280757 13 18 18.280757 12000
    821 13 18 18.290818 13 18 18.290818 12000
    822 13 18 18.300792 13 18 18.300792 12000
    823 13 18 18.311037 13 18 18.311037 12000
    824 13 18 18.320750 13 18 18.320750 12000
    825 13 18 18.330814 13 18 18.330814 12000
    826 13 18 18.340803 13 18 18.340803 12000
    827 13 18 18.350806 13 18 18.350806 12000
    828 13 18 18.360806 13 18 18.360806 12000
    829 13 18 18.370796 13 18 18.370796 12000
    830 13 18 18.380828 13 18 18.380828 12000
    831 13 18 18.390806 13 18 18.390806 12000
    832 13 18 18.400787 13 18 18.400787 12000
    833 13 18 18.411857 13 18 18.411857 12000
    834 13 18 18.420822 13 18 18.420822 12000
    835 13 18 18.430800 13 18 18.430800 12000
    836 13 18 18.440805 13 18 18.440805 12000
    837 13 18 18.450807 13 18 18.450807 12000
    838 13 18 18.460781 13 18 18.460781 12000
    839 13 18 18.470793 13 18 18.470793 12000
    840 13 18 18.480789 13 18 18.480789 12000
    841 13 18 18.490767 13 18 18.490767 12000
    842 13 18 18.500744 13 18 18.500744 12000
    843 13 18 18.510808 13 18 18.510808 12000
    844 13 18 18.520804 13 18 18.520804 12000
    845 13 18 18.530805 13 18 18.530805 12000
    846 13 18 18.540818 13 18 18.540818 12000
    847 13 18 18.550788 13 18 18.550788 12000
    848 13 18 18.599783 13 18 18.599783 12000
    849 13 18 18.599827 13 18 18.599827 12000
    850 13 18 18.599859 13 18 18.599859 12000
    851 13 18 18.599918 13 18 18.599918 12000
    852 13 18 18.600802 13 18 18.600802 12000
    853 13 18 18.610824 13 18 18.610824 12000
    854 13 18 18.620817 13 18 18.620817 12000
    855 13 18 18.630835 13 18 18.630835 12000
    856 13 18 18.640772 13 18 18.640772 12000
    857 13 18 18.650828 13 18 18.650828 12000
    858 13 18 18.660771 13 18 18.660771 12000
    859 13 18 18.670839 13 18 18.670839 12000
    860 13 18 18.680800 13 18 18.680800 12000
    861 13 18 18.690805 13 18 18.690805 12000
    862 13 18 18.700807 13 18 18.700807 12000
    863 13 18 18.710819 13 18 18.710819 12000
    864 13 18 18.720870 13 18 18.720870 12000
    865 13 18 18.730812 13 18 18.730812 12000
    866 13 18 18.740804 13 18 18.740804 12000
    867 13 18 18.750806 13 18 18.750806 12000
    868 13 18 18.760802 13 18 18.760802 12000
    869 13 18 18.770807 13 18 18.770807 12000
    870 13 18 18.780805 13 18 18.780805 12000
    871 13 18 18.790808 13 18 18.790808 12000
    872 13 18 18.800816 13 18 18.800816 12000
    873 13 18 18.810805 13 18 18.810805 12000
    874 13 18 18.820810 13 18 18.820810 12000
    875 13 18 18.830808 13 18 18.830808 12000
    876 13 18 18.840782 13 18 18.840782 12000
    877 13 18 18.850757 13 18 18.850757 12000
    878 13 18 18.860842 13 18 18.860842 12000
    879 13 18 18.870805 13 18 18.870805 12000
    880 13 18 18.880810 13 18 18.880810 12000
    881 13 18 18.890855 13 18 18.890855 12000
    882 13 18 18.900839 13 18 18.900839 12000
    883 13 18 18.910806 13 18 18.910806 12000
    884 13 18 18.920773 13 18 18.920773 12000
    885 13 18 18.930783 13 18 18.930783 12000
    886 13 18 18.940863 13 18 18.940863 12000
    887 13 18 18.950939 13 18 18.950939 12000
    888 13 18 18.960791 13 18 18.960791 12000
    889 13 18 18.970828 13 18 18.970828 12000
    890 13 18 18.980772 13 18 18.980772 12000
    891 13 18 18.990860 13 18 18.990860 12000
    892 13 18 19.000817 13 18 19.000817 12000
    893 13 18 19.010825 13 18 19.010825 12000
    894 13 18 19.020768 13 18 19.020768 12000
    895 13 18 19.030750 13 18 19.030750 12000
    896 13 18 19.040805 13 18 19.040805 12000
    897 13 18 19.050844 13 18 19.050844 12000
    898 13 18 19.061662 13 18 19.061662 12000
    899 13 18 19.070806 13 18 19.070806 12000
    900 13 18 19.080897 13 18 19.080897 12000
    901 13 18 19.090820 13 18 19.090820 12000
    902 13 18 19.100809 13 18 19.100809 12000
    903 13 18 19.110807 13 18 19.110807 12000
    904 13 18 19.120763 13 18 19.120763 12000
    905 13 18 19.130752 13 18 19.130752 12000
    906 13 18 19.140935 13 18 19.140935 12000
    907 13 18 19.150808 13 18 19.150808 12000
    908 13 18 19.160803 13 18 19.160803 12000
    909 13 18 19.170792 13 18 19.170792 12000
    910 13 18 19.180780 13 18 19.180780 12000
    911 13 18 19.190856 13 18 19.190856 12000
    912 13 18 19.200859 13 18 19.200859 12000
    913 13 18 19.210757 13 18 19.210757 12000
    914 13 18 19.220869 13 18 19.220869 12000
    915 13 18 19.230805 13 18 19.230805 12000
    916 13 18 19.240787 13 18 19.240787 12000
    917 13 18 19.250880 13 18 19.250880 12000
    918 13 18 19.260802 13 18 19.260802 12000
    919 13 18 19.270794 13 18 19.270794 12000
    920 13 18 19.280806 13 18 19.280806 12000
    921 13 18 19.290763 13 18 19.290763 12000
    922 13 18 19.347090 13 18 19.347090 12000
    923 13 18 19.347134 13 18 19.347134 12000
    924 13 18 19.347166 13 18 19.347166 12000
    925 13 18 19.347197 13 18 19.347197 12000
    926 13 18 19.347231 13 18 19.347231 12000
    927 13 18 19.350951 13 18 19.350951 12000
    928 13 18 19.360806 13 18 19.360806 12000
    929 13 18 19.370832 13 18 19.370832 12000
    930 13 18 19.380759 13 18 19.380759 12000
    931 13 18 19.390822 13 18 19.390822 12000
    932 13 18 19.400793 13 18 19.400793 12000
    933 13 18 19.410806 13 18 19.410806 12000
    934 13 18 19.420791 13 18 19.420791 12000
    935 13 18 19.430842 13 18 19.430842 12000
    936 13 18 19.440753 13 18 19.440753 12000
    937 13 18 19.450806 13 18 19.450806 12000
    938 13 18 19.460751 13 18 19.460751 12000
    939 13 18 19.470859 13 18 19.470859 12000
    940 13 18 19.480745 13 18 19.480745 12000
    941 13 18 19.490812 13 18 19.490812 12000
    942 13 18 19.500826 13 18 19.500826 12000
    943 13 18 19.510843 13 18 19.510843 12000
    944 13 18 19.520815 13 18 19.520815 12000
    945 13 18 19.530744 13 18 19.530744 12000
    946 13 18 19.540804 13 18 19.540804 12000
    947 13 18 19.550820 13 18 19.550820 12000
    948 13 18 19.560842 13 18 19.560842 12000
    949 13 18 19.570823 13 18 19.570823 12000
    950 13 18 19.580890 13 18 19.580890 12000
    951 13 18 19.590834 13 18 19.590834 12000
    952 13 18 19.600816 13 18 19.600816 12000
    953 13 18 19.610804 13 18 19.610804 12000
    954 13 18 19.620808 13 18 19.620808 12000
    955 13 18 19.630838 13 18 19.630838 12000
    956 13 18 19.640768 13 18 19.640768 12000
    957 13 18 19.650807 13 18 19.650807 12000
    958 13 18 19.660802 13 18 19.660802 12000
    959 13 18 19.670805 13 18 19.670805 12000
    960 13 18 19.680807 13 18 19.680807 12000
    961 13 18 19.690795 13 18 19.690795 12000
    962 13 18 19.700804 13 18 19.700804 12000
    963 13 18 19.710808 13 18 19.710808 12000
    964 13 18 19.720839 13 18 19.720839 12000
    965 13 18 19.730753 13 18 19.730753 12000
    966 13 18 19.740805 13 18 19.740805 12000
    967 13 18 19.750803 13 18 19.750803 12000
    968 13 18 19.760826 13 18 19.760826 12000
    969 13 18 19.770807 13 18 19.770807 12000
    970 13 18 19.780774 13 18 19.780774 12000
    971 13 18 19.790815 13 18 19.790815 12000
    972 13 18 19.800809 13 18 19.800809 12000
    973 13 18 19.810843 13 18 19.810843 12000
    974 13 18 19.820847 13 18 19.820847 12000
    975 13 18 19.830808 13 18 19.830808 12000
    976 13 18 19.840782 13 18 19.840782 12000
    977 13 18 19.850805 13 18 19.850805 12000
    978 13 18 19.860817 13 18 19.860817 12000
    979 13 18 19.870782 13 18 19.870782 12000
    980 13 18 19.880805 13 18 19.880805 12000
    981 13 18 19.890822 13 18 19.890822 12000
    982 13 18 19.900805 13 18 19.900805 12000
    983 13 18 19.910803 13 18 19.910803 12000
    984 13 18 19.920805 13 18 19.920805 12000
    985 13 18 19.930821 13 18 19.930821 12000
    986 13 18 19.940837 13 18 19.940837 12000
    987 13 18 19.950804 13 18 19.950804 12000
    988 13 18 19.960768 13 18 19.960768 12000
    989 13 18 19.970815 13 18 19.970815 12000
    990 13 18 19.980798 13 18 19.980798 12000
    991 13 18 19.990818 13 18 19.990818 12000
    992 13 18 20.000776 13 18 20.000776 12000
    993 13 18 20.010788 13 18 20.010788 12000
    994 13 18 20.020813 13 18 20.020813 12000
    995 13 18 20.030803 13 18 20.030803 12000
    996 13 18 20.040782 13 18 20.040782 12000
    997 13 18 20.050834 13 18 20.050834 12000
    998 13 18 20.060755 13 18 20.060755 12000
    999 13 18 20.070790 13 18 20.070790 12000
   1000 13 18 20.080805 13 18 20.080805 12000
