      1 13 15 56.321854 13 15 56.321854 10900
      2 13 15 56.331938 13 15 56.331938 10900
      3 13 15 56.341954 13 15 56.341954 10900
      4 13 15 56.351959 13 15 56.351959 10900
      5 13 15 56.361911 13 15 56.361911 10900
      6 13 15 56.371962 13 15 56.371962 10900
      7 13 15 56.381954 13 15 56.381954 10900
      8 13 15 56.391950 13 15 56.391950 10900
      9 13 15 56.401952 13 15 56.401952 10900
     10 13 15 56.411951 13 15 56.411951 10900
     11 13 15 56.421951 13 15 56.421951 10900
     12 13 15 56.431961 13 15 56.431961 10900
     13 13 15 56.441938 13 15 56.441938 10900
     14 13 15 56.451936 13 15 56.451936 10900
     15 13 15 56.461939 13 15 56.461939 10900
     16 13 15 56.471983 13 15 56.471983 10900
     17 13 15 56.481954 13 15 56.481954 10900
     18 13 15 56.491951 13 15 56.491951 10900
     19 13 15 56.501953 13 15 56.501953 10900
     20 13 15 56.511951 13 15 56.511951 10900
     21 13 15 56.521953 13 15 56.521953 10900
     22 13 15 56.531979 13 15 56.531979 10900
     23 13 15 56.541939 13 15 56.541939 10900
     24 13 15 56.551952 13 15 56.551952 10900
     25 13 15 56.561954 13 15 56.561954 10900
     26 13 15 56.571955 13 15 56.571955 10900
     27 13 15 56.581955 13 15 56.581955 10900
     28 13 15 56.591957 13 15 56.591957 10900
     29 13 15 56.601954 13 15 56.601954 10900
     30 13 15 56.611952 13 15 56.611952 10900
     31 13 15 56.621954 13 15 56.621954 10900
     32 13 15 56.631953 13 15 56.631953 10900
     33 13 15 56.641953 13 15 56.641953 10900
     34 13 15 56.651950 13 15 56.651950 10900
     35 13 15 56.661951 13 15 56.661951 10900
     36 13 15 56.671951 13 15 56.671951 10900
     37 13 15 56.681981 13 15 56.681981 10900
     38 13 15 56.691954 13 15 56.691954 10900
     39 13 15 56.701953 13 15 56.701953 10900
     40 13 15 56.711950 13 15 56.711950 10900
     41 13 15 56.721952 13 15 56.721952 10900
     42 13 15 56.731951 13 15 56.731951 10900
     43 13 15 56.741951 13 15 56.741951 10900
     44 13 15 56.751950 13 15 56.751950 10900
     45 13 15 56.761952 13 15 56.761952 10900
     46 13 15 56.771954 13 15 56.771954 10900
     47 13 15 56.781953 13 15 56.781953 10900
     48 13 15 56.791952 13 15 56.791952 10900
     49 13 15 56.801954 13 15 56.801954 10900
     50 13 15 56.811953 13 15 56.811953 10900
     51 13 15 56.821917 13 15 56.821917 10900
     52 13 15 56.831975 13 15 56.831975 10900
     53 13 15 56.842032 13 15 56.842032 10900
     54 13 15 56.851958 13 15 56.851958 10900
     55 13 15 56.861955 13 15 56.861955 10900
     56 13 15 56.871923 13 15 56.871923 10900
     57 13 15 56.881976 13 15 56.881976 10900
     58 13 15 56.891984 13 15 56.891984 10900
     59 13 15 56.901947 13 15 56.901947 10900
     60 13 15 56.911956 13 15 56.911956 10900
     61 13 15 56.921956 13 15 56.921956 10900
     62 13 15 56.931952 13 15 56.931952 10900
     63 13 15 56.941966 13 15 56.941966 10900
     64 13 15 56.951943 13 15 56.951943 10900
     65 13 15 56.962063 13 15 56.962063 10900
     66 13 15 56.971955 13 15 56.971955 10900
     67 13 15 56.981954 13 15 56.981954 10900
     68 13 15 56.991961 13 15 56.991961 10900
     69 13 15 57.002011 13 15 57.002011 10900
     70 13 15 57.011972 13 15 57.011972 10900
     71 13 15 57.021982 13 15 57.021982 10900
     72 13 15 57.032013 13 15 57.032013 10900
     73 13 15 57.041955 13 15 57.041955 10900
     74 13 15 57.051977 13 15 57.051977 10900
     75 13 15 57.061976 13 15 57.061976 10900
     76 13 15 57.071976 13 15 57.071976 10900
     77 13 15 57.081957 13 15 57.081957 10900
     78 13 15 57.092095 13 15 57.092095 10900
     79 13 15 57.102009 13 15 57.102009 10900
     80 13 15 57.112046 13 15 57.112046 10900
     81 13 15 57.121980 13 15 57.121980 10900
     82 13 15 57.131984 13 15 57.131984 10900
     83 13 15 57.142003 13 15 57.142003 10900
     84 13 15 57.151967 13 15 57.151967 10900
     85 13 15 57.161957 13 15 57.161957 10900
     86 13 15 57.172030 13 15 57.172030 10900
     87 13 15 57.181955 13 15 57.181955 10900
     88 13 15 57.191954 13 15 57.191954 10900
     89 13 15 57.201939 13 15 57.201939 10900
     90 13 15 57.212037 13 15 57.212037 10900
     91 13 15 57.221957 13 15 57.221957 10900
     92 13 15 57.231946 13 15 57.231946 10900
     93 13 15 57.241945 13 15 57.241945 10900
     94 13 15 57.251978 13 15 57.251978 10900
     95 13 15 57.261954 13 15 57.261954 10900
     96 13 15 57.271954 13 15 57.271954 10900
     97 13 15 57.281953 13 15 57.281953 10900
     98 13 15 57.291952 13 15 57.291952 10900
     99 13 15 57.302028 13 15 57.302028 10900
    100 13 15 57.311959 13 15 57.311959 10900
    101 13 15 57.321955 13 15 57.321955 10900
    102 13 15 57.331957 13 15 57.331957 10900
    103 13 15 57.341965 13 15 57.341965 10900
    104 13 15 57.351942 13 15 57.351942 10900
    105 13 15 57.361955 13 15 57.361955 10900
    106 13 15 57.371934 13 15 57.371934 10900
    107 13 15 57.381990 13 15 57.381990 10900
    108 13 15 57.391953 13 15 57.391953 10900
    109 13 15 57.401952 13 15 57.401952 10900
    110 13 15 57.411954 13 15 57.411954 10900
    111 13 15 57.421953 13 15 57.421953 10900
    112 13 15 57.431952 13 15 57.431952 10900
    113 13 15 57.441954 13 15 57.441954 10900
    114 13 15 57.451954 13 15 57.451954 10900
    115 13 15 57.461956 13 15 57.461956 10900
    116 13 15 57.471957 13 15 57.471957 10900
    117 13 15 57.481955 13 15 57.481955 10900
    118 13 15 57.491953 13 15 57.491953 10900
    119 13 15 57.501955 13 15 57.501955 10900
    120 13 15 57.511955 13 15 57.511955 10900
    121 13 15 57.521957 13 15 57.521957 10900
    122 13 15 57.531953 13 15 57.531953 10900
    123 13 15 57.541955 13 15 57.541955 10900
    124 13 15 57.551966 13 15 57.551966 10900
    125 13 15 57.561954 13 15 57.561954 10900
    126 13 15 57.571953 13 15 57.571953 10900
    127 13 15 57.581955 13 15 57.581955 10900
    128 13 15 57.591951 13 15 57.591951 10900
    129 13 15 57.601958 13 15 57.601958 10900
    130 13 15 57.611955 13 15 57.611955 10900
    131 13 15 57.621960 13 15 57.621960 10900
    132 13 15 57.631951 13 15 57.631951 10900
    133 13 15 57.641953 13 15 57.641953 10900
    134 13 15 57.651952 13 15 57.651952 10900
    135 13 15 57.661954 13 15 57.661954 10900
    136 13 15 57.671951 13 15 57.671951 10900
    137 13 15 57.681956 13 15 57.681956 10900
    138 13 15 57.691952 13 15 57.691952 10900
    139 13 15 57.701953 13 15 57.701953 10900
    140 13 15 57.711956 13 15 57.711956 10900
    141 13 15 57.721972 13 15 57.721972 10900
    142 13 15 57.731951 13 15 57.731951 10900
    143 13 15 57.741959 13 15 57.741959 10900
    144 13 15 57.751964 13 15 57.751964 10900
    145 13 15 57.761954 13 15 57.761954 10900
    146 13 15 57.772029 13 15 57.772029 10900
    147 13 15 57.781956 13 15 57.781956 10900
    148 13 15 57.791955 13 15 57.791955 10900
    149 13 15 57.801971 13 15 57.801971 10900
    150 13 15 57.811960 13 15 57.811960 10900
    151 13 15 57.822321 13 15 57.822321 10900
    152 13 15 57.831958 13 15 57.831958 10900
    153 13 15 57.841954 13 15 57.841954 10900
    154 13 15 57.851922 13 15 57.851922 10900
    155 13 15 57.861916 13 15 57.861916 10900
    156 13 15 57.871938 13 15 57.871938 10900
    157 13 15 57.881965 13 15 57.881965 10900
    158 13 15 57.891953 13 15 57.891953 10900
    159 13 15 57.901955 13 15 57.901955 10900
    160 13 15 57.911937 13 15 57.911937 10900
    161 13 15 57.921953 13 15 57.921953 10900
    162 13 15 57.932031 13 15 57.932031 10900
    163 13 15 57.941949 13 15 57.941949 10900
    164 13 15 57.951954 13 15 57.951954 10900
    165 13 15 57.961955 13 15 57.961955 10900
    166 13 15 57.971955 13 15 57.971955 10900
    167 13 15 57.981965 13 15 57.981965 10900
    168 13 15 57.991953 13 15 57.991953 10900
    169 13 15 58.001955 13 15 58.001955 10900
    170 13 15 58.011997 13 15 58.011997 10900
    171 13 15 58.021957 13 15 58.021957 10900
    172 13 15 58.031965 13 15 58.031965 10900
    173 13 15 58.041955 13 15 58.041955 10900
    174 13 15 58.051952 13 15 58.051952 10900
    175 13 15 58.061897 13 15 58.061897 10900
    176 13 15 58.071995 13 15 58.071995 10900
    177 13 15 58.081955 13 15 58.081955 10900
    178 13 15 58.091952 13 15 58.091952 10900
    179 13 15 58.102029 13 15 58.102029 10900
    180 13 15 58.111952 13 15 58.111952 10900
    181 13 15 58.121954 13 15 58.121954 10900
    182 13 15 58.131954 13 15 58.131954 10900
    183 13 15 58.141953 13 15 58.141953 10900
    184 13 15 58.151954 13 15 58.151954 10900
    185 13 15 58.161956 13 15 58.161956 10900
    186 13 15 58.171953 13 15 58.171953 10900
    187 13 15 58.181953 13 15 58.181953 10900
    188 13 15 58.191997 13 15 58.191997 10900
    189 13 15 58.201954 13 15 58.201954 10900
    190 13 15 58.211951 13 15 58.211951 10900
    191 13 15 58.221952 13 15 58.221952 10900
    192 13 15 58.231954 13 15 58.231954 10900
    193 13 15 58.241964 13 15 58.241964 10900
    194 13 15 58.251950 13 15 58.251950 10900
    195 13 15 58.261904 13 15 58.261904 10900
    196 13 15 58.271951 13 15 58.271951 10900
    197 13 15 58.281956 13 15 58.281956 10900
    198 13 15 58.291952 13 15 58.291952 10900
    199 13 15 58.301952 13 15 58.301952 10900
    200 13 15 58.311976 13 15 58.311976 10900
    201 13 15 58.321966 13 15 58.321966 10900
    202 13 15 58.331957 13 15 58.331957 10900
    203 13 15 58.341988 13 15 58.341988 10900
    204 13 15 58.351964 13 15 58.351964 10900
    205 13 15 58.361955 13 15 58.361955 10900
    206 13 15 58.371960 13 15 58.371960 10900
    207 13 15 58.381957 13 15 58.381957 10900
    208 13 15 58.391955 13 15 58.391955 10900
    209 13 15 58.401952 13 15 58.401952 10900
    210 13 15 58.411957 13 15 58.411957 10900
    211 13 15 58.421953 13 15 58.421953 10900
    212 13 15 58.431956 13 15 58.431956 10900
    213 13 15 58.441954 13 15 58.441954 10900
    214 13 15 58.451951 13 15 58.451951 10900
    215 13 15 58.461956 13 15 58.461956 10900
    216 13 15 58.471971 13 15 58.471971 10900
    217 13 15 58.481954 13 15 58.481954 10900
    218 13 15 58.491953 13 15 58.491953 10900
    219 13 15 58.501953 13 15 58.501953 10900
    220 13 15 58.511952 13 15 58.511952 10900
    221 13 15 58.521954 13 15 58.521954 10900
    222 13 15 58.531953 13 15 58.531953 10900
    223 13 15 58.541955 13 15 58.541955 10900
    224 13 15 58.551960 13 15 58.551960 10900
    225 13 15 58.561954 13 15 58.561954 10900
    226 13 15 58.571955 13 15 58.571955 10900
    227 13 15 58.581955 13 15 58.581955 10900
    228 13 15 58.591954 13 15 58.591954 10900
    229 13 15 58.601981 13 15 58.601981 10900
    230 13 15 58.611958 13 15 58.611958 10900
    231 13 15 58.621960 13 15 58.621960 10900
    232 13 15 58.631962 13 15 58.631962 10900
    233 13 15 58.641953 13 15 58.641953 10900
    234 13 15 58.651950 13 15 58.651950 10900
    235 13 15 58.661954 13 15 58.661954 10900
    236 13 15 58.671954 13 15 58.671954 10900
    237 13 15 58.681953 13 15 58.681953 10900
    238 13 15 58.691963 13 15 58.691963 10900
    239 13 15 58.701979 13 15 58.701979 10900
    240 13 15 58.711978 13 15 58.711978 10900
    241 13 15 58.721966 13 15 58.721966 10900
    242 13 15 58.731957 13 15 58.731957 10900
    243 13 15 58.741959 13 15 58.741959 10900
    244 13 15 58.751952 13 15 58.751952 10900
    245 13 15 58.761954 13 15 58.761954 10900
    246 13 15 58.771954 13 15 58.771954 10900
    247 13 15 58.781953 13 15 58.781953 10900
    248 13 15 58.791953 13 15 58.791953 10900
    249 13 15 58.801955 13 15 58.801955 10900
    250 13 15 58.811953 13 15 58.811953 10900
    251 13 15 58.821955 13 15 58.821955 10900
    252 13 15 58.831958 13 15 58.831958 10900
    253 13 15 58.841948 13 15 58.841948 10900
    254 13 15 58.851945 13 15 58.851945 10900
    255 13 15 58.861952 13 15 58.861952 10900
    256 13 15 58.871918 13 15 58.871918 10900
    257 13 15 58.881946 13 15 58.881946 10900
    258 13 15 58.891956 13 15 58.891956 10900
    259 13 15 58.901952 13 15 58.901952 10900
    260 13 15 58.911963 13 15 58.911963 10900
    261 13 15 58.921953 13 15 58.921953 10900
    262 13 15 58.931952 13 15 58.931952 10900
    263 13 15 58.941972 13 15 58.941972 10900
    264 13 15 58.951954 13 15 58.951954 10900
    265 13 15 58.961953 13 15 58.961953 10900
    266 13 15 58.971953 13 15 58.971953 10900
    267 13 15 58.982131 13 15 58.982131 10900
    268 13 15 58.991971 13 15 58.991971 10900
    269 13 15 59.001959 13 15 59.001959 10900
    270 13 15 59.012025 13 15 59.012025 10900
    271 13 15 59.021957 13 15 59.021957 10900
    272 13 15 59.031951 13 15 59.031951 10900
    273 13 15 59.041952 13 15 59.041952 10900
    274 13 15 59.051952 13 15 59.051952 10900
    275 13 15 59.061954 13 15 59.061954 10900
    276 13 15 59.071978 13 15 59.071978 10900
    277 13 15 59.081981 13 15 59.081981 10900
    278 13 15 59.091977 13 15 59.091977 10900
    279 13 15 59.102072 13 15 59.102072 10900
    280 13 15 59.111980 13 15 59.111980 10900
    281 13 15 59.121957 13 15 59.121957 10900
    282 13 15 59.131954 13 15 59.131954 10900
    283 13 15 59.141964 13 15 59.141964 10900
    284 13 15 59.151952 13 15 59.151952 10900
    285 13 15 59.161957 13 15 59.161957 10900
    286 13 15 59.171954 13 15 59.171954 10900
    287 13 15 59.181956 13 15 59.181956 10900
    288 13 15 59.191954 13 15 59.191954 10900
    289 13 15 59.201954 13 15 59.201954 10900
    290 13 15 59.211951 13 15 59.211951 10900
    291 13 15 59.221953 13 15 59.221953 10900
    292 13 15 59.231954 13 15 59.231954 10900
    293 13 15 59.241967 13 15 59.241967 10900
    294 13 15 59.251955 13 15 59.251955 10900
    295 13 15 59.261954 13 15 59.261954 10900
    296 13 15 59.271977 13 15 59.271977 10900
    297 13 15 59.281956 13 15 59.281956 10900
    298 13 15 59.291950 13 15 59.291950 10900
    299 13 15 59.301954 13 15 59.301954 10900
    300 13 15 59.311937 13 15 59.311937 10900
    301 13 15 59.323611 13 15 59.323611 10900
    302 13 15 59.331963 13 15 59.331963 10900
    303 13 15 59.341940 13 15 59.341940 10900
    304 13 15 59.351987 13 15 59.351987 10900
    305 13 15 59.361955 13 15 59.361955 10900
    306 13 15 59.371906 13 15 59.371906 10900
    307 13 15 59.381956 13 15 59.381956 10900
    308 13 15 59.391955 13 15 59.391955 10900
    309 13 15 59.401941 13 15 59.401941 10900
    310 13 15 59.411976 13 15 59.411976 10900
    311 13 15 59.421940 13 15 59.421940 10900
    312 13 15 59.431950 13 15 59.431950 10900
    313 13 15 59.441940 13 15 59.441940 10900
    314 13 15 59.451963 13 15 59.451963 10900
    315 13 15 59.461941 13 15 59.461941 10900
    316 13 15 59.471952 13 15 59.471952 10900
    317 13 15 59.481954 13 15 59.481954 10900
    318 13 15 59.491951 13 15 59.491951 10900
    319 13 15 59.501952 13 15 59.501952 10900
    320 13 15 59.511954 13 15 59.511954 10900
    321 13 15 59.521954 13 15 59.521954 10900
    322 13 15 59.531953 13 15 59.531953 10900
    323 13 15 59.541953 13 15 59.541953 10900
    324 13 15 59.551957 13 15 59.551957 10900
    325 13 15 59.561954 13 15 59.561954 10900
    326 13 15 59.571953 13 15 59.571953 10900
    327 13 15 59.581957 13 15 59.581957 10900
    328 13 15 59.591954 13 15 59.591954 10900
    329 13 15 59.601953 13 15 59.601953 10900
    330 13 15 59.611956 13 15 59.611956 10900
    331 13 15 59.621985 13 15 59.621985 10900
    332 13 15 59.631960 13 15 59.631960 10900
    333 13 15 59.641956 13 15 59.641956 10900
    334 13 15 59.651952 13 15 59.651952 10900
    335 13 15 59.661952 13 15 59.661952 10900
    336 13 15 59.671953 13 15 59.671953 10900
    337 13 15 59.681955 13 15 59.681955 10900
    338 13 15 59.691969 13 15 59.691969 10900
    339 13 15 59.701959 13 15 59.701959 10900
    340 13 15 59.711959 13 15 59.711959 10900
    341 13 15 59.721955 13 15 59.721955 10900
    342 13 15 59.731957 13 15 59.731957 10900
    343 13 15 59.741956 13 15 59.741956 10900
    344 13 15 59.751958 13 15 59.751958 10900
    345 13 15 59.761955 13 15 59.761955 10900
    346 13 15 59.771963 13 15 59.771963 10900
    347 13 15 59.781978 13 15 59.781978 10900
    348 13 15 59.791975 13 15 59.791975 10900
    349 13 15 59.801979 13 15 59.801979 10900
    350 13 15 59.811954 13 15 59.811954 10900
    351 13 15 59.821958 13 15 59.821958 10900
    352 13 15 59.832076 13 15 59.832076 10900
    353 13 15 59.841968 13 15 59.841968 10900
    354 13 15 59.851959 13 15 59.851959 10900
    355 13 15 59.861960 13 15 59.861960 10900
    356 13 15 59.871966 13 15 59.871966 10900
    357 13 15 59.881968 13 15 59.881968 10900
    358 13 15 59.891975 13 15 59.891975 10900
    359 13 15 59.901963 13 15 59.901963 10900
    360 13 15 59.912120 13 15 59.912120 10900
    361 13 15 59.921990 13 15 59.921990 10900
    362 13 15 59.931980 13 15 59.931980 10900
    363 13 15 59.941938 13 15 59.941938 10900
    364 13 15 59.951967 13 15 59.951967 10900
    365 13 15 59.961976 13 15 59.961976 10900
    366 13 15 59.971980 13 15 59.971980 10900
    367 13 15 59.982086 13 15 59.982086 10900
    368 13 15 59.991973 13 15 59.991973 10900
    369 13 16 0.001970 13 16 0.001970 10900
    370 13 16 0.011972 13 16 0.011972 10900
    371 13 16 0.021985 13 16 0.021985 10900
    372 13 16 0.031967 13 16 0.031967 10900
    373 13 16 0.041975 13 16 0.041975 10900
    374 13 16 0.051958 13 16 0.051958 10900
    375 13 16 0.061975 13 16 0.061975 10900
    376 13 16 0.072087 13 16 0.072087 10900
    377 13 16 0.081986 13 16 0.081986 10900
    378 13 16 0.091983 13 16 0.091983 10900
    379 13 16 0.102003 13 16 0.102003 10900
    380 13 16 0.111963 13 16 0.111963 10900
    381 13 16 0.121983 13 16 0.121983 10900
    382 13 16 0.131964 13 16 0.131964 10900
    383 13 16 0.141960 13 16 0.141960 10900
    384 13 16 0.151957 13 16 0.151957 10900
    385 13 16 0.161980 13 16 0.161980 10900
    386 13 16 0.171982 13 16 0.171982 10900
    387 13 16 0.181972 13 16 0.181972 10900
    388 13 16 0.191967 13 16 0.191967 10900
    389 13 16 0.201959 13 16 0.201959 10900
    390 13 16 0.211962 13 16 0.211962 10900
    391 13 16 0.221961 13 16 0.221961 10900
    392 13 16 0.231985 13 16 0.231985 10900
    393 13 16 0.242059 13 16 0.242059 10900
    394 13 16 0.251957 13 16 0.251957 10900
    395 13 16 0.261960 13 16 0.261960 10900
    396 13 16 0.271959 13 16 0.271959 10900
    397 13 16 0.281994 13 16 0.281994 10900
    398 13 16 0.291979 13 16 0.291979 10900
    399 13 16 0.301964 13 16 0.301964 10900
    400 13 16 0.311967 13 16 0.311967 10900
    401 13 16 0.321964 13 16 0.321964 10900
    402 13 16 0.331964 13 16 0.331964 10900
    403 13 16 0.341978 13 16 0.341978 10900
    404 13 16 0.351982 13 16 0.351982 10900
    405 13 16 0.361985 13 16 0.361985 10900
    406 13 16 0.371957 13 16 0.371957 10900
    407 13 16 0.381968 13 16 0.381968 10900
    408 13 16 0.391960 13 16 0.391960 10900
    409 13 16 0.401958 13 16 0.401958 10900
    410 13 16 0.411959 13 16 0.411959 10900
    411 13 16 0.421976 13 16 0.421976 10900
    412 13 16 0.431958 13 16 0.431958 10900
    413 13 16 0.441982 13 16 0.441982 10900
    414 13 16 0.452001 13 16 0.452001 10900
    415 13 16 0.461974 13 16 0.461974 10900
    416 13 16 0.471988 13 16 0.471988 10900
    417 13 16 0.481955 13 16 0.481955 10900
    418 13 16 0.491954 13 16 0.491954 10900
    419 13 16 0.501957 13 16 0.501957 10900
    420 13 16 0.511986 13 16 0.511986 10900
    421 13 16 0.521962 13 16 0.521962 10900
    422 13 16 0.531956 13 16 0.531956 10900
    423 13 16 0.541957 13 16 0.541957 10900
    424 13 16 0.551960 13 16 0.551960 10900
    425 13 16 0.561961 13 16 0.561961 10900
    426 13 16 0.571970 13 16 0.571970 10900
    427 13 16 0.581969 13 16 0.581969 10900
    428 13 16 0.591956 13 16 0.591956 10900
    429 13 16 0.601966 13 16 0.601966 10900
    430 13 16 0.611966 13 16 0.611966 10900
    431 13 16 0.621971 13 16 0.621971 10900
    432 13 16 0.631957 13 16 0.631957 10900
    433 13 16 0.641977 13 16 0.641977 10900
    434 13 16 0.651956 13 16 0.651956 10900
    435 13 16 0.661956 13 16 0.661956 10900
    436 13 16 0.671953 13 16 0.671953 10900
    437 13 16 0.682014 13 16 0.682014 10900
    438 13 16 0.691958 13 16 0.691958 10900
    439 13 16 0.701956 13 16 0.701956 10900
    440 13 16 0.711955 13 16 0.711955 10900
    441 13 16 0.721977 13 16 0.721977 10900
    442 13 16 0.731958 13 16 0.731958 10900
    443 13 16 0.741966 13 16 0.741966 10900
    444 13 16 0.751954 13 16 0.751954 10900
    445 13 16 0.761961 13 16 0.761961 10900
    446 13 16 0.771973 13 16 0.771973 10900
    447 13 16 0.781984 13 16 0.781984 10900
    448 13 16 0.791955 13 16 0.791955 10900
    449 13 16 0.801969 13 16 0.801969 10900
    450 13 16 0.811963 13 16 0.811963 10900
    451 13 16 0.821962 13 16 0.821962 10900
    452 13 16 0.831993 13 16 0.831993 10900
    453 13 16 0.842040 13 16 0.842040 10900
    454 13 16 0.852034 13 16 0.852034 10900
    455 13 16 0.861959 13 16 0.861959 10900
    456 13 16 0.871937 13 16 0.871937 10900
    457 13 16 0.882034 13 16 0.882034 10900
    458 13 16 0.892016 13 16 0.892016 10900
    459 13 16 0.901956 13 16 0.901956 10900
    460 13 16 0.911957 13 16 0.911957 10900
    461 13 16 0.921957 13 16 0.921957 10900
    462 13 16 0.931923 13 16 0.931923 10900
    463 13 16 0.941964 13 16 0.941964 10900
    464 13 16 0.951954 13 16 0.951954 10900
    465 13 16 0.962206 13 16 0.962206 10900
    466 13 16 0.971974 13 16 0.971974 10900
    467 13 16 0.981960 13 16 0.981960 10900
    468 13 16 0.991955 13 16 0.991955 10900
    469 13 16 1.001956 13 16 1.001956 10900
    470 13 16 1.011954 13 16 1.011954 10900
    471 13 16 1.022377 13 16 1.022377 10900
    472 13 16 1.031959 13 16 1.031959 10900
    473 13 16 1.041957 13 16 1.041957 10900
    474 13 16 1.051956 13 16 1.051956 10900
    475 13 16 1.061955 13 16 1.061955 10900
    476 13 16 1.071970 13 16 1.071970 10900
    477 13 16 1.081941 13 16 1.081941 10900
    478 13 16 1.091938 13 16 1.091938 10900
    479 13 16 1.101958 13 16 1.101958 10900
    480 13 16 1.111938 13 16 1.111938 10900
    481 13 16 1.122049 13 16 1.122049 10900
    482 13 16 1.131949 13 16 1.131949 10900
    483 13 16 1.141955 13 16 1.141955 10900
    484 13 16 1.152022 13 16 1.152022 10900
    485 13 16 1.161956 13 16 1.161956 10900
    486 13 16 1.171956 13 16 1.171956 10900
    487 13 16 1.181956 13 16 1.181956 10900
    488 13 16 1.191961 13 16 1.191961 10900
    489 13 16 1.201956 13 16 1.201956 10900
    490 13 16 1.211951 13 16 1.211951 10900
    491 13 16 1.221953 13 16 1.221953 10900
    492 13 16 1.231951 13 16 1.231951 10900
    493 13 16 1.241953 13 16 1.241953 10900
    494 13 16 1.251952 13 16 1.251952 10900
    495 13 16 1.261954 13 16 1.261954 10900
    496 13 16 1.271952 13 16 1.271952 10900
    497 13 16 1.281953 13 16 1.281953 10900
    498 13 16 1.291954 13 16 1.291954 10900
    499 13 16 1.301953 13 16 1.301953 10900
    500 13 16 1.311952 13 16 1.311952 10900
    501 13 16 1.321955 13 16 1.321955 10900
    502 13 16 1.331955 13 16 1.331955 10900
    503 13 16 1.341960 13 16 1.341960 10900
    504 13 16 1.351955 13 16 1.351955 10900
    505 13 16 1.361955 13 16 1.361955 10900
    506 13 16 1.371923 13 16 1.371923 10900
    507 13 16 1.381969 13 16 1.381969 10900
    508 13 16 1.391953 13 16 1.391953 10900
    509 13 16 1.401942 13 16 1.401942 10900
    510 13 16 1.411942 13 16 1.411942 10900
    511 13 16 1.421942 13 16 1.421942 10900
    512 13 16 1.431940 13 16 1.431940 10900
    513 13 16 1.441945 13 16 1.441945 10900
    514 13 16 1.451940 13 16 1.451940 10900
    515 13 16 1.461953 13 16 1.461953 10900
    516 13 16 1.471956 13 16 1.471956 10900
    517 13 16 1.481953 13 16 1.481953 10900
    518 13 16 1.491956 13 16 1.491956 10900
    519 13 16 1.501954 13 16 1.501954 10900
    520 13 16 1.511970 13 16 1.511970 10900
    521 13 16 1.521952 13 16 1.521952 10900
    522 13 16 1.531954 13 16 1.531954 10900
    523 13 16 1.541952 13 16 1.541952 10900
    524 13 16 1.551956 13 16 1.551956 10900
    525 13 16 1.561954 13 16 1.561954 10900
    526 13 16 1.571955 13 16 1.571955 10900
    527 13 16 1.581949 13 16 1.581949 10900
    528 13 16 1.591969 13 16 1.591969 10900
    529 13 16 1.601980 13 16 1.601980 10900
    530 13 16 1.611955 13 16 1.611955 10900
    531 13 16 1.621990 13 16 1.621990 10900
    532 13 16 1.631953 13 16 1.631953 10900
    533 13 16 1.641954 13 16 1.641954 10900
    534 13 16 1.651952 13 16 1.651952 10900
    535 13 16 1.662081 13 16 1.662081 10900
    536 13 16 1.671956 13 16 1.671956 10900
    537 13 16 1.682035 13 16 1.682035 10900
    538 13 16 1.691954 13 16 1.691954 10900
    539 13 16 1.701954 13 16 1.701954 10900
    540 13 16 1.711951 13 16 1.711951 10900
    541 13 16 1.721953 13 16 1.721953 10900
    542 13 16 1.731951 13 16 1.731951 10900
    543 13 16 1.741953 13 16 1.741953 10900
    544 13 16 1.752048 13 16 1.752048 10900
    545 13 16 1.761971 13 16 1.761971 10900
    546 13 16 1.771984 13 16 1.771984 10900
    547 13 16 1.781955 13 16 1.781955 10900
    548 13 16 1.791952 13 16 1.791952 10900
    549 13 16 1.801971 13 16 1.801971 10900
    550 13 16 1.811963 13 16 1.811963 10900
    551 13 16 1.822020 13 16 1.822020 10900
    552 13 16 1.831976 13 16 1.831976 10900
    553 13 16 1.841893 13 16 1.841893 10900
    554 13 16 1.851960 13 16 1.851960 10900
    555 13 16 1.861942 13 16 1.861942 10900
    556 13 16 1.871961 13 16 1.871961 10900
    557 13 16 1.881977 13 16 1.881977 10900
    558 13 16 1.891953 13 16 1.891953 10900
    559 13 16 1.902022 13 16 1.902022 10900
    560 13 16 1.911945 13 16 1.911945 10900
    561 13 16 1.921975 13 16 1.921975 10900
    562 13 16 1.931956 13 16 1.931956 10900
    563 13 16 1.941940 13 16 1.941940 10900
    564 13 16 1.951957 13 16 1.951957 10900
    565 13 16 1.961940 13 16 1.961940 10900
    566 13 16 1.972045 13 16 1.972045 10900
    567 13 16 1.981958 13 16 1.981958 10900
    568 13 16 1.991935 13 16 1.991935 10900
    569 13 16 2.001952 13 16 2.001952 10900
    570 13 16 2.011953 13 16 2.011953 10900
    571 13 16 2.021952 13 16 2.021952 10900
    572 13 16 2.031954 13 16 2.031954 10900
    573 13 16 2.041955 13 16 2.041955 10900
    574 13 16 2.051952 13 16 2.051952 10900
    575 13 16 2.061952 13 16 2.061952 10900
    576 13 16 2.071952 13 16 2.071952 10900
    577 13 16 2.081954 13 16 2.081954 10900
    578 13 16 2.091962 13 16 2.091962 10900
    579 13 16 2.101976 13 16 2.101976 10900
    580 13 16 2.112051 13 16 2.112051 10900
    581 13 16 2.121964 13 16 2.121964 10900
    582 13 16 2.131955 13 16 2.131955 10900
    583 13 16 2.141954 13 16 2.141954 10900
    584 13 16 2.151952 13 16 2.151952 10900
    585 13 16 2.161964 13 16 2.161964 10900
    586 13 16 2.171965 13 16 2.171965 10900
    587 13 16 2.181956 13 16 2.181956 10900
    588 13 16 2.191939 13 16 2.191939 10900
    589 13 16 2.201944 13 16 2.201944 10900
    590 13 16 2.211952 13 16 2.211952 10900
    591 13 16 2.221953 13 16 2.221953 10900
    592 13 16 2.231952 13 16 2.231952 10900
    593 13 16 2.241951 13 16 2.241951 10900
    594 13 16 2.251952 13 16 2.251952 10900
    595 13 16 2.261956 13 16 2.261956 10900
    596 13 16 2.271952 13 16 2.271952 10900
    597 13 16 2.281953 13 16 2.281953 10900
    598 13 16 2.291952 13 16 2.291952 10900
    599 13 16 2.301953 13 16 2.301953 10900
    600 13 16 2.311939 13 16 2.311939 10900
    601 13 16 2.321959 13 16 2.321959 10900
    602 13 16 2.331955 13 16 2.331955 10900
    603 13 16 2.341934 13 16 2.341934 10900
    604 13 16 2.351964 13 16 2.351964 10900
    605 13 16 2.361955 13 16 2.361955 10900
    606 13 16 2.371897 13 16 2.371897 10900
    607 13 16 2.381949 13 16 2.381949 10900
    608 13 16 2.391953 13 16 2.391953 10900
    609 13 16 2.401946 13 16 2.401946 10900
    610 13 16 2.411951 13 16 2.411951 10900
    611 13 16 2.421953 13 16 2.421953 10900
    612 13 16 2.431950 13 16 2.431950 10900
    613 13 16 2.441952 13 16 2.441952 10900
    614 13 16 2.451951 13 16 2.451951 10900
    615 13 16 2.461940 13 16 2.461940 10900
    616 13 16 2.471953 13 16 2.471953 10900
    617 13 16 2.481954 13 16 2.481954 10900
    618 13 16 2.491953 13 16 2.491953 10900
    619 13 16 2.501952 13 16 2.501952 10900
    620 13 16 2.511950 13 16 2.511950 10900
    621 13 16 2.521952 13 16 2.521952 10900
    622 13 16 2.531953 13 16 2.531953 10900
    623 13 16 2.541952 13 16 2.541952 10900
    624 13 16 2.551953 13 16 2.551953 10900
    625 13 16 2.561951 13 16 2.561951 10900
    626 13 16 2.571950 13 16 2.571950 10900
    627 13 16 2.581954 13 16 2.581954 10900
    628 13 16 2.591953 13 16 2.591953 10900
    629 13 16 2.601966 13 16 2.601966 10900
    630 13 16 2.611964 13 16 2.611964 10900
    631 13 16 2.621964 13 16 2.621964 10900
    632 13 16 2.631959 13 16 2.631959 10900
    633 13 16 2.641957 13 16 2.641957 10900
    634 13 16 2.651962 13 16 2.651962 10900
    635 13 16 2.661964 13 16 2.661964 10900
    636 13 16 2.671986 13 16 2.671986 10900
    637 13 16 2.681970 13 16 2.681970 10900
    638 13 16 2.692019 13 16 2.692019 10900
    639 13 16 2.701966 13 16 2.701966 10900
    640 13 16 2.711977 13 16 2.711977 10900
    641 13 16 2.721968 13 16 2.721968 10900
    642 13 16 2.731981 13 16 2.731981 10900
    643 13 16 2.741968 13 16 2.741968 10900
    644 13 16 2.751968 13 16 2.751968 10900
    645 13 16 2.761978 13 16 2.761978 10900
    646 13 16 2.771963 13 16 2.771963 10900
    647 13 16 2.781966 13 16 2.781966 10900
    648 13 16 2.791958 13 16 2.791958 10900
    649 13 16 2.801966 13 16 2.801966 10900
    650 13 16 2.811968 13 16 2.811968 10900
    651 13 16 2.821956 13 16 2.821956 10900
    652 13 16 2.831999 13 16 2.831999 10900
    653 13 16 2.841955 13 16 2.841955 10900
    654 13 16 2.851985 13 16 2.851985 10900
    655 13 16 2.861955 13 16 2.861955 10900
    656 13 16 2.871954 13 16 2.871954 10900
    657 13 16 2.881956 13 16 2.881956 10900
    658 13 16 2.891954 13 16 2.891954 10900
    659 13 16 2.901950 13 16 2.901950 10900
    660 13 16 2.911954 13 16 2.911954 10900
    661 13 16 2.921953 13 16 2.921953 10900
    662 13 16 2.931979 13 16 2.931979 10900
    663 13 16 2.941954 13 16 2.941954 10900
    664 13 16 2.952002 13 16 2.952002 10900
    665 13 16 2.961939 13 16 2.961939 10900
    666 13 16 2.971951 13 16 2.971951 10900
    667 13 16 2.981958 13 16 2.981958 10900
    668 13 16 2.991957 13 16 2.991957 10900
    669 13 16 3.001955 13 16 3.001955 10900
    670 13 16 3.012056 13 16 3.012056 10900
    671 13 16 3.021955 13 16 3.021955 10900
    672 13 16 3.031954 13 16 3.031954 10900
    673 13 16 3.041954 13 16 3.041954 10900
    674 13 16 3.051960 13 16 3.051960 10900
    675 13 16 3.061954 13 16 3.061954 10900
    676 13 16 3.071952 13 16 3.071952 10900
    677 13 16 3.081952 13 16 3.081952 10900
    678 13 16 3.091952 13 16 3.091952 10900
    679 13 16 3.101954 13 16 3.101954 10900
    680 13 16 3.111953 13 16 3.111953 10900
    681 13 16 3.121952 13 16 3.121952 10900
    682 13 16 3.131956 13 16 3.131956 10900
    683 13 16 3.141985 13 16 3.141985 10900
    684 13 16 3.151961 13 16 3.151961 10900
    685 13 16 3.161957 13 16 3.161957 10900
    686 13 16 3.171953 13 16 3.171953 10900
    687 13 16 3.181961 13 16 3.181961 10900
    688 13 16 3.191952 13 16 3.191952 10900
    689 13 16 3.201953 13 16 3.201953 10900
    690 13 16 3.211952 13 16 3.211952 10900
    691 13 16 3.221954 13 16 3.221954 10900
    692 13 16 3.231952 13 16 3.231952 10900
    693 13 16 3.241951 13 16 3.241951 10900
    694 13 16 3.251954 13 16 3.251954 10900
    695 13 16 3.261951 13 16 3.261951 10900
    696 13 16 3.271962 13 16 3.271962 10900
    697 13 16 3.281953 13 16 3.281953 10900
    698 13 16 3.291963 13 16 3.291963 10900
    699 13 16 3.301953 13 16 3.301953 10900
    700 13 16 3.311951 13 16 3.311951 10900
    701 13 16 3.321953 13 16 3.321953 10900
    702 13 16 3.331948 13 16 3.331948 10900
    703 13 16 3.341958 13 16 3.341958 10900
    704 13 16 3.351961 13 16 3.351961 10900
    705 13 16 3.361940 13 16 3.361940 10900
    706 13 16 3.371919 13 16 3.371919 10900
    707 13 16 3.381974 13 16 3.381974 10900
    708 13 16 3.391953 13 16 3.391953 10900
    709 13 16 3.401956 13 16 3.401956 10900
    710 13 16 3.411954 13 16 3.411954 10900
    711 13 16 3.421962 13 16 3.421962 10900
    712 13 16 3.431938 13 16 3.431938 10900
    713 13 16 3.441949 13 16 3.441949 10900
    714 13 16 3.451989 13 16 3.451989 10900
    715 13 16 3.461939 13 16 3.461939 10900
    716 13 16 3.472043 13 16 3.472043 10900
    717 13 16 3.481954 13 16 3.481954 10900
    718 13 16 3.491951 13 16 3.491951 10900
    719 13 16 3.501952 13 16 3.501952 10900
    720 13 16 3.511954 13 16 3.511954 10900
    721 13 16 3.521952 13 16 3.521952 10900
    722 13 16 3.531953 13 16 3.531953 10900
    723 13 16 3.541952 13 16 3.541952 10900
    724 13 16 3.551952 13 16 3.551952 10900
    725 13 16 3.561951 13 16 3.561951 10900
    726 13 16 3.571957 13 16 3.571957 10900
    727 13 16 3.581955 13 16 3.581955 10900
    728 13 16 3.591955 13 16 3.591955 10900
    729 13 16 3.601951 13 16 3.601951 10900
    730 13 16 3.611952 13 16 3.611952 10900
    731 13 16 3.621953 13 16 3.621953 10900
    732 13 16 3.631953 13 16 3.631953 10900
    733 13 16 3.641954 13 16 3.641954 10900
    734 13 16 3.651955 13 16 3.651955 10900
    735 13 16 3.661964 13 16 3.661964 10900
    736 13 16 3.671953 13 16 3.671953 10900
    737 13 16 3.681954 13 16 3.681954 10900
    738 13 16 3.691956 13 16 3.691956 10900
    739 13 16 3.701957 13 16 3.701957 10900
    740 13 16 3.712008 13 16 3.712008 10900
    741 13 16 3.721975 13 16 3.721975 10900
    742 13 16 3.731955 13 16 3.731955 10900
    743 13 16 3.741952 13 16 3.741952 10900
    744 13 16 3.751952 13 16 3.751952 10900
    745 13 16 3.761950 13 16 3.761950 10900
    746 13 16 3.772002 13 16 3.772002 10900
    747 13 16 3.781956 13 16 3.781956 10900
    748 13 16 3.791955 13 16 3.791955 10900
    749 13 16 3.801956 13 16 3.801956 10900
    750 13 16 3.811960 13 16 3.811960 10900
    751 13 16 3.821963 13 16 3.821963 10900
    752 13 16 3.831957 13 16 3.831957 10900
    753 13 16 3.842012 13 16 3.842012 10900
    754 13 16 3.851967 13 16 3.851967 10900
    755 13 16 3.861955 13 16 3.861955 10900
    756 13 16 3.871964 13 16 3.871964 10900
    757 13 16 3.881991 13 16 3.881991 10900
    758 13 16 3.891953 13 16 3.891953 10900
    759 13 16 3.901988 13 16 3.901988 10900
    760 13 16 3.911951 13 16 3.911951 10900
    761 13 16 3.921953 13 16 3.921953 10900
    762 13 16 3.931951 13 16 3.931951 10900
    763 13 16 3.941955 13 16 3.941955 10900
    764 13 16 3.951951 13 16 3.951951 10900
    765 13 16 3.961942 13 16 3.961942 10900
    766 13 16 3.971944 13 16 3.971944 10900
    767 13 16 3.981964 13 16 3.981964 10900
    768 13 16 3.991944 13 16 3.991944 10900
    769 13 16 4.001942 13 16 4.001942 10900
    770 13 16 4.011942 13 16 4.011942 10900
    771 13 16 4.021958 13 16 4.021958 10900
    772 13 16 4.031953 13 16 4.031953 10900
    773 13 16 4.041953 13 16 4.041953 10900
    774 13 16 4.051952 13 16 4.051952 10900
    775 13 16 4.061956 13 16 4.061956 10900
    776 13 16 4.071951 13 16 4.071951 10900
    777 13 16 4.081954 13 16 4.081954 10900
    778 13 16 4.091955 13 16 4.091955 10900
    779 13 16 4.101951 13 16 4.101951 10900
    780 13 16 4.111951 13 16 4.111951 10900
    781 13 16 4.121953 13 16 4.121953 10900
    782 13 16 4.131953 13 16 4.131953 10900
    783 13 16 4.141953 13 16 4.141953 10900
    784 13 16 4.151953 13 16 4.151953 10900
    785 13 16 4.161956 13 16 4.161956 10900
    786 13 16 4.171956 13 16 4.171956 10900
    787 13 16 4.181975 13 16 4.181975 10900
    788 13 16 4.191951 13 16 4.191951 10900
    789 13 16 4.201952 13 16 4.201952 10900
    790 13 16 4.211951 13 16 4.211951 10900
    791 13 16 4.221953 13 16 4.221953 10900
    792 13 16 4.231951 13 16 4.231951 10900
    793 13 16 4.241940 13 16 4.241940 10900
    794 13 16 4.251954 13 16 4.251954 10900
    795 13 16 4.261941 13 16 4.261941 10900
    796 13 16 4.271980 13 16 4.271980 10900
    797 13 16 4.281953 13 16 4.281953 10900
    798 13 16 4.291952 13 16 4.291952 10900
    799 13 16 4.301952 13 16 4.301952 10900
    800 13 16 4.311951 13 16 4.311951 10900
    801 13 16 4.322904 13 16 4.322904 10900
    802 13 16 4.331957 13 16 4.331957 10900
    803 13 16 4.341959 13 16 4.341959 10900
    804 13 16 4.351956 13 16 4.351956 10900
    805 13 16 4.361894 13 16 4.361894 10900
    806 13 16 4.371925 13 16 4.371925 10900
    807 13 16 4.381987 13 16 4.381987 10900
    808 13 16 4.391953 13 16 4.391953 10900
    809 13 16 4.401952 13 16 4.401952 10900
    810 13 16 4.411953 13 16 4.411953 10900
    811 13 16 4.421954 13 16 4.421954 10900
    812 13 16 4.431950 13 16 4.431950 10900
    813 13 16 4.441951 13 16 4.441951 10900
    814 13 16 4.451952 13 16 4.451952 10900
    815 13 16 4.461953 13 16 4.461953 10900
    816 13 16 4.471953 13 16 4.471953 10900
    817 13 16 4.481951 13 16 4.481951 10900
    818 13 16 4.491951 13 16 4.491951 10900
    819 13 16 4.501955 13 16 4.501955 10900
    820 13 16 4.511953 13 16 4.511953 10900
    821 13 16 4.521954 13 16 4.521954 10900
    822 13 16 4.531971 13 16 4.531971 10900
    823 13 16 4.541952 13 16 4.541952 10900
    824 13 16 4.551952 13 16 4.551952 10900
    825 13 16 4.561954 13 16 4.561954 10900
    826 13 16 4.571958 13 16 4.571958 10900
    827 13 16 4.581957 13 16 4.581957 10900
    828 13 16 4.591953 13 16 4.591953 10900
    829 13 16 4.601951 13 16 4.601951 10900
    830 13 16 4.612013 13 16 4.612013 10900
    831 13 16 4.621953 13 16 4.621953 10900
    832 13 16 4.631952 13 16 4.631952 10900
    833 13 16 4.641953 13 16 4.641953 10900
    834 13 16 4.651959 13 16 4.651959 10900
    835 13 16 4.661997 13 16 4.661997 10900
    836 13 16 4.671981 13 16 4.671981 10900
    837 13 16 4.681956 13 16 4.681956 10900
    838 13 16 4.691986 13 16 4.691986 10900
    839 13 16 4.701957 13 16 4.701957 10900
    840 13 16 4.711967 13 16 4.711967 10900
    841 13 16 4.721968 13 16 4.721968 10900
    842 13 16 4.731965 13 16 4.731965 10900
    843 13 16 4.741962 13 16 4.741962 10900
    844 13 16 4.751977 13 16 4.751977 10900
    845 13 16 4.761979 13 16 4.761979 10900
    846 13 16 4.771977 13 16 4.771977 10900
    847 13 16 4.782000 13 16 4.782000 10900
    848 13 16 4.791973 13 16 4.791973 10900
    849 13 16 4.801980 13 16 4.801980 10900
    850 13 16 4.812034 13 16 4.812034 10900
    851 13 16 4.821976 13 16 4.821976 10900
    852 13 16 4.832162 13 16 4.832162 10900
    853 13 16 4.841923 13 16 4.841923 10900
    854 13 16 4.851956 13 16 4.851956 10900
    855 13 16 4.861956 13 16 4.861956 10900
    856 13 16 4.872002 13 16 4.872002 10900
    857 13 16 4.881956 13 16 4.881956 10900
    858 13 16 4.891955 13 16 4.891955 10900
    859 13 16 4.901953 13 16 4.901953 10900
    860 13 16 4.911953 13 16 4.911953 10900
    861 13 16 4.921954 13 16 4.921954 10900
    862 13 16 4.931941 13 16 4.931941 10900
    863 13 16 4.942008 13 16 4.942008 10900
    864 13 16 4.951963 13 16 4.951963 10900
    865 13 16 4.961945 13 16 4.961945 10900
    866 13 16 4.971937 13 16 4.971937 10900
    867 13 16 4.981989 13 16 4.981989 10900
    868 13 16 4.991965 13 16 4.991965 10900
    869 13 16 5.001954 13 16 5.001954 10900
    870 13 16 5.011951 13 16 5.011951 10900
    871 13 16 5.021952 13 16 5.021952 10900
    872 13 16 5.031952 13 16 5.031952 10900
    873 13 16 5.041953 13 16 5.041953 10900
    874 13 16 5.051950 13 16 5.051950 10900
    875 13 16 5.061952 13 16 5.061952 10900
    876 13 16 5.071951 13 16 5.071951 10900
    877 13 16 5.081953 13 16 5.081953 10900
    878 13 16 5.091950 13 16 5.091950 10900
    879 13 16 5.101995 13 16 5.101995 10900
    880 13 16 5.111974 13 16 5.111974 10900
    881 13 16 5.121947 13 16 5.121947 10900
    882 13 16 5.131977 13 16 5.131977 10900
    883 13 16 5.141960 13 16 5.141960 10900
    884 13 16 5.151959 13 16 5.151959 10900
    885 13 16 5.161964 13 16 5.161964 10900
    886 13 16 5.171961 13 16 5.171961 10900
    887 13 16 5.181970 13 16 5.181970 10900
    888 13 16 5.191953 13 16 5.191953 10900
    889 13 16 5.201978 13 16 5.201978 10900
    890 13 16 5.211956 13 16 5.211956 10900
    891 13 16 5.221955 13 16 5.221955 10900
    892 13 16 5.231951 13 16 5.231951 10900
    893 13 16 5.241954 13 16 5.241954 10900
    894 13 16 5.251953 13 16 5.251953 10900
    895 13 16 5.261954 13 16 5.261954 10900
    896 13 16 5.271973 13 16 5.271973 10900
    897 13 16 5.281953 13 16 5.281953 10900
    898 13 16 5.291953 13 16 5.291953 10900
    899 13 16 5.301955 13 16 5.301955 10900
    900 13 16 5.311952 13 16 5.311952 10900
    901 13 16 5.321964 13 16 5.321964 10900
    902 13 16 5.331957 13 16 5.331957 10900
    903 13 16 5.341962 13 16 5.341962 10900
    904 13 16 5.351956 13 16 5.351956 10900
    905 13 16 5.361956 13 16 5.361956 10900
    906 13 16 5.371961 13 16 5.371961 10900
    907 13 16 5.381962 13 16 5.381962 10900
    908 13 16 5.391954 13 16 5.391954 10900
    909 13 16 5.401944 13 16 5.401944 10900
    910 13 16 5.411954 13 16 5.411954 10900
    911 13 16 5.421979 13 16 5.421979 10900
    912 13 16 5.431955 13 16 5.431955 10900
    913 13 16 5.441959 13 16 5.441959 10900
    914 13 16 5.451977 13 16 5.451977 10900
    915 13 16 5.461966 13 16 5.461966 10900
    916 13 16 5.472357 13 16 5.472357 10900
    917 13 16 5.481963 13 16 5.481963 10900
    918 13 16 5.491952 13 16 5.491952 10900
    919 13 16 5.501957 13 16 5.501957 10900
    920 13 16 5.511953 13 16 5.511953 10900
    921 13 16 5.521964 13 16 5.521964 10900
    922 13 16 5.531958 13 16 5.531958 10900
    923 13 16 5.541967 13 16 5.541967 10900
    924 13 16 5.551955 13 16 5.551955 10900
    925 13 16 5.561957 13 16 5.561957 10900
    926 13 16 5.571985 13 16 5.571985 10900
    927 13 16 5.581969 13 16 5.581969 10900
    928 13 16 5.591965 13 16 5.591965 10900
    929 13 16 5.601987 13 16 5.601987 10900
    930 13 16 5.611958 13 16 5.611958 10900
    931 13 16 5.621991 13 16 5.621991 10900
    932 13 16 5.631969 13 16 5.631969 10900
    933 13 16 5.641957 13 16 5.641957 10900
    934 13 16 5.651952 13 16 5.651952 10900
    935 13 16 5.661958 13 16 5.661958 10900
    936 13 16 5.671952 13 16 5.671952 10900
    937 13 16 5.681953 13 16 5.681953 10900
    938 13 16 5.691955 13 16 5.691955 10900
    939 13 16 5.702016 13 16 5.702016 10900
    940 13 16 5.711973 13 16 5.711973 10900
    941 13 16 5.722051 13 16 5.722051 10900
    942 13 16 5.731962 13 16 5.731962 10900
    943 13 16 5.741958 13 16 5.741958 10900
    944 13 16 5.752055 13 16 5.752055 10900
    945 13 16 5.761972 13 16 5.761972 10900
    946 13 16 5.771965 13 16 5.771965 10900
    947 13 16 5.781962 13 16 5.781962 10900
    948 13 16 5.791954 13 16 5.791954 10900
    949 13 16 5.802025 13 16 5.802025 10900
    950 13 16 5.811955 13 16 5.811955 10900
    951 13 16 5.821981 13 16 5.821981 10900
    952 13 16 5.832028 13 16 5.832028 10900
    953 13 16 5.841963 13 16 5.841963 10900
    954 13 16 5.851958 13 16 5.851958 10900
    955 13 16 5.861957 13 16 5.861957 10900
    956 13 16 5.871933 13 16 5.871933 10900
    957 13 16 5.881977 13 16 5.881977 10900
    958 13 16 5.891951 13 16 5.891951 10900
    959 13 16 5.901951 13 16 5.901951 10900
    960 13 16 5.911954 13 16 5.911954 10900
    961 13 16 5.921954 13 16 5.921954 10900
    962 13 16 5.931953 13 16 5.931953 10900
    963 13 16 5.941964 13 16 5.941964 10900
    964 13 16 5.951956 13 16 5.951956 10900
    965 13 16 5.961954 13 16 5.961954 10900
    966 13 16 5.971944 13 16 5.971944 10900
    967 13 16 5.981956 13 16 5.981956 10900
    968 13 16 5.991978 13 16 5.991978 10900
    969 13 16 6.001959 13 16 6.001959 10900
    970 13 16 6.011980 13 16 6.011980 10900
    971 13 16 6.021956 13 16 6.021956 10900
    972 13 16 6.031981 13 16 6.031981 10900
    973 13 16 6.041959 13 16 6.041959 10900
    974 13 16 6.051950 13 16 6.051950 10900
    975 13 16 6.061956 13 16 6.061956 10900
    976 13 16 6.071953 13 16 6.071953 10900
    977 13 16 6.081954 13 16 6.081954 10900
    978 13 16 6.091953 13 16 6.091953 10900
    979 13 16 6.101954 13 16 6.101954 10900
    980 13 16 6.112032 13 16 6.112032 10900
    981 13 16 6.121984 13 16 6.121984 10900
    982 13 16 6.131987 13 16 6.131987 10900
    983 13 16 6.142000 13 16 6.142000 10900
    984 13 16 6.151996 13 16 6.151996 10900
    985 13 16 6.162073 13 16 6.162073 10900
    986 13 16 6.171992 13 16 6.171992 10900
    987 13 16 6.182004 13 16 6.182004 10900
    988 13 16 6.191958 13 16 6.191958 10900
    989 13 16 6.201967 13 16 6.201967 10900
    990 13 16 6.211964 13 16 6.211964 10900
    991 13 16 6.221985 13 16 6.221985 10900
    992 13 16 6.231967 13 16 6.231967 10900
    993 13 16 6.241965 13 16 6.241965 10900
    994 13 16 6.251965 13 16 6.251965 10900
    995 13 16 6.261961 13 16 6.261961 10900
    996 13 16 6.271976 13 16 6.271976 10900
    997 13 16 6.281966 13 16 6.281966 10900
    998 13 16 6.291967 13 16 6.291967 10900
    999 13 16 6.301974 13 16 6.301974 10900
   1000 13 16 6.311968 13 16 6.311968 10900
