      1 13 16 56.997821 13 16 56.997821 11400
      2 13 16 57.007986 13 16 57.007986 11400
      3 13 16 57.017893 13 16 57.017893 11400
      4 13 16 57.027934 13 16 57.027934 11400
      5 13 16 57.037922 13 16 57.037922 11400
      6 13 16 57.047922 13 16 57.047922 11400
      7 13 16 57.057923 13 16 57.057923 11400
      8 13 16 57.067920 13 16 57.067920 11400
      9 13 16 57.077921 13 16 57.077921 11400
     10 13 16 57.087927 13 16 57.087927 11400
     11 13 16 57.098104 13 16 57.098104 11400
     12 13 16 57.107942 13 16 57.107942 11400
     13 13 16 57.117944 13 16 57.117944 11400
     14 13 16 57.127932 13 16 57.127932 11400
     15 13 16 57.137939 13 16 57.137939 11400
     16 13 16 57.147920 13 16 57.147920 11400
     17 13 16 57.157994 13 16 57.157994 11400
     18 13 16 57.167943 13 16 57.167943 11400
     19 13 16 57.177926 13 16 57.177926 11400
     20 13 16 57.187921 13 16 57.187921 11400
     21 13 16 57.197997 13 16 57.197997 11400
     22 13 16 57.207996 13 16 57.207996 11400
     23 13 16 57.217950 13 16 57.217950 11400
     24 13 16 57.227921 13 16 57.227921 11400
     25 13 16 57.237921 13 16 57.237921 11400
     26 13 16 57.247923 13 16 57.247923 11400
     27 13 16 57.257911 13 16 57.257911 11400
     28 13 16 57.267955 13 16 57.267955 11400
     29 13 16 57.277994 13 16 57.277994 11400
     30 13 16 57.287922 13 16 57.287922 11400
     31 13 16 57.297927 13 16 57.297927 11400
     32 13 16 57.307982 13 16 57.307982 11400
     33 13 16 57.317922 13 16 57.317922 11400
     34 13 16 57.327919 13 16 57.327919 11400
     35 13 16 57.337919 13 16 57.337919 11400
     36 13 16 57.347921 13 16 57.347921 11400
     37 13 16 57.357993 13 16 57.357993 11400
     38 13 16 57.367922 13 16 57.367922 11400
     39 13 16 57.377924 13 16 57.377924 11400
     40 13 16 57.387917 13 16 57.387917 11400
     41 13 16 57.397944 13 16 57.397944 11400
     42 13 16 57.408006 13 16 57.408006 11400
     43 13 16 57.417923 13 16 57.417923 11400
     44 13 16 57.427919 13 16 57.427919 11400
     45 13 16 57.437922 13 16 57.437922 11400
     46 13 16 57.447926 13 16 57.447926 11400
     47 13 16 57.457922 13 16 57.457922 11400
     48 13 16 57.467919 13 16 57.467919 11400
     49 13 16 57.477921 13 16 57.477921 11400
     50 13 16 57.487920 13 16 57.487920 11400
     51 13 16 57.497987 13 16 57.497987 11400
     52 13 16 57.507942 13 16 57.507942 11400
     53 13 16 57.517924 13 16 57.517924 11400
     54 13 16 57.527925 13 16 57.527925 11400
     55 13 16 57.537897 13 16 57.537897 11400
     56 13 16 57.547922 13 16 57.547922 11400
     57 13 16 57.557934 13 16 57.557934 11400
     58 13 16 57.567925 13 16 57.567925 11400
     59 13 16 57.577944 13 16 57.577944 11400
     60 13 16 57.587944 13 16 57.587944 11400
     61 13 16 57.597909 13 16 57.597909 11400
     62 13 16 57.607934 13 16 57.607934 11400
     63 13 16 57.617927 13 16 57.617927 11400
     64 13 16 57.627923 13 16 57.627923 11400
     65 13 16 57.637940 13 16 57.637940 11400
     66 13 16 57.647920 13 16 57.647920 11400
     67 13 16 57.657930 13 16 57.657930 11400
     68 13 16 57.667932 13 16 57.667932 11400
     69 13 16 57.677942 13 16 57.677942 11400
     70 13 16 57.687910 13 16 57.687910 11400
     71 13 16 57.697935 13 16 57.697935 11400
     72 13 16 57.707929 13 16 57.707929 11400
     73 13 16 57.717919 13 16 57.717919 11400
     74 13 16 57.728070 13 16 57.728070 11400
     75 13 16 57.737943 13 16 57.737943 11400
     76 13 16 57.747884 13 16 57.747884 11400
     77 13 16 57.757933 13 16 57.757933 11400
     78 13 16 57.767907 13 16 57.767907 11400
     79 13 16 57.777965 13 16 57.777965 11400
     80 13 16 57.787925 13 16 57.787925 11400
     81 13 16 57.797913 13 16 57.797913 11400
     82 13 16 57.807921 13 16 57.807921 11400
     83 13 16 57.817922 13 16 57.817922 11400
     84 13 16 57.827941 13 16 57.827941 11400
     85 13 16 57.837924 13 16 57.837924 11400
     86 13 16 57.847925 13 16 57.847925 11400
     87 13 16 57.857925 13 16 57.857925 11400
     88 13 16 57.867925 13 16 57.867925 11400
     89 13 16 57.877927 13 16 57.877927 11400
     90 13 16 57.887923 13 16 57.887923 11400
     91 13 16 57.897922 13 16 57.897922 11400
     92 13 16 57.907955 13 16 57.907955 11400
     93 13 16 57.917923 13 16 57.917923 11400
     94 13 16 57.927925 13 16 57.927925 11400
     95 13 16 57.937956 13 16 57.937956 11400
     96 13 16 57.947927 13 16 57.947927 11400
     97 13 16 57.957949 13 16 57.957949 11400
     98 13 16 57.967925 13 16 57.967925 11400
     99 13 16 57.977944 13 16 57.977944 11400
    100 13 16 57.987923 13 16 57.987923 11400
    101 13 16 57.997945 13 16 57.997945 11400
    102 13 16 58.007930 13 16 58.007930 11400
    103 13 16 58.017937 13 16 58.017937 11400
    104 13 16 58.027963 13 16 58.027963 11400
    105 13 16 58.038015 13 16 58.038015 11400
    106 13 16 58.047929 13 16 58.047929 11400
    107 13 16 58.057929 13 16 58.057929 11400
    108 13 16 58.067942 13 16 58.067942 11400
    109 13 16 58.077930 13 16 58.077930 11400
    110 13 16 58.087924 13 16 58.087924 11400
    111 13 16 58.097928 13 16 58.097928 11400
    112 13 16 58.107925 13 16 58.107925 11400
    113 13 16 58.117925 13 16 58.117925 11400
    114 13 16 58.127982 13 16 58.127982 11400
    115 13 16 58.137922 13 16 58.137922 11400
    116 13 16 58.147922 13 16 58.147922 11400
    117 13 16 58.157921 13 16 58.157921 11400
    118 13 16 58.167918 13 16 58.167918 11400
    119 13 16 58.177934 13 16 58.177934 11400
    120 13 16 58.187984 13 16 58.187984 11400
    121 13 16 58.197923 13 16 58.197923 11400
    122 13 16 58.207937 13 16 58.207937 11400
    123 13 16 58.217922 13 16 58.217922 11400
    124 13 16 58.227919 13 16 58.227919 11400
    125 13 16 58.237921 13 16 58.237921 11400
    126 13 16 58.247920 13 16 58.247920 11400
    127 13 16 58.257921 13 16 58.257921 11400
    128 13 16 58.267983 13 16 58.267983 11400
    129 13 16 58.278024 13 16 58.278024 11400
    130 13 16 58.287922 13 16 58.287922 11400
    131 13 16 58.297919 13 16 58.297919 11400
    132 13 16 58.307924 13 16 58.307924 11400
    133 13 16 58.317922 13 16 58.317922 11400
    134 13 16 58.327921 13 16 58.327921 11400
    135 13 16 58.337921 13 16 58.337921 11400
    136 13 16 58.347920 13 16 58.347920 11400
    137 13 16 58.357936 13 16 58.357936 11400
    138 13 16 58.367930 13 16 58.367930 11400
    139 13 16 58.377948 13 16 58.377948 11400
    140 13 16 58.387926 13 16 58.387926 11400
    141 13 16 58.397922 13 16 58.397922 11400
    142 13 16 58.408129 13 16 58.408129 11400
    143 13 16 58.417921 13 16 58.417921 11400
    144 13 16 58.427920 13 16 58.427920 11400
    145 13 16 58.437919 13 16 58.437919 11400
    146 13 16 58.447918 13 16 58.447918 11400
    147 13 16 58.457920 13 16 58.457920 11400
    148 13 16 58.467922 13 16 58.467922 11400
    149 13 16 58.477921 13 16 58.477921 11400
    150 13 16 58.487920 13 16 58.487920 11400
    151 13 16 58.497922 13 16 58.497922 11400
    152 13 16 58.507930 13 16 58.507930 11400
    153 13 16 58.517946 13 16 58.517946 11400
    154 13 16 58.527926 13 16 58.527926 11400
    155 13 16 58.537903 13 16 58.537903 11400
    156 13 16 58.547995 13 16 58.547995 11400
    157 13 16 58.557946 13 16 58.557946 11400
    158 13 16 58.567925 13 16 58.567925 11400
    159 13 16 58.577928 13 16 58.577928 11400
    160 13 16 58.587924 13 16 58.587924 11400
    161 13 16 58.597923 13 16 58.597923 11400
    162 13 16 58.607925 13 16 58.607925 11400
    163 13 16 58.617924 13 16 58.617924 11400
    164 13 16 58.627890 13 16 58.627890 11400
    165 13 16 58.637923 13 16 58.637923 11400
    166 13 16 58.647919 13 16 58.647919 11400
    167 13 16 58.657919 13 16 58.657919 11400
    168 13 16 58.667920 13 16 58.667920 11400
    169 13 16 58.677947 13 16 58.677947 11400
    170 13 16 58.687919 13 16 58.687919 11400
    171 13 16 58.697923 13 16 58.697923 11400
    172 13 16 58.707920 13 16 58.707920 11400
    173 13 16 58.717922 13 16 58.717922 11400
    174 13 16 58.727919 13 16 58.727919 11400
    175 13 16 58.737918 13 16 58.737918 11400
    176 13 16 58.747906 13 16 58.747906 11400
    177 13 16 58.757913 13 16 58.757913 11400
    178 13 16 58.767915 13 16 58.767915 11400
    179 13 16 58.777948 13 16 58.777948 11400
    180 13 16 58.787919 13 16 58.787919 11400
    181 13 16 58.797921 13 16 58.797921 11400
    182 13 16 58.807923 13 16 58.807923 11400
    183 13 16 58.817920 13 16 58.817920 11400
    184 13 16 58.827921 13 16 58.827921 11400
    185 13 16 58.837921 13 16 58.837921 11400
    186 13 16 58.847923 13 16 58.847923 11400
    187 13 16 58.857920 13 16 58.857920 11400
    188 13 16 58.867919 13 16 58.867919 11400
    189 13 16 58.877907 13 16 58.877907 11400
    190 13 16 58.887982 13 16 58.887982 11400
    191 13 16 58.897945 13 16 58.897945 11400
    192 13 16 58.907944 13 16 58.907944 11400
    193 13 16 58.917924 13 16 58.917924 11400
    194 13 16 58.927931 13 16 58.927931 11400
    195 13 16 58.937964 13 16 58.937964 11400
    196 13 16 58.947934 13 16 58.947934 11400
    197 13 16 58.957909 13 16 58.957909 11400
    198 13 16 58.967955 13 16 58.967955 11400
    199 13 16 58.977949 13 16 58.977949 11400
    200 13 16 58.987926 13 16 58.987926 11400
    201 13 16 58.997965 13 16 58.997965 11400
    202 13 16 59.007939 13 16 59.007939 11400
    203 13 16 59.017927 13 16 59.017927 11400
    204 13 16 59.027925 13 16 59.027925 11400
    205 13 16 59.037908 13 16 59.037908 11400
    206 13 16 59.047961 13 16 59.047961 11400
    207 13 16 59.057971 13 16 59.057971 11400
    208 13 16 59.067900 13 16 59.067900 11400
    209 13 16 59.077944 13 16 59.077944 11400
    210 13 16 59.087885 13 16 59.087885 11400
    211 13 16 59.097929 13 16 59.097929 11400
    212 13 16 59.107990 13 16 59.107990 11400
    213 13 16 59.117890 13 16 59.117890 11400
    214 13 16 59.127968 13 16 59.127968 11400
    215 13 16 59.138449 13 16 59.138449 11400
    216 13 16 59.147959 13 16 59.147959 11400
    217 13 16 59.157929 13 16 59.157929 11400
    218 13 16 59.167926 13 16 59.167926 11400
    219 13 16 59.177961 13 16 59.177961 11400
    220 13 16 59.187955 13 16 59.187955 11400
    221 13 16 59.197943 13 16 59.197943 11400
    222 13 16 59.207949 13 16 59.207949 11400
    223 13 16 59.217953 13 16 59.217953 11400
    224 13 16 59.227924 13 16 59.227924 11400
    225 13 16 59.237926 13 16 59.237926 11400
    226 13 16 59.247936 13 16 59.247936 11400
    227 13 16 59.257925 13 16 59.257925 11400
    228 13 16 59.267924 13 16 59.267924 11400
    229 13 16 59.277921 13 16 59.277921 11400
    230 13 16 59.287925 13 16 59.287925 11400
    231 13 16 59.297966 13 16 59.297966 11400
    232 13 16 59.308016 13 16 59.308016 11400
    233 13 16 59.317943 13 16 59.317943 11400
    234 13 16 59.328333 13 16 59.328333 11400
    235 13 16 59.337932 13 16 59.337932 11400
    236 13 16 59.347951 13 16 59.347951 11400
    237 13 16 59.357926 13 16 59.357926 11400
    238 13 16 59.367932 13 16 59.367932 11400
    239 13 16 59.377943 13 16 59.377943 11400
    240 13 16 59.387954 13 16 59.387954 11400
    241 13 16 59.397950 13 16 59.397950 11400
    242 13 16 59.407924 13 16 59.407924 11400
    243 13 16 59.417928 13 16 59.417928 11400
    244 13 16 59.427922 13 16 59.427922 11400
    245 13 16 59.437930 13 16 59.437930 11400
    246 13 16 59.447932 13 16 59.447932 11400
    247 13 16 59.457931 13 16 59.457931 11400
    248 13 16 59.467922 13 16 59.467922 11400
    249 13 16 59.477964 13 16 59.477964 11400
    250 13 16 59.487949 13 16 59.487949 11400
    251 13 16 59.497933 13 16 59.497933 11400
    252 13 16 59.507928 13 16 59.507928 11400
    253 13 16 59.517870 13 16 59.517870 11400
    254 13 16 59.527912 13 16 59.527912 11400
    255 13 16 59.537923 13 16 59.537923 11400
    256 13 16 59.547916 13 16 59.547916 11400
    257 13 16 59.557921 13 16 59.557921 11400
    258 13 16 59.567919 13 16 59.567919 11400
    259 13 16 59.577942 13 16 59.577942 11400
    260 13 16 59.587983 13 16 59.587983 11400
    261 13 16 59.597928 13 16 59.597928 11400
    262 13 16 59.607940 13 16 59.607940 11400
    263 13 16 59.617998 13 16 59.617998 11400
    264 13 16 59.627926 13 16 59.627926 11400
    265 13 16 59.637901 13 16 59.637901 11400
    266 13 16 59.647919 13 16 59.647919 11400
    267 13 16 59.657930 13 16 59.657930 11400
    268 13 16 59.667924 13 16 59.667924 11400
    269 13 16 59.677948 13 16 59.677948 11400
    270 13 16 59.687933 13 16 59.687933 11400
    271 13 16 59.697924 13 16 59.697924 11400
    272 13 16 59.707962 13 16 59.707962 11400
    273 13 16 59.717953 13 16 59.717953 11400
    274 13 16 59.727930 13 16 59.727930 11400
    275 13 16 59.737932 13 16 59.737932 11400
    276 13 16 59.747931 13 16 59.747931 11400
    277 13 16 59.757936 13 16 59.757936 11400
    278 13 16 59.767944 13 16 59.767944 11400
    279 13 16 59.777932 13 16 59.777932 11400
    280 13 16 59.787928 13 16 59.787928 11400
    281 13 16 59.797927 13 16 59.797927 11400
    282 13 16 59.807921 13 16 59.807921 11400
    283 13 16 59.817923 13 16 59.817923 11400
    284 13 16 59.827930 13 16 59.827930 11400
    285 13 16 59.837924 13 16 59.837924 11400
    286 13 16 59.847932 13 16 59.847932 11400
    287 13 16 59.857920 13 16 59.857920 11400
    288 13 16 59.867921 13 16 59.867921 11400
    289 13 16 59.877923 13 16 59.877923 11400
    290 13 16 59.887918 13 16 59.887918 11400
    291 13 16 59.897920 13 16 59.897920 11400
    292 13 16 59.907919 13 16 59.907919 11400
    293 13 16 59.917921 13 16 59.917921 11400
    294 13 16 59.927920 13 16 59.927920 11400
    295 13 16 59.937922 13 16 59.937922 11400
    296 13 16 59.947920 13 16 59.947920 11400
    297 13 16 59.957920 13 16 59.957920 11400
    298 13 16 59.967951 13 16 59.967951 11400
    299 13 16 59.977927 13 16 59.977927 11400
    300 13 16 59.987921 13 16 59.987921 11400
    301 13 16 59.997925 13 16 59.997925 11400
    302 13 17 0.007964 13 17 0.007964 11400
    303 13 17 0.017939 13 17 0.017939 11400
    304 13 17 0.028008 13 17 0.028008 11400
    305 13 17 0.037920 13 17 0.037920 11400
    306 13 17 0.047934 13 17 0.047934 11400
    307 13 17 0.057946 13 17 0.057946 11400
    308 13 17 0.067944 13 17 0.067944 11400
    309 13 17 0.077923 13 17 0.077923 11400
    310 13 17 0.087887 13 17 0.087887 11400
    311 13 17 0.097924 13 17 0.097924 11400
    312 13 17 0.107910 13 17 0.107910 11400
    313 13 17 0.117924 13 17 0.117924 11400
    314 13 17 0.127924 13 17 0.127924 11400
    315 13 17 0.137921 13 17 0.137921 11400
    316 13 17 0.147919 13 17 0.147919 11400
    317 13 17 0.157932 13 17 0.157932 11400
    318 13 17 0.167920 13 17 0.167920 11400
    319 13 17 0.177923 13 17 0.177923 11400
    320 13 17 0.187923 13 17 0.187923 11400
    321 13 17 0.197927 13 17 0.197927 11400
    322 13 17 0.207943 13 17 0.207943 11400
    323 13 17 0.217933 13 17 0.217933 11400
    324 13 17 0.227922 13 17 0.227922 11400
    325 13 17 0.238094 13 17 0.238094 11400
    326 13 17 0.247925 13 17 0.247925 11400
    327 13 17 0.257926 13 17 0.257926 11400
    328 13 17 0.267929 13 17 0.267929 11400
    329 13 17 0.277921 13 17 0.277921 11400
    330 13 17 0.287919 13 17 0.287919 11400
    331 13 17 0.297921 13 17 0.297921 11400
    332 13 17 0.307920 13 17 0.307920 11400
    333 13 17 0.317925 13 17 0.317925 11400
    334 13 17 0.327922 13 17 0.327922 11400
    335 13 17 0.337945 13 17 0.337945 11400
    336 13 17 0.347945 13 17 0.347945 11400
    337 13 17 0.357923 13 17 0.357923 11400
    338 13 17 0.367943 13 17 0.367943 11400
    339 13 17 0.377951 13 17 0.377951 11400
    340 13 17 0.387921 13 17 0.387921 11400
    341 13 17 0.397921 13 17 0.397921 11400
    342 13 17 0.407932 13 17 0.407932 11400
    343 13 17 0.417922 13 17 0.417922 11400
    344 13 17 0.427919 13 17 0.427919 11400
    345 13 17 0.437907 13 17 0.437907 11400
    346 13 17 0.447932 13 17 0.447932 11400
    347 13 17 0.457920 13 17 0.457920 11400
    348 13 17 0.467933 13 17 0.467933 11400
    349 13 17 0.477922 13 17 0.477922 11400
    350 13 17 0.487920 13 17 0.487920 11400
    351 13 17 0.498195 13 17 0.498195 11400
    352 13 17 0.507884 13 17 0.507884 11400
    353 13 17 0.517910 13 17 0.517910 11400
    354 13 17 0.527911 13 17 0.527911 11400
    355 13 17 0.537891 13 17 0.537891 11400
    356 13 17 0.547926 13 17 0.547926 11400
    357 13 17 0.557924 13 17 0.557924 11400
    358 13 17 0.567924 13 17 0.567924 11400
    359 13 17 0.577936 13 17 0.577936 11400
    360 13 17 0.587948 13 17 0.587948 11400
    361 13 17 0.597927 13 17 0.597927 11400
    362 13 17 0.607904 13 17 0.607904 11400
    363 13 17 0.617927 13 17 0.617927 11400
    364 13 17 0.627930 13 17 0.627930 11400
    365 13 17 0.637884 13 17 0.637884 11400
    366 13 17 0.647922 13 17 0.647922 11400
    367 13 17 0.657921 13 17 0.657921 11400
    368 13 17 0.667920 13 17 0.667920 11400
    369 13 17 0.677921 13 17 0.677921 11400
    370 13 17 0.687908 13 17 0.687908 11400
    371 13 17 0.697931 13 17 0.697931 11400
    372 13 17 0.707922 13 17 0.707922 11400
    373 13 17 0.717922 13 17 0.717922 11400
    374 13 17 0.727921 13 17 0.727921 11400
    375 13 17 0.737920 13 17 0.737920 11400
    376 13 17 0.747920 13 17 0.747920 11400
    377 13 17 0.757932 13 17 0.757932 11400
    378 13 17 0.767907 13 17 0.767907 11400
    379 13 17 0.777923 13 17 0.777923 11400
    380 13 17 0.787923 13 17 0.787923 11400
    381 13 17 0.797930 13 17 0.797930 11400
    382 13 17 0.807929 13 17 0.807929 11400
    383 13 17 0.817944 13 17 0.817944 11400
    384 13 17 0.827949 13 17 0.827949 11400
    385 13 17 0.838025 13 17 0.838025 11400
    386 13 17 0.847935 13 17 0.847935 11400
    387 13 17 0.857893 13 17 0.857893 11400
    388 13 17 0.867921 13 17 0.867921 11400
    389 13 17 0.877922 13 17 0.877922 11400
    390 13 17 0.887937 13 17 0.887937 11400
    391 13 17 0.897970 13 17 0.897970 11400
    392 13 17 0.907929 13 17 0.907929 11400
    393 13 17 0.917934 13 17 0.917934 11400
    394 13 17 0.927919 13 17 0.927919 11400
    395 13 17 0.937982 13 17 0.937982 11400
    396 13 17 0.947931 13 17 0.947931 11400
    397 13 17 0.957920 13 17 0.957920 11400
    398 13 17 0.967933 13 17 0.967933 11400
    399 13 17 0.977926 13 17 0.977926 11400
    400 13 17 0.987923 13 17 0.987923 11400
    401 13 17 0.997924 13 17 0.997924 11400
    402 13 17 1.008013 13 17 1.008013 11400
    403 13 17 1.017948 13 17 1.017948 11400
    404 13 17 1.027927 13 17 1.027927 11400
    405 13 17 1.037903 13 17 1.037903 11400
    406 13 17 1.047924 13 17 1.047924 11400
    407 13 17 1.057954 13 17 1.057954 11400
    408 13 17 1.067906 13 17 1.067906 11400
    409 13 17 1.077927 13 17 1.077927 11400
    410 13 17 1.087924 13 17 1.087924 11400
    411 13 17 1.097927 13 17 1.097927 11400
    412 13 17 1.107922 13 17 1.107922 11400
    413 13 17 1.117933 13 17 1.117933 11400
    414 13 17 1.127923 13 17 1.127923 11400
    415 13 17 1.137922 13 17 1.137922 11400
    416 13 17 1.147920 13 17 1.147920 11400
    417 13 17 1.157907 13 17 1.157907 11400
    418 13 17 1.167905 13 17 1.167905 11400
    419 13 17 1.177921 13 17 1.177921 11400
    420 13 17 1.187986 13 17 1.187986 11400
    421 13 17 1.197907 13 17 1.197907 11400
    422 13 17 1.207978 13 17 1.207978 11400
    423 13 17 1.217923 13 17 1.217923 11400
    424 13 17 1.227918 13 17 1.227918 11400
    425 13 17 1.237922 13 17 1.237922 11400
    426 13 17 1.247919 13 17 1.247919 11400
    427 13 17 1.257908 13 17 1.257908 11400
    428 13 17 1.267954 13 17 1.267954 11400
    429 13 17 1.277932 13 17 1.277932 11400
    430 13 17 1.287919 13 17 1.287919 11400
    431 13 17 1.297922 13 17 1.297922 11400
    432 13 17 1.307998 13 17 1.307998 11400
    433 13 17 1.317995 13 17 1.317995 11400
    434 13 17 1.327948 13 17 1.327948 11400
    435 13 17 1.337927 13 17 1.337927 11400
    436 13 17 1.347920 13 17 1.347920 11400
    437 13 17 1.357914 13 17 1.357914 11400
    438 13 17 1.367920 13 17 1.367920 11400
    439 13 17 1.377923 13 17 1.377923 11400
    440 13 17 1.387920 13 17 1.387920 11400
    441 13 17 1.397920 13 17 1.397920 11400
    442 13 17 1.407923 13 17 1.407923 11400
    443 13 17 1.417921 13 17 1.417921 11400
    444 13 17 1.427918 13 17 1.427918 11400
    445 13 17 1.437924 13 17 1.437924 11400
    446 13 17 1.447918 13 17 1.447918 11400
    447 13 17 1.457924 13 17 1.457924 11400
    448 13 17 1.467919 13 17 1.467919 11400
    449 13 17 1.477921 13 17 1.477921 11400
    450 13 17 1.487908 13 17 1.487908 11400
    451 13 17 1.497922 13 17 1.497922 11400
    452 13 17 1.507927 13 17 1.507927 11400
    453 13 17 1.517926 13 17 1.517926 11400
    454 13 17 1.529911 13 17 1.529911 11400
    455 13 17 1.537927 13 17 1.537927 11400
    456 13 17 1.547925 13 17 1.547925 11400
    457 13 17 1.557917 13 17 1.557917 11400
    458 13 17 1.567927 13 17 1.567927 11400
    459 13 17 1.577925 13 17 1.577925 11400
    460 13 17 1.587924 13 17 1.587924 11400
    461 13 17 1.597954 13 17 1.597954 11400
    462 13 17 1.607928 13 17 1.607928 11400
    463 13 17 1.617926 13 17 1.617926 11400
    464 13 17 1.627924 13 17 1.627924 11400
    465 13 17 1.637921 13 17 1.637921 11400
    466 13 17 1.647921 13 17 1.647921 11400
    467 13 17 1.657910 13 17 1.657910 11400
    468 13 17 1.667942 13 17 1.667942 11400
    469 13 17 1.677909 13 17 1.677909 11400
    470 13 17 1.687916 13 17 1.687916 11400
    471 13 17 1.698021 13 17 1.698021 11400
    472 13 17 1.707967 13 17 1.707967 11400
    473 13 17 1.717941 13 17 1.717941 11400
    474 13 17 1.727919 13 17 1.727919 11400
    475 13 17 1.737981 13 17 1.737981 11400
    476 13 17 1.747927 13 17 1.747927 11400
    477 13 17 1.757941 13 17 1.757941 11400
    478 13 17 1.767933 13 17 1.767933 11400
    479 13 17 1.777928 13 17 1.777928 11400
    480 13 17 1.787949 13 17 1.787949 11400
    481 13 17 1.797925 13 17 1.797925 11400
    482 13 17 1.807926 13 17 1.807926 11400
    483 13 17 1.817936 13 17 1.817936 11400
    484 13 17 1.827947 13 17 1.827947 11400
    485 13 17 1.837923 13 17 1.837923 11400
    486 13 17 1.847944 13 17 1.847944 11400
    487 13 17 1.857931 13 17 1.857931 11400
    488 13 17 1.867923 13 17 1.867923 11400
    489 13 17 1.878010 13 17 1.878010 11400
    490 13 17 1.887935 13 17 1.887935 11400
    491 13 17 1.897931 13 17 1.897931 11400
    492 13 17 1.907935 13 17 1.907935 11400
    493 13 17 1.918016 13 17 1.918016 11400
    494 13 17 1.927959 13 17 1.927959 11400
    495 13 17 1.937946 13 17 1.937946 11400
    496 13 17 1.948005 13 17 1.948005 11400
    497 13 17 1.957942 13 17 1.957942 11400
    498 13 17 1.967994 13 17 1.967994 11400
    499 13 17 1.977933 13 17 1.977933 11400
    500 13 17 1.987946 13 17 1.987946 11400
    501 13 17 1.997925 13 17 1.997925 11400
    502 13 17 2.007928 13 17 2.007928 11400
    503 13 17 2.017990 13 17 2.017990 11400
    504 13 17 2.028026 13 17 2.028026 11400
    505 13 17 2.037961 13 17 2.037961 11400
    506 13 17 2.047909 13 17 2.047909 11400
    507 13 17 2.057958 13 17 2.057958 11400
    508 13 17 2.067956 13 17 2.067956 11400
    509 13 17 2.077901 13 17 2.077901 11400
    510 13 17 2.087912 13 17 2.087912 11400
    511 13 17 2.097871 13 17 2.097871 11400
    512 13 17 2.107911 13 17 2.107911 11400
    513 13 17 2.117903 13 17 2.117903 11400
    514 13 17 2.127911 13 17 2.127911 11400
    515 13 17 2.137925 13 17 2.137925 11400
    516 13 17 2.147921 13 17 2.147921 11400
    517 13 17 2.157907 13 17 2.157907 11400
    518 13 17 2.167905 13 17 2.167905 11400
    519 13 17 2.177922 13 17 2.177922 11400
    520 13 17 2.187905 13 17 2.187905 11400
    521 13 17 2.197941 13 17 2.197941 11400
    522 13 17 2.207920 13 17 2.207920 11400
    523 13 17 2.217935 13 17 2.217935 11400
    524 13 17 2.227910 13 17 2.227910 11400
    525 13 17 2.237927 13 17 2.237927 11400
    526 13 17 2.247913 13 17 2.247913 11400
    527 13 17 2.257932 13 17 2.257932 11400
    528 13 17 2.267946 13 17 2.267946 11400
    529 13 17 2.277924 13 17 2.277924 11400
    530 13 17 2.287923 13 17 2.287923 11400
    531 13 17 2.297877 13 17 2.297877 11400
    532 13 17 2.307929 13 17 2.307929 11400
    533 13 17 2.317922 13 17 2.317922 11400
    534 13 17 2.327919 13 17 2.327919 11400
    535 13 17 2.337921 13 17 2.337921 11400
    536 13 17 2.347919 13 17 2.347919 11400
    537 13 17 2.357920 13 17 2.357920 11400
    538 13 17 2.367907 13 17 2.367907 11400
    539 13 17 2.377921 13 17 2.377921 11400
    540 13 17 2.387919 13 17 2.387919 11400
    541 13 17 2.397921 13 17 2.397921 11400
    542 13 17 2.407922 13 17 2.407922 11400
    543 13 17 2.417924 13 17 2.417924 11400
    544 13 17 2.427922 13 17 2.427922 11400
    545 13 17 2.437921 13 17 2.437921 11400
    546 13 17 2.447929 13 17 2.447929 11400
    547 13 17 2.457921 13 17 2.457921 11400
    548 13 17 2.467921 13 17 2.467921 11400
    549 13 17 2.477923 13 17 2.477923 11400
    550 13 17 2.487927 13 17 2.487927 11400
    551 13 17 2.497955 13 17 2.497955 11400
    552 13 17 2.507892 13 17 2.507892 11400
    553 13 17 2.517964 13 17 2.517964 11400
    554 13 17 2.528058 13 17 2.528058 11400
    555 13 17 2.537926 13 17 2.537926 11400
    556 13 17 2.547927 13 17 2.547927 11400
    557 13 17 2.557909 13 17 2.557909 11400
    558 13 17 2.567925 13 17 2.567925 11400
    559 13 17 2.577948 13 17 2.577948 11400
    560 13 17 2.587969 13 17 2.587969 11400
    561 13 17 2.597925 13 17 2.597925 11400
    562 13 17 2.607926 13 17 2.607926 11400
    563 13 17 2.617896 13 17 2.617896 11400
    564 13 17 2.627920 13 17 2.627920 11400
    565 13 17 2.637926 13 17 2.637926 11400
    566 13 17 2.647920 13 17 2.647920 11400
    567 13 17 2.657906 13 17 2.657906 11400
    568 13 17 2.667939 13 17 2.667939 11400
    569 13 17 2.678017 13 17 2.678017 11400
    570 13 17 2.687907 13 17 2.687907 11400
    571 13 17 2.697944 13 17 2.697944 11400
    572 13 17 2.707920 13 17 2.707920 11400
    573 13 17 2.717921 13 17 2.717921 11400
    574 13 17 2.727921 13 17 2.727921 11400
    575 13 17 2.737922 13 17 2.737922 11400
    576 13 17 2.747920 13 17 2.747920 11400
    577 13 17 2.757919 13 17 2.757919 11400
    578 13 17 2.767920 13 17 2.767920 11400
    579 13 17 2.777924 13 17 2.777924 11400
    580 13 17 2.787932 13 17 2.787932 11400
    581 13 17 2.797933 13 17 2.797933 11400
    582 13 17 2.807920 13 17 2.807920 11400
    583 13 17 2.817921 13 17 2.817921 11400
    584 13 17 2.827923 13 17 2.827923 11400
    585 13 17 2.837921 13 17 2.837921 11400
    586 13 17 2.847919 13 17 2.847919 11400
    587 13 17 2.857921 13 17 2.857921 11400
    588 13 17 2.867921 13 17 2.867921 11400
    589 13 17 2.877920 13 17 2.877920 11400
    590 13 17 2.887920 13 17 2.887920 11400
    591 13 17 2.897921 13 17 2.897921 11400
    592 13 17 2.907925 13 17 2.907925 11400
    593 13 17 2.917924 13 17 2.917924 11400
    594 13 17 2.927918 13 17 2.927918 11400
    595 13 17 2.937905 13 17 2.937905 11400
    596 13 17 2.947919 13 17 2.947919 11400
    597 13 17 2.957920 13 17 2.957920 11400
    598 13 17 2.967918 13 17 2.967918 11400
    599 13 17 2.977935 13 17 2.977935 11400
    600 13 17 2.987937 13 17 2.987937 11400
    601 13 17 2.997924 13 17 2.997924 11400
    602 13 17 3.007972 13 17 3.007972 11400
    603 13 17 3.017926 13 17 3.017926 11400
    604 13 17 3.027924 13 17 3.027924 11400
    605 13 17 3.037929 13 17 3.037929 11400
    606 13 17 3.047925 13 17 3.047925 11400
    607 13 17 3.057922 13 17 3.057922 11400
    608 13 17 3.067877 13 17 3.067877 11400
    609 13 17 3.077929 13 17 3.077929 11400
    610 13 17 3.087922 13 17 3.087922 11400
    611 13 17 3.097923 13 17 3.097923 11400
    612 13 17 3.107921 13 17 3.107921 11400
    613 13 17 3.117868 13 17 3.117868 11400
    614 13 17 3.127909 13 17 3.127909 11400
    615 13 17 3.137920 13 17 3.137920 11400
    616 13 17 3.147923 13 17 3.147923 11400
    617 13 17 3.157920 13 17 3.157920 11400
    618 13 17 3.167926 13 17 3.167926 11400
    619 13 17 3.177921 13 17 3.177921 11400
    620 13 17 3.187913 13 17 3.187913 11400
    621 13 17 3.197906 13 17 3.197906 11400
    622 13 17 3.207905 13 17 3.207905 11400
    623 13 17 3.217921 13 17 3.217921 11400
    624 13 17 3.227926 13 17 3.227926 11400
    625 13 17 3.238016 13 17 3.238016 11400
    626 13 17 3.247958 13 17 3.247958 11400
    627 13 17 3.257922 13 17 3.257922 11400
    628 13 17 3.267920 13 17 3.267920 11400
    629 13 17 3.277919 13 17 3.277919 11400
    630 13 17 3.287920 13 17 3.287920 11400
    631 13 17 3.297921 13 17 3.297921 11400
    632 13 17 3.307922 13 17 3.307922 11400
    633 13 17 3.317924 13 17 3.317924 11400
    634 13 17 3.327923 13 17 3.327923 11400
    635 13 17 3.337923 13 17 3.337923 11400
    636 13 17 3.347919 13 17 3.347919 11400
    637 13 17 3.357920 13 17 3.357920 11400
    638 13 17 3.367919 13 17 3.367919 11400
    639 13 17 3.377921 13 17 3.377921 11400
    640 13 17 3.387919 13 17 3.387919 11400
    641 13 17 3.397921 13 17 3.397921 11400
    642 13 17 3.407922 13 17 3.407922 11400
    643 13 17 3.417920 13 17 3.417920 11400
    644 13 17 3.427871 13 17 3.427871 11400
    645 13 17 3.437927 13 17 3.437927 11400
    646 13 17 3.447919 13 17 3.447919 11400
    647 13 17 3.457920 13 17 3.457920 11400
    648 13 17 3.467919 13 17 3.467919 11400
    649 13 17 3.477920 13 17 3.477920 11400
    650 13 17 3.487928 13 17 3.487928 11400
    651 13 17 3.497923 13 17 3.497923 11400
    652 13 17 3.507900 13 17 3.507900 11400
    653 13 17 3.517911 13 17 3.517911 11400
    654 13 17 3.527922 13 17 3.527922 11400
    655 13 17 3.537895 13 17 3.537895 11400
    656 13 17 3.547927 13 17 3.547927 11400
    657 13 17 3.557946 13 17 3.557946 11400
    658 13 17 3.567931 13 17 3.567931 11400
    659 13 17 3.577945 13 17 3.577945 11400
    660 13 17 3.587944 13 17 3.587944 11400
    661 13 17 3.597926 13 17 3.597926 11400
    662 13 17 3.607886 13 17 3.607886 11400
    663 13 17 3.617925 13 17 3.617925 11400
    664 13 17 3.627901 13 17 3.627901 11400
    665 13 17 3.637925 13 17 3.637925 11400
    666 13 17 3.647926 13 17 3.647926 11400
    667 13 17 3.657935 13 17 3.657935 11400
    668 13 17 3.667916 13 17 3.667916 11400
    669 13 17 3.677921 13 17 3.677921 11400
    670 13 17 3.687921 13 17 3.687921 11400
    671 13 17 3.697943 13 17 3.697943 11400
    672 13 17 3.707932 13 17 3.707932 11400
    673 13 17 3.717951 13 17 3.717951 11400
    674 13 17 3.727959 13 17 3.727959 11400
    675 13 17 3.737938 13 17 3.737938 11400
    676 13 17 3.747932 13 17 3.747932 11400
    677 13 17 3.757953 13 17 3.757953 11400
    678 13 17 3.767922 13 17 3.767922 11400
    679 13 17 3.777920 13 17 3.777920 11400
    680 13 17 3.787939 13 17 3.787939 11400
    681 13 17 3.797921 13 17 3.797921 11400
    682 13 17 3.807947 13 17 3.807947 11400
    683 13 17 3.817915 13 17 3.817915 11400
    684 13 17 3.827920 13 17 3.827920 11400
    685 13 17 3.837923 13 17 3.837923 11400
    686 13 17 3.847920 13 17 3.847920 11400
    687 13 17 3.857921 13 17 3.857921 11400
    688 13 17 3.867922 13 17 3.867922 11400
    689 13 17 3.877978 13 17 3.877978 11400
    690 13 17 3.887928 13 17 3.887928 11400
    691 13 17 3.897907 13 17 3.897907 11400
    692 13 17 3.908001 13 17 3.908001 11400
    693 13 17 3.917942 13 17 3.917942 11400
    694 13 17 3.927906 13 17 3.927906 11400
    695 13 17 3.937905 13 17 3.937905 11400
    696 13 17 3.947922 13 17 3.947922 11400
    697 13 17 3.957908 13 17 3.957908 11400
    698 13 17 3.967896 13 17 3.967896 11400
    699 13 17 3.977959 13 17 3.977959 11400
    700 13 17 3.987925 13 17 3.987925 11400
    701 13 17 3.997926 13 17 3.997926 11400
    702 13 17 4.007926 13 17 4.007926 11400
    703 13 17 4.017896 13 17 4.017896 11400
    704 13 17 4.027951 13 17 4.027951 11400
    705 13 17 4.037904 13 17 4.037904 11400
    706 13 17 4.047943 13 17 4.047943 11400
    707 13 17 4.057894 13 17 4.057894 11400
    708 13 17 4.067910 13 17 4.067910 11400
    709 13 17 4.077945 13 17 4.077945 11400
    710 13 17 4.087925 13 17 4.087925 11400
    711 13 17 4.097910 13 17 4.097910 11400
    712 13 17 4.107927 13 17 4.107927 11400
    713 13 17 4.117911 13 17 4.117911 11400
    714 13 17 4.127924 13 17 4.127924 11400
    715 13 17 4.137925 13 17 4.137925 11400
    716 13 17 4.147921 13 17 4.147921 11400
    717 13 17 4.157906 13 17 4.157906 11400
    718 13 17 4.167906 13 17 4.167906 11400
    719 13 17 4.177929 13 17 4.177929 11400
    720 13 17 4.187909 13 17 4.187909 11400
    721 13 17 4.197905 13 17 4.197905 11400
    722 13 17 4.207906 13 17 4.207906 11400
    723 13 17 4.217925 13 17 4.217925 11400
    724 13 17 4.227926 13 17 4.227926 11400
    725 13 17 4.237923 13 17 4.237923 11400
    726 13 17 4.247921 13 17 4.247921 11400
    727 13 17 4.257908 13 17 4.257908 11400
    728 13 17 4.267959 13 17 4.267959 11400
    729 13 17 4.277922 13 17 4.277922 11400
    730 13 17 4.287911 13 17 4.287911 11400
    731 13 17 4.297934 13 17 4.297934 11400
    732 13 17 4.307922 13 17 4.307922 11400
    733 13 17 4.317866 13 17 4.317866 11400
    734 13 17 4.328274 13 17 4.328274 11400
    735 13 17 4.337909 13 17 4.337909 11400
    736 13 17 4.347908 13 17 4.347908 11400
    737 13 17 4.357910 13 17 4.357910 11400
    738 13 17 4.367923 13 17 4.367923 11400
    739 13 17 4.377924 13 17 4.377924 11400
    740 13 17 4.387990 13 17 4.387990 11400
    741 13 17 4.397923 13 17 4.397923 11400
    742 13 17 4.407894 13 17 4.407894 11400
    743 13 17 4.417891 13 17 4.417891 11400
    744 13 17 4.427922 13 17 4.427922 11400
    745 13 17 4.437921 13 17 4.437921 11400
    746 13 17 4.447919 13 17 4.447919 11400
    747 13 17 4.457919 13 17 4.457919 11400
    748 13 17 4.467919 13 17 4.467919 11400
    749 13 17 4.477920 13 17 4.477920 11400
    750 13 17 4.487921 13 17 4.487921 11400
    751 13 17 4.497923 13 17 4.497923 11400
    752 13 17 4.507949 13 17 4.507949 11400
    753 13 17 4.517923 13 17 4.517923 11400
    754 13 17 4.527918 13 17 4.527918 11400
    755 13 17 4.537903 13 17 4.537903 11400
    756 13 17 4.548726 13 17 4.548726 11400
    757 13 17 4.557959 13 17 4.557959 11400
    758 13 17 4.567930 13 17 4.567930 11400
    759 13 17 4.577936 13 17 4.577936 11400
    760 13 17 4.587937 13 17 4.587937 11400
    761 13 17 4.597921 13 17 4.597921 11400
    762 13 17 4.607909 13 17 4.607909 11400
    763 13 17 4.617936 13 17 4.617936 11400
    764 13 17 4.627923 13 17 4.627923 11400
    765 13 17 4.637910 13 17 4.637910 11400
    766 13 17 4.647917 13 17 4.647917 11400
    767 13 17 4.657907 13 17 4.657907 11400
    768 13 17 4.667906 13 17 4.667906 11400
    769 13 17 4.677924 13 17 4.677924 11400
    770 13 17 4.687908 13 17 4.687908 11400
    771 13 17 4.697921 13 17 4.697921 11400
    772 13 17 4.707927 13 17 4.707927 11400
    773 13 17 4.717921 13 17 4.717921 11400
    774 13 17 4.727929 13 17 4.727929 11400
    775 13 17 4.737921 13 17 4.737921 11400
    776 13 17 4.747923 13 17 4.747923 11400
    777 13 17 4.757932 13 17 4.757932 11400
    778 13 17 4.767921 13 17 4.767921 11400
    779 13 17 4.782414 13 17 4.782414 11400
    780 13 17 4.787963 13 17 4.787963 11400
    781 13 17 4.797914 13 17 4.797914 11400
    782 13 17 4.807926 13 17 4.807926 11400
    783 13 17 4.817927 13 17 4.817927 11400
    784 13 17 4.827925 13 17 4.827925 11400
    785 13 17 4.837958 13 17 4.837958 11400
    786 13 17 4.847878 13 17 4.847878 11400
    787 13 17 4.857922 13 17 4.857922 11400
    788 13 17 4.867924 13 17 4.867924 11400
    789 13 17 4.877926 13 17 4.877926 11400
    790 13 17 4.887921 13 17 4.887921 11400
    791 13 17 4.897921 13 17 4.897921 11400
    792 13 17 4.907904 13 17 4.907904 11400
    793 13 17 4.917919 13 17 4.917919 11400
    794 13 17 4.927919 13 17 4.927919 11400
    795 13 17 4.937921 13 17 4.937921 11400
    796 13 17 4.947919 13 17 4.947919 11400
    797 13 17 4.957919 13 17 4.957919 11400
    798 13 17 4.967919 13 17 4.967919 11400
    799 13 17 4.977921 13 17 4.977921 11400
    800 13 17 4.987923 13 17 4.987923 11400
    801 13 17 4.997924 13 17 4.997924 11400
    802 13 17 5.007933 13 17 5.007933 11400
    803 13 17 5.017920 13 17 5.017920 11400
    804 13 17 5.027910 13 17 5.027910 11400
    805 13 17 5.037919 13 17 5.037919 11400
    806 13 17 5.047925 13 17 5.047925 11400
    807 13 17 5.057872 13 17 5.057872 11400
    808 13 17 5.067923 13 17 5.067923 11400
    809 13 17 5.077924 13 17 5.077924 11400
    810 13 17 5.087925 13 17 5.087925 11400
    811 13 17 5.097927 13 17 5.097927 11400
    812 13 17 5.107909 13 17 5.107909 11400
    813 13 17 5.117954 13 17 5.117954 11400
    814 13 17 5.127923 13 17 5.127923 11400
    815 13 17 5.137933 13 17 5.137933 11400
    816 13 17 5.147917 13 17 5.147917 11400
    817 13 17 5.157922 13 17 5.157922 11400
    818 13 17 5.167919 13 17 5.167919 11400
    819 13 17 5.177899 13 17 5.177899 11400
    820 13 17 5.187924 13 17 5.187924 11400
    821 13 17 5.197921 13 17 5.197921 11400
    822 13 17 5.207913 13 17 5.207913 11400
    823 13 17 5.217916 13 17 5.217916 11400
    824 13 17 5.227924 13 17 5.227924 11400
    825 13 17 5.237923 13 17 5.237923 11400
    826 13 17 5.247920 13 17 5.247920 11400
    827 13 17 5.257928 13 17 5.257928 11400
    828 13 17 5.267945 13 17 5.267945 11400
    829 13 17 5.277944 13 17 5.277944 11400
    830 13 17 5.287950 13 17 5.287950 11400
    831 13 17 5.297945 13 17 5.297945 11400
    832 13 17 5.307922 13 17 5.307922 11400
    833 13 17 5.318006 13 17 5.318006 11400
    834 13 17 5.327945 13 17 5.327945 11400
    835 13 17 5.337921 13 17 5.337921 11400
    836 13 17 5.347921 13 17 5.347921 11400
    837 13 17 5.357923 13 17 5.357923 11400
    838 13 17 5.367924 13 17 5.367924 11400
    839 13 17 5.377924 13 17 5.377924 11400
    840 13 17 5.387890 13 17 5.387890 11400
    841 13 17 5.397958 13 17 5.397958 11400
    842 13 17 5.408127 13 17 5.408127 11400
    843 13 17 5.417923 13 17 5.417923 11400
    844 13 17 5.427919 13 17 5.427919 11400
    845 13 17 5.437924 13 17 5.437924 11400
    846 13 17 5.447919 13 17 5.447919 11400
    847 13 17 5.457920 13 17 5.457920 11400
    848 13 17 5.467920 13 17 5.467920 11400
    849 13 17 5.477922 13 17 5.477922 11400
    850 13 17 5.487921 13 17 5.487921 11400
    851 13 17 5.497923 13 17 5.497923 11400
    852 13 17 5.507941 13 17 5.507941 11400
    853 13 17 5.517930 13 17 5.517930 11400
    854 13 17 5.527930 13 17 5.527930 11400
    855 13 17 5.537898 13 17 5.537898 11400
    856 13 17 5.547921 13 17 5.547921 11400
    857 13 17 5.557935 13 17 5.557935 11400
    858 13 17 5.567872 13 17 5.567872 11400
    859 13 17 5.577925 13 17 5.577925 11400
    860 13 17 5.587957 13 17 5.587957 11400
    861 13 17 5.597934 13 17 5.597934 11400
    862 13 17 5.607905 13 17 5.607905 11400
    863 13 17 5.617964 13 17 5.617964 11400
    864 13 17 5.627923 13 17 5.627923 11400
    865 13 17 5.637883 13 17 5.637883 11400
    866 13 17 5.647947 13 17 5.647947 11400
    867 13 17 5.657921 13 17 5.657921 11400
    868 13 17 5.667918 13 17 5.667918 11400
    869 13 17 5.677941 13 17 5.677941 11400
    870 13 17 5.687940 13 17 5.687940 11400
    871 13 17 5.697923 13 17 5.697923 11400
    872 13 17 5.707906 13 17 5.707906 11400
    873 13 17 5.717962 13 17 5.717962 11400
    874 13 17 5.727934 13 17 5.727934 11400
    875 13 17 5.737921 13 17 5.737921 11400
    876 13 17 5.747918 13 17 5.747918 11400
    877 13 17 5.757920 13 17 5.757920 11400
    878 13 17 5.767921 13 17 5.767921 11400
    879 13 17 5.778007 13 17 5.778007 11400
    880 13 17 5.787924 13 17 5.787924 11400
    881 13 17 5.797919 13 17 5.797919 11400
    882 13 17 5.807921 13 17 5.807921 11400
    883 13 17 5.817923 13 17 5.817923 11400
    884 13 17 5.827920 13 17 5.827920 11400
    885 13 17 5.837921 13 17 5.837921 11400
    886 13 17 5.847921 13 17 5.847921 11400
    887 13 17 5.857959 13 17 5.857959 11400
    888 13 17 5.867919 13 17 5.867919 11400
    889 13 17 5.877923 13 17 5.877923 11400
    890 13 17 5.887921 13 17 5.887921 11400
    891 13 17 5.897921 13 17 5.897921 11400
    892 13 17 5.907922 13 17 5.907922 11400
    893 13 17 5.917924 13 17 5.917924 11400
    894 13 17 5.927921 13 17 5.927921 11400
    895 13 17 5.937924 13 17 5.937924 11400
    896 13 17 5.947921 13 17 5.947921 11400
    897 13 17 5.957924 13 17 5.957924 11400
    898 13 17 5.967908 13 17 5.967908 11400
    899 13 17 5.977898 13 17 5.977898 11400
    900 13 17 5.987923 13 17 5.987923 11400
    901 13 17 5.997924 13 17 5.997924 11400
    902 13 17 6.007933 13 17 6.007933 11400
    903 13 17 6.017928 13 17 6.017928 11400
    904 13 17 6.027915 13 17 6.027915 11400
    905 13 17 6.037925 13 17 6.037925 11400
    906 13 17 6.047945 13 17 6.047945 11400
    907 13 17 6.057881 13 17 6.057881 11400
    908 13 17 6.067874 13 17 6.067874 11400
    909 13 17 6.077937 13 17 6.077937 11400
    910 13 17 6.087925 13 17 6.087925 11400
    911 13 17 6.097982 13 17 6.097982 11400
    912 13 17 6.107963 13 17 6.107963 11400
    913 13 17 6.117932 13 17 6.117932 11400
    914 13 17 6.127926 13 17 6.127926 11400
    915 13 17 6.137921 13 17 6.137921 11400
    916 13 17 6.147921 13 17 6.147921 11400
    917 13 17 6.157920 13 17 6.157920 11400
    918 13 17 6.167911 13 17 6.167911 11400
    919 13 17 6.177925 13 17 6.177925 11400
    920 13 17 6.187923 13 17 6.187923 11400
    921 13 17 6.197923 13 17 6.197923 11400
    922 13 17 6.207920 13 17 6.207920 11400
    923 13 17 6.217922 13 17 6.217922 11400
    924 13 17 6.227928 13 17 6.227928 11400
    925 13 17 6.237923 13 17 6.237923 11400
    926 13 17 6.247910 13 17 6.247910 11400
    927 13 17 6.257958 13 17 6.257958 11400
    928 13 17 6.267922 13 17 6.267922 11400
    929 13 17 6.277922 13 17 6.277922 11400
    930 13 17 6.287919 13 17 6.287919 11400
    931 13 17 6.297925 13 17 6.297925 11400
    932 13 17 6.307921 13 17 6.307921 11400
    933 13 17 6.317921 13 17 6.317921 11400
    934 13 17 6.327956 13 17 6.327956 11400
    935 13 17 6.337921 13 17 6.337921 11400
    936 13 17 6.347922 13 17 6.347922 11400
    937 13 17 6.357928 13 17 6.357928 11400
    938 13 17 6.367919 13 17 6.367919 11400
    939 13 17 6.377937 13 17 6.377937 11400
    940 13 17 6.387923 13 17 6.387923 11400
    941 13 17 6.397922 13 17 6.397922 11400
    942 13 17 6.407919 13 17 6.407919 11400
    943 13 17 6.417923 13 17 6.417923 11400
    944 13 17 6.427920 13 17 6.427920 11400
    945 13 17 6.437922 13 17 6.437922 11400
    946 13 17 6.447918 13 17 6.447918 11400
    947 13 17 6.457908 13 17 6.457908 11400
    948 13 17 6.467914 13 17 6.467914 11400
    949 13 17 6.477933 13 17 6.477933 11400
    950 13 17 6.487941 13 17 6.487941 11400
    951 13 17 6.497929 13 17 6.497929 11400
    952 13 17 6.507888 13 17 6.507888 11400
    953 13 17 6.517924 13 17 6.517924 11400
    954 13 17 6.527929 13 17 6.527929 11400
    955 13 17 6.537936 13 17 6.537936 11400
    956 13 17 6.547921 13 17 6.547921 11400
    957 13 17 6.557957 13 17 6.557957 11400
    958 13 17 6.567884 13 17 6.567884 11400
    959 13 17 6.577947 13 17 6.577947 11400
    960 13 17 6.590992 13 17 6.590992 11400
    961 13 17 6.597972 13 17 6.597972 11400
    962 13 17 6.607929 13 17 6.607929 11400
    963 13 17 6.617930 13 17 6.617930 11400
    964 13 17 6.627976 13 17 6.627976 11400
    965 13 17 6.637933 13 17 6.637933 11400
    966 13 17 6.647949 13 17 6.647949 11400
    967 13 17 6.657930 13 17 6.657930 11400
    968 13 17 6.667958 13 17 6.667958 11400
    969 13 17 6.677963 13 17 6.677963 11400
    970 13 17 6.687948 13 17 6.687948 11400
    971 13 17 6.697931 13 17 6.697931 11400
    972 13 17 6.708014 13 17 6.708014 11400
    973 13 17 6.717952 13 17 6.717952 11400
    974 13 17 6.727921 13 17 6.727921 11400
    975 13 17 6.737923 13 17 6.737923 11400
    976 13 17 6.747922 13 17 6.747922 11400
    977 13 17 6.757932 13 17 6.757932 11400
    978 13 17 6.767921 13 17 6.767921 11400
    979 13 17 6.777923 13 17 6.777923 11400
    980 13 17 6.787919 13 17 6.787919 11400
    981 13 17 6.797933 13 17 6.797933 11400
    982 13 17 6.807921 13 17 6.807921 11400
    983 13 17 6.818000 13 17 6.818000 11400
    984 13 17 6.828013 13 17 6.828013 11400
    985 13 17 6.837926 13 17 6.837926 11400
    986 13 17 6.847922 13 17 6.847922 11400
    987 13 17 6.857934 13 17 6.857934 11400
    988 13 17 6.867925 13 17 6.867925 11400
    989 13 17 6.877985 13 17 6.877985 11400
    990 13 17 6.887925 13 17 6.887925 11400
    991 13 17 6.897908 13 17 6.897908 11400
    992 13 17 6.907905 13 17 6.907905 11400
    993 13 17 6.917913 13 17 6.917913 11400
    994 13 17 6.927908 13 17 6.927908 11400
    995 13 17 6.937908 13 17 6.937908 11400
    996 13 17 6.947910 13 17 6.947910 11400
    997 13 17 6.957926 13 17 6.957926 11400
    998 13 17 6.967952 13 17 6.967952 11400
    999 13 17 6.977909 13 17 6.977909 11400
   1000 13 17 6.987982 13 17 6.987982 11400
