      1 13 10 52.328944 13 10 52.328944 8400
      2 13 10 52.339010 13 10 52.339010 8400
      3 13 10 52.349040 13 10 52.349040 8400
      4 13 10 52.359037 13 10 52.359037 8400
      5 13 10 52.369047 13 10 52.369047 8400
      6 13 10 52.379021 13 10 52.379021 8400
      7 13 10 52.389456 13 10 52.389456 8400
      8 13 10 52.399132 13 10 52.399132 8400
      9 13 10 52.409080 13 10 52.409080 8400
     10 13 10 52.419113 13 10 52.419113 8400
     11 13 10 52.429091 13 10 52.429091 8400
     12 13 10 52.439042 13 10 52.439042 8400
     13 13 10 52.448981 13 10 52.448981 8400
     14 13 10 52.459195 13 10 52.459195 8400
     15 13 10 52.469194 13 10 52.469194 8400
     16 13 10 52.480003 13 10 52.480003 8400
     17 13 10 52.489082 13 10 52.489082 8400
     18 13 10 52.499155 13 10 52.499155 8400
     19 13 10 52.509103 13 10 52.509103 8400
     20 13 10 52.520090 13 10 52.520090 8400
     21 13 10 52.529133 13 10 52.529133 8400
     22 13 10 52.539194 13 10 52.539194 8400
     23 13 10 52.549179 13 10 52.549179 8400
     24 13 10 52.559049 13 10 52.559049 8400
     25 13 10 52.569074 13 10 52.569074 8400
     26 13 10 52.579067 13 10 52.579067 8400
     27 13 10 52.589073 13 10 52.589073 8400
     28 13 10 52.599046 13 10 52.599046 8400
     29 13 10 52.609042 13 10 52.609042 8400
     30 13 10 52.619109 13 10 52.619109 8400
     31 13 10 52.629058 13 10 52.629058 8400
     32 13 10 52.639099 13 10 52.639099 8400
     33 13 10 52.650067 13 10 52.650067 8400
     34 13 10 52.659069 13 10 52.659069 8400
     35 13 10 52.669063 13 10 52.669063 8400
     36 13 10 52.679104 13 10 52.679104 8400
     37 13 10 52.689155 13 10 52.689155 8400
     38 13 10 52.699125 13 10 52.699125 8400
     39 13 10 52.709172 13 10 52.709172 8400
     40 13 10 52.719056 13 10 52.719056 8400
     41 13 10 52.729056 13 10 52.729056 8400
     42 13 10 52.739097 13 10 52.739097 8400
     43 13 10 52.749048 13 10 52.749048 8400
     44 13 10 52.759045 13 10 52.759045 8400
     45 13 10 52.769010 13 10 52.769010 8400
     46 13 10 52.778995 13 10 52.778995 8400
     47 13 10 52.789048 13 10 52.789048 8400
     48 13 10 52.799069 13 10 52.799069 8400
     49 13 10 52.809058 13 10 52.809058 8400
     50 13 10 52.819119 13 10 52.819119 8400
     51 13 10 52.829171 13 10 52.829171 8400
     52 13 10 52.839126 13 10 52.839126 8400
     53 13 10 52.849080 13 10 52.849080 8400
     54 13 10 52.859487 13 10 52.859487 8400
     55 13 10 52.869145 13 10 52.869145 8400
     56 13 10 52.879049 13 10 52.879049 8400
     57 13 10 52.889482 13 10 52.889482 8400
     58 13 10 52.899219 13 10 52.899219 8400
     59 13 10 52.909058 13 10 52.909058 8400
     60 13 10 52.919224 13 10 52.919224 8400
     61 13 10 52.929482 13 10 52.929482 8400
     62 13 10 52.939202 13 10 52.939202 8400
     63 13 10 52.949061 13 10 52.949061 8400
     64 13 10 52.959046 13 10 52.959046 8400
     65 13 10 52.969056 13 10 52.969056 8400
     66 13 10 52.980181 13 10 52.980181 8400
     67 13 10 52.989058 13 10 52.989058 8400
     68 13 10 52.999040 13 10 52.999040 8400
     69 13 10 53.009058 13 10 53.009058 8400
     70 13 10 53.019047 13 10 53.019047 8400
     71 13 10 53.029004 13 10 53.029004 8400
     72 13 10 53.039059 13 10 53.039059 8400
     73 13 10 53.049067 13 10 53.049067 8400
     74 13 10 53.059145 13 10 53.059145 8400
     75 13 10 53.069057 13 10 53.069057 8400
     76 13 10 53.079148 13 10 53.079148 8400
     77 13 10 53.089089 13 10 53.089089 8400
     78 13 10 53.099043 13 10 53.099043 8400
     79 13 10 53.109107 13 10 53.109107 8400
     80 13 10 53.119120 13 10 53.119120 8400
     81 13 10 53.129159 13 10 53.129159 8400
     82 13 10 53.139040 13 10 53.139040 8400
     83 13 10 53.149116 13 10 53.149116 8400
     84 13 10 53.159083 13 10 53.159083 8400
     85 13 10 53.169060 13 10 53.169060 8400
     86 13 10 53.179070 13 10 53.179070 8400
     87 13 10 53.189064 13 10 53.189064 8400
     88 13 10 53.199044 13 10 53.199044 8400
     89 13 10 53.209043 13 10 53.209043 8400
     90 13 10 53.219042 13 10 53.219042 8400
     91 13 10 53.229049 13 10 53.229049 8400
     92 13 10 53.239055 13 10 53.239055 8400
     93 13 10 53.249144 13 10 53.249144 8400
     94 13 10 53.259113 13 10 53.259113 8400
     95 13 10 53.269689 13 10 53.269689 8400
     96 13 10 53.279130 13 10 53.279130 8400
     97 13 10 53.289136 13 10 53.289136 8400
     98 13 10 53.299123 13 10 53.299123 8400
     99 13 10 53.309140 13 10 53.309140 8400
    100 13 10 53.319096 13 10 53.319096 8400
    101 13 10 53.329132 13 10 53.329132 8400
    102 13 10 53.339196 13 10 53.339196 8400
    103 13 10 53.349051 13 10 53.349051 8400
    104 13 10 53.359051 13 10 53.359051 8400
    105 13 10 53.369044 13 10 53.369044 8400
    106 13 10 53.379043 13 10 53.379043 8400
    107 13 10 53.389048 13 10 53.389048 8400
    108 13 10 53.399064 13 10 53.399064 8400
    109 13 10 53.409044 13 10 53.409044 8400
    110 13 10 53.419041 13 10 53.419041 8400
    111 13 10 53.429043 13 10 53.429043 8400
    112 13 10 53.439042 13 10 53.439042 8400
    113 13 10 53.449095 13 10 53.449095 8400
    114 13 10 53.459141 13 10 53.459141 8400
    115 13 10 53.469329 13 10 53.469329 8400
    116 13 10 53.479056 13 10 53.479056 8400
    117 13 10 53.489086 13 10 53.489086 8400
    118 13 10 53.499155 13 10 53.499155 8400
    119 13 10 53.509087 13 10 53.509087 8400
    120 13 10 53.519087 13 10 53.519087 8400
    121 13 10 53.529107 13 10 53.529107 8400
    122 13 10 53.539141 13 10 53.539141 8400
    123 13 10 53.549112 13 10 53.549112 8400
    124 13 10 53.559112 13 10 53.559112 8400
    125 13 10 53.569043 13 10 53.569043 8400
    126 13 10 53.579073 13 10 53.579073 8400
    127 13 10 53.589042 13 10 53.589042 8400
    128 13 10 53.599077 13 10 53.599077 8400
    129 13 10 53.609099 13 10 53.609099 8400
    130 13 10 53.619086 13 10 53.619086 8400
    131 13 10 53.629047 13 10 53.629047 8400
    132 13 10 53.639220 13 10 53.639220 8400
    133 13 10 53.649098 13 10 53.649098 8400
    134 13 10 53.659100 13 10 53.659100 8400
    135 13 10 53.669055 13 10 53.669055 8400
    136 13 10 53.679571 13 10 53.679571 8400
    137 13 10 53.688979 13 10 53.688979 8400
    138 13 10 53.699134 13 10 53.699134 8400
    139 13 10 53.709049 13 10 53.709049 8400
    140 13 10 53.719118 13 10 53.719118 8400
    141 13 10 53.729094 13 10 53.729094 8400
    142 13 10 53.739198 13 10 53.739198 8400
    143 13 10 53.749155 13 10 53.749155 8400
    144 13 10 53.759109 13 10 53.759109 8400
    145 13 10 53.769047 13 10 53.769047 8400
    146 13 10 53.779041 13 10 53.779041 8400
    147 13 10 53.789042 13 10 53.789042 8400
    148 13 10 53.799041 13 10 53.799041 8400
    149 13 10 53.809038 13 10 53.809038 8400
    150 13 10 53.819042 13 10 53.819042 8400
    151 13 10 53.829044 13 10 53.829044 8400
    152 13 10 53.839087 13 10 53.839087 8400
    153 13 10 53.849043 13 10 53.849043 8400
    154 13 10 53.859175 13 10 53.859175 8400
    155 13 10 53.869081 13 10 53.869081 8400
    156 13 10 53.879268 13 10 53.879268 8400
    157 13 10 53.889051 13 10 53.889051 8400
    158 13 10 53.899171 13 10 53.899171 8400
    159 13 10 53.909255 13 10 53.909255 8400
    160 13 10 53.919159 13 10 53.919159 8400
    161 13 10 53.929400 13 10 53.929400 8400
    162 13 10 53.939179 13 10 53.939179 8400
    163 13 10 53.950082 13 10 53.950082 8400
    164 13 10 53.959212 13 10 53.959212 8400
    165 13 10 53.969129 13 10 53.969129 8400
    166 13 10 53.979823 13 10 53.979823 8400
    167 13 10 53.989141 13 10 53.989141 8400
    168 13 10 53.999045 13 10 53.999045 8400
    169 13 10 54.009067 13 10 54.009067 8400
    170 13 10 54.019128 13 10 54.019128 8400
    171 13 10 54.029049 13 10 54.029049 8400
    172 13 10 54.039073 13 10 54.039073 8400
    173 13 10 54.049066 13 10 54.049066 8400
    174 13 10 54.059050 13 10 54.059050 8400
    175 13 10 54.069063 13 10 54.069063 8400
    176 13 10 54.079044 13 10 54.079044 8400
    177 13 10 54.089132 13 10 54.089132 8400
    178 13 10 54.099169 13 10 54.099169 8400
    179 13 10 54.109093 13 10 54.109093 8400
    180 13 10 54.119141 13 10 54.119141 8400
    181 13 10 54.129091 13 10 54.129091 8400
    182 13 10 54.139139 13 10 54.139139 8400
    183 13 10 54.149056 13 10 54.149056 8400
    184 13 10 54.159078 13 10 54.159078 8400
    185 13 10 54.169111 13 10 54.169111 8400
    186 13 10 54.179157 13 10 54.179157 8400
    187 13 10 54.189050 13 10 54.189050 8400
    188 13 10 54.199047 13 10 54.199047 8400
    189 13 10 54.209060 13 10 54.209060 8400
    190 13 10 54.219047 13 10 54.219047 8400
    191 13 10 54.229044 13 10 54.229044 8400
    192 13 10 54.239046 13 10 54.239046 8400
    193 13 10 54.249045 13 10 54.249045 8400
    194 13 10 54.259177 13 10 54.259177 8400
    195 13 10 54.269108 13 10 54.269108 8400
    196 13 10 54.279063 13 10 54.279063 8400
    197 13 10 54.289101 13 10 54.289101 8400
    198 13 10 54.299067 13 10 54.299067 8400
    199 13 10 54.309035 13 10 54.309035 8400
    200 13 10 54.319184 13 10 54.319184 8400
    201 13 10 54.329118 13 10 54.329118 8400
    202 13 10 54.339080 13 10 54.339080 8400
    203 13 10 54.349079 13 10 54.349079 8400
    204 13 10 54.359110 13 10 54.359110 8400
    205 13 10 54.369180 13 10 54.369180 8400
    206 13 10 54.379049 13 10 54.379049 8400
    207 13 10 54.389200 13 10 54.389200 8400
    208 13 10 54.399158 13 10 54.399158 8400
    209 13 10 54.409047 13 10 54.409047 8400
    210 13 10 54.419091 13 10 54.419091 8400
    211 13 10 54.429059 13 10 54.429059 8400
    212 13 10 54.439084 13 10 54.439084 8400
    213 13 10 54.449088 13 10 54.449088 8400
    214 13 10 54.459007 13 10 54.459007 8400
    215 13 10 54.469141 13 10 54.469141 8400
    216 13 10 54.479199 13 10 54.479199 8400
    217 13 10 54.489120 13 10 54.489120 8400
    218 13 10 54.499124 13 10 54.499124 8400
    219 13 10 54.509062 13 10 54.509062 8400
    220 13 10 54.519067 13 10 54.519067 8400
    221 13 10 54.529505 13 10 54.529505 8400
    222 13 10 54.539051 13 10 54.539051 8400
    223 13 10 54.549109 13 10 54.549109 8400
    224 13 10 54.559282 13 10 54.559282 8400
    225 13 10 54.569135 13 10 54.569135 8400
    226 13 10 54.579163 13 10 54.579163 8400
    227 13 10 54.589134 13 10 54.589134 8400
    228 13 10 54.599128 13 10 54.599128 8400
    229 13 10 54.609189 13 10 54.609189 8400
    230 13 10 54.619287 13 10 54.619287 8400
    231 13 10 54.629303 13 10 54.629303 8400
    232 13 10 54.639054 13 10 54.639054 8400
    233 13 10 54.649160 13 10 54.649160 8400
    234 13 10 54.659131 13 10 54.659131 8400
    235 13 10 54.669164 13 10 54.669164 8400
    236 13 10 54.679184 13 10 54.679184 8400
    237 13 10 54.689126 13 10 54.689126 8400
    238 13 10 54.699125 13 10 54.699125 8400
    239 13 10 54.709159 13 10 54.709159 8400
    240 13 10 54.719045 13 10 54.719045 8400
    241 13 10 54.729047 13 10 54.729047 8400
    242 13 10 54.739099 13 10 54.739099 8400
    243 13 10 54.749098 13 10 54.749098 8400
    244 13 10 54.759058 13 10 54.759058 8400
    245 13 10 54.769123 13 10 54.769123 8400
    246 13 10 54.779228 13 10 54.779228 8400
    247 13 10 54.789132 13 10 54.789132 8400
    248 13 10 54.799131 13 10 54.799131 8400
    249 13 10 54.809061 13 10 54.809061 8400
    250 13 10 54.819043 13 10 54.819043 8400
    251 13 10 54.829048 13 10 54.829048 8400
    252 13 10 54.839053 13 10 54.839053 8400
    253 13 10 54.849088 13 10 54.849088 8400
    254 13 10 54.859833 13 10 54.859833 8400
    255 13 10 54.869135 13 10 54.869135 8400
    256 13 10 54.879047 13 10 54.879047 8400
    257 13 10 54.889055 13 10 54.889055 8400
    258 13 10 54.899031 13 10 54.899031 8400
    259 13 10 54.909036 13 10 54.909036 8400
    260 13 10 54.919054 13 10 54.919054 8400
    261 13 10 54.929059 13 10 54.929059 8400
    262 13 10 54.939129 13 10 54.939129 8400
    263 13 10 54.949153 13 10 54.949153 8400
    264 13 10 54.959091 13 10 54.959091 8400
    265 13 10 54.969073 13 10 54.969073 8400
    266 13 10 54.979101 13 10 54.979101 8400
    267 13 10 54.989144 13 10 54.989144 8400
    268 13 10 54.999054 13 10 54.999054 8400
    269 13 10 55.009137 13 10 55.009137 8400
    270 13 10 55.019131 13 10 55.019131 8400
    271 13 10 55.029043 13 10 55.029043 8400
    272 13 10 55.039042 13 10 55.039042 8400
    273 13 10 55.049233 13 10 55.049233 8400
    274 13 10 55.059052 13 10 55.059052 8400
    275 13 10 55.069203 13 10 55.069203 8400
    276 13 10 55.079127 13 10 55.079127 8400
    277 13 10 55.089103 13 10 55.089103 8400
    278 13 10 55.099043 13 10 55.099043 8400
    279 13 10 55.109042 13 10 55.109042 8400
    280 13 10 55.119055 13 10 55.119055 8400
    281 13 10 55.129041 13 10 55.129041 8400
    282 13 10 55.139640 13 10 55.139640 8400
    283 13 10 55.149090 13 10 55.149090 8400
    284 13 10 55.159109 13 10 55.159109 8400
    285 13 10 55.169117 13 10 55.169117 8400
    286 13 10 55.179048 13 10 55.179048 8400
    287 13 10 55.189109 13 10 55.189109 8400
    288 13 10 55.199109 13 10 55.199109 8400
    289 13 10 55.209051 13 10 55.209051 8400
    290 13 10 55.219121 13 10 55.219121 8400
    291 13 10 55.229016 13 10 55.229016 8400
    292 13 10 55.239092 13 10 55.239092 8400
    293 13 10 55.248990 13 10 55.248990 8400
    294 13 10 55.259103 13 10 55.259103 8400
    295 13 10 55.269098 13 10 55.269098 8400
    296 13 10 55.279153 13 10 55.279153 8400
    297 13 10 55.289118 13 10 55.289118 8400
    298 13 10 55.299168 13 10 55.299168 8400
    299 13 10 55.309050 13 10 55.309050 8400
    300 13 10 55.319054 13 10 55.319054 8400
    301 13 10 55.329093 13 10 55.329093 8400
    302 13 10 55.339764 13 10 55.339764 8400
    303 13 10 55.348993 13 10 55.348993 8400
    304 13 10 55.359307 13 10 55.359307 8400
    305 13 10 55.369118 13 10 55.369118 8400
    306 13 10 55.379112 13 10 55.379112 8400
    307 13 10 55.389118 13 10 55.389118 8400
    308 13 10 55.399053 13 10 55.399053 8400
    309 13 10 55.409109 13 10 55.409109 8400
    310 13 10 55.419049 13 10 55.419049 8400
    311 13 10 55.429043 13 10 55.429043 8400
    312 13 10 55.439058 13 10 55.439058 8400
    313 13 10 55.449061 13 10 55.449061 8400
    314 13 10 55.459068 13 10 55.459068 8400
    315 13 10 55.469129 13 10 55.469129 8400
    316 13 10 55.479078 13 10 55.479078 8400
    317 13 10 55.489167 13 10 55.489167 8400
    318 13 10 55.499163 13 10 55.499163 8400
    319 13 10 55.509096 13 10 55.509096 8400
    320 13 10 55.519067 13 10 55.519067 8400
    321 13 10 55.529044 13 10 55.529044 8400
    322 13 10 55.539177 13 10 55.539177 8400
    323 13 10 55.549081 13 10 55.549081 8400
    324 13 10 55.559144 13 10 55.559144 8400
    325 13 10 55.569108 13 10 55.569108 8400
    326 13 10 55.579101 13 10 55.579101 8400
    327 13 10 55.589061 13 10 55.589061 8400
    328 13 10 55.599117 13 10 55.599117 8400
    329 13 10 55.609101 13 10 55.609101 8400
    330 13 10 55.619045 13 10 55.619045 8400
    331 13 10 55.629044 13 10 55.629044 8400
    332 13 10 55.639043 13 10 55.639043 8400
    333 13 10 55.649045 13 10 55.649045 8400
    334 13 10 55.659239 13 10 55.659239 8400
    335 13 10 55.669170 13 10 55.669170 8400
    336 13 10 55.679147 13 10 55.679147 8400
    337 13 10 55.689106 13 10 55.689106 8400
    338 13 10 55.699117 13 10 55.699117 8400
    339 13 10 55.709045 13 10 55.709045 8400
    340 13 10 55.719036 13 10 55.719036 8400
    341 13 10 55.729044 13 10 55.729044 8400
    342 13 10 55.740104 13 10 55.740104 8400
    343 13 10 55.749082 13 10 55.749082 8400
    344 13 10 55.759110 13 10 55.759110 8400
    345 13 10 55.769041 13 10 55.769041 8400
    346 13 10 55.779116 13 10 55.779116 8400
    347 13 10 55.789112 13 10 55.789112 8400
    348 13 10 55.799064 13 10 55.799064 8400
    349 13 10 55.809097 13 10 55.809097 8400
    350 13 10 55.819048 13 10 55.819048 8400
    351 13 10 55.829044 13 10 55.829044 8400
    352 13 10 55.839007 13 10 55.839007 8400
    353 13 10 55.849043 13 10 55.849043 8400
    354 13 10 55.859107 13 10 55.859107 8400
    355 13 10 55.869106 13 10 55.869106 8400
    356 13 10 55.879100 13 10 55.879100 8400
    357 13 10 55.889178 13 10 55.889178 8400
    358 13 10 55.899107 13 10 55.899107 8400
    359 13 10 55.909027 13 10 55.909027 8400
    360 13 10 55.919049 13 10 55.919049 8400
    361 13 10 55.929057 13 10 55.929057 8400
    362 13 10 55.939117 13 10 55.939117 8400
    363 13 10 55.949078 13 10 55.949078 8400
    364 13 10 55.959103 13 10 55.959103 8400
    365 13 10 55.969127 13 10 55.969127 8400
    366 13 10 55.979477 13 10 55.979477 8400
    367 13 10 55.989111 13 10 55.989111 8400
    368 13 10 55.999115 13 10 55.999115 8400
    369 13 10 56.009112 13 10 56.009112 8400
    370 13 10 56.019103 13 10 56.019103 8400
    371 13 10 56.029043 13 10 56.029043 8400
    372 13 10 56.039054 13 10 56.039054 8400
    373 13 10 56.049052 13 10 56.049052 8400
    374 13 10 56.059109 13 10 56.059109 8400
    375 13 10 56.069119 13 10 56.069119 8400
    376 13 10 56.079099 13 10 56.079099 8400
    377 13 10 56.089080 13 10 56.089080 8400
    378 13 10 56.099071 13 10 56.099071 8400
    379 13 10 56.108995 13 10 56.108995 8400
    380 13 10 56.119055 13 10 56.119055 8400
    381 13 10 56.129055 13 10 56.129055 8400
    382 13 10 56.139324 13 10 56.139324 8400
    383 13 10 56.149079 13 10 56.149079 8400
    384 13 10 56.159385 13 10 56.159385 8400
    385 13 10 56.169113 13 10 56.169113 8400
    386 13 10 56.179057 13 10 56.179057 8400
    387 13 10 56.189109 13 10 56.189109 8400
    388 13 10 56.199106 13 10 56.199106 8400
    389 13 10 56.209107 13 10 56.209107 8400
    390 13 10 56.219123 13 10 56.219123 8400
    391 13 10 56.229047 13 10 56.229047 8400
    392 13 10 56.239057 13 10 56.239057 8400
    393 13 10 56.249043 13 10 56.249043 8400
    394 13 10 56.259028 13 10 56.259028 8400
    395 13 10 56.269112 13 10 56.269112 8400
    396 13 10 56.279113 13 10 56.279113 8400
    397 13 10 56.289107 13 10 56.289107 8400
    398 13 10 56.299036 13 10 56.299036 8400
    399 13 10 56.309049 13 10 56.309049 8400
    400 13 10 56.319093 13 10 56.319093 8400
    401 13 10 56.329048 13 10 56.329048 8400
    402 13 10 56.339179 13 10 56.339179 8400
    403 13 10 56.349114 13 10 56.349114 8400
    404 13 10 56.359110 13 10 56.359110 8400
    405 13 10 56.369109 13 10 56.369109 8400
    406 13 10 56.379105 13 10 56.379105 8400
    407 13 10 56.389102 13 10 56.389102 8400
    408 13 10 56.399118 13 10 56.399118 8400
    409 13 10 56.409109 13 10 56.409109 8400
    410 13 10 56.419122 13 10 56.419122 8400
    411 13 10 56.429037 13 10 56.429037 8400
    412 13 10 56.439131 13 10 56.439131 8400
    413 13 10 56.449058 13 10 56.449058 8400
    414 13 10 56.459234 13 10 56.459234 8400
    415 13 10 56.469071 13 10 56.469071 8400
    416 13 10 56.479114 13 10 56.479114 8400
    417 13 10 56.489246 13 10 56.489246 8400
    418 13 10 56.499173 13 10 56.499173 8400
    419 13 10 56.509110 13 10 56.509110 8400
    420 13 10 56.519072 13 10 56.519072 8400
    421 13 10 56.529046 13 10 56.529046 8400
    422 13 10 56.539098 13 10 56.539098 8400
    423 13 10 56.549132 13 10 56.549132 8400
    424 13 10 56.559069 13 10 56.559069 8400
    425 13 10 56.569110 13 10 56.569110 8400
    426 13 10 56.579079 13 10 56.579079 8400
    427 13 10 56.589115 13 10 56.589115 8400
    428 13 10 56.599116 13 10 56.599116 8400
    429 13 10 56.609040 13 10 56.609040 8400
    430 13 10 56.619076 13 10 56.619076 8400
    431 13 10 56.629053 13 10 56.629053 8400
    432 13 10 56.639048 13 10 56.639048 8400
    433 13 10 56.649042 13 10 56.649042 8400
    434 13 10 56.659098 13 10 56.659098 8400
    435 13 10 56.669100 13 10 56.669100 8400
    436 13 10 56.679116 13 10 56.679116 8400
    437 13 10 56.689110 13 10 56.689110 8400
    438 13 10 56.699044 13 10 56.699044 8400
    439 13 10 56.709051 13 10 56.709051 8400
    440 13 10 56.719043 13 10 56.719043 8400
    441 13 10 56.729044 13 10 56.729044 8400
    442 13 10 56.739117 13 10 56.739117 8400
    443 13 10 56.749116 13 10 56.749116 8400
    444 13 10 56.759050 13 10 56.759050 8400
    445 13 10 56.769115 13 10 56.769115 8400
    446 13 10 56.779139 13 10 56.779139 8400
    447 13 10 56.789065 13 10 56.789065 8400
    448 13 10 56.799115 13 10 56.799115 8400
    449 13 10 56.809106 13 10 56.809106 8400
    450 13 10 56.819048 13 10 56.819048 8400
    451 13 10 56.829048 13 10 56.829048 8400
    452 13 10 56.839069 13 10 56.839069 8400
    453 13 10 56.849068 13 10 56.849068 8400
    454 13 10 56.859124 13 10 56.859124 8400
    455 13 10 56.869128 13 10 56.869128 8400
    456 13 10 56.879103 13 10 56.879103 8400
    457 13 10 56.889068 13 10 56.889068 8400
    458 13 10 56.899110 13 10 56.899110 8400
    459 13 10 56.909112 13 10 56.909112 8400
    460 13 10 56.919075 13 10 56.919075 8400
    461 13 10 56.929057 13 10 56.929057 8400
    462 13 10 56.939189 13 10 56.939189 8400
    463 13 10 56.949162 13 10 56.949162 8400
    464 13 10 56.959127 13 10 56.959127 8400
    465 13 10 56.969084 13 10 56.969084 8400
    466 13 10 56.979112 13 10 56.979112 8400
    467 13 10 56.989119 13 10 56.989119 8400
    468 13 10 56.999184 13 10 56.999184 8400
    469 13 10 57.009050 13 10 57.009050 8400
    470 13 10 57.019044 13 10 57.019044 8400
    471 13 10 57.029128 13 10 57.029128 8400
    472 13 10 57.039062 13 10 57.039062 8400
    473 13 10 57.049052 13 10 57.049052 8400
    474 13 10 57.059159 13 10 57.059159 8400
    475 13 10 57.069183 13 10 57.069183 8400
    476 13 10 57.079045 13 10 57.079045 8400
    477 13 10 57.089118 13 10 57.089118 8400
    478 13 10 57.099111 13 10 57.099111 8400
    479 13 10 57.109118 13 10 57.109118 8400
    480 13 10 57.119056 13 10 57.119056 8400
    481 13 10 57.129044 13 10 57.129044 8400
    482 13 10 57.139220 13 10 57.139220 8400
    483 13 10 57.149124 13 10 57.149124 8400
    484 13 10 57.159275 13 10 57.159275 8400
    485 13 10 57.169133 13 10 57.169133 8400
    486 13 10 57.179043 13 10 57.179043 8400
    487 13 10 57.189072 13 10 57.189072 8400
    488 13 10 57.199134 13 10 57.199134 8400
    489 13 10 57.209046 13 10 57.209046 8400
    490 13 10 57.219070 13 10 57.219070 8400
    491 13 10 57.229047 13 10 57.229047 8400
    492 13 10 57.239109 13 10 57.239109 8400
    493 13 10 57.249051 13 10 57.249051 8400
    494 13 10 57.259154 13 10 57.259154 8400
    495 13 10 57.269120 13 10 57.269120 8400
    496 13 10 57.279119 13 10 57.279119 8400
    497 13 10 57.289107 13 10 57.289107 8400
    498 13 10 57.299114 13 10 57.299114 8400
    499 13 10 57.309055 13 10 57.309055 8400
    500 13 10 57.319062 13 10 57.319062 8400
    501 13 10 57.329048 13 10 57.329048 8400
    502 13 10 57.339148 13 10 57.339148 8400
    503 13 10 57.349108 13 10 57.349108 8400
    504 13 10 57.359136 13 10 57.359136 8400
    505 13 10 57.369121 13 10 57.369121 8400
    506 13 10 57.379128 13 10 57.379128 8400
    507 13 10 57.389127 13 10 57.389127 8400
    508 13 10 57.399127 13 10 57.399127 8400
    509 13 10 57.409114 13 10 57.409114 8400
    510 13 10 57.419047 13 10 57.419047 8400
    511 13 10 57.429037 13 10 57.429037 8400
    512 13 10 57.439047 13 10 57.439047 8400
    513 13 10 57.449049 13 10 57.449049 8400
    514 13 10 57.459263 13 10 57.459263 8400
    515 13 10 57.469037 13 10 57.469037 8400
    516 13 10 57.479050 13 10 57.479050 8400
    517 13 10 57.489105 13 10 57.489105 8400
    518 13 10 57.499118 13 10 57.499118 8400
    519 13 10 57.509115 13 10 57.509115 8400
    520 13 10 57.519058 13 10 57.519058 8400
    521 13 10 57.529041 13 10 57.529041 8400
    522 13 10 57.539076 13 10 57.539076 8400
    523 13 10 57.549120 13 10 57.549120 8400
    524 13 10 57.559099 13 10 57.559099 8400
    525 13 10 57.569114 13 10 57.569114 8400
    526 13 10 57.579084 13 10 57.579084 8400
    527 13 10 57.589103 13 10 57.589103 8400
    528 13 10 57.599117 13 10 57.599117 8400
    529 13 10 57.609102 13 10 57.609102 8400
    530 13 10 57.619072 13 10 57.619072 8400
    531 13 10 57.629043 13 10 57.629043 8400
    532 13 10 57.639088 13 10 57.639088 8400
    533 13 10 57.649044 13 10 57.649044 8400
    534 13 10 57.659073 13 10 57.659073 8400
    535 13 10 57.669108 13 10 57.669108 8400
    536 13 10 57.679048 13 10 57.679048 8400
    537 13 10 57.689103 13 10 57.689103 8400
    538 13 10 57.699109 13 10 57.699109 8400
    539 13 10 57.709046 13 10 57.709046 8400
    540 13 10 57.719078 13 10 57.719078 8400
    541 13 10 57.729059 13 10 57.729059 8400
    542 13 10 57.739130 13 10 57.739130 8400
    543 13 10 57.749068 13 10 57.749068 8400
    544 13 10 57.759056 13 10 57.759056 8400
    545 13 10 57.769125 13 10 57.769125 8400
    546 13 10 57.779110 13 10 57.779110 8400
    547 13 10 57.789115 13 10 57.789115 8400
    548 13 10 57.799118 13 10 57.799118 8400
    549 13 10 57.809103 13 10 57.809103 8400
    550 13 10 57.819054 13 10 57.819054 8400
    551 13 10 57.829048 13 10 57.829048 8400
    552 13 10 57.839018 13 10 57.839018 8400
    553 13 10 57.849046 13 10 57.849046 8400
    554 13 10 57.859445 13 10 57.859445 8400
    555 13 10 57.869059 13 10 57.869059 8400
    556 13 10 57.879098 13 10 57.879098 8400
    557 13 10 57.889107 13 10 57.889107 8400
    558 13 10 57.899073 13 10 57.899073 8400
    559 13 10 57.909058 13 10 57.909058 8400
    560 13 10 57.919043 13 10 57.919043 8400
    561 13 10 57.929048 13 10 57.929048 8400
    562 13 10 57.939124 13 10 57.939124 8400
    563 13 10 57.949067 13 10 57.949067 8400
    564 13 10 57.959003 13 10 57.959003 8400
    565 13 10 57.969065 13 10 57.969065 8400
    566 13 10 57.981240 13 10 57.981240 8400
    567 13 10 57.989105 13 10 57.989105 8400
    568 13 10 57.999239 13 10 57.999239 8400
    569 13 10 58.009106 13 10 58.009106 8400
    570 13 10 58.019179 13 10 58.019179 8400
    571 13 10 58.029043 13 10 58.029043 8400
    572 13 10 58.039105 13 10 58.039105 8400
    573 13 10 58.049067 13 10 58.049067 8400
    574 13 10 58.059735 13 10 58.059735 8400
    575 13 10 58.069088 13 10 58.069088 8400
    576 13 10 58.079121 13 10 58.079121 8400
    577 13 10 58.089105 13 10 58.089105 8400
    578 13 10 58.099049 13 10 58.099049 8400
    579 13 10 58.109070 13 10 58.109070 8400
    580 13 10 58.119075 13 10 58.119075 8400
    581 13 10 58.129108 13 10 58.129108 8400
    582 13 10 58.139145 13 10 58.139145 8400
    583 13 10 58.149109 13 10 58.149109 8400
    584 13 10 58.159078 13 10 58.159078 8400
    585 13 10 58.169110 13 10 58.169110 8400
    586 13 10 58.179115 13 10 58.179115 8400
    587 13 10 58.189081 13 10 58.189081 8400
    588 13 10 58.199092 13 10 58.199092 8400
    589 13 10 58.209110 13 10 58.209110 8400
    590 13 10 58.219045 13 10 58.219045 8400
    591 13 10 58.229030 13 10 58.229030 8400
    592 13 10 58.239078 13 10 58.239078 8400
    593 13 10 58.249062 13 10 58.249062 8400
    594 13 10 58.259461 13 10 58.259461 8400
    595 13 10 58.269081 13 10 58.269081 8400
    596 13 10 58.279108 13 10 58.279108 8400
    597 13 10 58.289144 13 10 58.289144 8400
    598 13 10 58.299162 13 10 58.299162 8400
    599 13 10 58.309125 13 10 58.309125 8400
    600 13 10 58.319043 13 10 58.319043 8400
    601 13 10 58.329045 13 10 58.329045 8400
    602 13 10 58.339179 13 10 58.339179 8400
    603 13 10 58.349124 13 10 58.349124 8400
    604 13 10 58.359127 13 10 58.359127 8400
    605 13 10 58.369101 13 10 58.369101 8400
    606 13 10 58.379126 13 10 58.379126 8400
    607 13 10 58.389119 13 10 58.389119 8400
    608 13 10 58.399121 13 10 58.399121 8400
    609 13 10 58.409117 13 10 58.409117 8400
    610 13 10 58.419119 13 10 58.419119 8400
    611 13 10 58.429031 13 10 58.429031 8400
    612 13 10 58.439061 13 10 58.439061 8400
    613 13 10 58.449047 13 10 58.449047 8400
    614 13 10 58.459802 13 10 58.459802 8400
    615 13 10 58.469110 13 10 58.469110 8400
    616 13 10 58.479126 13 10 58.479126 8400
    617 13 10 58.489896 13 10 58.489896 8400
    618 13 10 58.499198 13 10 58.499198 8400
    619 13 10 58.509061 13 10 58.509061 8400
    620 13 10 58.519075 13 10 58.519075 8400
    621 13 10 58.529046 13 10 58.529046 8400
    622 13 10 58.539101 13 10 58.539101 8400
    623 13 10 58.549064 13 10 58.549064 8400
    624 13 10 58.559100 13 10 58.559100 8400
    625 13 10 58.569127 13 10 58.569127 8400
    626 13 10 58.579047 13 10 58.579047 8400
    627 13 10 58.589105 13 10 58.589105 8400
    628 13 10 58.599060 13 10 58.599060 8400
    629 13 10 58.609122 13 10 58.609122 8400
    630 13 10 58.619047 13 10 58.619047 8400
    631 13 10 58.629044 13 10 58.629044 8400
    632 13 10 58.639051 13 10 58.639051 8400
    633 13 10 58.649068 13 10 58.649068 8400
    634 13 10 58.659086 13 10 58.659086 8400
    635 13 10 58.669122 13 10 58.669122 8400
    636 13 10 58.679062 13 10 58.679062 8400
    637 13 10 58.689067 13 10 58.689067 8400
    638 13 10 58.699103 13 10 58.699103 8400
    639 13 10 58.709043 13 10 58.709043 8400
    640 13 10 58.719064 13 10 58.719064 8400
    641 13 10 58.729041 13 10 58.729041 8400
    642 13 10 58.739283 13 10 58.739283 8400
    643 13 10 58.749130 13 10 58.749130 8400
    644 13 10 58.759118 13 10 58.759118 8400
    645 13 10 58.769072 13 10 58.769072 8400
    646 13 10 58.779127 13 10 58.779127 8400
    647 13 10 58.789118 13 10 58.789118 8400
    648 13 10 58.799078 13 10 58.799078 8400
    649 13 10 58.809108 13 10 58.809108 8400
    650 13 10 58.819136 13 10 58.819136 8400
    651 13 10 58.829050 13 10 58.829050 8400
    652 13 10 58.839163 13 10 58.839163 8400
    653 13 10 58.849046 13 10 58.849046 8400
    654 13 10 58.859130 13 10 58.859130 8400
    655 13 10 58.869128 13 10 58.869128 8400
    656 13 10 58.879136 13 10 58.879136 8400
    657 13 10 58.889071 13 10 58.889071 8400
    658 13 10 58.899092 13 10 58.899092 8400
    659 13 10 58.908993 13 10 58.908993 8400
    660 13 10 58.919092 13 10 58.919092 8400
    661 13 10 58.929048 13 10 58.929048 8400
    662 13 10 58.939191 13 10 58.939191 8400
    663 13 10 58.949120 13 10 58.949120 8400
    664 13 10 58.959175 13 10 58.959175 8400
    665 13 10 58.969073 13 10 58.969073 8400
    666 13 10 58.980736 13 10 58.980736 8400
    667 13 10 58.989080 13 10 58.989080 8400
    668 13 10 58.999178 13 10 58.999178 8400
    669 13 10 59.009045 13 10 59.009045 8400
    670 13 10 59.019351 13 10 59.019351 8400
    671 13 10 59.029048 13 10 59.029048 8400
    672 13 10 59.039090 13 10 59.039090 8400
    673 13 10 59.049045 13 10 59.049045 8400
    674 13 10 59.059153 13 10 59.059153 8400
    675 13 10 59.069138 13 10 59.069138 8400
    676 13 10 59.079079 13 10 59.079079 8400
    677 13 10 59.089072 13 10 59.089072 8400
    678 13 10 59.099127 13 10 59.099127 8400
    679 13 10 59.109119 13 10 59.109119 8400
    680 13 10 59.119047 13 10 59.119047 8400
    681 13 10 59.129046 13 10 59.129046 8400
    682 13 10 59.139217 13 10 59.139217 8400
    683 13 10 59.149127 13 10 59.149127 8400
    684 13 10 59.159125 13 10 59.159125 8400
    685 13 10 59.169074 13 10 59.169074 8400
    686 13 10 59.179076 13 10 59.179076 8400
    687 13 10 59.189140 13 10 59.189140 8400
    688 13 10 59.199108 13 10 59.199108 8400
    689 13 10 59.209119 13 10 59.209119 8400
    690 13 10 59.219121 13 10 59.219121 8400
    691 13 10 59.229117 13 10 59.229117 8400
    692 13 10 59.239046 13 10 59.239046 8400
    693 13 10 59.249049 13 10 59.249049 8400
    694 13 10 59.259078 13 10 59.259078 8400
    695 13 10 59.269060 13 10 59.269060 8400
    696 13 10 59.279046 13 10 59.279046 8400
    697 13 10 59.289112 13 10 59.289112 8400
    698 13 10 59.299047 13 10 59.299047 8400
    699 13 10 59.309049 13 10 59.309049 8400
    700 13 10 59.319077 13 10 59.319077 8400
    701 13 10 59.329050 13 10 59.329050 8400
    702 13 10 59.339151 13 10 59.339151 8400
    703 13 10 59.349130 13 10 59.349130 8400
    704 13 10 59.359087 13 10 59.359087 8400
    705 13 10 59.369143 13 10 59.369143 8400
    706 13 10 59.379108 13 10 59.379108 8400
    707 13 10 59.389116 13 10 59.389116 8400
    708 13 10 59.399062 13 10 59.399062 8400
    709 13 10 59.409109 13 10 59.409109 8400
    710 13 10 59.419074 13 10 59.419074 8400
    711 13 10 59.429053 13 10 59.429053 8400
    712 13 10 59.439072 13 10 59.439072 8400
    713 13 10 59.449057 13 10 59.449057 8400
    714 13 10 59.459128 13 10 59.459128 8400
    715 13 10 59.469127 13 10 59.469127 8400
    716 13 10 59.479090 13 10 59.479090 8400
    717 13 10 59.489051 13 10 59.489051 8400
    718 13 10 59.499124 13 10 59.499124 8400
    719 13 10 59.509042 13 10 59.509042 8400
    720 13 10 59.519080 13 10 59.519080 8400
    721 13 10 59.529091 13 10 59.529091 8400
    722 13 10 59.538983 13 10 59.538983 8400
    723 13 10 59.549264 13 10 59.549264 8400
    724 13 10 59.559142 13 10 59.559142 8400
    725 13 10 59.569163 13 10 59.569163 8400
    726 13 10 59.579343 13 10 59.579343 8400
    727 13 10 59.589171 13 10 59.589171 8400
    728 13 10 59.599167 13 10 59.599167 8400
    729 13 10 59.609065 13 10 59.609065 8400
    730 13 10 59.619120 13 10 59.619120 8400
    731 13 10 59.629046 13 10 59.629046 8400
    732 13 10 59.639060 13 10 59.639060 8400
    733 13 10 59.649047 13 10 59.649047 8400
    734 13 10 59.659202 13 10 59.659202 8400
    735 13 10 59.669123 13 10 59.669123 8400
    736 13 10 59.679175 13 10 59.679175 8400
    737 13 10 59.689115 13 10 59.689115 8400
    738 13 10 59.699134 13 10 59.699134 8400
    739 13 10 59.709108 13 10 59.709108 8400
    740 13 10 59.719020 13 10 59.719020 8400
    741 13 10 59.729027 13 10 59.729027 8400
    742 13 10 59.739091 13 10 59.739091 8400
    743 13 10 59.749113 13 10 59.749113 8400
    744 13 10 59.759123 13 10 59.759123 8400
    745 13 10 59.769109 13 10 59.769109 8400
    746 13 10 59.779113 13 10 59.779113 8400
    747 13 10 59.789062 13 10 59.789062 8400
    748 13 10 59.799095 13 10 59.799095 8400
    749 13 10 59.809117 13 10 59.809117 8400
    750 13 10 59.819034 13 10 59.819034 8400
    751 13 10 59.829031 13 10 59.829031 8400
    752 13 10 59.839046 13 10 59.839046 8400
    753 13 10 59.849074 13 10 59.849074 8400
    754 13 10 59.859130 13 10 59.859130 8400
    755 13 10 59.869120 13 10 59.869120 8400
    756 13 10 59.879119 13 10 59.879119 8400
    757 13 10 59.889049 13 10 59.889049 8400
    758 13 10 59.899118 13 10 59.899118 8400
    759 13 10 59.909044 13 10 59.909044 8400
    760 13 10 59.919046 13 10 59.919046 8400
    761 13 10 59.929048 13 10 59.929048 8400
    762 13 10 59.939089 13 10 59.939089 8400
    763 13 10 59.949072 13 10 59.949072 8400
    764 13 10 59.959077 13 10 59.959077 8400
    765 13 10 59.969042 13 10 59.969042 8400
    766 13 10 59.979469 13 10 59.979469 8400
    767 13 10 59.989092 13 10 59.989092 8400
    768 13 10 59.999096 13 10 59.999096 8400
    769 13 11 0.009095 13 11 0.009095 8400
    770 13 11 0.019105 13 11 0.019105 8400
    771 13 11 0.029032 13 11 0.029032 8400
    772 13 11 0.039099 13 11 0.039099 8400
    773 13 11 0.049052 13 11 0.049052 8400
    774 13 11 0.059056 13 11 0.059056 8400
    775 13 11 0.069153 13 11 0.069153 8400
    776 13 11 0.079156 13 11 0.079156 8400
    777 13 11 0.089044 13 11 0.089044 8400
    778 13 11 0.099116 13 11 0.099116 8400
    779 13 11 0.109067 13 11 0.109067 8400
    780 13 11 0.119075 13 11 0.119075 8400
    781 13 11 0.129030 13 11 0.129030 8400
    782 13 11 0.139105 13 11 0.139105 8400
    783 13 11 0.149898 13 11 0.149898 8400
    784 13 11 0.159093 13 11 0.159093 8400
    785 13 11 0.169107 13 11 0.169107 8400
    786 13 11 0.179110 13 11 0.179110 8400
    787 13 11 0.189091 13 11 0.189091 8400
    788 13 11 0.199139 13 11 0.199139 8400
    789 13 11 0.209052 13 11 0.209052 8400
    790 13 11 0.219108 13 11 0.219108 8400
    791 13 11 0.229118 13 11 0.229118 8400
    792 13 11 0.239121 13 11 0.239121 8400
    793 13 11 0.249041 13 11 0.249041 8400
    794 13 11 0.259187 13 11 0.259187 8400
    795 13 11 0.269073 13 11 0.269073 8400
    796 13 11 0.279148 13 11 0.279148 8400
    797 13 11 0.289050 13 11 0.289050 8400
    798 13 11 0.299076 13 11 0.299076 8400
    799 13 11 0.309104 13 11 0.309104 8400
    800 13 11 0.319052 13 11 0.319052 8400
    801 13 11 0.329046 13 11 0.329046 8400
    802 13 11 0.339116 13 11 0.339116 8400
    803 13 11 0.349081 13 11 0.349081 8400
    804 13 11 0.359196 13 11 0.359196 8400
    805 13 11 0.369126 13 11 0.369126 8400
    806 13 11 0.379143 13 11 0.379143 8400
    807 13 11 0.389045 13 11 0.389045 8400
    808 13 11 0.399066 13 11 0.399066 8400
    809 13 11 0.409122 13 11 0.409122 8400
    810 13 11 0.419116 13 11 0.419116 8400
    811 13 11 0.429054 13 11 0.429054 8400
    812 13 11 0.439122 13 11 0.439122 8400
    813 13 11 0.449047 13 11 0.449047 8400
    814 13 11 0.459132 13 11 0.459132 8400
    815 13 11 0.469167 13 11 0.469167 8400
    816 13 11 0.479176 13 11 0.479176 8400
    817 13 11 0.489120 13 11 0.489120 8400
    818 13 11 0.499125 13 11 0.499125 8400
    819 13 11 0.509112 13 11 0.509112 8400
    820 13 11 0.519068 13 11 0.519068 8400
    821 13 11 0.529047 13 11 0.529047 8400
    822 13 11 0.539015 13 11 0.539015 8400
    823 13 11 0.549089 13 11 0.549089 8400
    824 13 11 0.559182 13 11 0.559182 8400
    825 13 11 0.569602 13 11 0.569602 8400
    826 13 11 0.579120 13 11 0.579120 8400
    827 13 11 0.589159 13 11 0.589159 8400
    828 13 11 0.599135 13 11 0.599135 8400
    829 13 11 0.609108 13 11 0.609108 8400
    830 13 11 0.619113 13 11 0.619113 8400
    831 13 11 0.629159 13 11 0.629159 8400
    832 13 11 0.639046 13 11 0.639046 8400
    833 13 11 0.649054 13 11 0.649054 8400
    834 13 11 0.659155 13 11 0.659155 8400
    835 13 11 0.669200 13 11 0.669200 8400
    836 13 11 0.679158 13 11 0.679158 8400
    837 13 11 0.689300 13 11 0.689300 8400
    838 13 11 0.699166 13 11 0.699166 8400
    839 13 11 0.709175 13 11 0.709175 8400
    840 13 11 0.719116 13 11 0.719116 8400
    841 13 11 0.729043 13 11 0.729043 8400
    842 13 11 0.739088 13 11 0.739088 8400
    843 13 11 0.749114 13 11 0.749114 8400
    844 13 11 0.759161 13 11 0.759161 8400
    845 13 11 0.769202 13 11 0.769202 8400
    846 13 11 0.779119 13 11 0.779119 8400
    847 13 11 0.789101 13 11 0.789101 8400
    848 13 11 0.799064 13 11 0.799064 8400
    849 13 11 0.809043 13 11 0.809043 8400
    850 13 11 0.819108 13 11 0.819108 8400
    851 13 11 0.829050 13 11 0.829050 8400
    852 13 11 0.840285 13 11 0.840285 8400
    853 13 11 0.849015 13 11 0.849015 8400
    854 13 11 0.859173 13 11 0.859173 8400
    855 13 11 0.869104 13 11 0.869104 8400
    856 13 11 0.879112 13 11 0.879112 8400
    857 13 11 0.889108 13 11 0.889108 8400
    858 13 11 0.899141 13 11 0.899141 8400
    859 13 11 0.909068 13 11 0.909068 8400
    860 13 11 0.919064 13 11 0.919064 8400
    861 13 11 0.929045 13 11 0.929045 8400
    862 13 11 0.939050 13 11 0.939050 8400
    863 13 11 0.949158 13 11 0.949158 8400
    864 13 11 0.959317 13 11 0.959317 8400
    865 13 11 0.969175 13 11 0.969175 8400
    866 13 11 0.979419 13 11 0.979419 8400
    867 13 11 0.989113 13 11 0.989113 8400
    868 13 11 0.999070 13 11 0.999070 8400
    869 13 11 1.009104 13 11 1.009104 8400
    870 13 11 1.019128 13 11 1.019128 8400
    871 13 11 1.029112 13 11 1.029112 8400
    872 13 11 1.039123 13 11 1.039123 8400
    873 13 11 1.049050 13 11 1.049050 8400
    874 13 11 1.059066 13 11 1.059066 8400
    875 13 11 1.069115 13 11 1.069115 8400
    876 13 11 1.079112 13 11 1.079112 8400
    877 13 11 1.089118 13 11 1.089118 8400
    878 13 11 1.099051 13 11 1.099051 8400
    879 13 11 1.109140 13 11 1.109140 8400
    880 13 11 1.119040 13 11 1.119040 8400
    881 13 11 1.129046 13 11 1.129046 8400
    882 13 11 1.139097 13 11 1.139097 8400
    883 13 11 1.149933 13 11 1.149933 8400
    884 13 11 1.159211 13 11 1.159211 8400
    885 13 11 1.169176 13 11 1.169176 8400
    886 13 11 1.179103 13 11 1.179103 8400
    887 13 11 1.189070 13 11 1.189070 8400
    888 13 11 1.199041 13 11 1.199041 8400
    889 13 11 1.209039 13 11 1.209039 8400
    890 13 11 1.219041 13 11 1.219041 8400
    891 13 11 1.229060 13 11 1.229060 8400
    892 13 11 1.239041 13 11 1.239041 8400
    893 13 11 1.249082 13 11 1.249082 8400
    894 13 11 1.259061 13 11 1.259061 8400
    895 13 11 1.269166 13 11 1.269166 8400
    896 13 11 1.279058 13 11 1.279058 8400
    897 13 11 1.289112 13 11 1.289112 8400
    898 13 11 1.299120 13 11 1.299120 8400
    899 13 11 1.309114 13 11 1.309114 8400
    900 13 11 1.319066 13 11 1.319066 8400
    901 13 11 1.329047 13 11 1.329047 8400
    902 13 11 1.339353 13 11 1.339353 8400
    903 13 11 1.349293 13 11 1.349293 8400
    904 13 11 1.359107 13 11 1.359107 8400
    905 13 11 1.369121 13 11 1.369121 8400
    906 13 11 1.379086 13 11 1.379086 8400
    907 13 11 1.389105 13 11 1.389105 8400
    908 13 11 1.399097 13 11 1.399097 8400
    909 13 11 1.409110 13 11 1.409110 8400
    910 13 11 1.419100 13 11 1.419100 8400
    911 13 11 1.429044 13 11 1.429044 8400
    912 13 11 1.439062 13 11 1.439062 8400
    913 13 11 1.449063 13 11 1.449063 8400
    914 13 11 1.459054 13 11 1.459054 8400
    915 13 11 1.469068 13 11 1.469068 8400
    916 13 11 1.479098 13 11 1.479098 8400
    917 13 11 1.489063 13 11 1.489063 8400
    918 13 11 1.499109 13 11 1.499109 8400
    919 13 11 1.509046 13 11 1.509046 8400
    920 13 11 1.519045 13 11 1.519045 8400
    921 13 11 1.529048 13 11 1.529048 8400
    922 13 11 1.539066 13 11 1.539066 8400
    923 13 11 1.549093 13 11 1.549093 8400
    924 13 11 1.559210 13 11 1.559210 8400
    925 13 11 1.569128 13 11 1.569128 8400
    926 13 11 1.579057 13 11 1.579057 8400
    927 13 11 1.589043 13 11 1.589043 8400
    928 13 11 1.599108 13 11 1.599108 8400
    929 13 11 1.609135 13 11 1.609135 8400
    930 13 11 1.619120 13 11 1.619120 8400
    931 13 11 1.629108 13 11 1.629108 8400
    932 13 11 1.639066 13 11 1.639066 8400
    933 13 11 1.649046 13 11 1.649046 8400
    934 13 11 1.659047 13 11 1.659047 8400
    935 13 11 1.669077 13 11 1.669077 8400
    936 13 11 1.679104 13 11 1.679104 8400
    937 13 11 1.689109 13 11 1.689109 8400
    938 13 11 1.699114 13 11 1.699114 8400
    939 13 11 1.709119 13 11 1.709119 8400
    940 13 11 1.719076 13 11 1.719076 8400
    941 13 11 1.729102 13 11 1.729102 8400
    942 13 11 1.739061 13 11 1.739061 8400
    943 13 11 1.749160 13 11 1.749160 8400
    944 13 11 1.759198 13 11 1.759198 8400
    945 13 11 1.769181 13 11 1.769181 8400
    946 13 11 1.779326 13 11 1.779326 8400
    947 13 11 1.789161 13 11 1.789161 8400
    948 13 11 1.799059 13 11 1.799059 8400
    949 13 11 1.809108 13 11 1.809108 8400
    950 13 11 1.819103 13 11 1.819103 8400
    951 13 11 1.829120 13 11 1.829120 8400
    952 13 11 1.839469 13 11 1.839469 8400
    953 13 11 1.849116 13 11 1.849116 8400
    954 13 11 1.859046 13 11 1.859046 8400
    955 13 11 1.869123 13 11 1.869123 8400
    956 13 11 1.879141 13 11 1.879141 8400
    957 13 11 1.889117 13 11 1.889117 8400
    958 13 11 1.899151 13 11 1.899151 8400
    959 13 11 1.909062 13 11 1.909062 8400
    960 13 11 1.919103 13 11 1.919103 8400
    961 13 11 1.929068 13 11 1.929068 8400
    962 13 11 1.939066 13 11 1.939066 8400
    963 13 11 1.949046 13 11 1.949046 8400
    964 13 11 1.959061 13 11 1.959061 8400
    965 13 11 1.969109 13 11 1.969109 8400
    966 13 11 1.979077 13 11 1.979077 8400
    967 13 11 1.989114 13 11 1.989114 8400
    968 13 11 1.999104 13 11 1.999104 8400
    969 13 11 2.009107 13 11 2.009107 8400
    970 13 11 2.019121 13 11 2.019121 8400
    971 13 11 2.029120 13 11 2.029120 8400
    972 13 11 2.039089 13 11 2.039089 8400
    973 13 11 2.049024 13 11 2.049024 8400
    974 13 11 2.059048 13 11 2.059048 8400
    975 13 11 2.069119 13 11 2.069119 8400
    976 13 11 2.079114 13 11 2.079114 8400
    977 13 11 2.089100 13 11 2.089100 8400
    978 13 11 2.099104 13 11 2.099104 8400
    979 13 11 2.109046 13 11 2.109046 8400
    980 13 11 2.119057 13 11 2.119057 8400
    981 13 11 2.129042 13 11 2.129042 8400
    982 13 11 2.139085 13 11 2.139085 8400
    983 13 11 2.149045 13 11 2.149045 8400
    984 13 11 2.159056 13 11 2.159056 8400
    985 13 11 2.169589 13 11 2.169589 8400
    986 13 11 2.179101 13 11 2.179101 8400
    987 13 11 2.189092 13 11 2.189092 8400
    988 13 11 2.199110 13 11 2.199110 8400
    989 13 11 2.209042 13 11 2.209042 8400
    990 13 11 2.219113 13 11 2.219113 8400
    991 13 11 2.229144 13 11 2.229144 8400
    992 13 11 2.239044 13 11 2.239044 8400
    993 13 11 2.249042 13 11 2.249042 8400
    994 13 11 2.259046 13 11 2.259046 8400
    995 13 11 2.269079 13 11 2.269079 8400
    996 13 11 2.279119 13 11 2.279119 8400
    997 13 11 2.289114 13 11 2.289114 8400
    998 13 11 2.299109 13 11 2.299109 8400
    999 13 11 2.309044 13 11 2.309044 8400
   1000 13 11 2.319103 13 11 2.319103 8400
