      1 13 1 58.355670 13 1 58.355670 8100
      2 13 1 58.365769 13 1 58.365769 8100
      3 13 1 58.375785 13 1 58.375785 8100
      4 13 1 58.386701 13 1 58.386701 8100
      5 13 1 58.395789 13 1 58.395789 8100
      6 13 1 58.405816 13 1 58.405816 8100
      7 13 1 58.415796 13 1 58.415796 8100
      8 13 1 58.426414 13 1 58.426414 8100
      9 13 1 58.435786 13 1 58.435786 8100
     10 13 1 58.446564 13 1 58.446564 8100
     11 13 1 58.455801 13 1 58.455801 8100
     12 13 1 58.465794 13 1 58.465794 8100
     13 13 1 58.476463 13 1 58.476463 8100
     14 13 1 58.485787 13 1 58.485787 8100
     15 13 1 58.495778 13 1 58.495778 8100
     16 13 1 58.505789 13 1 58.505789 8100
     17 13 1 58.516474 13 1 58.516474 8100
     18 13 1 58.525787 13 1 58.525787 8100
     19 13 1 58.535783 13 1 58.535783 8100
     20 13 1 58.545774 13 1 58.545774 8100
     21 13 1 58.555781 13 1 58.555781 8100
     22 13 1 58.565810 13 1 58.565810 8100
     23 13 1 58.575777 13 1 58.575777 8100
     24 13 1 58.585779 13 1 58.585779 8100
     25 13 1 58.595775 13 1 58.595775 8100
     26 13 1 58.605794 13 1 58.605794 8100
     27 13 1 58.615932 13 1 58.615932 8100
     28 13 1 58.626623 13 1 58.626623 8100
     29 13 1 58.636575 13 1 58.636575 8100
     30 13 1 58.645791 13 1 58.645791 8100
     31 13 1 58.655777 13 1 58.655777 8100
     32 13 1 58.666637 13 1 58.666637 8100
     33 13 1 58.675786 13 1 58.675786 8100
     34 13 1 58.685780 13 1 58.685780 8100
     35 13 1 58.695790 13 1 58.695790 8100
     36 13 1 58.705782 13 1 58.705782 8100
     37 13 1 58.715792 13 1 58.715792 8100
     38 13 1 58.725791 13 1 58.725791 8100
     39 13 1 58.735787 13 1 58.735787 8100
     40 13 1 58.746617 13 1 58.746617 8100
     41 13 1 58.756667 13 1 58.756667 8100
     42 13 1 58.765796 13 1 58.765796 8100
     43 13 1 58.775793 13 1 58.775793 8100
     44 13 1 58.785808 13 1 58.785808 8100
     45 13 1 58.795788 13 1 58.795788 8100
     46 13 1 58.805790 13 1 58.805790 8100
     47 13 1 58.815781 13 1 58.815781 8100
     48 13 1 58.825778 13 1 58.825778 8100
     49 13 1 58.835783 13 1 58.835783 8100
     50 13 1 58.845779 13 1 58.845779 8100
     51 13 1 58.855769 13 1 58.855769 8100
     52 13 1 58.865817 13 1 58.865817 8100
     53 13 1 58.875785 13 1 58.875785 8100
     54 13 1 58.885783 13 1 58.885783 8100
     55 13 1 58.896593 13 1 58.896593 8100
     56 13 1 58.905785 13 1 58.905785 8100
     57 13 1 58.915799 13 1 58.915799 8100
     58 13 1 58.926456 13 1 58.926456 8100
     59 13 1 58.935775 13 1 58.935775 8100
     60 13 1 58.945791 13 1 58.945791 8100
     61 13 1 58.955789 13 1 58.955789 8100
     62 13 1 58.965781 13 1 58.965781 8100
     63 13 1 58.975777 13 1 58.975777 8100
     64 13 1 58.985790 13 1 58.985790 8100
     65 13 1 58.995790 13 1 58.995790 8100
     66 13 1 59.005797 13 1 59.005797 8100
     67 13 1 59.015790 13 1 59.015790 8100
     68 13 1 59.025787 13 1 59.025787 8100
     69 13 1 59.035778 13 1 59.035778 8100
     70 13 1 59.045799 13 1 59.045799 8100
     71 13 1 59.056528 13 1 59.056528 8100
     72 13 1 59.065797 13 1 59.065797 8100
     73 13 1 59.075775 13 1 59.075775 8100
     74 13 1 59.086505 13 1 59.086505 8100
     75 13 1 59.095807 13 1 59.095807 8100
     76 13 1 59.105780 13 1 59.105780 8100
     77 13 1 59.115777 13 1 59.115777 8100
     78 13 1 59.125791 13 1 59.125791 8100
     79 13 1 59.135765 13 1 59.135765 8100
     80 13 1 59.146546 13 1 59.146546 8100
     81 13 1 59.156630 13 1 59.156630 8100
     82 13 1 59.165806 13 1 59.165806 8100
     83 13 1 59.175811 13 1 59.175811 8100
     84 13 1 59.185791 13 1 59.185791 8100
     85 13 1 59.195793 13 1 59.195793 8100
     86 13 1 59.205781 13 1 59.205781 8100
     87 13 1 59.215792 13 1 59.215792 8100
     88 13 1 59.225788 13 1 59.225788 8100
     89 13 1 59.235790 13 1 59.235790 8100
     90 13 1 59.245800 13 1 59.245800 8100
     91 13 1 59.256686 13 1 59.256686 8100
     92 13 1 59.265804 13 1 59.265804 8100
     93 13 1 59.275778 13 1 59.275778 8100
     94 13 1 59.285791 13 1 59.285791 8100
     95 13 1 59.295779 13 1 59.295779 8100
     96 13 1 59.305790 13 1 59.305790 8100
     97 13 1 59.316588 13 1 59.316588 8100
     98 13 1 59.325831 13 1 59.325831 8100
     99 13 1 59.335754 13 1 59.335754 8100
    100 13 1 59.345781 13 1 59.345781 8100
    101 13 1 59.355772 13 1 59.355772 8100
    102 13 1 59.365811 13 1 59.365811 8100
    103 13 1 59.376716 13 1 59.376716 8100
    104 13 1 59.385803 13 1 59.385803 8100
    105 13 1 59.395794 13 1 59.395794 8100
    106 13 1 59.405797 13 1 59.405797 8100
    107 13 1 59.415778 13 1 59.415778 8100
    108 13 1 59.425784 13 1 59.425784 8100
    109 13 1 59.435780 13 1 59.435780 8100
    110 13 1 59.445779 13 1 59.445779 8100
    111 13 1 59.455799 13 1 59.455799 8100
    112 13 1 59.465777 13 1 59.465777 8100
    113 13 1 59.476503 13 1 59.476503 8100
    114 13 1 59.485785 13 1 59.485785 8100
    115 13 1 59.495773 13 1 59.495773 8100
    116 13 1 59.506543 13 1 59.506543 8100
    117 13 1 59.515804 13 1 59.515804 8100
    118 13 1 59.525778 13 1 59.525778 8100
    119 13 1 59.535766 13 1 59.535766 8100
    120 13 1 59.545766 13 1 59.545766 8100
    121 13 1 59.555776 13 1 59.555776 8100
    122 13 1 59.566628 13 1 59.566628 8100
    123 13 1 59.575797 13 1 59.575797 8100
    124 13 1 59.586547 13 1 59.586547 8100
    125 13 1 59.595804 13 1 59.595804 8100
    126 13 1 59.605806 13 1 59.605806 8100
    127 13 1 59.615785 13 1 59.615785 8100
    128 13 1 59.625776 13 1 59.625776 8100
    129 13 1 59.635789 13 1 59.635789 8100
    130 13 1 59.646057 13 1 59.646057 8100
    131 13 1 59.655796 13 1 59.655796 8100
    132 13 1 59.665787 13 1 59.665787 8100
    133 13 1 59.675794 13 1 59.675794 8100
    134 13 1 59.685786 13 1 59.685786 8100
    135 13 1 59.695787 13 1 59.695787 8100
    136 13 1 59.705750 13 1 59.705750 8100
    137 13 1 59.715775 13 1 59.715775 8100
    138 13 1 59.725779 13 1 59.725779 8100
    139 13 1 59.735784 13 1 59.735784 8100
    140 13 1 59.745787 13 1 59.745787 8100
    141 13 1 59.755794 13 1 59.755794 8100
    142 13 1 59.765802 13 1 59.765802 8100
    143 13 1 59.775787 13 1 59.775787 8100
    144 13 1 59.785789 13 1 59.785789 8100
    145 13 1 59.795802 13 1 59.795802 8100
    146 13 1 59.805782 13 1 59.805782 8100
    147 13 1 59.816366 13 1 59.816366 8100
    148 13 1 59.825800 13 1 59.825800 8100
    149 13 1 59.835791 13 1 59.835791 8100
    150 13 1 59.845779 13 1 59.845779 8100
    151 13 1 59.855772 13 1 59.855772 8100
    152 13 1 59.865803 13 1 59.865803 8100
    153 13 1 59.875768 13 1 59.875768 8100
    154 13 1 59.885790 13 1 59.885790 8100
    155 13 1 59.895792 13 1 59.895792 8100
    156 13 1 59.905799 13 1 59.905799 8100
    157 13 1 59.915774 13 1 59.915774 8100
    158 13 1 59.926510 13 1 59.926510 8100
    159 13 1 59.935785 13 1 59.935785 8100
    160 13 1 59.945776 13 1 59.945776 8100
    161 13 1 59.955792 13 1 59.955792 8100
    162 13 1 59.965781 13 1 59.965781 8100
    163 13 1 59.976511 13 1 59.976511 8100
    164 13 1 59.985788 13 1 59.985788 8100
    165 13 1 59.995784 13 1 59.995784 8100
    166 13 2 0.005811 13 2 0.005811 8100
    167 13 2 0.015782 13 2 0.015782 8100
    168 13 2 0.025791 13 2 0.025791 8100
    169 13 2 0.035790 13 2 0.035790 8100
    170 13 2 0.045799 13 2 0.045799 8100
    171 13 2 0.055796 13 2 0.055796 8100
    172 13 2 0.065799 13 2 0.065799 8100
    173 13 2 0.075799 13 2 0.075799 8100
    174 13 2 0.085793 13 2 0.085793 8100
    175 13 2 0.095778 13 2 0.095778 8100
    176 13 2 0.105782 13 2 0.105782 8100
    177 13 2 0.115798 13 2 0.115798 8100
    178 13 2 0.125803 13 2 0.125803 8100
    179 13 2 0.135783 13 2 0.135783 8100
    180 13 2 0.145792 13 2 0.145792 8100
    181 13 2 0.155778 13 2 0.155778 8100
    182 13 2 0.165775 13 2 0.165775 8100
    183 13 2 0.175787 13 2 0.175787 8100
    184 13 2 0.185787 13 2 0.185787 8100
    185 13 2 0.195777 13 2 0.195777 8100
    186 13 2 0.205792 13 2 0.205792 8100
    187 13 2 0.215779 13 2 0.215779 8100
    188 13 2 0.225802 13 2 0.225802 8100
    189 13 2 0.235784 13 2 0.235784 8100
    190 13 2 0.245799 13 2 0.245799 8100
    191 13 2 0.255784 13 2 0.255784 8100
    192 13 2 0.265767 13 2 0.265767 8100
    193 13 2 0.275778 13 2 0.275778 8100
    194 13 2 0.285791 13 2 0.285791 8100
    195 13 2 0.295784 13 2 0.295784 8100
    196 13 2 0.305783 13 2 0.305783 8100
    197 13 2 0.315775 13 2 0.315775 8100
    198 13 2 0.325809 13 2 0.325809 8100
    199 13 2 0.336496 13 2 0.336496 8100
    200 13 2 0.346508 13 2 0.346508 8100
    201 13 2 0.355730 13 2 0.355730 8100
    202 13 2 0.365768 13 2 0.365768 8100
    203 13 2 0.375789 13 2 0.375789 8100
    204 13 2 0.386616 13 2 0.386616 8100
    205 13 2 0.396623 13 2 0.396623 8100
    206 13 2 0.406599 13 2 0.406599 8100
    207 13 2 0.415788 13 2 0.415788 8100
    208 13 2 0.426534 13 2 0.426534 8100
    209 13 2 0.436585 13 2 0.436585 8100
    210 13 2 0.445813 13 2 0.445813 8100
    211 13 2 0.455776 13 2 0.455776 8100
    212 13 2 0.465788 13 2 0.465788 8100
    213 13 2 0.475788 13 2 0.475788 8100
    214 13 2 0.485795 13 2 0.485795 8100
    215 13 2 0.495784 13 2 0.495784 8100
    216 13 2 0.505768 13 2 0.505768 8100
    217 13 2 0.515781 13 2 0.515781 8100
    218 13 2 0.525777 13 2 0.525777 8100
    219 13 2 0.536556 13 2 0.536556 8100
    220 13 2 0.545807 13 2 0.545807 8100
    221 13 2 0.555792 13 2 0.555792 8100
    222 13 2 0.565777 13 2 0.565777 8100
    223 13 2 0.575782 13 2 0.575782 8100
    224 13 2 0.585784 13 2 0.585784 8100
    225 13 2 0.595786 13 2 0.595786 8100
    226 13 2 0.605777 13 2 0.605777 8100
    227 13 2 0.615794 13 2 0.615794 8100
    228 13 2 0.625796 13 2 0.625796 8100
    229 13 2 0.635783 13 2 0.635783 8100
    230 13 2 0.645792 13 2 0.645792 8100
    231 13 2 0.655777 13 2 0.655777 8100
    232 13 2 0.665789 13 2 0.665789 8100
    233 13 2 0.675793 13 2 0.675793 8100
    234 13 2 0.685777 13 2 0.685777 8100
    235 13 2 0.696686 13 2 0.696686 8100
    236 13 2 0.706524 13 2 0.706524 8100
    237 13 2 0.715784 13 2 0.715784 8100
    238 13 2 0.725782 13 2 0.725782 8100
    239 13 2 0.735767 13 2 0.735767 8100
    240 13 2 0.745782 13 2 0.745782 8100
    241 13 2 0.755778 13 2 0.755778 8100
    242 13 2 0.766376 13 2 0.766376 8100
    243 13 2 0.775785 13 2 0.775785 8100
    244 13 2 0.785787 13 2 0.785787 8100
    245 13 2 0.795804 13 2 0.795804 8100
    246 13 2 0.805812 13 2 0.805812 8100
    247 13 2 0.815774 13 2 0.815774 8100
    248 13 2 0.825779 13 2 0.825779 8100
    249 13 2 0.835788 13 2 0.835788 8100
    250 13 2 0.846560 13 2 0.846560 8100
    251 13 2 0.855779 13 2 0.855779 8100
    252 13 2 0.865781 13 2 0.865781 8100
    253 13 2 0.875790 13 2 0.875790 8100
    254 13 2 0.885785 13 2 0.885785 8100
    255 13 2 0.895780 13 2 0.895780 8100
    256 13 2 0.906626 13 2 0.906626 8100
    257 13 2 0.915778 13 2 0.915778 8100
    258 13 2 0.925785 13 2 0.925785 8100
    259 13 2 0.935781 13 2 0.935781 8100
    260 13 2 0.946558 13 2 0.946558 8100
    261 13 2 0.956609 13 2 0.956609 8100
    262 13 2 0.965804 13 2 0.965804 8100
    263 13 2 0.975773 13 2 0.975773 8100
    264 13 2 0.986849 13 2 0.986849 8100
    265 13 2 0.995772 13 2 0.995772 8100
    266 13 2 1.005789 13 2 1.005789 8100
    267 13 2 1.015781 13 2 1.015781 8100
    268 13 2 1.025786 13 2 1.025786 8100
    269 13 2 1.035778 13 2 1.035778 8100
    270 13 2 1.045786 13 2 1.045786 8100
    271 13 2 1.055797 13 2 1.055797 8100
    272 13 2 1.066470 13 2 1.066470 8100
    273 13 2 1.075787 13 2 1.075787 8100
    274 13 2 1.085787 13 2 1.085787 8100
    275 13 2 1.096424 13 2 1.096424 8100
    276 13 2 1.105784 13 2 1.105784 8100
    277 13 2 1.115771 13 2 1.115771 8100
    278 13 2 1.125785 13 2 1.125785 8100
    279 13 2 1.135788 13 2 1.135788 8100
    280 13 2 1.145791 13 2 1.145791 8100
    281 13 2 1.156264 13 2 1.156264 8100
    282 13 2 1.165809 13 2 1.165809 8100
    283 13 2 1.175791 13 2 1.175791 8100
    284 13 2 1.185786 13 2 1.185786 8100
    285 13 2 1.195784 13 2 1.195784 8100
    286 13 2 1.205788 13 2 1.205788 8100
    287 13 2 1.215778 13 2 1.215778 8100
    288 13 2 1.225775 13 2 1.225775 8100
    289 13 2 1.236736 13 2 1.236736 8100
    290 13 2 1.246178 13 2 1.246178 8100
    291 13 2 1.255776 13 2 1.255776 8100
    292 13 2 1.265788 13 2 1.265788 8100
    293 13 2 1.275781 13 2 1.275781 8100
    294 13 2 1.285798 13 2 1.285798 8100
    295 13 2 1.295793 13 2 1.295793 8100
    296 13 2 1.305781 13 2 1.305781 8100
    297 13 2 1.315792 13 2 1.315792 8100
    298 13 2 1.326484 13 2 1.326484 8100
    299 13 2 1.335792 13 2 1.335792 8100
    300 13 2 1.345777 13 2 1.345777 8100
    301 13 2 1.355777 13 2 1.355777 8100
    302 13 2 1.365872 13 2 1.365872 8100
    303 13 2 1.375796 13 2 1.375796 8100
    304 13 2 1.385796 13 2 1.385796 8100
    305 13 2 1.395786 13 2 1.395786 8100
    306 13 2 1.405799 13 2 1.405799 8100
    307 13 2 1.415796 13 2 1.415796 8100
    308 13 2 1.426617 13 2 1.426617 8100
    309 13 2 1.435786 13 2 1.435786 8100
    310 13 2 1.445786 13 2 1.445786 8100
    311 13 2 1.455776 13 2 1.455776 8100
    312 13 2 1.466795 13 2 1.466795 8100
    313 13 2 1.475789 13 2 1.475789 8100
    314 13 2 1.486425 13 2 1.486425 8100
    315 13 2 1.495798 13 2 1.495798 8100
    316 13 2 1.505781 13 2 1.505781 8100
    317 13 2 1.515776 13 2 1.515776 8100
    318 13 2 1.525784 13 2 1.525784 8100
    319 13 2 1.535755 13 2 1.535755 8100
    320 13 2 1.545782 13 2 1.545782 8100
    321 13 2 1.555782 13 2 1.555782 8100
    322 13 2 1.566543 13 2 1.566543 8100
    323 13 2 1.575791 13 2 1.575791 8100
    324 13 2 1.585796 13 2 1.585796 8100
    325 13 2 1.595797 13 2 1.595797 8100
    326 13 2 1.606444 13 2 1.606444 8100
    327 13 2 1.615786 13 2 1.615786 8100
    328 13 2 1.625778 13 2 1.625778 8100
    329 13 2 1.635788 13 2 1.635788 8100
    330 13 2 1.645759 13 2 1.645759 8100
    331 13 2 1.655800 13 2 1.655800 8100
    332 13 2 1.665791 13 2 1.665791 8100
    333 13 2 1.675810 13 2 1.675810 8100
    334 13 2 1.685782 13 2 1.685782 8100
    335 13 2 1.695776 13 2 1.695776 8100
    336 13 2 1.705776 13 2 1.705776 8100
    337 13 2 1.715778 13 2 1.715778 8100
    338 13 2 1.726505 13 2 1.726505 8100
    339 13 2 1.736486 13 2 1.736486 8100
    340 13 2 1.746662 13 2 1.746662 8100
    341 13 2 1.755790 13 2 1.755790 8100
    342 13 2 1.767758 13 2 1.767758 8100
    343 13 2 1.775771 13 2 1.775771 8100
    344 13 2 1.786579 13 2 1.786579 8100
    345 13 2 1.795805 13 2 1.795805 8100
    346 13 2 1.805785 13 2 1.805785 8100
    347 13 2 1.815789 13 2 1.815789 8100
    348 13 2 1.825778 13 2 1.825778 8100
    349 13 2 1.835789 13 2 1.835789 8100
    350 13 2 1.845785 13 2 1.845785 8100
    351 13 2 1.855767 13 2 1.855767 8100
    352 13 2 1.865769 13 2 1.865769 8100
    353 13 2 1.875799 13 2 1.875799 8100
    354 13 2 1.885784 13 2 1.885784 8100
    355 13 2 1.895802 13 2 1.895802 8100
    356 13 2 1.905802 13 2 1.905802 8100
    357 13 2 1.915770 13 2 1.915770 8100
    358 13 2 1.925788 13 2 1.925788 8100
    359 13 2 1.935754 13 2 1.935754 8100
    360 13 2 1.945768 13 2 1.945768 8100
    361 13 2 1.955788 13 2 1.955788 8100
    362 13 2 1.965779 13 2 1.965779 8100
    363 13 2 1.975798 13 2 1.975798 8100
    364 13 2 1.985904 13 2 1.985904 8100
    365 13 2 1.995792 13 2 1.995792 8100
    366 13 2 2.006461 13 2 2.006461 8100
    367 13 2 2.015779 13 2 2.015779 8100
    368 13 2 2.025783 13 2 2.025783 8100
    369 13 2 2.035776 13 2 2.035776 8100
    370 13 2 2.045776 13 2 2.045776 8100
    371 13 2 2.055775 13 2 2.055775 8100
    372 13 2 2.065795 13 2 2.065795 8100
    373 13 2 2.075779 13 2 2.075779 8100
    374 13 2 2.085773 13 2 2.085773 8100
    375 13 2 2.095794 13 2 2.095794 8100
    376 13 2 2.105785 13 2 2.105785 8100
    377 13 2 2.116505 13 2 2.116505 8100
    378 13 2 2.125792 13 2 2.125792 8100
    379 13 2 2.135768 13 2 2.135768 8100
    380 13 2 2.146551 13 2 2.146551 8100
    381 13 2 2.155807 13 2 2.155807 8100
    382 13 2 2.165798 13 2 2.165798 8100
    383 13 2 2.175784 13 2 2.175784 8100
    384 13 2 2.185782 13 2 2.185782 8100
    385 13 2 2.196569 13 2 2.196569 8100
    386 13 2 2.206522 13 2 2.206522 8100
    387 13 2 2.215786 13 2 2.215786 8100
    388 13 2 2.225797 13 2 2.225797 8100
    389 13 2 2.235776 13 2 2.235776 8100
    390 13 2 2.246125 13 2 2.246125 8100
    391 13 2 2.255806 13 2 2.255806 8100
    392 13 2 2.265798 13 2 2.265798 8100
    393 13 2 2.275789 13 2 2.275789 8100
    394 13 2 2.285797 13 2 2.285797 8100
    395 13 2 2.295789 13 2 2.295789 8100
    396 13 2 2.305798 13 2 2.305798 8100
    397 13 2 2.315798 13 2 2.315798 8100
    398 13 2 2.325796 13 2 2.325796 8100
    399 13 2 2.335767 13 2 2.335767 8100
    400 13 2 2.345788 13 2 2.345788 8100
    401 13 2 2.355798 13 2 2.355798 8100
    402 13 2 2.365777 13 2 2.365777 8100
    403 13 2 2.375801 13 2 2.375801 8100
    404 13 2 2.385783 13 2 2.385783 8100
    405 13 2 2.395801 13 2 2.395801 8100
    406 13 2 2.406576 13 2 2.406576 8100
    407 13 2 2.415795 13 2 2.415795 8100
    408 13 2 2.425787 13 2 2.425787 8100
    409 13 2 2.435798 13 2 2.435798 8100
    410 13 2 2.445775 13 2 2.445775 8100
    411 13 2 2.455781 13 2 2.455781 8100
    412 13 2 2.465770 13 2 2.465770 8100
    413 13 2 2.475778 13 2 2.475778 8100
    414 13 2 2.485781 13 2 2.485781 8100
    415 13 2 2.495781 13 2 2.495781 8100
    416 13 2 2.505776 13 2 2.505776 8100
    417 13 2 2.515775 13 2 2.515775 8100
    418 13 2 2.525774 13 2 2.525774 8100
    419 13 2 2.535784 13 2 2.535784 8100
    420 13 2 2.545792 13 2 2.545792 8100
    421 13 2 2.555779 13 2 2.555779 8100
    422 13 2 2.565790 13 2 2.565790 8100
    423 13 2 2.575785 13 2 2.575785 8100
    424 13 2 2.585792 13 2 2.585792 8100
    425 13 2 2.595758 13 2 2.595758 8100
    426 13 2 2.605818 13 2 2.605818 8100
    427 13 2 2.615791 13 2 2.615791 8100
    428 13 2 2.625792 13 2 2.625792 8100
    429 13 2 2.635786 13 2 2.635786 8100
    430 13 2 2.646570 13 2 2.646570 8100
    431 13 2 2.655803 13 2 2.655803 8100
    432 13 2 2.665808 13 2 2.665808 8100
    433 13 2 2.675793 13 2 2.675793 8100
    434 13 2 2.685797 13 2 2.685797 8100
    435 13 2 2.695787 13 2 2.695787 8100
    436 13 2 2.705795 13 2 2.705795 8100
    437 13 2 2.715777 13 2 2.715777 8100
    438 13 2 2.725788 13 2 2.725788 8100
    439 13 2 2.735771 13 2 2.735771 8100
    440 13 2 2.745779 13 2 2.745779 8100
    441 13 2 2.755771 13 2 2.755771 8100
    442 13 2 2.765788 13 2 2.765788 8100
    443 13 2 2.775779 13 2 2.775779 8100
    444 13 2 2.786907 13 2 2.786907 8100
    445 13 2 2.795789 13 2 2.795789 8100
    446 13 2 2.805798 13 2 2.805798 8100
    447 13 2 2.815783 13 2 2.815783 8100
    448 13 2 2.825790 13 2 2.825790 8100
    449 13 2 2.835776 13 2 2.835776 8100
    450 13 2 2.845783 13 2 2.845783 8100
    451 13 2 2.855827 13 2 2.855827 8100
    452 13 2 2.865767 13 2 2.865767 8100
    453 13 2 2.875785 13 2 2.875785 8100
    454 13 2 2.885781 13 2 2.885781 8100
    455 13 2 2.895783 13 2 2.895783 8100
    456 13 2 2.905784 13 2 2.905784 8100
    457 13 2 2.915775 13 2 2.915775 8100
    458 13 2 2.925768 13 2 2.925768 8100
    459 13 2 2.935779 13 2 2.935779 8100
    460 13 2 2.945811 13 2 2.945811 8100
    461 13 2 2.955810 13 2 2.955810 8100
    462 13 2 2.965805 13 2 2.965805 8100
    463 13 2 2.975782 13 2 2.975782 8100
    464 13 2 2.985776 13 2 2.985776 8100
    465 13 2 2.995798 13 2 2.995798 8100
    466 13 2 3.005793 13 2 3.005793 8100
    467 13 2 3.015789 13 2 3.015789 8100
    468 13 2 3.025786 13 2 3.025786 8100
    469 13 2 3.035851 13 2 3.035851 8100
    470 13 2 3.045783 13 2 3.045783 8100
    471 13 2 3.056772 13 2 3.056772 8100
    472 13 2 3.065819 13 2 3.065819 8100
    473 13 2 3.075794 13 2 3.075794 8100
    474 13 2 3.086558 13 2 3.086558 8100
    475 13 2 3.095798 13 2 3.095798 8100
    476 13 2 3.105779 13 2 3.105779 8100
    477 13 2 3.115778 13 2 3.115778 8100
    478 13 2 3.125789 13 2 3.125789 8100
    479 13 2 3.135783 13 2 3.135783 8100
    480 13 2 3.146691 13 2 3.146691 8100
    481 13 2 3.155866 13 2 3.155866 8100
    482 13 2 3.165801 13 2 3.165801 8100
    483 13 2 3.175806 13 2 3.175806 8100
    484 13 2 3.185795 13 2 3.185795 8100
    485 13 2 3.195796 13 2 3.195796 8100
    486 13 2 3.205794 13 2 3.205794 8100
    487 13 2 3.215780 13 2 3.215780 8100
    488 13 2 3.225792 13 2 3.225792 8100
    489 13 2 3.235840 13 2 3.235840 8100
    490 13 2 3.245795 13 2 3.245795 8100
    491 13 2 3.255784 13 2 3.255784 8100
    492 13 2 3.266653 13 2 3.266653 8100
    493 13 2 3.275787 13 2 3.275787 8100
    494 13 2 3.285779 13 2 3.285779 8100
    495 13 2 3.295811 13 2 3.295811 8100
    496 13 2 3.306451 13 2 3.306451 8100
    497 13 2 3.315789 13 2 3.315789 8100
    498 13 2 3.326677 13 2 3.326677 8100
    499 13 2 3.335793 13 2 3.335793 8100
    500 13 2 3.345787 13 2 3.345787 8100
    501 13 2 3.356885 13 2 3.356885 8100
    502 13 2 3.365781 13 2 3.365781 8100
    503 13 2 3.375796 13 2 3.375796 8100
    504 13 2 3.385797 13 2 3.385797 8100
    505 13 2 3.395795 13 2 3.395795 8100
    506 13 2 3.405826 13 2 3.405826 8100
    507 13 2 3.415782 13 2 3.415782 8100
    508 13 2 3.425775 13 2 3.425775 8100
    509 13 2 3.436576 13 2 3.436576 8100
    510 13 2 3.445783 13 2 3.445783 8100
    511 13 2 3.455776 13 2 3.455776 8100
    512 13 2 3.465767 13 2 3.465767 8100
    513 13 2 3.475760 13 2 3.475760 8100
    514 13 2 3.485765 13 2 3.485765 8100
    515 13 2 3.496475 13 2 3.496475 8100
    516 13 2 3.505803 13 2 3.505803 8100
    517 13 2 3.515776 13 2 3.515776 8100
    518 13 2 3.525793 13 2 3.525793 8100
    519 13 2 3.535766 13 2 3.535766 8100
    520 13 2 3.545798 13 2 3.545798 8100
    521 13 2 3.555784 13 2 3.555784 8100
    522 13 2 3.565795 13 2 3.565795 8100
    523 13 2 3.575782 13 2 3.575782 8100
    524 13 2 3.585780 13 2 3.585780 8100
    525 13 2 3.595793 13 2 3.595793 8100
    526 13 2 3.605782 13 2 3.605782 8100
    527 13 2 3.616601 13 2 3.616601 8100
    528 13 2 3.625796 13 2 3.625796 8100
    529 13 2 3.635770 13 2 3.635770 8100
    530 13 2 3.645766 13 2 3.645766 8100
    531 13 2 3.655790 13 2 3.655790 8100
    532 13 2 3.666748 13 2 3.666748 8100
    533 13 2 3.675819 13 2 3.675819 8100
    534 13 2 3.685781 13 2 3.685781 8100
    535 13 2 3.695776 13 2 3.695776 8100
    536 13 2 3.705798 13 2 3.705798 8100
    537 13 2 3.715777 13 2 3.715777 8100
    538 13 2 3.725794 13 2 3.725794 8100
    539 13 2 3.735770 13 2 3.735770 8100
    540 13 2 3.745789 13 2 3.745789 8100
    541 13 2 3.755790 13 2 3.755790 8100
    542 13 2 3.765787 13 2 3.765787 8100
    543 13 2 3.776565 13 2 3.776565 8100
    544 13 2 3.785774 13 2 3.785774 8100
    545 13 2 3.795786 13 2 3.795786 8100
    546 13 2 3.805787 13 2 3.805787 8100
    547 13 2 3.815780 13 2 3.815780 8100
    548 13 2 3.825784 13 2 3.825784 8100
    549 13 2 3.835779 13 2 3.835779 8100
    550 13 2 3.845778 13 2 3.845778 8100
    551 13 2 3.855769 13 2 3.855769 8100
    552 13 2 3.866306 13 2 3.866306 8100
    553 13 2 3.875776 13 2 3.875776 8100
    554 13 2 3.887185 13 2 3.887185 8100
    555 13 2 3.895775 13 2 3.895775 8100
    556 13 2 3.905805 13 2 3.905805 8100
    557 13 2 3.915775 13 2 3.915775 8100
    558 13 2 3.925774 13 2 3.925774 8100
    559 13 2 3.935781 13 2 3.935781 8100
    560 13 2 3.946556 13 2 3.946556 8100
    561 13 2 3.956609 13 2 3.956609 8100
    562 13 2 3.965787 13 2 3.965787 8100
    563 13 2 3.975785 13 2 3.975785 8100
    564 13 2 3.985781 13 2 3.985781 8100
    565 13 2 3.995779 13 2 3.995779 8100
    566 13 2 4.005783 13 2 4.005783 8100
    567 13 2 4.015779 13 2 4.015779 8100
    568 13 2 4.026487 13 2 4.026487 8100
    569 13 2 4.035822 13 2 4.035822 8100
    570 13 2 4.045790 13 2 4.045790 8100
    571 13 2 4.055780 13 2 4.055780 8100
    572 13 2 4.065792 13 2 4.065792 8100
    573 13 2 4.075790 13 2 4.075790 8100
    574 13 2 4.085780 13 2 4.085780 8100
    575 13 2 4.095786 13 2 4.095786 8100
    576 13 2 4.105783 13 2 4.105783 8100
    577 13 2 4.115795 13 2 4.115795 8100
    578 13 2 4.125788 13 2 4.125788 8100
    579 13 2 4.135781 13 2 4.135781 8100
    580 13 2 4.145777 13 2 4.145777 8100
    581 13 2 4.155863 13 2 4.155863 8100
    582 13 2 4.165786 13 2 4.165786 8100
    583 13 2 4.175790 13 2 4.175790 8100
    584 13 2 4.185775 13 2 4.185775 8100
    585 13 2 4.195777 13 2 4.195777 8100
    586 13 2 4.205771 13 2 4.205771 8100
    587 13 2 4.215773 13 2 4.215773 8100
    588 13 2 4.225774 13 2 4.225774 8100
    589 13 2 4.235788 13 2 4.235788 8100
    590 13 2 4.245834 13 2 4.245834 8100
    591 13 2 4.255802 13 2 4.255802 8100
    592 13 2 4.265793 13 2 4.265793 8100
    593 13 2 4.275776 13 2 4.275776 8100
    594 13 2 4.285790 13 2 4.285790 8100
    595 13 2 4.295795 13 2 4.295795 8100
    596 13 2 4.305785 13 2 4.305785 8100
    597 13 2 4.315786 13 2 4.315786 8100
    598 13 2 4.325777 13 2 4.325777 8100
    599 13 2 4.336439 13 2 4.336439 8100
    600 13 2 4.345793 13 2 4.345793 8100
    601 13 2 4.355772 13 2 4.355772 8100
    602 13 2 4.365763 13 2 4.365763 8100
    603 13 2 4.376554 13 2 4.376554 8100
    604 13 2 4.385799 13 2 4.385799 8100
    605 13 2 4.395804 13 2 4.395804 8100
    606 13 2 4.405795 13 2 4.405795 8100
    607 13 2 4.415784 13 2 4.415784 8100
    608 13 2 4.425785 13 2 4.425785 8100
    609 13 2 4.435800 13 2 4.435800 8100
    610 13 2 4.445795 13 2 4.445795 8100
    611 13 2 4.455796 13 2 4.455796 8100
    612 13 2 4.466625 13 2 4.466625 8100
    613 13 2 4.475795 13 2 4.475795 8100
    614 13 2 4.485789 13 2 4.485789 8100
    615 13 2 4.495944 13 2 4.495944 8100
    616 13 2 4.505784 13 2 4.505784 8100
    617 13 2 4.516545 13 2 4.516545 8100
    618 13 2 4.526607 13 2 4.526607 8100
    619 13 2 4.536473 13 2 4.536473 8100
    620 13 2 4.545820 13 2 4.545820 8100
    621 13 2 4.555794 13 2 4.555794 8100
    622 13 2 4.565777 13 2 4.565777 8100
    623 13 2 4.575783 13 2 4.575783 8100
    624 13 2 4.585798 13 2 4.585798 8100
    625 13 2 4.595788 13 2 4.595788 8100
    626 13 2 4.605777 13 2 4.605777 8100
    627 13 2 4.615781 13 2 4.615781 8100
    628 13 2 4.625866 13 2 4.625866 8100
    629 13 2 4.635773 13 2 4.635773 8100
    630 13 2 4.645800 13 2 4.645800 8100
    631 13 2 4.655782 13 2 4.655782 8100
    632 13 2 4.665778 13 2 4.665778 8100
    633 13 2 4.675779 13 2 4.675779 8100
    634 13 2 4.685762 13 2 4.685762 8100
    635 13 2 4.695774 13 2 4.695774 8100
    636 13 2 4.706052 13 2 4.706052 8100
    637 13 2 4.715779 13 2 4.715779 8100
    638 13 2 4.726432 13 2 4.726432 8100
    639 13 2 4.735871 13 2 4.735871 8100
    640 13 2 4.745852 13 2 4.745852 8100
    641 13 2 4.755816 13 2 4.755816 8100
    642 13 2 4.765805 13 2 4.765805 8100
    643 13 2 4.775790 13 2 4.775790 8100
    644 13 2 4.785791 13 2 4.785791 8100
    645 13 2 4.795783 13 2 4.795783 8100
    646 13 2 4.806593 13 2 4.806593 8100
    647 13 2 4.815787 13 2 4.815787 8100
    648 13 2 4.826528 13 2 4.826528 8100
    649 13 2 4.836279 13 2 4.836279 8100
    650 13 2 4.845790 13 2 4.845790 8100
    651 13 2 4.855770 13 2 4.855770 8100
    652 13 2 4.865777 13 2 4.865777 8100
    653 13 2 4.875797 13 2 4.875797 8100
    654 13 2 4.885799 13 2 4.885799 8100
    655 13 2 4.895783 13 2 4.895783 8100
    656 13 2 4.905803 13 2 4.905803 8100
    657 13 2 4.915775 13 2 4.915775 8100
    658 13 2 4.925770 13 2 4.925770 8100
    659 13 2 4.935782 13 2 4.935782 8100
    660 13 2 4.945828 13 2 4.945828 8100
    661 13 2 4.955781 13 2 4.955781 8100
    662 13 2 4.965818 13 2 4.965818 8100
    663 13 2 4.975791 13 2 4.975791 8100
    664 13 2 4.985779 13 2 4.985779 8100
    665 13 2 4.995779 13 2 4.995779 8100
    666 13 2 5.005800 13 2 5.005800 8100
    667 13 2 5.015784 13 2 5.015784 8100
    668 13 2 5.025788 13 2 5.025788 8100
    669 13 2 5.035777 13 2 5.035777 8100
    670 13 2 5.045798 13 2 5.045798 8100
    671 13 2 5.055780 13 2 5.055780 8100
    672 13 2 5.066570 13 2 5.066570 8100
    673 13 2 5.075783 13 2 5.075783 8100
    674 13 2 5.085793 13 2 5.085793 8100
    675 13 2 5.096512 13 2 5.096512 8100
    676 13 2 5.105790 13 2 5.105790 8100
    677 13 2 5.115794 13 2 5.115794 8100
    678 13 2 5.125841 13 2 5.125841 8100
    679 13 2 5.135790 13 2 5.135790 8100
    680 13 2 5.145781 13 2 5.145781 8100
    681 13 2 5.155778 13 2 5.155778 8100
    682 13 2 5.165776 13 2 5.165776 8100
    683 13 2 5.175805 13 2 5.175805 8100
    684 13 2 5.186573 13 2 5.186573 8100
    685 13 2 5.195794 13 2 5.195794 8100
    686 13 2 5.206474 13 2 5.206474 8100
    687 13 2 5.216542 13 2 5.216542 8100
    688 13 2 5.226510 13 2 5.226510 8100
    689 13 2 5.235801 13 2 5.235801 8100
    690 13 2 5.245773 13 2 5.245773 8100
    691 13 2 5.256496 13 2 5.256496 8100
    692 13 2 5.266555 13 2 5.266555 8100
    693 13 2 5.276550 13 2 5.276550 8100
    694 13 2 5.286584 13 2 5.286584 8100
    695 13 2 5.296547 13 2 5.296547 8100
    696 13 2 5.306632 13 2 5.306632 8100
    697 13 2 5.315795 13 2 5.315795 8100
    698 13 2 5.326563 13 2 5.326563 8100
    699 13 2 5.336598 13 2 5.336598 8100
    700 13 2 5.346614 13 2 5.346614 8100
    701 13 2 5.355818 13 2 5.355818 8100
    702 13 2 5.365839 13 2 5.365839 8100
    703 13 2 5.375803 13 2 5.375803 8100
    704 13 2 5.385788 13 2 5.385788 8100
    705 13 2 5.395819 13 2 5.395819 8100
    706 13 2 5.405790 13 2 5.405790 8100
    707 13 2 5.415780 13 2 5.415780 8100
    708 13 2 5.426857 13 2 5.426857 8100
    709 13 2 5.435791 13 2 5.435791 8100
    710 13 2 5.445777 13 2 5.445777 8100
    711 13 2 5.455778 13 2 5.455778 8100
    712 13 2 5.465777 13 2 5.465777 8100
    713 13 2 5.475774 13 2 5.475774 8100
    714 13 2 5.485801 13 2 5.485801 8100
    715 13 2 5.495775 13 2 5.495775 8100
    716 13 2 5.505780 13 2 5.505780 8100
    717 13 2 5.516418 13 2 5.516418 8100
    718 13 2 5.525800 13 2 5.525800 8100
    719 13 2 5.535770 13 2 5.535770 8100
    720 13 2 5.546440 13 2 5.546440 8100
    721 13 2 5.556491 13 2 5.556491 8100
    722 13 2 5.565782 13 2 5.565782 8100
    723 13 2 5.575783 13 2 5.575783 8100
    724 13 2 5.585778 13 2 5.585778 8100
    725 13 2 5.595780 13 2 5.595780 8100
    726 13 2 5.605791 13 2 5.605791 8100
    727 13 2 5.615777 13 2 5.615777 8100
    728 13 2 5.626453 13 2 5.626453 8100
    729 13 2 5.636515 13 2 5.636515 8100
    730 13 2 5.645770 13 2 5.645770 8100
    731 13 2 5.655769 13 2 5.655769 8100
    732 13 2 5.666951 13 2 5.666951 8100
    733 13 2 5.675777 13 2 5.675777 8100
    734 13 2 5.686535 13 2 5.686535 8100
    735 13 2 5.696557 13 2 5.696557 8100
    736 13 2 5.705785 13 2 5.705785 8100
    737 13 2 5.715940 13 2 5.715940 8100
    738 13 2 5.725787 13 2 5.725787 8100
    739 13 2 5.736468 13 2 5.736468 8100
    740 13 2 5.745785 13 2 5.745785 8100
    741 13 2 5.755799 13 2 5.755799 8100
    742 13 2 5.765781 13 2 5.765781 8100
    743 13 2 5.775795 13 2 5.775795 8100
    744 13 2 5.786664 13 2 5.786664 8100
    745 13 2 5.795799 13 2 5.795799 8100
    746 13 2 5.805791 13 2 5.805791 8100
    747 13 2 5.815782 13 2 5.815782 8100
    748 13 2 5.825782 13 2 5.825782 8100
    749 13 2 5.835779 13 2 5.835779 8100
    750 13 2 5.845780 13 2 5.845780 8100
    751 13 2 5.855836 13 2 5.855836 8100
    752 13 2 5.866105 13 2 5.866105 8100
    753 13 2 5.875790 13 2 5.875790 8100
    754 13 2 5.885790 13 2 5.885790 8100
    755 13 2 5.895794 13 2 5.895794 8100
    756 13 2 5.905801 13 2 5.905801 8100
    757 13 2 5.915798 13 2 5.915798 8100
    758 13 2 5.925783 13 2 5.925783 8100
    759 13 2 5.935786 13 2 5.935786 8100
    760 13 2 5.945800 13 2 5.945800 8100
    761 13 2 5.955791 13 2 5.955791 8100
    762 13 2 5.965810 13 2 5.965810 8100
    763 13 2 5.975835 13 2 5.975835 8100
    764 13 2 5.986472 13 2 5.986472 8100
    765 13 2 5.995784 13 2 5.995784 8100
    766 13 2 6.005785 13 2 6.005785 8100
    767 13 2 6.015780 13 2 6.015780 8100
    768 13 2 6.026404 13 2 6.026404 8100
    769 13 2 6.035791 13 2 6.035791 8100
    770 13 2 6.045779 13 2 6.045779 8100
    771 13 2 6.055799 13 2 6.055799 8100
    772 13 2 6.065786 13 2 6.065786 8100
    773 13 2 6.075789 13 2 6.075789 8100
    774 13 2 6.085778 13 2 6.085778 8100
    775 13 2 6.095777 13 2 6.095777 8100
    776 13 2 6.105799 13 2 6.105799 8100
    777 13 2 6.115782 13 2 6.115782 8100
    778 13 2 6.125793 13 2 6.125793 8100
    779 13 2 6.135767 13 2 6.135767 8100
    780 13 2 6.146689 13 2 6.146689 8100
    781 13 2 6.155785 13 2 6.155785 8100
    782 13 2 6.165799 13 2 6.165799 8100
    783 13 2 6.175791 13 2 6.175791 8100
    784 13 2 6.185779 13 2 6.185779 8100
    785 13 2 6.195793 13 2 6.195793 8100
    786 13 2 6.205782 13 2 6.205782 8100
    787 13 2 6.215786 13 2 6.215786 8100
    788 13 2 6.225779 13 2 6.225779 8100
    789 13 2 6.235788 13 2 6.235788 8100
    790 13 2 6.245788 13 2 6.245788 8100
    791 13 2 6.255836 13 2 6.255836 8100
    792 13 2 6.265779 13 2 6.265779 8100
    793 13 2 6.275787 13 2 6.275787 8100
    794 13 2 6.285772 13 2 6.285772 8100
    795 13 2 6.295797 13 2 6.295797 8100
    796 13 2 6.305784 13 2 6.305784 8100
    797 13 2 6.315795 13 2 6.315795 8100
    798 13 2 6.325785 13 2 6.325785 8100
    799 13 2 6.335767 13 2 6.335767 8100
    800 13 2 6.345774 13 2 6.345774 8100
    801 13 2 6.355773 13 2 6.355773 8100
    802 13 2 6.365781 13 2 6.365781 8100
    803 13 2 6.375809 13 2 6.375809 8100
    804 13 2 6.385790 13 2 6.385790 8100
    805 13 2 6.400376 13 2 6.400376 8100
    806 13 2 6.405791 13 2 6.405791 8100
    807 13 2 6.415847 13 2 6.415847 8100
    808 13 2 6.425789 13 2 6.425789 8100
    809 13 2 6.435831 13 2 6.435831 8100
    810 13 2 6.445769 13 2 6.445769 8100
    811 13 2 6.455776 13 2 6.455776 8100
    812 13 2 6.465778 13 2 6.465778 8100
    813 13 2 6.476522 13 2 6.476522 8100
    814 13 2 6.485788 13 2 6.485788 8100
    815 13 2 6.495796 13 2 6.495796 8100
    816 13 2 6.505786 13 2 6.505786 8100
    817 13 2 6.515780 13 2 6.515780 8100
    818 13 2 6.525806 13 2 6.525806 8100
    819 13 2 6.535784 13 2 6.535784 8100
    820 13 2 6.546523 13 2 6.546523 8100
    821 13 2 6.555794 13 2 6.555794 8100
    822 13 2 6.565813 13 2 6.565813 8100
    823 13 2 6.575756 13 2 6.575756 8100
    824 13 2 6.585786 13 2 6.585786 8100
    825 13 2 6.595788 13 2 6.595788 8100
    826 13 2 6.606580 13 2 6.606580 8100
    827 13 2 6.615788 13 2 6.615788 8100
    828 13 2 6.625778 13 2 6.625778 8100
    829 13 2 6.635754 13 2 6.635754 8100
    830 13 2 6.645787 13 2 6.645787 8100
    831 13 2 6.655783 13 2 6.655783 8100
    832 13 2 6.666586 13 2 6.666586 8100
    833 13 2 6.675767 13 2 6.675767 8100
    834 13 2 6.685787 13 2 6.685787 8100
    835 13 2 6.695797 13 2 6.695797 8100
    836 13 2 6.705800 13 2 6.705800 8100
    837 13 2 6.717311 13 2 6.717311 8100
    838 13 2 6.725769 13 2 6.725769 8100
    839 13 2 6.735788 13 2 6.735788 8100
    840 13 2 6.745798 13 2 6.745798 8100
    841 13 2 6.755795 13 2 6.755795 8100
    842 13 2 6.765794 13 2 6.765794 8100
    843 13 2 6.775777 13 2 6.775777 8100
    844 13 2 6.785796 13 2 6.785796 8100
    845 13 2 6.795930 13 2 6.795930 8100
    846 13 2 6.806769 13 2 6.806769 8100
    847 13 2 6.815790 13 2 6.815790 8100
    848 13 2 6.825784 13 2 6.825784 8100
    849 13 2 6.835797 13 2 6.835797 8100
    850 13 2 6.845780 13 2 6.845780 8100
    851 13 2 6.855770 13 2 6.855770 8100
    852 13 2 6.866254 13 2 6.866254 8100
    853 13 2 6.875779 13 2 6.875779 8100
    854 13 2 6.886450 13 2 6.886450 8100
    855 13 2 6.895800 13 2 6.895800 8100
    856 13 2 6.905784 13 2 6.905784 8100
    857 13 2 6.915777 13 2 6.915777 8100
    858 13 2 6.925790 13 2 6.925790 8100
    859 13 2 6.935767 13 2 6.935767 8100
    860 13 2 6.945787 13 2 6.945787 8100
    861 13 2 6.955778 13 2 6.955778 8100
    862 13 2 6.966630 13 2 6.966630 8100
    863 13 2 6.975787 13 2 6.975787 8100
    864 13 2 6.985801 13 2 6.985801 8100
    865 13 2 6.995777 13 2 6.995777 8100
    866 13 2 7.005778 13 2 7.005778 8100
    867 13 2 7.015780 13 2 7.015780 8100
    868 13 2 7.025778 13 2 7.025778 8100
    869 13 2 7.035771 13 2 7.035771 8100
    870 13 2 7.045793 13 2 7.045793 8100
    871 13 2 7.055780 13 2 7.055780 8100
    872 13 2 7.065775 13 2 7.065775 8100
    873 13 2 7.075783 13 2 7.075783 8100
    874 13 2 7.086585 13 2 7.086585 8100
    875 13 2 7.095801 13 2 7.095801 8100
    876 13 2 7.105775 13 2 7.105775 8100
    877 13 2 7.115757 13 2 7.115757 8100
    878 13 2 7.125790 13 2 7.125790 8100
    879 13 2 7.135806 13 2 7.135806 8100
    880 13 2 7.146628 13 2 7.146628 8100
    881 13 2 7.155790 13 2 7.155790 8100
    882 13 2 7.165801 13 2 7.165801 8100
    883 13 2 7.175769 13 2 7.175769 8100
    884 13 2 7.185780 13 2 7.185780 8100
    885 13 2 7.195781 13 2 7.195781 8100
    886 13 2 7.205809 13 2 7.205809 8100
    887 13 2 7.215792 13 2 7.215792 8100
    888 13 2 7.225783 13 2 7.225783 8100
    889 13 2 7.236544 13 2 7.236544 8100
    890 13 2 7.245770 13 2 7.245770 8100
    891 13 2 7.255759 13 2 7.255759 8100
    892 13 2 7.265801 13 2 7.265801 8100
    893 13 2 7.276436 13 2 7.276436 8100
    894 13 2 7.285788 13 2 7.285788 8100
    895 13 2 7.295801 13 2 7.295801 8100
    896 13 2 7.305800 13 2 7.305800 8100
    897 13 2 7.315790 13 2 7.315790 8100
    898 13 2 7.325777 13 2 7.325777 8100
    899 13 2 7.335791 13 2 7.335791 8100
    900 13 2 7.345784 13 2 7.345784 8100
    901 13 2 7.355763 13 2 7.355763 8100
    902 13 2 7.365772 13 2 7.365772 8100
    903 13 2 7.375795 13 2 7.375795 8100
    904 13 2 7.385778 13 2 7.385778 8100
    905 13 2 7.395787 13 2 7.395787 8100
    906 13 2 7.405787 13 2 7.405787 8100
    907 13 2 7.415772 13 2 7.415772 8100
    908 13 2 7.425767 13 2 7.425767 8100
    909 13 2 7.435772 13 2 7.435772 8100
    910 13 2 7.445809 13 2 7.445809 8100
    911 13 2 7.455781 13 2 7.455781 8100
    912 13 2 7.465798 13 2 7.465798 8100
    913 13 2 7.475794 13 2 7.475794 8100
    914 13 2 7.485781 13 2 7.485781 8100
    915 13 2 7.495789 13 2 7.495789 8100
    916 13 2 7.505777 13 2 7.505777 8100
    917 13 2 7.516169 13 2 7.516169 8100
    918 13 2 7.525800 13 2 7.525800 8100
    919 13 2 7.535789 13 2 7.535789 8100
    920 13 2 7.545792 13 2 7.545792 8100
    921 13 2 7.555782 13 2 7.555782 8100
    922 13 2 7.565787 13 2 7.565787 8100
    923 13 2 7.575778 13 2 7.575778 8100
    924 13 2 7.585784 13 2 7.585784 8100
    925 13 2 7.595764 13 2 7.595764 8100
    926 13 2 7.605783 13 2 7.605783 8100
    927 13 2 7.615838 13 2 7.615838 8100
    928 13 2 7.626405 13 2 7.626405 8100
    929 13 2 7.635792 13 2 7.635792 8100
    930 13 2 7.645779 13 2 7.645779 8100
    931 13 2 7.655762 13 2 7.655762 8100
    932 13 2 7.665777 13 2 7.665777 8100
    933 13 2 7.675760 13 2 7.675760 8100
    934 13 2 7.685780 13 2 7.685780 8100
    935 13 2 7.695773 13 2 7.695773 8100
    936 13 2 7.705821 13 2 7.705821 8100
    937 13 2 7.715792 13 2 7.715792 8100
    938 13 2 7.726397 13 2 7.726397 8100
    939 13 2 7.735789 13 2 7.735789 8100
    940 13 2 7.745773 13 2 7.745773 8100
    941 13 2 7.755816 13 2 7.755816 8100
    942 13 2 7.765809 13 2 7.765809 8100
    943 13 2 7.775781 13 2 7.775781 8100
    944 13 2 7.785807 13 2 7.785807 8100
    945 13 2 7.795792 13 2 7.795792 8100
    946 13 2 7.805803 13 2 7.805803 8100
    947 13 2 7.815780 13 2 7.815780 8100
    948 13 2 7.825808 13 2 7.825808 8100
    949 13 2 7.835803 13 2 7.835803 8100
    950 13 2 7.845806 13 2 7.845806 8100
    951 13 2 7.855772 13 2 7.855772 8100
    952 13 2 7.865790 13 2 7.865790 8100
    953 13 2 7.875797 13 2 7.875797 8100
    954 13 2 7.885785 13 2 7.885785 8100
    955 13 2 7.895774 13 2 7.895774 8100
    956 13 2 7.905791 13 2 7.905791 8100
    957 13 2 7.915791 13 2 7.915791 8100
    958 13 2 7.925774 13 2 7.925774 8100
    959 13 2 7.936490 13 2 7.936490 8100
    960 13 2 7.946691 13 2 7.946691 8100
    961 13 2 7.955802 13 2 7.955802 8100
    962 13 2 7.965792 13 2 7.965792 8100
    963 13 2 7.975794 13 2 7.975794 8100
    964 13 2 7.986543 13 2 7.986543 8100
    965 13 2 7.995784 13 2 7.995784 8100
    966 13 2 8.005791 13 2 8.005791 8100
    967 13 2 8.015876 13 2 8.015876 8100
    968 13 2 8.025793 13 2 8.025793 8100
    969 13 2 8.035774 13 2 8.035774 8100
    970 13 2 8.046739 13 2 8.046739 8100
    971 13 2 8.055792 13 2 8.055792 8100
    972 13 2 8.065815 13 2 8.065815 8100
    973 13 2 8.075772 13 2 8.075772 8100
    974 13 2 8.085831 13 2 8.085831 8100
    975 13 2 8.095777 13 2 8.095777 8100
    976 13 2 8.105778 13 2 8.105778 8100
    977 13 2 8.115785 13 2 8.115785 8100
    978 13 2 8.125769 13 2 8.125769 8100
    979 13 2 8.135780 13 2 8.135780 8100
    980 13 2 8.145780 13 2 8.145780 8100
    981 13 2 8.155794 13 2 8.155794 8100
    982 13 2 8.165784 13 2 8.165784 8100
    983 13 2 8.175891 13 2 8.175891 8100
    984 13 2 8.185805 13 2 8.185805 8100
    985 13 2 8.195786 13 2 8.195786 8100
    986 13 2 8.205806 13 2 8.205806 8100
    987 13 2 8.216457 13 2 8.216457 8100
    988 13 2 8.225801 13 2 8.225801 8100
    989 13 2 8.235787 13 2 8.235787 8100
    990 13 2 8.245786 13 2 8.245786 8100
    991 13 2 8.255843 13 2 8.255843 8100
    992 13 2 8.265803 13 2 8.265803 8100
    993 13 2 8.275793 13 2 8.275793 8100
    994 13 2 8.285780 13 2 8.285780 8100
    995 13 2 8.295780 13 2 8.295780 8100
    996 13 2 8.305775 13 2 8.305775 8100
    997 13 2 8.316482 13 2 8.316482 8100
    998 13 2 8.326568 13 2 8.326568 8100
    999 13 2 8.335850 13 2 8.335850 8100
   1000 13 2 8.345784 13 2 8.345784 8100
