      1 13 17 9.163978 13 17 9.175183 11500
      2 13 17 9.174034 13 17 9.184839 11500
      3 13 17 9.184058 13 17 9.194492 11500
      4 13 17 9.194077 13 17 9.204482 11500
      5 13 17 9.204076 13 17 9.214501 11500
      6 13 17 9.214074 13 17 9.224550 11500
      7 13 17 9.224078 13 17 9.234469 11500
      8 13 17 9.234078 13 17 9.244488 11500
      9 13 17 9.244063 13 17 9.254469 11500
     10 13 17 9.254087 13 17 9.264568 11500
     11 13 17 9.264075 13 17 9.274508 11500
     12 13 17 9.274081 13 17 9.284471 11500
     13 13 17 9.284086 13 17 9.294563 11500
     14 13 17 9.294078 13 17 9.304493 11500
     15 13 17 9.304076 13 17 9.314470 11500
     16 13 17 9.314078 13 17 9.324745 11500
     17 13 17 9.324075 13 17 9.335091 11500
     18 13 17 9.334960 13 17 9.345439 11500
     19 13 17 9.344049 13 17 9.355100 11500
     20 13 17 9.354048 13 17 9.364751 11500
     21 13 17 9.364077 13 17 9.374487 11500
     22 13 17 9.374079 13 17 9.384487 11500
     23 13 17 9.384078 13 17 9.394501 11500
     24 13 17 9.394078 13 17 9.404481 11500
     25 13 17 9.404077 13 17 9.414491 11500
     26 13 17 9.414077 13 17 9.424492 11500
     27 13 17 9.424077 13 17 9.434478 11500
     28 13 17 9.434077 13 17 9.444532 11500
     29 13 17 9.444076 13 17 9.454480 11500
     30 13 17 9.454077 13 17 9.464487 11500
     31 13 17 9.464078 13 17 9.474482 11500
     32 13 17 9.474078 13 17 9.484483 11500
     33 13 17 9.484078 13 17 9.494533 11500
     34 13 17 9.494082 13 17 9.504573 11500
     35 13 17 9.504175 13 17 9.514564 11500
     36 13 17 9.514079 13 17 9.524551 11500
     37 13 17 9.524077 13 17 9.534499 11500
     38 13 17 9.534081 13 17 9.544684 11500
     39 13 17 9.544100 13 17 9.554577 11500
     40 13 17 9.554081 13 17 9.564553 11500
     41 13 17 9.564076 13 17 9.574486 11500
     42 13 17 9.574087 13 17 9.584554 11500
     43 13 17 9.584080 13 17 9.594495 11500
     44 13 17 9.594065 13 17 9.604551 11500
     45 13 17 9.604115 13 17 9.614637 11500
     46 13 17 9.614079 13 17 9.624485 11500
     47 13 17 9.624081 13 17 9.634517 11500
     48 13 17 9.634081 13 17 9.644612 11500
     49 13 17 9.644082 13 17 9.654462 11500
     50 13 17 9.654078 13 17 9.670424 11500
     51 13 17 9.664075 13 17 9.680073 11500
     52 13 17 9.674067 13 17 9.689705 11500
     53 13 17 9.684081 13 17 9.699351 11500
     54 13 17 9.694050 13 17 9.709044 11500
     55 13 17 9.704088 13 17 9.718699 11500
     56 13 17 9.714017 13 17 9.728398 11500
     57 13 17 9.724175 13 17 9.738127 11500
     58 13 17 9.734083 13 17 9.747740 11500
     59 13 17 9.744127 13 17 9.757348 11500
     60 13 17 9.754037 13 17 9.766991 11500
     61 13 17 9.764108 13 17 9.776692 11500
     62 13 17 9.774084 13 17 9.786284 11500
     63 13 17 9.784050 13 17 9.795956 11500
     64 13 17 9.794086 13 17 9.805621 11500
     65 13 17 9.804083 13 17 9.815301 11500
     66 13 17 9.814075 13 17 9.824991 11500
     67 13 17 9.824106 13 17 9.834568 11500
     68 13 17 9.834146 13 17 9.844678 11500
     69 13 17 9.844091 13 17 9.854509 11500
     70 13 17 9.854105 13 17 9.864513 11500
     71 13 17 9.864079 13 17 9.874491 11500
     72 13 17 9.874078 13 17 9.884520 11500
     73 13 17 9.884169 13 17 9.894598 11500
     74 13 17 9.894078 13 17 9.904495 11500
     75 13 17 9.904077 13 17 9.914490 11500
     76 13 17 9.914139 13 17 9.924528 11500
     77 13 17 9.924077 13 17 9.934483 11500
     78 13 17 9.934077 13 17 9.944483 11500
     79 13 17 9.944064 13 17 9.954463 11500
     80 13 17 9.954074 13 17 9.964439 11500
     81 13 17 9.964062 13 17 9.974539 11500
     82 13 17 9.974080 13 17 9.984488 11500
     83 13 17 9.984063 13 17 9.994478 11500
     84 13 17 9.994066 13 17 10.004464 11500
     85 13 17 10.004108 13 17 10.014502 11500
     86 13 17 10.014077 13 17 10.024767 11500
     87 13 17 10.024081 13 17 10.034551 11500
     88 13 17 10.034079 13 17 10.044525 11500
     89 13 17 10.044093 13 17 10.054660 11500
     90 13 17 10.054100 13 17 10.064645 11500
     91 13 17 10.064080 13 17 10.074490 11500
     92 13 17 10.074078 13 17 10.084521 11500
     93 13 17 10.084111 13 17 10.094621 11500
     94 13 17 10.094101 13 17 10.104583 11500
     95 13 17 10.104082 13 17 10.114563 11500
     96 13 17 10.114150 13 17 10.124636 11500
     97 13 17 10.124117 13 17 10.134537 11500
     98 13 17 10.134166 13 17 10.144586 11500
     99 13 17 10.144078 13 17 10.154489 11500
    100 13 17 10.154021 13 17 10.170379 11500
    101 13 17 10.164084 13 17 10.180018 11500
    102 13 17 10.174094 13 17 10.189671 11500
    103 13 17 10.184082 13 17 10.199353 11500
    104 13 17 10.194103 13 17 10.208992 11500
    105 13 17 10.204117 13 17 10.218623 11500
    106 13 17 10.214079 13 17 10.228301 11500
    107 13 17 10.224095 13 17 10.237961 11500
    108 13 17 10.234080 13 17 10.247614 11500
    109 13 17 10.244139 13 17 10.257281 11500
    110 13 17 10.254082 13 17 10.266930 11500
    111 13 17 10.264079 13 17 10.276586 11500
    112 13 17 10.274079 13 17 10.286220 11500
    113 13 17 10.284079 13 17 10.295906 11500
    114 13 17 10.294079 13 17 10.305555 11500
    115 13 17 10.304080 13 17 10.315267 11500
    116 13 17 10.314083 13 17 10.324873 11500
    117 13 17 10.324080 13 17 10.334497 11500
    118 13 17 10.334077 13 17 10.344459 11500
    119 13 17 10.344105 13 17 10.354506 11500
    120 13 17 10.354063 13 17 10.364480 11500
    121 13 17 10.364081 13 17 10.374470 11500
    122 13 17 10.374081 13 17 10.384563 11500
    123 13 17 10.384083 13 17 10.394508 11500
    124 13 17 10.394078 13 17 10.404486 11500
    125 13 17 10.404075 13 17 10.414479 11500
    126 13 17 10.414077 13 17 10.424505 11500
    127 13 17 10.424077 13 17 10.434483 11500
    128 13 17 10.434079 13 17 10.444497 11500
    129 13 17 10.444081 13 17 10.454492 11500
    130 13 17 10.454077 13 17 10.464489 11500
    131 13 17 10.464076 13 17 10.474472 11500
    132 13 17 10.474078 13 17 10.484479 11500
    133 13 17 10.484075 13 17 10.494484 11500
    134 13 17 10.494078 13 17 10.504452 11500
    135 13 17 10.504075 13 17 10.514504 11500
    136 13 17 10.514077 13 17 10.524464 11500
    137 13 17 10.524081 13 17 10.534494 11500
    138 13 17 10.534076 13 17 10.544598 11500
    139 13 17 10.544076 13 17 10.554472 11500
    140 13 17 10.554080 13 17 10.564505 11500
    141 13 17 10.564137 13 17 10.574628 11500
    142 13 17 10.574078 13 17 10.584486 11500
    143 13 17 10.584078 13 17 10.594495 11500
    144 13 17 10.594075 13 17 10.604587 11500
    145 13 17 10.604086 13 17 10.614509 11500
    146 13 17 10.614079 13 17 10.624496 11500
    147 13 17 10.624076 13 17 10.634482 11500
    148 13 17 10.634090 13 17 10.644517 11500
    149 13 17 10.644080 13 17 10.654512 11500
    150 13 17 10.654080 13 17 10.671279 11500
    151 13 17 10.664080 13 17 10.680103 11500
    152 13 17 10.674034 13 17 10.689807 11500
    153 13 17 10.684105 13 17 10.699401 11500
    154 13 17 10.694082 13 17 10.709054 11500
    155 13 17 10.704081 13 17 10.718676 11500
    156 13 17 10.714050 13 17 10.728393 11500
    157 13 17 10.724094 13 17 10.738075 11500
    158 13 17 10.734140 13 17 10.747695 11500
    159 13 17 10.744073 13 17 10.757343 11500
    160 13 17 10.754065 13 17 10.766978 11500
    161 13 17 10.764195 13 17 10.776676 11500
    162 13 17 10.774157 13 17 10.786267 11500
    163 13 17 10.784110 13 17 10.795935 11500
    164 13 17 10.794050 13 17 10.805607 11500
    165 13 17 10.804069 13 17 10.815265 11500
    166 13 17 10.814076 13 17 10.824944 11500
    167 13 17 10.824118 13 17 10.834574 11500
    168 13 17 10.834065 13 17 10.844661 11500
    169 13 17 10.844079 13 17 10.854500 11500
    170 13 17 10.854088 13 17 10.864520 11500
    171 13 17 10.864091 13 17 10.874596 11500
    172 13 17 10.874093 13 17 10.884631 11500
    173 13 17 10.884147 13 17 10.894662 11500
    174 13 17 10.894144 13 17 10.904586 11500
    175 13 17 10.904090 13 17 10.914675 11500
    176 13 17 10.914186 13 17 10.924734 11500
    177 13 17 10.924063 13 17 10.934639 11500
    178 13 17 10.934158 13 17 10.944573 11500
    179 13 17 10.944077 13 17 10.954489 11500
    180 13 17 10.954077 13 17 10.964477 11500
    181 13 17 10.964062 13 17 10.974460 11500
    182 13 17 10.974097 13 17 10.984583 11500
    183 13 17 10.984078 13 17 10.994503 11500
    184 13 17 10.994078 13 17 11.004497 11500
    185 13 17 11.004077 13 17 11.014497 11500
    186 13 17 11.014079 13 17 11.024734 11500
    187 13 17 11.024084 13 17 11.034497 11500
    188 13 17 11.034081 13 17 11.044510 11500
    189 13 17 11.044078 13 17 11.054491 11500
    190 13 17 11.054078 13 17 11.064491 11500
    191 13 17 11.064078 13 17 11.074502 11500
    192 13 17 11.074080 13 17 11.084523 11500
    193 13 17 11.084080 13 17 11.094542 11500
    194 13 17 11.094079 13 17 11.104566 11500
    195 13 17 11.104146 13 17 11.114660 11500
    196 13 17 11.114077 13 17 11.124605 11500
    197 13 17 11.124040 13 17 11.134458 11500
    198 13 17 11.134107 13 17 11.144496 11500
    199 13 17 11.144080 13 17 11.154465 11500
    200 13 17 11.154078 13 17 11.171523 11500
    201 13 17 11.164073 13 17 11.180127 11500
    202 13 17 11.174084 13 17 11.189851 11500
    203 13 17 11.184098 13 17 11.199433 11500
    204 13 17 11.194079 13 17 11.209068 11500
    205 13 17 11.204081 13 17 11.218721 11500
    206 13 17 11.214038 13 17 11.228396 11500
    207 13 17 11.224081 13 17 11.238035 11500
    208 13 17 11.234063 13 17 11.247790 11500
    209 13 17 11.244042 13 17 11.257429 11500
    210 13 17 11.254051 13 17 11.267030 11500
    211 13 17 11.264084 13 17 11.276659 11500
    212 13 17 11.274081 13 17 11.286303 11500
    213 13 17 11.284084 13 17 11.295992 11500
    214 13 17 11.294081 13 17 11.305631 11500
    215 13 17 11.304083 13 17 11.315288 11500
    216 13 17 11.314073 13 17 11.324961 11500
    217 13 17 11.324080 13 17 11.334597 11500
    218 13 17 11.334077 13 17 11.344490 11500
    219 13 17 11.344077 13 17 11.354478 11500
    220 13 17 11.354077 13 17 11.364489 11500
    221 13 17 11.364074 13 17 11.374465 11500
    222 13 17 11.374079 13 17 11.384491 11500
    223 13 17 11.384080 13 17 11.394560 11500
    224 13 17 11.394080 13 17 11.404489 11500
    225 13 17 11.404080 13 17 11.414488 11500
    226 13 17 11.414077 13 17 11.424481 11500
    227 13 17 11.424077 13 17 11.434476 11500
    228 13 17 11.434079 13 17 11.444482 11500
    229 13 17 11.444076 13 17 11.454485 11500
    230 13 17 11.454076 13 17 11.464487 11500
    231 13 17 11.464076 13 17 11.474522 11500
    232 13 17 11.474164 13 17 11.484552 11500
    233 13 17 11.484078 13 17 11.494486 11500
    234 13 17 11.494077 13 17 11.504467 11500
    235 13 17 11.504106 13 17 11.514518 11500
    236 13 17 11.514079 13 17 11.524508 11500
    237 13 17 11.524082 13 17 11.534510 11500
    238 13 17 11.534079 13 17 11.544503 11500
    239 13 17 11.544083 13 17 11.554522 11500
    240 13 17 11.554093 13 17 11.564565 11500
    241 13 17 11.564083 13 17 11.574493 11500
    242 13 17 11.574082 13 17 11.584497 11500
    243 13 17 11.584077 13 17 11.594490 11500
    244 13 17 11.594096 13 17 11.604568 11500
    245 13 17 11.604089 13 17 11.614513 11500
    246 13 17 11.614095 13 17 11.624534 11500
    247 13 17 11.624081 13 17 11.634551 11500
    248 13 17 11.634102 13 17 11.644560 11500
    249 13 17 11.644094 13 17 11.654552 11500
    250 13 17 11.654083 13 17 11.670467 11500
    251 13 17 11.664092 13 17 11.680085 11500
    252 13 17 11.674060 13 17 11.689740 11500
    253 13 17 11.684070 13 17 11.699394 11500
    254 13 17 11.694067 13 17 11.709066 11500
    255 13 17 11.704083 13 17 11.718744 11500
    256 13 17 11.714012 13 17 11.728355 11500
    257 13 17 11.724076 13 17 11.738035 11500
    258 13 17 11.734069 13 17 11.747747 11500
    259 13 17 11.744051 13 17 11.757341 11500
    260 13 17 11.754046 13 17 11.766994 11500
    261 13 17 11.764079 13 17 11.776654 11500
    262 13 17 11.774105 13 17 11.786308 11500
    263 13 17 11.784055 13 17 11.795963 11500
    264 13 17 11.794081 13 17 11.805623 11500
    265 13 17 11.804081 13 17 11.815281 11500
    266 13 17 11.814066 13 17 11.824937 11500
    267 13 17 11.824080 13 17 11.834597 11500
    268 13 17 11.834084 13 17 11.844490 11500
    269 13 17 11.844079 13 17 11.854485 11500
    270 13 17 11.854081 13 17 11.864492 11500
    271 13 17 11.864124 13 17 11.874641 11500
    272 13 17 11.874083 13 17 11.884499 11500
    273 13 17 11.884090 13 17 11.894519 11500
    274 13 17 11.894080 13 17 11.904491 11500
    275 13 17 11.904137 13 17 11.914666 11500
    276 13 17 11.914077 13 17 11.924490 11500
    277 13 17 11.924246 13 17 11.935670 11500
    278 13 17 11.934082 13 17 11.945322 11500
    279 13 17 11.944093 13 17 11.954961 11500
    280 13 17 11.954157 13 17 11.964669 11500
    281 13 17 11.964076 13 17 11.974491 11500
    282 13 17 11.974080 13 17 11.984633 11500
    283 13 17 11.984064 13 17 11.994491 11500
    284 13 17 11.994104 13 17 12.004616 11500
    285 13 17 12.004099 13 17 12.014557 11500
    286 13 17 12.014086 13 17 12.024883 11500
    287 13 17 12.024082 13 17 12.034544 11500
    288 13 17 12.034105 13 17 12.044605 11500
    289 13 17 12.044107 13 17 12.054548 11500
    290 13 17 12.054078 13 17 12.064503 11500
    291 13 17 12.064076 13 17 12.074490 11500
    292 13 17 12.074078 13 17 12.084490 11500
    293 13 17 12.084077 13 17 12.094485 11500
    294 13 17 12.094077 13 17 12.104475 11500
    295 13 17 12.104077 13 17 12.114482 11500
    296 13 17 12.114076 13 17 12.124598 11500
    297 13 17 12.124079 13 17 12.134539 11500
    298 13 17 12.134100 13 17 12.144567 11500
    299 13 17 12.144078 13 17 12.154586 11500
    300 13 17 12.154076 13 17 12.171576 11500
    301 13 17 12.164075 13 17 12.180099 11500
    302 13 17 12.174082 13 17 12.189816 11500
    303 13 17 12.184077 13 17 12.199405 11500
    304 13 17 12.194079 13 17 12.209049 11500
    305 13 17 12.204031 13 17 12.218707 11500
    306 13 17 12.214021 13 17 12.228415 11500
    307 13 17 12.224080 13 17 12.238020 11500
    308 13 17 12.234080 13 17 12.247780 11500
    309 13 17 12.244037 13 17 12.257336 11500
    310 13 17 12.254044 13 17 12.266994 11500
    311 13 17 12.264079 13 17 12.276647 11500
    312 13 17 12.274056 13 17 12.286291 11500
    313 13 17 12.284053 13 17 12.295963 11500
    314 13 17 12.294079 13 17 12.305624 11500
    315 13 17 12.304081 13 17 12.315281 11500
    316 13 17 12.314068 13 17 12.324916 11500
    317 13 17 12.324080 13 17 12.334590 11500
    318 13 17 12.334042 13 17 12.344478 11500
    319 13 17 12.344110 13 17 12.354499 11500
    320 13 17 12.354077 13 17 12.364480 11500
    321 13 17 12.364076 13 17 12.374551 11500
    322 13 17 12.374081 13 17 12.384487 11500
    323 13 17 12.384085 13 17 12.394501 11500
    324 13 17 12.394078 13 17 12.404486 11500
    325 13 17 12.404077 13 17 12.414483 11500
    326 13 17 12.414077 13 17 12.424499 11500
    327 13 17 12.424080 13 17 12.434509 11500
    328 13 17 12.434081 13 17 12.444523 11500
    329 13 17 12.444079 13 17 12.454501 11500
    330 13 17 12.454079 13 17 12.464494 11500
    331 13 17 12.464078 13 17 12.474544 11500
    332 13 17 12.474078 13 17 12.484495 11500
    333 13 17 12.484078 13 17 12.494493 11500
    334 13 17 12.494077 13 17 12.504559 11500
    335 13 17 12.504084 13 17 12.514571 11500
    336 13 17 12.514079 13 17 12.524549 11500
    337 13 17 12.524074 13 17 12.534539 11500
    338 13 17 12.534076 13 17 12.544482 11500
    339 13 17 12.544076 13 17 12.554474 11500
    340 13 17 12.554078 13 17 12.564538 11500
    341 13 17 12.564075 13 17 12.574538 11500
    342 13 17 12.574101 13 17 12.584574 11500
    343 13 17 12.584089 13 17 12.594514 11500
    344 13 17 12.594151 13 17 12.604625 11500
    345 13 17 12.604079 13 17 12.614487 11500
    346 13 17 12.614077 13 17 12.624482 11500
    347 13 17 12.624076 13 17 12.634479 11500
    348 13 17 12.634078 13 17 12.644546 11500
    349 13 17 12.644076 13 17 12.654621 11500
    350 13 17 12.654080 13 17 12.671383 11500
    351 13 17 12.664089 13 17 12.680108 11500
    352 13 17 12.674103 13 17 12.689842 11500
    353 13 17 12.684112 13 17 12.699408 11500
    354 13 17 12.694079 13 17 12.709063 11500
    355 13 17 12.704067 13 17 12.718726 11500
    356 13 17 12.714034 13 17 12.728393 11500
    357 13 17 12.724085 13 17 12.738034 11500
    358 13 17 12.734087 13 17 12.747692 11500
    359 13 17 12.744047 13 17 12.757348 11500
    360 13 17 12.754056 13 17 12.767004 11500
    361 13 17 12.764087 13 17 12.776673 11500
    362 13 17 12.774077 13 17 12.786300 11500
    363 13 17 12.784072 13 17 12.795975 11500
    364 13 17 12.794081 13 17 12.805633 11500
    365 13 17 12.804085 13 17 12.815293 11500
    366 13 17 12.814078 13 17 12.824946 11500
    367 13 17 12.824080 13 17 12.834600 11500
    368 13 17 12.834077 13 17 12.844485 11500
    369 13 17 12.844077 13 17 12.854475 11500
    370 13 17 12.854091 13 17 12.864504 11500
    371 13 17 12.864076 13 17 12.874496 11500
    372 13 17 12.874148 13 17 12.884636 11500
    373 13 17 12.884080 13 17 12.894560 11500
    374 13 17 12.894078 13 17 12.904491 11500
    375 13 17 12.904083 13 17 12.914491 11500
    376 13 17 12.914080 13 17 12.924483 11500
    377 13 17 12.924080 13 17 12.934542 11500
    378 13 17 12.934065 13 17 12.944447 11500
    379 13 17 12.944013 13 17 12.954418 11500
    380 13 17 12.954067 13 17 12.964551 11500
    381 13 17 12.964060 13 17 12.974465 11500
    382 13 17 12.974119 13 17 12.985644 11500
    383 13 17 12.984083 13 17 12.995304 11500
    384 13 17 12.994089 13 17 13.004960 11500
    385 13 17 13.004080 13 17 13.014677 11500
    386 13 17 13.014079 13 17 13.024772 11500
    387 13 17 13.024081 13 17 13.034494 11500
    388 13 17 13.034079 13 17 13.044541 11500
    389 13 17 13.044102 13 17 13.055234 11500
    390 13 17 13.054213 13 17 13.064738 11500
    391 13 17 13.064078 13 17 13.074545 11500
    392 13 17 13.074080 13 17 13.084474 11500
    393 13 17 13.084089 13 17 13.094500 11500
    394 13 17 13.094077 13 17 13.104494 11500
    395 13 17 13.104079 13 17 13.114494 11500
    396 13 17 13.114079 13 17 13.124492 11500
    397 13 17 13.124079 13 17 13.134487 11500
    398 13 17 13.134078 13 17 13.144489 11500
    399 13 17 13.144078 13 17 13.154493 11500
    400 13 17 13.154078 13 17 13.170505 11500
    401 13 17 13.164077 13 17 13.180077 11500
    402 13 17 13.174082 13 17 13.189818 11500
    403 13 17 13.184075 13 17 13.199396 11500
    404 13 17 13.194079 13 17 13.209053 11500
    405 13 17 13.204081 13 17 13.218704 11500
    406 13 17 13.214021 13 17 13.228381 11500
    407 13 17 13.224080 13 17 13.238020 11500
    408 13 17 13.234068 13 17 13.247681 11500
    409 13 17 13.244070 13 17 13.257334 11500
    410 13 17 13.254042 13 17 13.266992 11500
    411 13 17 13.264081 13 17 13.276652 11500
    412 13 17 13.274079 13 17 13.286289 11500
    413 13 17 13.284050 13 17 13.295963 11500
    414 13 17 13.294081 13 17 13.305623 11500
    415 13 17 13.304104 13 17 13.315303 11500
    416 13 17 13.314064 13 17 13.324944 11500
    417 13 17 13.324080 13 17 13.334588 11500
    418 13 17 13.334077 13 17 13.344504 11500
    419 13 17 13.344077 13 17 13.354535 11500
    420 13 17 13.354082 13 17 13.364497 11500
    421 13 17 13.364077 13 17 13.374480 11500
    422 13 17 13.374081 13 17 13.384494 11500
    423 13 17 13.384085 13 17 13.394536 11500
    424 13 17 13.394083 13 17 13.404519 11500
    425 13 17 13.404085 13 17 13.414595 11500
    426 13 17 13.414087 13 17 13.424504 11500
    427 13 17 13.424086 13 17 13.434551 11500
    428 13 17 13.434084 13 17 13.444514 11500
    429 13 17 13.444082 13 17 13.454492 11500
    430 13 17 13.454077 13 17 13.464556 11500
    431 13 17 13.464078 13 17 13.474486 11500
    432 13 17 13.474076 13 17 13.484514 11500
    433 13 17 13.484097 13 17 13.494590 11500
    434 13 17 13.494115 13 17 13.504576 11500
    435 13 17 13.504094 13 17 13.514727 11500
    436 13 17 13.514113 13 17 13.524611 11500
    437 13 17 13.524107 13 17 13.534644 11500
    438 13 17 13.534083 13 17 13.544895 11500
    439 13 17 13.544105 13 17 13.554710 11500
    440 13 17 13.554085 13 17 13.564508 11500
    441 13 17 13.564081 13 17 13.574640 11500
    442 13 17 13.574090 13 17 13.584578 11500
    443 13 17 13.584094 13 17 13.594504 11500
    444 13 17 13.594093 13 17 13.604554 11500
    445 13 17 13.604079 13 17 13.614563 11500
    446 13 17 13.614114 13 17 13.624629 11500
    447 13 17 13.624100 13 17 13.634548 11500
    448 13 17 13.634083 13 17 13.644538 11500
    449 13 17 13.644085 13 17 13.654503 11500
    450 13 17 13.654097 13 17 13.671357 11500
    451 13 17 13.664094 13 17 13.680232 11500
    452 13 17 13.674034 13 17 13.689878 11500
    453 13 17 13.684110 13 17 13.699422 11500
    454 13 17 13.694086 13 17 13.709101 11500
    455 13 17 13.704121 13 17 13.718764 11500
    456 13 17 13.714054 13 17 13.728400 11500
    457 13 17 13.724107 13 17 13.738046 11500
    458 13 17 13.734045 13 17 13.747716 11500
    459 13 17 13.744061 13 17 13.757362 11500
    460 13 17 13.754073 13 17 13.767020 11500
    461 13 17 13.764081 13 17 13.776759 11500
    462 13 17 13.774084 13 17 13.786322 11500
    463 13 17 13.784136 13 17 13.795992 11500
    464 13 17 13.794086 13 17 13.805726 11500
    465 13 17 13.804081 13 17 13.815419 11500
    466 13 17 13.814144 13 17 13.824994 11500
    467 13 17 13.824087 13 17 13.834633 11500
    468 13 17 13.834096 13 17 13.844568 11500
    469 13 17 13.844089 13 17 13.854604 11500
    470 13 17 13.854105 13 17 13.864604 11500
    471 13 17 13.864110 13 17 13.874615 11500
    472 13 17 13.874085 13 17 13.884515 11500
    473 13 17 13.884083 13 17 13.894515 11500
    474 13 17 13.894083 13 17 13.904496 11500
    475 13 17 13.904083 13 17 13.914498 11500
    476 13 17 13.914080 13 17 13.924571 11500
    477 13 17 13.924096 13 17 13.934518 11500
    478 13 17 13.934070 13 17 13.944490 11500
    479 13 17 13.944079 13 17 13.954509 11500
    480 13 17 13.954081 13 17 13.964625 11500
    481 13 17 13.964083 13 17 13.974534 11500
    482 13 17 13.974130 13 17 13.984657 11500
    483 13 17 13.984082 13 17 13.994709 11500
    484 13 17 13.994089 13 17 14.004585 11500
    485 13 17 14.004087 13 17 14.014772 11500
    486 13 17 14.014122 13 17 14.025337 11500
    487 13 17 14.024115 13 17 14.034810 11500
    488 13 17 14.034110 13 17 14.044741 11500
    489 13 17 14.044110 13 17 14.054748 11500
    490 13 17 14.054183 13 17 14.064856 11500
    491 13 17 14.064090 13 17 14.074923 11500
    492 13 17 14.074296 13 17 14.085174 11500
    493 13 17 14.084046 13 17 14.094763 11500
    494 13 17 14.094105 13 17 14.104559 11500
    495 13 17 14.104107 13 17 14.114563 11500
    496 13 17 14.114086 13 17 14.124530 11500
    497 13 17 14.124081 13 17 14.134503 11500
    498 13 17 14.134083 13 17 14.144558 11500
    499 13 17 14.144104 13 17 14.154586 11500
    500 13 17 14.154085 13 17 14.170470 11500
    501 13 17 14.164090 13 17 14.180104 11500
    502 13 17 14.174023 13 17 14.189743 11500
    503 13 17 14.184020 13 17 14.199405 11500
    504 13 17 14.194079 13 17 14.209032 11500
    505 13 17 14.204072 13 17 14.218716 11500
    506 13 17 14.214067 13 17 14.228379 11500
    507 13 17 14.224107 13 17 14.238016 11500
    508 13 17 14.234071 13 17 14.247688 11500
    509 13 17 14.244042 13 17 14.257626 11500
    510 13 17 14.254039 13 17 14.266999 11500
    511 13 17 14.264058 13 17 14.276655 11500
    512 13 17 14.274067 13 17 14.286336 11500
    513 13 17 14.284039 13 17 14.296008 11500
    514 13 17 14.294069 13 17 14.305595 11500
    515 13 17 14.304085 13 17 14.315267 11500
    516 13 17 14.314068 13 17 14.324927 11500
    517 13 17 14.324066 13 17 14.334970 11500
    518 13 17 14.334082 13 17 14.344625 11500
    519 13 17 14.344082 13 17 14.354492 11500
    520 13 17 14.354079 13 17 14.364558 11500
    521 13 17 14.364077 13 17 14.374503 11500
    522 13 17 14.374081 13 17 14.384489 11500
    523 13 17 14.384078 13 17 14.394494 11500
    524 13 17 14.394078 13 17 14.404488 11500
    525 13 17 14.404075 13 17 14.414467 11500
    526 13 17 14.414104 13 17 14.424587 11500
    527 13 17 14.424080 13 17 14.434521 11500
    528 13 17 14.434079 13 17 14.444485 11500
    529 13 17 14.444077 13 17 14.454480 11500
    530 13 17 14.454088 13 17 14.464524 11500
    531 13 17 14.464090 13 17 14.474614 11500
    532 13 17 14.474088 13 17 14.484491 11500
    533 13 17 14.484075 13 17 14.494491 11500
    534 13 17 14.494099 13 17 14.504607 11500
    535 13 17 14.504089 13 17 14.514523 11500
    536 13 17 14.514086 13 17 14.524622 11500
    537 13 17 14.524081 13 17 14.534601 11500
    538 13 17 14.534078 13 17 14.544565 11500
    539 13 17 14.544078 13 17 14.554615 11500
    540 13 17 14.554092 13 17 14.564629 11500
    541 13 17 14.564080 13 17 14.574512 11500
    542 13 17 14.574082 13 17 14.584505 11500
    543 13 17 14.584084 13 17 14.594677 11500
    544 13 17 14.594167 13 17 14.604589 11500
    545 13 17 14.604101 13 17 14.614535 11500
    546 13 17 14.614114 13 17 14.624573 11500
    547 13 17 14.624093 13 17 14.634510 11500
    548 13 17 14.634164 13 17 14.644747 11500
    549 13 17 14.644149 13 17 14.654718 11500
    550 13 17 14.654087 13 17 14.671661 11500
    551 13 17 14.664120 13 17 14.680293 11500
    552 13 17 14.674217 13 17 14.689847 11500
    553 13 17 14.684103 13 17 14.699450 11500
    554 13 17 14.695145 13 17 14.709111 11500
    555 13 17 14.704034 13 17 14.718778 11500
    556 13 17 14.714157 13 17 14.728600 11500
    557 13 17 14.724183 13 17 14.738044 11500
    558 13 17 14.734054 13 17 14.747771 11500
    559 13 17 14.744241 13 17 14.757414 11500
    560 13 17 14.754068 13 17 14.767013 11500
    561 13 17 14.764077 13 17 14.776676 11500
    562 13 17 14.774072 13 17 14.786324 11500
    563 13 17 14.784076 13 17 14.795956 11500
    564 13 17 14.794066 13 17 14.805782 11500
    565 13 17 14.804099 13 17 14.815298 11500
    566 13 17 14.814068 13 17 14.824946 11500
    567 13 17 14.824082 13 17 14.834611 11500
    568 13 17 14.834080 13 17 14.844556 11500
    569 13 17 14.844077 13 17 14.854494 11500
    570 13 17 14.854077 13 17 14.864489 11500
    571 13 17 14.864076 13 17 14.874487 11500
    572 13 17 14.874081 13 17 14.884501 11500
    573 13 17 14.884078 13 17 14.894491 11500
    574 13 17 14.894080 13 17 14.904489 11500
    575 13 17 14.904080 13 17 14.914507 11500
    576 13 17 14.914077 13 17 14.924467 11500
    577 13 17 14.924063 13 17 14.934452 11500
    578 13 17 14.934063 13 17 14.944425 11500
    579 13 17 14.944060 13 17 14.954509 11500
    580 13 17 14.954064 13 17 14.964430 11500
    581 13 17 14.964054 13 17 14.974517 11500
    582 13 17 14.974078 13 17 14.984479 11500
    583 13 17 14.984076 13 17 14.994493 11500
    584 13 17 14.994078 13 17 15.004469 11500
    585 13 17 15.004079 13 17 15.014485 11500
    586 13 17 15.014094 13 17 15.024551 11500
    587 13 17 15.024079 13 17 15.034639 11500
    588 13 17 15.034105 13 17 15.044575 11500
    589 13 17 15.044083 13 17 15.054517 11500
    590 13 17 15.054080 13 17 15.064505 11500
    591 13 17 15.064078 13 17 15.074652 11500
    592 13 17 15.074082 13 17 15.084500 11500
    593 13 17 15.084077 13 17 15.094580 11500
    594 13 17 15.094103 13 17 15.104566 11500
    595 13 17 15.104079 13 17 15.114497 11500
    596 13 17 15.114079 13 17 15.124492 11500
    597 13 17 15.124079 13 17 15.134493 11500
    598 13 17 15.134083 13 17 15.144501 11500
    599 13 17 15.144076 13 17 15.154495 11500
    600 13 17 15.154078 13 17 15.171685 11500
    601 13 17 15.164077 13 17 15.180087 11500
    602 13 17 15.174084 13 17 15.189823 11500
    603 13 17 15.184086 13 17 15.199407 11500
    604 13 17 15.194077 13 17 15.209063 11500
    605 13 17 15.204079 13 17 15.218723 11500
    606 13 17 15.214045 13 17 15.228381 11500
    607 13 17 15.224081 13 17 15.238023 11500
    608 13 17 15.234066 13 17 15.247693 11500
    609 13 17 15.244092 13 17 15.257350 11500
    610 13 17 15.254056 13 17 15.267006 11500
    611 13 17 15.264079 13 17 15.276662 11500
    612 13 17 15.274081 13 17 15.286310 11500
    613 13 17 15.284055 13 17 15.296036 11500
    614 13 17 15.294079 13 17 15.305635 11500
    615 13 17 15.304078 13 17 15.315276 11500
    616 13 17 15.314064 13 17 15.324939 11500
    617 13 17 15.324080 13 17 15.334606 11500
    618 13 17 15.334080 13 17 15.344490 11500
    619 13 17 15.344075 13 17 15.354485 11500
    620 13 17 15.354077 13 17 15.364487 11500
    621 13 17 15.364077 13 17 15.374477 11500
    622 13 17 15.374079 13 17 15.384477 11500
    623 13 17 15.384074 13 17 15.394500 11500
    624 13 17 15.394144 13 17 15.404619 11500
    625 13 17 15.404078 13 17 15.414481 11500
    626 13 17 15.414077 13 17 15.424480 11500
    627 13 17 15.424089 13 17 15.434495 11500
    628 13 17 15.434079 13 17 15.444509 11500
    629 13 17 15.444055 13 17 15.454480 11500
    630 13 17 15.454076 13 17 15.464477 11500
    631 13 17 15.464076 13 17 15.474524 11500
    632 13 17 15.474104 13 17 15.484555 11500
    633 13 17 15.484078 13 17 15.494497 11500
    634 13 17 15.494078 13 17 15.504480 11500
    635 13 17 15.504077 13 17 15.514488 11500
    636 13 17 15.514087 13 17 15.524516 11500
    637 13 17 15.524076 13 17 15.534556 11500
    638 13 17 15.534081 13 17 15.544453 11500
    639 13 17 15.544076 13 17 15.554500 11500
    640 13 17 15.554078 13 17 15.564491 11500
    641 13 17 15.564073 13 17 15.574465 11500
    642 13 17 15.574080 13 17 15.584474 11500
    643 13 17 15.584089 13 17 15.594599 11500
    644 13 17 15.594087 13 17 15.604521 11500
    645 13 17 15.604089 13 17 15.614501 11500
    646 13 17 15.614077 13 17 15.624487 11500
    647 13 17 15.624078 13 17 15.634482 11500
    648 13 17 15.634116 13 17 15.644607 11500
    649 13 17 15.644092 13 17 15.654512 11500
    650 13 17 15.654078 13 17 15.671372 11500
    651 13 17 15.664080 13 17 15.680073 11500
    652 13 17 15.674082 13 17 15.689804 11500
    653 13 17 15.684077 13 17 15.699393 11500
    654 13 17 15.694077 13 17 15.709070 11500
    655 13 17 15.704050 13 17 15.718750 11500
    656 13 17 15.714024 13 17 15.728363 11500
    657 13 17 15.724081 13 17 15.738051 11500
    658 13 17 15.734080 13 17 15.747752 11500
    659 13 17 15.744046 13 17 15.757341 11500
    660 13 17 15.754044 13 17 15.767011 11500
    661 13 17 15.764087 13 17 15.776652 11500
    662 13 17 15.774084 13 17 15.786352 11500
    663 13 17 15.784057 13 17 15.795963 11500
    664 13 17 15.794081 13 17 15.805700 11500
    665 13 17 15.804085 13 17 15.815286 11500
    666 13 17 15.814066 13 17 15.824937 11500
    667 13 17 15.824080 13 17 15.834590 11500
    668 13 17 15.834077 13 17 15.844659 11500
    669 13 17 15.844079 13 17 15.854499 11500
    670 13 17 15.854077 13 17 15.864490 11500
    671 13 17 15.864077 13 17 15.874515 11500
    672 13 17 15.874076 13 17 15.884487 11500
    673 13 17 15.884078 13 17 15.894487 11500
    674 13 17 15.894078 13 17 15.904489 11500
    675 13 17 15.904080 13 17 15.914495 11500
    676 13 17 15.914082 13 17 15.924490 11500
    677 13 17 15.924049 13 17 15.934461 11500
    678 13 17 15.934113 13 17 15.944534 11500
    679 13 17 15.944086 13 17 15.954503 11500
    680 13 17 15.954076 13 17 15.964589 11500
    681 13 17 15.964074 13 17 15.974503 11500
    682 13 17 15.974080 13 17 15.984486 11500
    683 13 17 15.984076 13 17 15.994495 11500
    684 13 17 15.994078 13 17 16.004491 11500
    685 13 17 16.004077 13 17 16.014493 11500
    686 13 17 16.014078 13 17 16.024498 11500
    687 13 17 16.024077 13 17 16.034494 11500
    688 13 17 16.034081 13 17 16.044503 11500
    689 13 17 16.044081 13 17 16.054498 11500
    690 13 17 16.054079 13 17 16.064492 11500
    691 13 17 16.064077 13 17 16.074490 11500
    692 13 17 16.074090 13 17 16.084510 11500
    693 13 17 16.084080 13 17 16.094567 11500
    694 13 17 16.094080 13 17 16.104545 11500
    695 13 17 16.104079 13 17 16.114489 11500
    696 13 17 16.114077 13 17 16.124483 11500
    697 13 17 16.124076 13 17 16.134487 11500
    698 13 17 16.134077 13 17 16.144489 11500
    699 13 17 16.144062 13 17 16.154475 11500
    700 13 17 16.154075 13 17 16.170415 11500
    701 13 17 16.164077 13 17 16.180088 11500
    702 13 17 16.174033 13 17 16.189730 11500
    703 13 17 16.184080 13 17 16.199404 11500
    704 13 17 16.194079 13 17 16.209109 11500
    705 13 17 16.204080 13 17 16.218682 11500
    706 13 17 16.214038 13 17 16.228334 11500
    707 13 17 16.224071 13 17 16.238050 11500
    708 13 17 16.234082 13 17 16.247669 11500
    709 13 17 16.244046 13 17 16.257328 11500
    710 13 17 16.254041 13 17 16.267075 11500
    711 13 17 16.264126 13 17 16.276644 11500
    712 13 17 16.274094 13 17 16.286280 11500
    713 13 17 16.284041 13 17 16.295950 11500
    714 13 17 16.294080 13 17 16.305610 11500
    715 13 17 16.304081 13 17 16.315267 11500
    716 13 17 16.314067 13 17 16.324922 11500
    717 13 17 16.324079 13 17 16.334586 11500
    718 13 17 16.334078 13 17 16.344567 11500
    719 13 17 16.344077 13 17 16.354489 11500
    720 13 17 16.354077 13 17 16.364487 11500
    721 13 17 16.364074 13 17 16.374475 11500
    722 13 17 16.374110 13 17 16.384609 11500
    723 13 17 16.384093 13 17 16.394511 11500
    724 13 17 16.394076 13 17 16.404485 11500
    725 13 17 16.404077 13 17 16.414484 11500
    726 13 17 16.414077 13 17 16.424527 11500
    727 13 17 16.424078 13 17 16.434488 11500
    728 13 17 16.434084 13 17 16.444496 11500
    729 13 17 16.444093 13 17 16.454537 11500
    730 13 17 16.454079 13 17 16.464510 11500
    731 13 17 16.464078 13 17 16.474484 11500
    732 13 17 16.474091 13 17 16.484500 11500
    733 13 17 16.484076 13 17 16.494488 11500
    734 13 17 16.494088 13 17 16.504546 11500
    735 13 17 16.504077 13 17 16.514486 11500
    736 13 17 16.514077 13 17 16.524490 11500
    737 13 17 16.524076 13 17 16.534959 11500
    738 13 17 16.534078 13 17 16.544636 11500
    739 13 17 16.544025 13 17 16.554521 11500
    740 13 17 16.554078 13 17 16.564486 11500
    741 13 17 16.564074 13 17 16.574465 11500
    742 13 17 16.574083 13 17 16.584575 11500
    743 13 17 16.584067 13 17 16.594649 11500
    744 13 17 16.594131 13 17 16.604558 11500
    745 13 17 16.604079 13 17 16.614491 11500
    746 13 17 16.614079 13 17 16.624507 11500
    747 13 17 16.624078 13 17 16.634489 11500
    748 13 17 16.634078 13 17 16.644521 11500
    749 13 17 16.644277 13 17 16.654719 11500
    750 13 17 16.654078 13 17 16.671410 11500
    751 13 17 16.664079 13 17 16.680077 11500
    752 13 17 16.674092 13 17 16.689803 11500
    753 13 17 16.684079 13 17 16.699394 11500
    754 13 17 16.694078 13 17 16.709057 11500
    755 13 17 16.704081 13 17 16.718713 11500
    756 13 17 16.714024 13 17 16.728369 11500
    757 13 17 16.724084 13 17 16.738026 11500
    758 13 17 16.734086 13 17 16.747682 11500
    759 13 17 16.744036 13 17 16.757336 11500
    760 13 17 16.754045 13 17 16.766992 11500
    761 13 17 16.764077 13 17 16.776657 11500
    762 13 17 16.774118 13 17 16.786300 11500
    763 13 17 16.784058 13 17 16.795964 11500
    764 13 17 16.794080 13 17 16.805621 11500
    765 13 17 16.804071 13 17 16.815291 11500
    766 13 17 16.814054 13 17 16.824936 11500
    767 13 17 16.824069 13 17 16.834593 11500
    768 13 17 16.834066 13 17 16.844514 11500
    769 13 17 16.844065 13 17 16.854490 11500
    770 13 17 16.854068 13 17 16.864502 11500
    771 13 17 16.864077 13 17 16.874479 11500
    772 13 17 16.874078 13 17 16.884491 11500
    773 13 17 16.884077 13 17 16.894490 11500
    774 13 17 16.894078 13 17 16.904482 11500
    775 13 17 16.904077 13 17 16.914495 11500
    776 13 17 16.914076 13 17 16.924488 11500
    777 13 17 16.924077 13 17 16.934477 11500
    778 13 17 16.934076 13 17 16.944485 11500
    779 13 17 16.944075 13 17 16.954502 11500
    780 13 17 16.954145 13 17 16.964542 11500
    781 13 17 16.964075 13 17 16.974479 11500
    782 13 17 16.974077 13 17 16.984483 11500
    783 13 17 16.984079 13 17 16.994496 11500
    784 13 17 16.994078 13 17 17.004481 11500
    785 13 17 17.004080 13 17 17.014479 11500
    786 13 17 17.014081 13 17 17.024508 11500
    787 13 17 17.024063 13 17 17.034476 11500
    788 13 17 17.034078 13 17 17.044592 11500
    789 13 17 17.044078 13 17 17.054497 11500
    790 13 17 17.054079 13 17 17.064502 11500
    791 13 17 17.064077 13 17 17.074483 11500
    792 13 17 17.074078 13 17 17.084493 11500
    793 13 17 17.084078 13 17 17.094560 11500
    794 13 17 17.094080 13 17 17.104492 11500
    795 13 17 17.104079 13 17 17.114522 11500
    796 13 17 17.114087 13 17 17.124535 11500
    797 13 17 17.124088 13 17 17.134516 11500
    798 13 17 17.134077 13 17 17.144493 11500
    799 13 17 17.144076 13 17 17.154583 11500
    800 13 17 17.154077 13 17 17.171648 11500
    801 13 17 17.164077 13 17 17.180092 11500
    802 13 17 17.174289 13 17 17.189769 11500
    803 13 17 17.184076 13 17 17.199381 11500
    804 13 17 17.194071 13 17 17.209150 11500
    805 13 17 17.204066 13 17 17.218689 11500
    806 13 17 17.214019 13 17 17.228314 11500
    807 13 17 17.224081 13 17 17.237999 11500
    808 13 17 17.234080 13 17 17.247773 11500
    809 13 17 17.244091 13 17 17.257311 11500
    810 13 17 17.254045 13 17 17.266949 11500
    811 13 17 17.264078 13 17 17.276748 11500
    812 13 17 17.274080 13 17 17.286276 11500
    813 13 17 17.284051 13 17 17.295940 11500
    814 13 17 17.294080 13 17 17.305588 11500
    815 13 17 17.304081 13 17 17.315326 11500
    816 13 17 17.314022 13 17 17.324885 11500
    817 13 17 17.324079 13 17 17.334558 11500
    818 13 17 17.334077 13 17 17.344532 11500
    819 13 17 17.344084 13 17 17.354614 11500
    820 13 17 17.354101 13 17 17.364619 11500
    821 13 17 17.364149 13 17 17.374611 11500
    822 13 17 17.374107 13 17 17.384637 11500
    823 13 17 17.384108 13 17 17.394681 11500
    824 13 17 17.394099 13 17 17.404603 11500
    825 13 17 17.404084 13 17 17.414555 11500
    826 13 17 17.414079 13 17 17.424572 11500
    827 13 17 17.424088 13 17 17.434499 11500
    828 13 17 17.434082 13 17 17.444566 11500
    829 13 17 17.444085 13 17 17.454594 11500
    830 13 17 17.454101 13 17 17.464614 11500
    831 13 17 17.464144 13 17 17.474561 11500
    832 13 17 17.474080 13 17 17.484496 11500
    833 13 17 17.484078 13 17 17.494505 11500
    834 13 17 17.494081 13 17 17.504501 11500
    835 13 17 17.504100 13 17 17.514517 11500
    836 13 17 17.514078 13 17 17.525175 11500
    837 13 17 17.524391 13 17 17.535098 11500
    838 13 17 17.534076 13 17 17.544754 11500
    839 13 17 17.544153 13 17 17.554749 11500
    840 13 17 17.554081 13 17 17.564696 11500
    841 13 17 17.564118 13 17 17.574604 11500
    842 13 17 17.574134 13 17 17.584627 11500
    843 13 17 17.584102 13 17 17.594653 11500
    844 13 17 17.594080 13 17 17.604568 11500
    845 13 17 17.604088 13 17 17.614582 11500
    846 13 17 17.614080 13 17 17.624628 11500
    847 13 17 17.624088 13 17 17.634512 11500
    848 13 17 17.634071 13 17 17.644570 11500
    849 13 17 17.644128 13 17 17.654720 11500
    850 13 17 17.654147 13 17 17.671385 11500
    851 13 17 17.664079 13 17 17.680157 11500
    852 13 17 17.674081 13 17 17.689883 11500
    853 13 17 17.684080 13 17 17.699476 11500
    854 13 17 17.694086 13 17 17.709137 11500
    855 13 17 17.704064 13 17 17.718795 11500
    856 13 17 17.714089 13 17 17.728449 11500
    857 13 17 17.724081 13 17 17.738132 11500
    858 13 17 17.734083 13 17 17.747762 11500
    859 13 17 17.744115 13 17 17.757431 11500
    860 13 17 17.754079 13 17 17.767074 11500
    861 13 17 17.764079 13 17 17.776734 11500
    862 13 17 17.774086 13 17 17.786386 11500
    863 13 17 17.784085 13 17 17.796049 11500
    864 13 17 17.794083 13 17 17.805706 11500
    865 13 17 17.804119 13 17 17.815369 11500
    866 13 17 17.814081 13 17 17.825019 11500
    867 13 17 17.824079 13 17 17.834675 11500
    868 13 17 17.834078 13 17 17.844584 11500
    869 13 17 17.844076 13 17 17.854499 11500
    870 13 17 17.854078 13 17 17.864481 11500
    871 13 17 17.864077 13 17 17.874468 11500
    872 13 17 17.874079 13 17 17.884491 11500
    873 13 17 17.884076 13 17 17.894489 11500
    874 13 17 17.894082 13 17 17.904489 11500
    875 13 17 17.904078 13 17 17.914504 11500
    876 13 17 17.914079 13 17 17.924493 11500
    877 13 17 17.924077 13 17 17.934477 11500
    878 13 17 17.934080 13 17 17.944485 11500
    879 13 17 17.944075 13 17 17.954488 11500
    880 13 17 17.954077 13 17 17.964462 11500
    881 13 17 17.964062 13 17 17.974448 11500
    882 13 17 17.974077 13 17 17.984504 11500
    883 13 17 17.984135 13 17 17.994658 11500
    884 13 17 17.994081 13 17 18.004493 11500
    885 13 17 18.004079 13 17 18.014486 11500
    886 13 17 18.014078 13 17 18.024484 11500
    887 13 17 18.024079 13 17 18.034527 11500
    888 13 17 18.034105 13 17 18.044574 11500
    889 13 17 18.044078 13 17 18.054496 11500
    890 13 17 18.054078 13 17 18.064489 11500
    891 13 17 18.064077 13 17 18.074488 11500
    892 13 17 18.074078 13 17 18.084493 11500
    893 13 17 18.084081 13 17 18.094501 11500
    894 13 17 18.094079 13 17 18.104478 11500
    895 13 17 18.104081 13 17 18.114488 11500
    896 13 17 18.114080 13 17 18.124487 11500
    897 13 17 18.124074 13 17 18.134481 11500
    898 13 17 18.134080 13 17 18.144483 11500
    899 13 17 18.144075 13 17 18.154554 11500
    900 13 17 18.154077 13 17 18.171723 11500
    901 13 17 18.164076 13 17 18.180496 11500
    902 13 17 18.174105 13 17 18.190208 11500
    903 13 17 18.184075 13 17 18.199801 11500
    904 13 17 18.194078 13 17 18.209485 11500
    905 13 17 18.204072 13 17 18.219118 11500
    906 13 17 18.214075 13 17 18.228802 11500
    907 13 17 18.224083 13 17 18.238496 11500
    908 13 17 18.234263 13 17 18.248089 11500
    909 13 17 18.244081 13 17 18.257744 11500
    910 13 17 18.254083 13 17 18.267402 11500
    911 13 17 18.264089 13 17 18.277042 11500
    912 13 17 18.274070 13 17 18.286701 11500
    913 13 17 18.284103 13 17 18.296372 11500
    914 13 17 18.294070 13 17 18.306046 11500
    915 13 17 18.304065 13 17 18.315670 11500
    916 13 17 18.314076 13 17 18.325334 11500
    917 13 17 18.324065 13 17 18.335000 11500
    918 13 17 18.334085 13 17 18.344740 11500
    919 13 17 18.344082 13 17 18.354558 11500
    920 13 17 18.354092 13 17 18.364512 11500
    921 13 17 18.364111 13 17 18.374552 11500
    922 13 17 18.374089 13 17 18.384534 11500
    923 13 17 18.384097 13 17 18.394498 11500
    924 13 17 18.394078 13 17 18.404512 11500
    925 13 17 18.404078 13 17 18.414487 11500
    926 13 17 18.414087 13 17 18.424603 11500
    927 13 17 18.424126 13 17 18.434591 11500
    928 13 17 18.434080 13 17 18.444497 11500
    929 13 17 18.444079 13 17 18.454522 11500
    930 13 17 18.454080 13 17 18.464517 11500
    931 13 17 18.464099 13 17 18.474519 11500
    932 13 17 18.474077 13 17 18.484501 11500
    933 13 17 18.484162 13 17 18.494655 11500
    934 13 17 18.494078 13 17 18.504511 11500
    935 13 17 18.504087 13 17 18.514493 11500
    936 13 17 18.514078 13 17 18.524497 11500
    937 13 17 18.524076 13 17 18.534485 11500
    938 13 17 18.534086 13 17 18.544501 11500
    939 13 17 18.544076 13 17 18.554649 11500
    940 13 17 18.554081 13 17 18.564500 11500
    941 13 17 18.564074 13 17 18.574477 11500
    942 13 17 18.574079 13 17 18.584475 11500
    943 13 17 18.584080 13 17 18.594497 11500
    944 13 17 18.594077 13 17 18.604492 11500
    945 13 17 18.604078 13 17 18.614490 11500
    946 13 17 18.614079 13 17 18.624510 11500
    947 13 17 18.624079 13 17 18.634495 11500
    948 13 17 18.634077 13 17 18.644482 11500
    949 13 17 18.644075 13 17 18.654491 11500
    950 13 17 18.654078 13 17 18.670414 11500
    951 13 17 18.664089 13 17 18.680075 11500
    952 13 17 18.674084 13 17 18.689748 11500
    953 13 17 18.684080 13 17 18.699389 11500
    954 13 17 18.694078 13 17 18.709044 11500
    955 13 17 18.704079 13 17 18.718702 11500
    956 13 17 18.714082 13 17 18.728356 11500
    957 13 17 18.724080 13 17 18.737995 11500
    958 13 17 18.734079 13 17 18.747686 11500
    959 13 17 18.744023 13 17 18.757376 11500
    960 13 17 18.754051 13 17 18.766985 11500
    961 13 17 18.764078 13 17 18.776641 11500
    962 13 17 18.774081 13 17 18.786286 11500
    963 13 17 18.784064 13 17 18.795956 11500
    964 13 17 18.794069 13 17 18.805583 11500
    965 13 17 18.804068 13 17 18.815256 11500
    966 13 17 18.814025 13 17 18.824925 11500
    967 13 17 18.824090 13 17 18.834582 11500
    968 13 17 18.834078 13 17 18.844608 11500
    969 13 17 18.844090 13 17 18.854493 11500
    970 13 17 18.854081 13 17 18.864499 11500
    971 13 17 18.864081 13 17 18.874507 11500
    972 13 17 18.874086 13 17 18.884547 11500
    973 13 17 18.884101 13 17 18.894674 11500
    974 13 17 18.894080 13 17 18.904492 11500
    975 13 17 18.904075 13 17 18.914473 11500
    976 13 17 18.914078 13 17 18.924483 11500
    977 13 17 18.924078 13 17 18.934488 11500
    978 13 17 18.934076 13 17 18.944486 11500
    979 13 17 18.944075 13 17 18.954484 11500
    980 13 17 18.954069 13 17 18.964448 11500
    981 13 17 18.964062 13 17 18.988255 11500
    982 13 17 18.986229 13 17 18.996659 11500
    983 13 17 18.986294 13 17 19.006446 11500
    984 13 17 18.994077 13 17 19.015995 11500
    985 13 17 19.004113 13 17 19.025930 11500
    986 13 17 19.014084 13 17 19.035298 11500
    987 13 17 19.024091 13 17 19.045058 11500
    988 13 17 19.034089 13 17 19.054652 11500
    989 13 17 19.044149 13 17 19.064353 11500
    990 13 17 19.054104 13 17 19.073951 11500
    991 13 17 19.064022 13 17 19.083670 11500
    992 13 17 19.074092 13 17 19.093275 11500
    993 13 17 19.084102 13 17 19.103031 11500
    994 13 17 19.094094 13 17 19.112583 11500
    995 13 17 19.104116 13 17 19.122309 11500
    996 13 17 19.114081 13 17 19.131910 11500
    997 13 17 19.124081 13 17 19.142320 11500
    998 13 17 19.134081 13 17 19.151230 11500
    999 13 17 19.144086 13 17 19.160951 11500
    951 13 17 18.664089 13 17 18.680075 11500
    952 13 17 18.674084 13 17 18.689748 11500
    953 13 17 18.684080 13 17 18.699389 11500
    954 13 17 18.694078 13 17 18.709044 11500
    955 13 17 18.704079 13 17 18.718702 11500
    956 13 17 18.714082 13 17 18.728356 11500
    957 13 17 18.724080 13 17 18.737995 11500
    958 13 17 18.734079 13 17 18.747686 11500
    959 13 17 18.744023 13 17 18.757376 11500
    960 13 17 18.754051 13 17 18.766985 11500
    961 13 17 18.764078 13 17 18.776641 11500
    962 13 17 18.774081 13 17 18.786286 11500
    963 13 17 18.784064 13 17 18.795956 11500
    964 13 17 18.794069 13 17 18.805583 11500
    965 13 17 18.804068 13 17 18.815256 11500
    966 13 17 18.814025 13 17 18.824925 11500
    967 13 17 18.824090 13 17 18.834582 11500
    968 13 17 18.834078 13 17 18.844608 11500
    969 13 17 18.844090 13 17 18.854493 11500
    970 13 17 18.854081 13 17 18.864499 11500
    971 13 17 18.864081 13 17 18.874507 11500
    972 13 17 18.874086 13 17 18.884547 11500
    973 13 17 18.884101 13 17 18.894674 11500
    974 13 17 18.894080 13 17 18.904492 11500
    975 13 17 18.904075 13 17 18.914473 11500
    976 13 17 18.914078 13 17 18.924483 11500
    977 13 17 18.924078 13 17 18.934488 11500
    978 13 17 18.934076 13 17 18.944486 11500
    979 13 17 18.944075 13 17 18.954484 11500
    980 13 17 18.954069 13 17 18.964448 11500
    981 13 17 18.964062 13 17 18.988255 11500
    982 13 17 18.986229 13 17 18.996659 11500
    983 13 17 18.986294 13 17 19.006446 11500
    984 13 17 18.994077 13 17 19.015995 11500
    985 13 17 19.004113 13 17 19.025930 11500
    986 13 17 19.014084 13 17 19.035298 11500
    987 13 17 19.024091 13 17 19.045058 11500
    988 13 17 19.034089 13 17 19.054652 11500
    989 13 17 19.044149 13 17 19.064353 11500
    990 13 17 19.054104 13 17 19.073951 11500
    991 13 17 19.064022 13 17 19.083670 11500
    992 13 17 19.074092 13 17 19.093275 11500
    993 13 17 19.084102 13 17 19.103031 11500
    994 13 17 19.094094 13 17 19.112583 11500
    995 13 17 19.104116 13 17 19.122309 11500
    996 13 17 19.114081 13 17 19.131910 11500
    997 13 17 19.124081 13 17 19.142320 11500
    998 13 17 19.134081 13 17 19.151230 11500
    999 13 17 19.144086 13 17 19.160951 11500
   1000 13 17 19.154081 13 17 19.179003 11500
