      1 13 1 46.228807 13 1 46.228807 8000
      2 13 1 46.238872 13 1 46.238872 8000
      3 13 1 46.248928 13 1 46.248928 8000
      4 13 1 46.260716 13 1 46.260716 8000
      5 13 1 46.268922 13 1 46.268922 8000
      6 13 1 46.278964 13 1 46.278964 8000
      7 13 1 46.288919 13 1 46.288919 8000
      8 13 1 46.298966 13 1 46.298966 8000
      9 13 1 46.308964 13 1 46.308964 8000
     10 13 1 46.318939 13 1 46.318939 8000
     11 13 1 46.328966 13 1 46.328966 8000
     12 13 1 46.338948 13 1 46.338948 8000
     13 13 1 46.348922 13 1 46.348922 8000
     14 13 1 46.358944 13 1 46.358944 8000
     15 13 1 46.368997 13 1 46.368997 8000
     16 13 1 46.378942 13 1 46.378942 8000
     17 13 1 46.388930 13 1 46.388930 8000
     18 13 1 46.398930 13 1 46.398930 8000
     19 13 1 46.409731 13 1 46.409731 8000
     20 13 1 46.419764 13 1 46.419764 8000
     21 13 1 46.428932 13 1 46.428932 8000
     22 13 1 46.439675 13 1 46.439675 8000
     23 13 1 46.449733 13 1 46.449733 8000
     24 13 1 46.458956 13 1 46.458956 8000
     25 13 1 46.468985 13 1 46.468985 8000
     26 13 1 46.478915 13 1 46.478915 8000
     27 13 1 46.489749 13 1 46.489749 8000
     28 13 1 46.498922 13 1 46.498922 8000
     29 13 1 46.508952 13 1 46.508952 8000
     30 13 1 46.518943 13 1 46.518943 8000
     31 13 1 46.528928 13 1 46.528928 8000
     32 13 1 46.538927 13 1 46.538927 8000
     33 13 1 46.548937 13 1 46.548937 8000
     34 13 1 46.558937 13 1 46.558937 8000
     35 13 1 46.568917 13 1 46.568917 8000
     36 13 1 46.578932 13 1 46.578932 8000
     37 13 1 46.588915 13 1 46.588915 8000
     38 13 1 46.598923 13 1 46.598923 8000
     39 13 1 46.608913 13 1 46.608913 8000
     40 13 1 46.618913 13 1 46.618913 8000
     41 13 1 46.628934 13 1 46.628934 8000
     42 13 1 46.638933 13 1 46.638933 8000
     43 13 1 46.648916 13 1 46.648916 8000
     44 13 1 46.658926 13 1 46.658926 8000
     45 13 1 46.668954 13 1 46.668954 8000
     46 13 1 46.678938 13 1 46.678938 8000
     47 13 1 46.688932 13 1 46.688932 8000
     48 13 1 46.699599 13 1 46.699599 8000
     49 13 1 46.708955 13 1 46.708955 8000
     50 13 1 46.719737 13 1 46.719737 8000
     51 13 1 46.729908 13 1 46.729908 8000
     52 13 1 46.739032 13 1 46.739032 8000
     53 13 1 46.749003 13 1 46.749003 8000
     54 13 1 46.758929 13 1 46.758929 8000
     55 13 1 46.769652 13 1 46.769652 8000
     56 13 1 46.779502 13 1 46.779502 8000
     57 13 1 46.788929 13 1 46.788929 8000
     58 13 1 46.798954 13 1 46.798954 8000
     59 13 1 46.808954 13 1 46.808954 8000
     60 13 1 46.818916 13 1 46.818916 8000
     61 13 1 46.828918 13 1 46.828918 8000
     62 13 1 46.838926 13 1 46.838926 8000
     63 13 1 46.848916 13 1 46.848916 8000
     64 13 1 46.858916 13 1 46.858916 8000
     65 13 1 46.869711 13 1 46.869711 8000
     66 13 1 46.879888 13 1 46.879888 8000
     67 13 1 46.888938 13 1 46.888938 8000
     68 13 1 46.898929 13 1 46.898929 8000
     69 13 1 46.908943 13 1 46.908943 8000
     70 13 1 46.919803 13 1 46.919803 8000
     71 13 1 46.928977 13 1 46.928977 8000
     72 13 1 46.939832 13 1 46.939832 8000
     73 13 1 46.948959 13 1 46.948959 8000
     74 13 1 46.958951 13 1 46.958951 8000
     75 13 1 46.968986 13 1 46.968986 8000
     76 13 1 46.978923 13 1 46.978923 8000
     77 13 1 46.988971 13 1 46.988971 8000
     78 13 1 46.998936 13 1 46.998936 8000
     79 13 1 47.008924 13 1 47.008924 8000
     80 13 1 47.018929 13 1 47.018929 8000
     81 13 1 47.028913 13 1 47.028913 8000
     82 13 1 47.039544 13 1 47.039544 8000
     83 13 1 47.048906 13 1 47.048906 8000
     84 13 1 47.058900 13 1 47.058900 8000
     85 13 1 47.068919 13 1 47.068919 8000
     86 13 1 47.079771 13 1 47.079771 8000
     87 13 1 47.088920 13 1 47.088920 8000
     88 13 1 47.098936 13 1 47.098936 8000
     89 13 1 47.109752 13 1 47.109752 8000
     90 13 1 47.118918 13 1 47.118918 8000
     91 13 1 47.128911 13 1 47.128911 8000
     92 13 1 47.138947 13 1 47.138947 8000
     93 13 1 47.148963 13 1 47.148963 8000
     94 13 1 47.158951 13 1 47.158951 8000
     95 13 1 47.168928 13 1 47.168928 8000
     96 13 1 47.179589 13 1 47.179589 8000
     97 13 1 47.188921 13 1 47.188921 8000
     98 13 1 47.198918 13 1 47.198918 8000
     99 13 1 47.208928 13 1 47.208928 8000
    100 13 1 47.218918 13 1 47.218918 8000
    101 13 1 47.228852 13 1 47.228852 8000
    102 13 1 47.238886 13 1 47.238886 8000
    103 13 1 47.249622 13 1 47.249622 8000
    104 13 1 47.258938 13 1 47.258938 8000
    105 13 1 47.268926 13 1 47.268926 8000
    106 13 1 47.279645 13 1 47.279645 8000
    107 13 1 47.289752 13 1 47.289752 8000
    108 13 1 47.298934 13 1 47.298934 8000
    109 13 1 47.309668 13 1 47.309668 8000
    110 13 1 47.320073 13 1 47.320073 8000
    111 13 1 47.328966 13 1 47.328966 8000
    112 13 1 47.338942 13 1 47.338942 8000
    113 13 1 47.348947 13 1 47.348947 8000
    114 13 1 47.358978 13 1 47.358978 8000
    115 13 1 47.369829 13 1 47.369829 8000
    116 13 1 47.378954 13 1 47.378954 8000
    117 13 1 47.388956 13 1 47.388956 8000
    118 13 1 47.398938 13 1 47.398938 8000
    119 13 1 47.408912 13 1 47.408912 8000
    120 13 1 47.418919 13 1 47.418919 8000
    121 13 1 47.428913 13 1 47.428913 8000
    122 13 1 47.438907 13 1 47.438907 8000
    123 13 1 47.448979 13 1 47.448979 8000
    124 13 1 47.458899 13 1 47.458899 8000
    125 13 1 47.468912 13 1 47.468912 8000
    126 13 1 47.478923 13 1 47.478923 8000
    127 13 1 47.488922 13 1 47.488922 8000
    128 13 1 47.499788 13 1 47.499788 8000
    129 13 1 47.508943 13 1 47.508943 8000
    130 13 1 47.518954 13 1 47.518954 8000
    131 13 1 47.528933 13 1 47.528933 8000
    132 13 1 47.538913 13 1 47.538913 8000
    133 13 1 47.548935 13 1 47.548935 8000
    134 13 1 47.558917 13 1 47.558917 8000
    135 13 1 47.568945 13 1 47.568945 8000
    136 13 1 47.578937 13 1 47.578937 8000
    137 13 1 47.588940 13 1 47.588940 8000
    138 13 1 47.598933 13 1 47.598933 8000
    139 13 1 47.608924 13 1 47.608924 8000
    140 13 1 47.618929 13 1 47.618929 8000
    141 13 1 47.628914 13 1 47.628914 8000
    142 13 1 47.638930 13 1 47.638930 8000
    143 13 1 47.648923 13 1 47.648923 8000
    144 13 1 47.658921 13 1 47.658921 8000
    145 13 1 47.668954 13 1 47.668954 8000
    146 13 1 47.678939 13 1 47.678939 8000
    147 13 1 47.688915 13 1 47.688915 8000
    148 13 1 47.698909 13 1 47.698909 8000
    149 13 1 47.708917 13 1 47.708917 8000
    150 13 1 47.718913 13 1 47.718913 8000
    151 13 1 47.728912 13 1 47.728912 8000
    152 13 1 47.738939 13 1 47.738939 8000
    153 13 1 47.748947 13 1 47.748947 8000
    154 13 1 47.758955 13 1 47.758955 8000
    155 13 1 47.770028 13 1 47.770028 8000
    156 13 1 47.778953 13 1 47.778953 8000
    157 13 1 47.788964 13 1 47.788964 8000
    158 13 1 47.798937 13 1 47.798937 8000
    159 13 1 47.808922 13 1 47.808922 8000
    160 13 1 47.818907 13 1 47.818907 8000
    161 13 1 47.828921 13 1 47.828921 8000
    162 13 1 47.838928 13 1 47.838928 8000
    163 13 1 47.848923 13 1 47.848923 8000
    164 13 1 47.859532 13 1 47.859532 8000
    165 13 1 47.868932 13 1 47.868932 8000
    166 13 1 47.878933 13 1 47.878933 8000
    167 13 1 47.888922 13 1 47.888922 8000
    168 13 1 47.898936 13 1 47.898936 8000
    169 13 1 47.908924 13 1 47.908924 8000
    170 13 1 47.918942 13 1 47.918942 8000
    171 13 1 47.928958 13 1 47.928958 8000
    172 13 1 47.938938 13 1 47.938938 8000
    173 13 1 47.948996 13 1 47.948996 8000
    174 13 1 47.959032 13 1 47.959032 8000
    175 13 1 47.968953 13 1 47.968953 8000
    176 13 1 47.979573 13 1 47.979573 8000
    177 13 1 47.988922 13 1 47.988922 8000
    178 13 1 47.998928 13 1 47.998928 8000
    179 13 1 48.008935 13 1 48.008935 8000
    180 13 1 48.018920 13 1 48.018920 8000
    181 13 1 48.028914 13 1 48.028914 8000
    182 13 1 48.038902 13 1 48.038902 8000
    183 13 1 48.049610 13 1 48.049610 8000
    184 13 1 48.058925 13 1 48.058925 8000
    185 13 1 48.068917 13 1 48.068917 8000
    186 13 1 48.078954 13 1 48.078954 8000
    187 13 1 48.088917 13 1 48.088917 8000
    188 13 1 48.099676 13 1 48.099676 8000
    189 13 1 48.108927 13 1 48.108927 8000
    190 13 1 48.118949 13 1 48.118949 8000
    191 13 1 48.128948 13 1 48.128948 8000
    192 13 1 48.138992 13 1 48.138992 8000
    193 13 1 48.148986 13 1 48.148986 8000
    194 13 1 48.158937 13 1 48.158937 8000
    195 13 1 48.169693 13 1 48.169693 8000
    196 13 1 48.178947 13 1 48.178947 8000
    197 13 1 48.188924 13 1 48.188924 8000
    198 13 1 48.198917 13 1 48.198917 8000
    199 13 1 48.208928 13 1 48.208928 8000
    200 13 1 48.218915 13 1 48.218915 8000
    201 13 1 48.228912 13 1 48.228912 8000
    202 13 1 48.238942 13 1 48.238942 8000
    203 13 1 48.248919 13 1 48.248919 8000
    204 13 1 48.258916 13 1 48.258916 8000
    205 13 1 48.268926 13 1 48.268926 8000
    206 13 1 48.278919 13 1 48.278919 8000
    207 13 1 48.288921 13 1 48.288921 8000
    208 13 1 48.298921 13 1 48.298921 8000
    209 13 1 48.308920 13 1 48.308920 8000
    210 13 1 48.318930 13 1 48.318930 8000
    211 13 1 48.328935 13 1 48.328935 8000
    212 13 1 48.338943 13 1 48.338943 8000
    213 13 1 48.348944 13 1 48.348944 8000
    214 13 1 48.358916 13 1 48.358916 8000
    215 13 1 48.369599 13 1 48.369599 8000
    216 13 1 48.378996 13 1 48.378996 8000
    217 13 1 48.388917 13 1 48.388917 8000
    218 13 1 48.398912 13 1 48.398912 8000
    219 13 1 48.408917 13 1 48.408917 8000
    220 13 1 48.418911 13 1 48.418911 8000
    221 13 1 48.428916 13 1 48.428916 8000
    222 13 1 48.438907 13 1 48.438907 8000
    223 13 1 48.448914 13 1 48.448914 8000
    224 13 1 48.458914 13 1 48.458914 8000
    225 13 1 48.468919 13 1 48.468919 8000
    226 13 1 48.478943 13 1 48.478943 8000
    227 13 1 48.488925 13 1 48.488925 8000
    228 13 1 48.498932 13 1 48.498932 8000
    229 13 1 48.508918 13 1 48.508918 8000
    230 13 1 48.518954 13 1 48.518954 8000
    231 13 1 48.528947 13 1 48.528947 8000
    232 13 1 48.538935 13 1 48.538935 8000
    233 13 1 48.548977 13 1 48.548977 8000
    234 13 1 48.558929 13 1 48.558929 8000
    235 13 1 48.569636 13 1 48.569636 8000
    236 13 1 48.578937 13 1 48.578937 8000
    237 13 1 48.588923 13 1 48.588923 8000
    238 13 1 48.598919 13 1 48.598919 8000
    239 13 1 48.608913 13 1 48.608913 8000
    240 13 1 48.618912 13 1 48.618912 8000
    241 13 1 48.628912 13 1 48.628912 8000
    242 13 1 48.638922 13 1 48.638922 8000
    243 13 1 48.648910 13 1 48.648910 8000
    244 13 1 48.658921 13 1 48.658921 8000
    245 13 1 48.668923 13 1 48.668923 8000
    246 13 1 48.678918 13 1 48.678918 8000
    247 13 1 48.688924 13 1 48.688924 8000
    248 13 1 48.698959 13 1 48.698959 8000
    249 13 1 48.708922 13 1 48.708922 8000
    250 13 1 48.718932 13 1 48.718932 8000
    251 13 1 48.728912 13 1 48.728912 8000
    252 13 1 48.738908 13 1 48.738908 8000
    253 13 1 48.748949 13 1 48.748949 8000
    254 13 1 48.758933 13 1 48.758933 8000
    255 13 1 48.768951 13 1 48.768951 8000
    256 13 1 48.778927 13 1 48.778927 8000
    257 13 1 48.788932 13 1 48.788932 8000
    258 13 1 48.798949 13 1 48.798949 8000
    259 13 1 48.808909 13 1 48.808909 8000
    260 13 1 48.818914 13 1 48.818914 8000
    261 13 1 48.828913 13 1 48.828913 8000
    262 13 1 48.838904 13 1 48.838904 8000
    263 13 1 48.848914 13 1 48.848914 8000
    264 13 1 48.858913 13 1 48.858913 8000
    265 13 1 48.868935 13 1 48.868935 8000
    266 13 1 48.878954 13 1 48.878954 8000
    267 13 1 48.888922 13 1 48.888922 8000
    268 13 1 48.899673 13 1 48.899673 8000
    269 13 1 48.908934 13 1 48.908934 8000
    270 13 1 48.918954 13 1 48.918954 8000
    271 13 1 48.928938 13 1 48.928938 8000
    272 13 1 48.938938 13 1 48.938938 8000
    273 13 1 48.948925 13 1 48.948925 8000
    274 13 1 48.958942 13 1 48.958942 8000
    275 13 1 48.968941 13 1 48.968941 8000
    276 13 1 48.982643 13 1 48.982643 8000
    277 13 1 48.988906 13 1 48.988906 8000
    278 13 1 48.998927 13 1 48.998927 8000
    279 13 1 49.008924 13 1 49.008924 8000
    280 13 1 49.018915 13 1 49.018915 8000
    281 13 1 49.028916 13 1 49.028916 8000
    282 13 1 49.038913 13 1 49.038913 8000
    283 13 1 49.048929 13 1 49.048929 8000
    284 13 1 49.058900 13 1 49.058900 8000
    285 13 1 49.069761 13 1 49.069761 8000
    286 13 1 49.079807 13 1 49.079807 8000
    287 13 1 49.088929 13 1 49.088929 8000
    288 13 1 49.099772 13 1 49.099772 8000
    289 13 1 49.108930 13 1 49.108930 8000
    290 13 1 49.119785 13 1 49.119785 8000
    291 13 1 49.128954 13 1 49.128954 8000
    292 13 1 49.138952 13 1 49.138952 8000
    293 13 1 49.148992 13 1 49.148992 8000
    294 13 1 49.158921 13 1 49.158921 8000
    295 13 1 49.168953 13 1 49.168953 8000
    296 13 1 49.178908 13 1 49.178908 8000
    297 13 1 49.188926 13 1 49.188926 8000
    298 13 1 49.198914 13 1 49.198914 8000
    299 13 1 49.208936 13 1 49.208936 8000
    300 13 1 49.218915 13 1 49.218915 8000
    301 13 1 49.228918 13 1 49.228918 8000
    302 13 1 49.238939 13 1 49.238939 8000
    303 13 1 49.248944 13 1 49.248944 8000
    304 13 1 49.258932 13 1 49.258932 8000
    305 13 1 49.268940 13 1 49.268940 8000
    306 13 1 49.278959 13 1 49.278959 8000
    307 13 1 49.288930 13 1 49.288930 8000
    308 13 1 49.299604 13 1 49.299604 8000
    309 13 1 49.308928 13 1 49.308928 8000
    310 13 1 49.318950 13 1 49.318950 8000
    311 13 1 49.328930 13 1 49.328930 8000
    312 13 1 49.339159 13 1 49.339159 8000
    313 13 1 49.348925 13 1 49.348925 8000
    314 13 1 49.359502 13 1 49.359502 8000
    315 13 1 49.368963 13 1 49.368963 8000
    316 13 1 49.378942 13 1 49.378942 8000
    317 13 1 49.388955 13 1 49.388955 8000
    318 13 1 49.398961 13 1 49.398961 8000
    319 13 1 49.408934 13 1 49.408934 8000
    320 13 1 49.418933 13 1 49.418933 8000
    321 13 1 49.428922 13 1 49.428922 8000
    322 13 1 49.438930 13 1 49.438930 8000
    323 13 1 49.448903 13 1 49.448903 8000
    324 13 1 49.458916 13 1 49.458916 8000
    325 13 1 49.468916 13 1 49.468916 8000
    326 13 1 49.478914 13 1 49.478914 8000
    327 13 1 49.488925 13 1 49.488925 8000
    328 13 1 49.498916 13 1 49.498916 8000
    329 13 1 49.508913 13 1 49.508913 8000
    330 13 1 49.518912 13 1 49.518912 8000
    331 13 1 49.528905 13 1 49.528905 8000
    332 13 1 49.538926 13 1 49.538926 8000
    333 13 1 49.548935 13 1 49.548935 8000
    334 13 1 49.558934 13 1 49.558934 8000
    335 13 1 49.568930 13 1 49.568930 8000
    336 13 1 49.578943 13 1 49.578943 8000
    337 13 1 49.588932 13 1 49.588932 8000
    338 13 1 49.598913 13 1 49.598913 8000
    339 13 1 49.609005 13 1 49.609005 8000
    340 13 1 49.618946 13 1 49.618946 8000
    341 13 1 49.628900 13 1 49.628900 8000
    342 13 1 49.638913 13 1 49.638913 8000
    343 13 1 49.648915 13 1 49.648915 8000
    344 13 1 49.658907 13 1 49.658907 8000
    345 13 1 49.668934 13 1 49.668934 8000
    346 13 1 49.678902 13 1 49.678902 8000
    347 13 1 49.688926 13 1 49.688926 8000
    348 13 1 49.705500 13 1 49.705500 8000
    349 13 1 49.709825 13 1 49.709825 8000
    350 13 1 49.718926 13 1 49.718926 8000
    351 13 1 49.728907 13 1 49.728907 8000
    352 13 1 49.738906 13 1 49.738906 8000
    353 13 1 49.748924 13 1 49.748924 8000
    354 13 1 49.758926 13 1 49.758926 8000
    355 13 1 49.768920 13 1 49.768920 8000
    356 13 1 49.778900 13 1 49.778900 8000
    357 13 1 49.788918 13 1 49.788918 8000
    358 13 1 49.798935 13 1 49.798935 8000
    359 13 1 49.809693 13 1 49.809693 8000
    360 13 1 49.818914 13 1 49.818914 8000
    361 13 1 49.828988 13 1 49.828988 8000
    362 13 1 49.838934 13 1 49.838934 8000
    363 13 1 49.848925 13 1 49.848925 8000
    364 13 1 49.858921 13 1 49.858921 8000
    365 13 1 49.868949 13 1 49.868949 8000
    366 13 1 49.878937 13 1 49.878937 8000
    367 13 1 49.888927 13 1 49.888927 8000
    368 13 1 49.898938 13 1 49.898938 8000
    369 13 1 49.908924 13 1 49.908924 8000
    370 13 1 49.918920 13 1 49.918920 8000
    371 13 1 49.928922 13 1 49.928922 8000
    372 13 1 49.939641 13 1 49.939641 8000
    373 13 1 49.948923 13 1 49.948923 8000
    374 13 1 49.958976 13 1 49.958976 8000
    375 13 1 49.968913 13 1 49.968913 8000
    376 13 1 49.978909 13 1 49.978909 8000
    377 13 1 49.988922 13 1 49.988922 8000
    378 13 1 49.998930 13 1 49.998930 8000
    379 13 1 50.008923 13 1 50.008923 8000
    380 13 1 50.018951 13 1 50.018951 8000
    381 13 1 50.028947 13 1 50.028947 8000
    382 13 1 50.038933 13 1 50.038933 8000
    383 13 1 50.048938 13 1 50.048938 8000
    384 13 1 50.058917 13 1 50.058917 8000
    385 13 1 50.068927 13 1 50.068927 8000
    386 13 1 50.078915 13 1 50.078915 8000
    387 13 1 50.088977 13 1 50.088977 8000
    388 13 1 50.098992 13 1 50.098992 8000
    389 13 1 50.108929 13 1 50.108929 8000
    390 13 1 50.118912 13 1 50.118912 8000
    391 13 1 50.128914 13 1 50.128914 8000
    392 13 1 50.138922 13 1 50.138922 8000
    393 13 1 50.148938 13 1 50.148938 8000
    394 13 1 50.158928 13 1 50.158928 8000
    395 13 1 50.169544 13 1 50.169544 8000
    396 13 1 50.178927 13 1 50.178927 8000
    397 13 1 50.188915 13 1 50.188915 8000
    398 13 1 50.199747 13 1 50.199747 8000
    399 13 1 50.208934 13 1 50.208934 8000
    400 13 1 50.219613 13 1 50.219613 8000
    401 13 1 50.228917 13 1 50.228917 8000
    402 13 1 50.238928 13 1 50.238928 8000
    403 13 1 50.248913 13 1 50.248913 8000
    404 13 1 50.258941 13 1 50.258941 8000
    405 13 1 50.268932 13 1 50.268932 8000
    406 13 1 50.278931 13 1 50.278931 8000
    407 13 1 50.288938 13 1 50.288938 8000
    408 13 1 50.298923 13 1 50.298923 8000
    409 13 1 50.308903 13 1 50.308903 8000
    410 13 1 50.318935 13 1 50.318935 8000
    411 13 1 50.328921 13 1 50.328921 8000
    412 13 1 50.339680 13 1 50.339680 8000
    413 13 1 50.348925 13 1 50.348925 8000
    414 13 1 50.360939 13 1 50.360939 8000
    415 13 1 50.368915 13 1 50.368915 8000
    416 13 1 50.378940 13 1 50.378940 8000
    417 13 1 50.388925 13 1 50.388925 8000
    418 13 1 50.398935 13 1 50.398935 8000
    419 13 1 50.408965 13 1 50.408965 8000
    420 13 1 50.418916 13 1 50.418916 8000
    421 13 1 50.428915 13 1 50.428915 8000
    422 13 1 50.438912 13 1 50.438912 8000
    423 13 1 50.448914 13 1 50.448914 8000
    424 13 1 50.459564 13 1 50.459564 8000
    425 13 1 50.468930 13 1 50.468930 8000
    426 13 1 50.478929 13 1 50.478929 8000
    427 13 1 50.488916 13 1 50.488916 8000
    428 13 1 50.498911 13 1 50.498911 8000
    429 13 1 50.508999 13 1 50.508999 8000
    430 13 1 50.518935 13 1 50.518935 8000
    431 13 1 50.528914 13 1 50.528914 8000
    432 13 1 50.538927 13 1 50.538927 8000
    433 13 1 50.548915 13 1 50.548915 8000
    434 13 1 50.560662 13 1 50.560662 8000
    435 13 1 50.568899 13 1 50.568899 8000
    436 13 1 50.578935 13 1 50.578935 8000
    437 13 1 50.588952 13 1 50.588952 8000
    438 13 1 50.598916 13 1 50.598916 8000
    439 13 1 50.608915 13 1 50.608915 8000
    440 13 1 50.618920 13 1 50.618920 8000
    441 13 1 50.628914 13 1 50.628914 8000
    442 13 1 50.638927 13 1 50.638927 8000
    443 13 1 50.649707 13 1 50.649707 8000
    444 13 1 50.658932 13 1 50.658932 8000
    445 13 1 50.668925 13 1 50.668925 8000
    446 13 1 50.678913 13 1 50.678913 8000
    447 13 1 50.688917 13 1 50.688917 8000
    448 13 1 50.698932 13 1 50.698932 8000
    449 13 1 50.708900 13 1 50.708900 8000
    450 13 1 50.718918 13 1 50.718918 8000
    451 13 1 50.728897 13 1 50.728897 8000
    452 13 1 50.738858 13 1 50.738858 8000
    453 13 1 50.748908 13 1 50.748908 8000
    454 13 1 50.761564 13 1 50.761564 8000
    455 13 1 50.768911 13 1 50.768911 8000
    456 13 1 50.778942 13 1 50.778942 8000
    457 13 1 50.788916 13 1 50.788916 8000
    458 13 1 50.798926 13 1 50.798926 8000
    459 13 1 50.808915 13 1 50.808915 8000
    460 13 1 50.818913 13 1 50.818913 8000
    461 13 1 50.828916 13 1 50.828916 8000
    462 13 1 50.838926 13 1 50.838926 8000
    463 13 1 50.848959 13 1 50.848959 8000
    464 13 1 50.858938 13 1 50.858938 8000
    465 13 1 50.868923 13 1 50.868923 8000
    466 13 1 50.878945 13 1 50.878945 8000
    467 13 1 50.888939 13 1 50.888939 8000
    468 13 1 50.898926 13 1 50.898926 8000
    469 13 1 50.908920 13 1 50.908920 8000
    470 13 1 50.918928 13 1 50.918928 8000
    471 13 1 50.929023 13 1 50.929023 8000
    472 13 1 50.938915 13 1 50.938915 8000
    473 13 1 50.948970 13 1 50.948970 8000
    474 13 1 50.958916 13 1 50.958916 8000
    475 13 1 50.968921 13 1 50.968921 8000
    476 13 1 50.980415 13 1 50.980415 8000
    477 13 1 50.988914 13 1 50.988914 8000
    478 13 1 50.998908 13 1 50.998908 8000
    479 13 1 51.009028 13 1 51.009028 8000
    480 13 1 51.018914 13 1 51.018914 8000
    481 13 1 51.028973 13 1 51.028973 8000
    482 13 1 51.038916 13 1 51.038916 8000
    483 13 1 51.048963 13 1 51.048963 8000
    484 13 1 51.058917 13 1 51.058917 8000
    485 13 1 51.068896 13 1 51.068896 8000
    486 13 1 51.078902 13 1 51.078902 8000
    487 13 1 51.088920 13 1 51.088920 8000
    488 13 1 51.099609 13 1 51.099609 8000
    489 13 1 51.108922 13 1 51.108922 8000
    490 13 1 51.118921 13 1 51.118921 8000
    491 13 1 51.128906 13 1 51.128906 8000
    492 13 1 51.138955 13 1 51.138955 8000
    493 13 1 51.149036 13 1 51.149036 8000
    494 13 1 51.158928 13 1 51.158928 8000
    495 13 1 51.168948 13 1 51.168948 8000
    496 13 1 51.178916 13 1 51.178916 8000
    497 13 1 51.188944 13 1 51.188944 8000
    498 13 1 51.198898 13 1 51.198898 8000
    499 13 1 51.208911 13 1 51.208911 8000
    500 13 1 51.218932 13 1 51.218932 8000
    501 13 1 51.228856 13 1 51.228856 8000
    502 13 1 51.238885 13 1 51.238885 8000
    503 13 1 51.248936 13 1 51.248936 8000
    504 13 1 51.258920 13 1 51.258920 8000
    505 13 1 51.268965 13 1 51.268965 8000
    506 13 1 51.278924 13 1 51.278924 8000
    507 13 1 51.288939 13 1 51.288939 8000
    508 13 1 51.298935 13 1 51.298935 8000
    509 13 1 51.308933 13 1 51.308933 8000
    510 13 1 51.318902 13 1 51.318902 8000
    511 13 1 51.328913 13 1 51.328913 8000
    512 13 1 51.338904 13 1 51.338904 8000
    513 13 1 51.348979 13 1 51.348979 8000
    514 13 1 51.358939 13 1 51.358939 8000
    515 13 1 51.368946 13 1 51.368946 8000
    516 13 1 51.378954 13 1 51.378954 8000
    517 13 1 51.388930 13 1 51.388930 8000
    518 13 1 51.398930 13 1 51.398930 8000
    519 13 1 51.408938 13 1 51.408938 8000
    520 13 1 51.418922 13 1 51.418922 8000
    521 13 1 51.428916 13 1 51.428916 8000
    522 13 1 51.438932 13 1 51.438932 8000
    523 13 1 51.448940 13 1 51.448940 8000
    524 13 1 51.458925 13 1 51.458925 8000
    525 13 1 51.469582 13 1 51.469582 8000
    526 13 1 51.478929 13 1 51.478929 8000
    527 13 1 51.489632 13 1 51.489632 8000
    528 13 1 51.498966 13 1 51.498966 8000
    529 13 1 51.508924 13 1 51.508924 8000
    530 13 1 51.518918 13 1 51.518918 8000
    531 13 1 51.528902 13 1 51.528902 8000
    532 13 1 51.538898 13 1 51.538898 8000
    533 13 1 51.548923 13 1 51.548923 8000
    534 13 1 51.558917 13 1 51.558917 8000
    535 13 1 51.568891 13 1 51.568891 8000
    536 13 1 51.578906 13 1 51.578906 8000
    537 13 1 51.589632 13 1 51.589632 8000
    538 13 1 51.598908 13 1 51.598908 8000
    539 13 1 51.608913 13 1 51.608913 8000
    540 13 1 51.618920 13 1 51.618920 8000
    541 13 1 51.628928 13 1 51.628928 8000
    542 13 1 51.638913 13 1 51.638913 8000
    543 13 1 51.649689 13 1 51.649689 8000
    544 13 1 51.658921 13 1 51.658921 8000
    545 13 1 51.668922 13 1 51.668922 8000
    546 13 1 51.678919 13 1 51.678919 8000
    547 13 1 51.688915 13 1 51.688915 8000
    548 13 1 51.698931 13 1 51.698931 8000
    549 13 1 51.708947 13 1 51.708947 8000
    550 13 1 51.718935 13 1 51.718935 8000
    551 13 1 51.728909 13 1 51.728909 8000
    552 13 1 51.738916 13 1 51.738916 8000
    553 13 1 51.748924 13 1 51.748924 8000
    554 13 1 51.758920 13 1 51.758920 8000
    555 13 1 51.768948 13 1 51.768948 8000
    556 13 1 51.778919 13 1 51.778919 8000
    557 13 1 51.788916 13 1 51.788916 8000
    558 13 1 51.798923 13 1 51.798923 8000
    559 13 1 51.808919 13 1 51.808919 8000
    560 13 1 51.819795 13 1 51.819795 8000
    561 13 1 51.828924 13 1 51.828924 8000
    562 13 1 51.838908 13 1 51.838908 8000
    563 13 1 51.848936 13 1 51.848936 8000
    564 13 1 51.859568 13 1 51.859568 8000
    565 13 1 51.868929 13 1 51.868929 8000
    566 13 1 51.878923 13 1 51.878923 8000
    567 13 1 51.888908 13 1 51.888908 8000
    568 13 1 51.899658 13 1 51.899658 8000
    569 13 1 51.908923 13 1 51.908923 8000
    570 13 1 51.919547 13 1 51.919547 8000
    571 13 1 51.928930 13 1 51.928930 8000
    572 13 1 51.938932 13 1 51.938932 8000
    573 13 1 51.948909 13 1 51.948909 8000
    574 13 1 51.959372 13 1 51.959372 8000
    575 13 1 51.968912 13 1 51.968912 8000
    576 13 1 51.978999 13 1 51.978999 8000
    577 13 1 51.988922 13 1 51.988922 8000
    578 13 1 51.998919 13 1 51.998919 8000
    579 13 1 52.008918 13 1 52.008918 8000
    580 13 1 52.018922 13 1 52.018922 8000
    581 13 1 52.028914 13 1 52.028914 8000
    582 13 1 52.038921 13 1 52.038921 8000
    583 13 1 52.048932 13 1 52.048932 8000
    584 13 1 52.058917 13 1 52.058917 8000
    585 13 1 52.069659 13 1 52.069659 8000
    586 13 1 52.078918 13 1 52.078918 8000
    587 13 1 52.088921 13 1 52.088921 8000
    588 13 1 52.099685 13 1 52.099685 8000
    589 13 1 52.108924 13 1 52.108924 8000
    590 13 1 52.118915 13 1 52.118915 8000
    591 13 1 52.128911 13 1 52.128911 8000
    592 13 1 52.139656 13 1 52.139656 8000
    593 13 1 52.149642 13 1 52.149642 8000
    594 13 1 52.158926 13 1 52.158926 8000
    595 13 1 52.169702 13 1 52.169702 8000
    596 13 1 52.178916 13 1 52.178916 8000
    597 13 1 52.189734 13 1 52.189734 8000
    598 13 1 52.198905 13 1 52.198905 8000
    599 13 1 52.209671 13 1 52.209671 8000
    600 13 1 52.218924 13 1 52.218924 8000
    601 13 1 52.228881 13 1 52.228881 8000
    602 13 1 52.238930 13 1 52.238930 8000
    603 13 1 52.248930 13 1 52.248930 8000
    604 13 1 52.258918 13 1 52.258918 8000
    605 13 1 52.268923 13 1 52.268923 8000
    606 13 1 52.278916 13 1 52.278916 8000
    607 13 1 52.288908 13 1 52.288908 8000
    608 13 1 52.298918 13 1 52.298918 8000
    609 13 1 52.308937 13 1 52.308937 8000
    610 13 1 52.318933 13 1 52.318933 8000
    611 13 1 52.328906 13 1 52.328906 8000
    612 13 1 52.338937 13 1 52.338937 8000
    613 13 1 52.348928 13 1 52.348928 8000
    614 13 1 52.358924 13 1 52.358924 8000
    615 13 1 52.368921 13 1 52.368921 8000
    616 13 1 52.378931 13 1 52.378931 8000
    617 13 1 52.388936 13 1 52.388936 8000
    618 13 1 52.398935 13 1 52.398935 8000
    619 13 1 52.408938 13 1 52.408938 8000
    620 13 1 52.419544 13 1 52.419544 8000
    621 13 1 52.428924 13 1 52.428924 8000
    622 13 1 52.439652 13 1 52.439652 8000
    623 13 1 52.448925 13 1 52.448925 8000
    624 13 1 52.458919 13 1 52.458919 8000
    625 13 1 52.468927 13 1 52.468927 8000
    626 13 1 52.478914 13 1 52.478914 8000
    627 13 1 52.488912 13 1 52.488912 8000
    628 13 1 52.498922 13 1 52.498922 8000
    629 13 1 52.508902 13 1 52.508902 8000
    630 13 1 52.519567 13 1 52.519567 8000
    631 13 1 52.528928 13 1 52.528928 8000
    632 13 1 52.538913 13 1 52.538913 8000
    633 13 1 52.549610 13 1 52.549610 8000
    634 13 1 52.558925 13 1 52.558925 8000
    635 13 1 52.568914 13 1 52.568914 8000
    636 13 1 52.578904 13 1 52.578904 8000
    637 13 1 52.588915 13 1 52.588915 8000
    638 13 1 52.598917 13 1 52.598917 8000
    639 13 1 52.608913 13 1 52.608913 8000
    640 13 1 52.618932 13 1 52.618932 8000
    641 13 1 52.628914 13 1 52.628914 8000
    642 13 1 52.638914 13 1 52.638914 8000
    643 13 1 52.648893 13 1 52.648893 8000
    644 13 1 52.659491 13 1 52.659491 8000
    645 13 1 52.668940 13 1 52.668940 8000
    646 13 1 52.679831 13 1 52.679831 8000
    647 13 1 52.688934 13 1 52.688934 8000
    648 13 1 52.698931 13 1 52.698931 8000
    649 13 1 52.708922 13 1 52.708922 8000
    650 13 1 52.718918 13 1 52.718918 8000
    651 13 1 52.728909 13 1 52.728909 8000
    652 13 1 52.738908 13 1 52.738908 8000
    653 13 1 52.748921 13 1 52.748921 8000
    654 13 1 52.759686 13 1 52.759686 8000
    655 13 1 52.768903 13 1 52.768903 8000
    656 13 1 52.778928 13 1 52.778928 8000
    657 13 1 52.788947 13 1 52.788947 8000
    658 13 1 52.799526 13 1 52.799526 8000
    659 13 1 52.808925 13 1 52.808925 8000
    660 13 1 52.818921 13 1 52.818921 8000
    661 13 1 52.828913 13 1 52.828913 8000
    662 13 1 52.838926 13 1 52.838926 8000
    663 13 1 52.848937 13 1 52.848937 8000
    664 13 1 52.858921 13 1 52.858921 8000
    665 13 1 52.868938 13 1 52.868938 8000
    666 13 1 52.879018 13 1 52.879018 8000
    667 13 1 52.889806 13 1 52.889806 8000
    668 13 1 52.898926 13 1 52.898926 8000
    669 13 1 52.908940 13 1 52.908940 8000
    670 13 1 52.918978 13 1 52.918978 8000
    671 13 1 52.928924 13 1 52.928924 8000
    672 13 1 52.938932 13 1 52.938932 8000
    673 13 1 52.948923 13 1 52.948923 8000
    674 13 1 52.958919 13 1 52.958919 8000
    675 13 1 52.969909 13 1 52.969909 8000
    676 13 1 52.978928 13 1 52.978928 8000
    677 13 1 52.988931 13 1 52.988931 8000
    678 13 1 53.000096 13 1 53.000096 8000
    679 13 1 53.008938 13 1 53.008938 8000
    680 13 1 53.018934 13 1 53.018934 8000
    681 13 1 53.028933 13 1 53.028933 8000
    682 13 1 53.038929 13 1 53.038929 8000
    683 13 1 53.048920 13 1 53.048920 8000
    684 13 1 53.058917 13 1 53.058917 8000
    685 13 1 53.068936 13 1 53.068936 8000
    686 13 1 53.078929 13 1 53.078929 8000
    687 13 1 53.089697 13 1 53.089697 8000
    688 13 1 53.099060 13 1 53.099060 8000
    689 13 1 53.108919 13 1 53.108919 8000
    690 13 1 53.118932 13 1 53.118932 8000
    691 13 1 53.128971 13 1 53.128971 8000
    692 13 1 53.138911 13 1 53.138911 8000
    693 13 1 53.148919 13 1 53.148919 8000
    694 13 1 53.158918 13 1 53.158918 8000
    695 13 1 53.168928 13 1 53.168928 8000
    696 13 1 53.178925 13 1 53.178925 8000
    697 13 1 53.188923 13 1 53.188923 8000
    698 13 1 53.198942 13 1 53.198942 8000
    699 13 1 53.208903 13 1 53.208903 8000
    700 13 1 53.218927 13 1 53.218927 8000
    701 13 1 53.228923 13 1 53.228923 8000
    702 13 1 53.238908 13 1 53.238908 8000
    703 13 1 53.248927 13 1 53.248927 8000
    704 13 1 53.258920 13 1 53.258920 8000
    705 13 1 53.268929 13 1 53.268929 8000
    706 13 1 53.279536 13 1 53.279536 8000
    707 13 1 53.288966 13 1 53.288966 8000
    708 13 1 53.298914 13 1 53.298914 8000
    709 13 1 53.308903 13 1 53.308903 8000
    710 13 1 53.318905 13 1 53.318905 8000
    711 13 1 53.328924 13 1 53.328924 8000
    712 13 1 53.338923 13 1 53.338923 8000
    713 13 1 53.348922 13 1 53.348922 8000
    714 13 1 53.358922 13 1 53.358922 8000
    715 13 1 53.368979 13 1 53.368979 8000
    716 13 1 53.379714 13 1 53.379714 8000
    717 13 1 53.388933 13 1 53.388933 8000
    718 13 1 53.398935 13 1 53.398935 8000
    719 13 1 53.408924 13 1 53.408924 8000
    720 13 1 53.418919 13 1 53.418919 8000
    721 13 1 53.428946 13 1 53.428946 8000
    722 13 1 53.438915 13 1 53.438915 8000
    723 13 1 53.448926 13 1 53.448926 8000
    724 13 1 53.458919 13 1 53.458919 8000
    725 13 1 53.468921 13 1 53.468921 8000
    726 13 1 53.478910 13 1 53.478910 8000
    727 13 1 53.489638 13 1 53.489638 8000
    728 13 1 53.499681 13 1 53.499681 8000
    729 13 1 53.508940 13 1 53.508940 8000
    730 13 1 53.519725 13 1 53.519725 8000
    731 13 1 53.528931 13 1 53.528931 8000
    732 13 1 53.539000 13 1 53.539000 8000
    733 13 1 53.548932 13 1 53.548932 8000
    734 13 1 53.558915 13 1 53.558915 8000
    735 13 1 53.568947 13 1 53.568947 8000
    736 13 1 53.579793 13 1 53.579793 8000
    737 13 1 53.588943 13 1 53.588943 8000
    738 13 1 53.598933 13 1 53.598933 8000
    739 13 1 53.608935 13 1 53.608935 8000
    740 13 1 53.618913 13 1 53.618913 8000
    741 13 1 53.628919 13 1 53.628919 8000
    742 13 1 53.638933 13 1 53.638933 8000
    743 13 1 53.648904 13 1 53.648904 8000
    744 13 1 53.659528 13 1 53.659528 8000
    745 13 1 53.668948 13 1 53.668948 8000
    746 13 1 53.678927 13 1 53.678927 8000
    747 13 1 53.688929 13 1 53.688929 8000
    748 13 1 53.698940 13 1 53.698940 8000
    749 13 1 53.709580 13 1 53.709580 8000
    750 13 1 53.718924 13 1 53.718924 8000
    751 13 1 53.728906 13 1 53.728906 8000
    752 13 1 53.738906 13 1 53.738906 8000
    753 13 1 53.748939 13 1 53.748939 8000
    754 13 1 53.758926 13 1 53.758926 8000
    755 13 1 53.768929 13 1 53.768929 8000
    756 13 1 53.778950 13 1 53.778950 8000
    757 13 1 53.788936 13 1 53.788936 8000
    758 13 1 53.798909 13 1 53.798909 8000
    759 13 1 53.808914 13 1 53.808914 8000
    760 13 1 53.818925 13 1 53.818925 8000
    761 13 1 53.828915 13 1 53.828915 8000
    762 13 1 53.838911 13 1 53.838911 8000
    763 13 1 53.849839 13 1 53.849839 8000
    764 13 1 53.858922 13 1 53.858922 8000
    765 13 1 53.868917 13 1 53.868917 8000
    766 13 1 53.878923 13 1 53.878923 8000
    767 13 1 53.888928 13 1 53.888928 8000
    768 13 1 53.898910 13 1 53.898910 8000
    769 13 1 53.908912 13 1 53.908912 8000
    770 13 1 53.918905 13 1 53.918905 8000
    771 13 1 53.928922 13 1 53.928922 8000
    772 13 1 53.938949 13 1 53.938949 8000
    773 13 1 53.948923 13 1 53.948923 8000
    774 13 1 53.958945 13 1 53.958945 8000
    775 13 1 53.968921 13 1 53.968921 8000
    776 13 1 53.978926 13 1 53.978926 8000
    777 13 1 53.988925 13 1 53.988925 8000
    778 13 1 53.998921 13 1 53.998921 8000
    779 13 1 54.008910 13 1 54.008910 8000
    780 13 1 54.018917 13 1 54.018917 8000
    781 13 1 54.028917 13 1 54.028917 8000
    782 13 1 54.039771 13 1 54.039771 8000
    783 13 1 54.048941 13 1 54.048941 8000
    784 13 1 54.058929 13 1 54.058929 8000
    785 13 1 54.068930 13 1 54.068930 8000
    786 13 1 54.078927 13 1 54.078927 8000
    787 13 1 54.088926 13 1 54.088926 8000
    788 13 1 54.098928 13 1 54.098928 8000
    789 13 1 54.108933 13 1 54.108933 8000
    790 13 1 54.118937 13 1 54.118937 8000
    791 13 1 54.128920 13 1 54.128920 8000
    792 13 1 54.138922 13 1 54.138922 8000
    793 13 1 54.148927 13 1 54.148927 8000
    794 13 1 54.158881 13 1 54.158881 8000
    795 13 1 54.169714 13 1 54.169714 8000
    796 13 1 54.178913 13 1 54.178913 8000
    797 13 1 54.188907 13 1 54.188907 8000
    798 13 1 54.198925 13 1 54.198925 8000
    799 13 1 54.208916 13 1 54.208916 8000
    800 13 1 54.219729 13 1 54.219729 8000
    801 13 1 54.228907 13 1 54.228907 8000
    802 13 1 54.238903 13 1 54.238903 8000
    803 13 1 54.248919 13 1 54.248919 8000
    804 13 1 54.258918 13 1 54.258918 8000
    805 13 1 54.269643 13 1 54.269643 8000
    806 13 1 54.278920 13 1 54.278920 8000
    807 13 1 54.288919 13 1 54.288919 8000
    808 13 1 54.298914 13 1 54.298914 8000
    809 13 1 54.308936 13 1 54.308936 8000
    810 13 1 54.318935 13 1 54.318935 8000
    811 13 1 54.328919 13 1 54.328919 8000
    812 13 1 54.338898 13 1 54.338898 8000
    813 13 1 54.348922 13 1 54.348922 8000
    814 13 1 54.358922 13 1 54.358922 8000
    815 13 1 54.368926 13 1 54.368926 8000
    816 13 1 54.378926 13 1 54.378926 8000
    817 13 1 54.388927 13 1 54.388927 8000
    818 13 1 54.398936 13 1 54.398936 8000
    819 13 1 54.408923 13 1 54.408923 8000
    820 13 1 54.418933 13 1 54.418933 8000
    821 13 1 54.428915 13 1 54.428915 8000
    822 13 1 54.438932 13 1 54.438932 8000
    823 13 1 54.449753 13 1 54.449753 8000
    824 13 1 54.458917 13 1 54.458917 8000
    825 13 1 54.468915 13 1 54.468915 8000
    826 13 1 54.478934 13 1 54.478934 8000
    827 13 1 54.488925 13 1 54.488925 8000
    828 13 1 54.498935 13 1 54.498935 8000
    829 13 1 54.508913 13 1 54.508913 8000
    830 13 1 54.518929 13 1 54.518929 8000
    831 13 1 54.528936 13 1 54.528936 8000
    832 13 1 54.538929 13 1 54.538929 8000
    833 13 1 54.548940 13 1 54.548940 8000
    834 13 1 54.558914 13 1 54.558914 8000
    835 13 1 54.568989 13 1 54.568989 8000
    836 13 1 54.578924 13 1 54.578924 8000
    837 13 1 54.589604 13 1 54.589604 8000
    838 13 1 54.598925 13 1 54.598925 8000
    839 13 1 54.608935 13 1 54.608935 8000
    840 13 1 54.619005 13 1 54.619005 8000
    841 13 1 54.628917 13 1 54.628917 8000
    842 13 1 54.638897 13 1 54.638897 8000
    843 13 1 54.648918 13 1 54.648918 8000
    844 13 1 54.658920 13 1 54.658920 8000
    845 13 1 54.668891 13 1 54.668891 8000
    846 13 1 54.678913 13 1 54.678913 8000
    847 13 1 54.688926 13 1 54.688926 8000
    848 13 1 54.705519 13 1 54.705519 8000
    849 13 1 54.708862 13 1 54.708862 8000
    850 13 1 54.718922 13 1 54.718922 8000
    851 13 1 54.728909 13 1 54.728909 8000
    852 13 1 54.738911 13 1 54.738911 8000
    853 13 1 54.748921 13 1 54.748921 8000
    854 13 1 54.758935 13 1 54.758935 8000
    855 13 1 54.770057 13 1 54.770057 8000
    856 13 1 54.778922 13 1 54.778922 8000
    857 13 1 54.789679 13 1 54.789679 8000
    858 13 1 54.798923 13 1 54.798923 8000
    859 13 1 54.808914 13 1 54.808914 8000
    860 13 1 54.818913 13 1 54.818913 8000
    861 13 1 54.828913 13 1 54.828913 8000
    862 13 1 54.838918 13 1 54.838918 8000
    863 13 1 54.848914 13 1 54.848914 8000
    864 13 1 54.859487 13 1 54.859487 8000
    865 13 1 54.868923 13 1 54.868923 8000
    866 13 1 54.878903 13 1 54.878903 8000
    867 13 1 54.888939 13 1 54.888939 8000
    868 13 1 54.898944 13 1 54.898944 8000
    869 13 1 54.908924 13 1 54.908924 8000
    870 13 1 54.918923 13 1 54.918923 8000
    871 13 1 54.928905 13 1 54.928905 8000
    872 13 1 54.939008 13 1 54.939008 8000
    873 13 1 54.948934 13 1 54.948934 8000
    874 13 1 54.958939 13 1 54.958939 8000
    875 13 1 54.972520 13 1 54.972520 8000
    876 13 1 54.978906 13 1 54.978906 8000
    877 13 1 54.988956 13 1 54.988956 8000
    878 13 1 54.998970 13 1 54.998970 8000
    879 13 1 55.009703 13 1 55.009703 8000
    880 13 1 55.018940 13 1 55.018940 8000
    881 13 1 55.028993 13 1 55.028993 8000
    882 13 1 55.039596 13 1 55.039596 8000
    883 13 1 55.048924 13 1 55.048924 8000
    884 13 1 55.058916 13 1 55.058916 8000
    885 13 1 55.068922 13 1 55.068922 8000
    886 13 1 55.079593 13 1 55.079593 8000
    887 13 1 55.088923 13 1 55.088923 8000
    888 13 1 55.098942 13 1 55.098942 8000
    889 13 1 55.108916 13 1 55.108916 8000
    890 13 1 55.118952 13 1 55.118952 8000
    891 13 1 55.128923 13 1 55.128923 8000
    892 13 1 55.138961 13 1 55.138961 8000
    893 13 1 55.148915 13 1 55.148915 8000
    894 13 1 55.158917 13 1 55.158917 8000
    895 13 1 55.169649 13 1 55.169649 8000
    896 13 1 55.179647 13 1 55.179647 8000
    897 13 1 55.188918 13 1 55.188918 8000
    898 13 1 55.198934 13 1 55.198934 8000
    899 13 1 55.208917 13 1 55.208917 8000
    900 13 1 55.219701 13 1 55.219701 8000
    901 13 1 55.228873 13 1 55.228873 8000
    902 13 1 55.238909 13 1 55.238909 8000
    903 13 1 55.248907 13 1 55.248907 8000
    904 13 1 55.258918 13 1 55.258918 8000
    905 13 1 55.268920 13 1 55.268920 8000
    906 13 1 55.278939 13 1 55.278939 8000
    907 13 1 55.288913 13 1 55.288913 8000
    908 13 1 55.298926 13 1 55.298926 8000
    909 13 1 55.308908 13 1 55.308908 8000
    910 13 1 55.318939 13 1 55.318939 8000
    911 13 1 55.328919 13 1 55.328919 8000
    912 13 1 55.339092 13 1 55.339092 8000
    913 13 1 55.348953 13 1 55.348953 8000
    914 13 1 55.358921 13 1 55.358921 8000
    915 13 1 55.368935 13 1 55.368935 8000
    916 13 1 55.378942 13 1 55.378942 8000
    917 13 1 55.388924 13 1 55.388924 8000
    918 13 1 55.398950 13 1 55.398950 8000
    919 13 1 55.408935 13 1 55.408935 8000
    920 13 1 55.418914 13 1 55.418914 8000
    921 13 1 55.428913 13 1 55.428913 8000
    922 13 1 55.439695 13 1 55.439695 8000
    923 13 1 55.448918 13 1 55.448918 8000
    924 13 1 55.458916 13 1 55.458916 8000
    925 13 1 55.468919 13 1 55.468919 8000
    926 13 1 55.478923 13 1 55.478923 8000
    927 13 1 55.488911 13 1 55.488911 8000
    928 13 1 55.498918 13 1 55.498918 8000
    929 13 1 55.508912 13 1 55.508912 8000
    930 13 1 55.518909 13 1 55.518909 8000
    931 13 1 55.528920 13 1 55.528920 8000
    932 13 1 55.538926 13 1 55.538926 8000
    933 13 1 55.549500 13 1 55.549500 8000
    934 13 1 55.558933 13 1 55.558933 8000
    935 13 1 55.568916 13 1 55.568916 8000
    936 13 1 55.578924 13 1 55.578924 8000
    937 13 1 55.588900 13 1 55.588900 8000
    938 13 1 55.598919 13 1 55.598919 8000
    939 13 1 55.608924 13 1 55.608924 8000
    940 13 1 55.618923 13 1 55.618923 8000
    941 13 1 55.628897 13 1 55.628897 8000
    942 13 1 55.638947 13 1 55.638947 8000
    943 13 1 55.648924 13 1 55.648924 8000
    944 13 1 55.658901 13 1 55.658901 8000
    945 13 1 55.668931 13 1 55.668931 8000
    946 13 1 55.678922 13 1 55.678922 8000
    947 13 1 55.689644 13 1 55.689644 8000
    948 13 1 55.698973 13 1 55.698973 8000
    949 13 1 55.708925 13 1 55.708925 8000
    950 13 1 55.719723 13 1 55.719723 8000
    951 13 1 55.728914 13 1 55.728914 8000
    952 13 1 55.738948 13 1 55.738948 8000
    953 13 1 55.748921 13 1 55.748921 8000
    954 13 1 55.758916 13 1 55.758916 8000
    955 13 1 55.768934 13 1 55.768934 8000
    956 13 1 55.778928 13 1 55.778928 8000
    957 13 1 55.788926 13 1 55.788926 8000
    958 13 1 55.798926 13 1 55.798926 8000
    959 13 1 55.808933 13 1 55.808933 8000
    960 13 1 55.818933 13 1 55.818933 8000
    961 13 1 55.828913 13 1 55.828913 8000
    962 13 1 55.838914 13 1 55.838914 8000
    963 13 1 55.849820 13 1 55.849820 8000
    964 13 1 55.858924 13 1 55.858924 8000
    965 13 1 55.868915 13 1 55.868915 8000
    966 13 1 55.878917 13 1 55.878917 8000
    967 13 1 55.888924 13 1 55.888924 8000
    968 13 1 55.898924 13 1 55.898924 8000
    969 13 1 55.908920 13 1 55.908920 8000
    970 13 1 55.918917 13 1 55.918917 8000
    971 13 1 55.929006 13 1 55.929006 8000
    972 13 1 55.938937 13 1 55.938937 8000
    973 13 1 55.948934 13 1 55.948934 8000
    974 13 1 55.958914 13 1 55.958914 8000
    975 13 1 55.968935 13 1 55.968935 8000
    976 13 1 55.978954 13 1 55.978954 8000
    977 13 1 55.988916 13 1 55.988916 8000
    978 13 1 55.998927 13 1 55.998927 8000
    979 13 1 56.008934 13 1 56.008934 8000
    980 13 1 56.018914 13 1 56.018914 8000
    981 13 1 56.028933 13 1 56.028933 8000
    982 13 1 56.039611 13 1 56.039611 8000
    983 13 1 56.049663 13 1 56.049663 8000
    984 13 1 56.058925 13 1 56.058925 8000
    985 13 1 56.069674 13 1 56.069674 8000
    986 13 1 56.078915 13 1 56.078915 8000
    987 13 1 56.088925 13 1 56.088925 8000
    988 13 1 56.098900 13 1 56.098900 8000
    989 13 1 56.108932 13 1 56.108932 8000
    990 13 1 56.119374 13 1 56.119374 8000
    991 13 1 56.128923 13 1 56.128923 8000
    992 13 1 56.139667 13 1 56.139667 8000
    993 13 1 56.148924 13 1 56.148924 8000
    994 13 1 56.158917 13 1 56.158917 8000
    995 13 1 56.169663 13 1 56.169663 8000
    996 13 1 56.178913 13 1 56.178913 8000
    997 13 1 56.188920 13 1 56.188920 8000
    998 13 1 56.198917 13 1 56.198917 8000
    999 13 1 56.208930 13 1 56.208930 8000
   1000 13 1 56.218924 13 1 56.218924 8000
