      1 13 9 15.138235 13 9 15.138235 11700
      2 13 9 15.148429 13 9 15.148429 11700
      3 13 9 15.158404 13 9 15.158404 11700
      4 13 9 15.168374 13 9 15.168374 11700
      5 13 9 15.178392 13 9 15.178392 11700
      6 13 9 15.188399 13 9 15.188399 11700
      7 13 9 15.198337 13 9 15.198337 11700
      8 13 9 15.208335 13 9 15.208335 11700
      9 13 9 15.218336 13 9 15.218336 11700
     10 13 9 15.228334 13 9 15.228334 11700
     11 13 9 15.238436 13 9 15.238436 11700
     12 13 9 15.248473 13 9 15.248473 11700
     13 13 9 15.258364 13 9 15.258364 11700
     14 13 9 15.268401 13 9 15.268401 11700
     15 13 9 15.278387 13 9 15.278387 11700
     16 13 9 15.288354 13 9 15.288354 11700
     17 13 9 15.298279 13 9 15.298279 11700
     18 13 9 15.308918 13 9 15.308918 11700
     19 13 9 15.318346 13 9 15.318346 11700
     20 13 9 15.328469 13 9 15.328469 11700
     21 13 9 15.338466 13 9 15.338466 11700
     22 13 9 15.348411 13 9 15.348411 11700
     23 13 9 15.358337 13 9 15.358337 11700
     24 13 9 15.368446 13 9 15.368446 11700
     25 13 9 15.378401 13 9 15.378401 11700
     26 13 9 15.388396 13 9 15.388396 11700
     27 13 9 15.398884 13 9 15.398884 11700
     28 13 9 15.408322 13 9 15.408322 11700
     29 13 9 15.418302 13 9 15.418302 11700
     30 13 9 15.429254 13 9 15.429254 11700
     31 13 9 15.438411 13 9 15.438411 11700
     32 13 9 15.448346 13 9 15.448346 11700
     33 13 9 15.458463 13 9 15.458463 11700
     34 13 9 15.468458 13 9 15.468458 11700
     35 13 9 15.478398 13 9 15.478398 11700
     36 13 9 15.488462 13 9 15.488462 11700
     37 13 9 15.498338 13 9 15.498338 11700
     38 13 9 15.508293 13 9 15.508293 11700
     39 13 9 15.518397 13 9 15.518397 11700
     40 13 9 15.528397 13 9 15.528397 11700
     41 13 9 15.538384 13 9 15.538384 11700
     42 13 9 15.548493 13 9 15.548493 11700
     43 13 9 15.558412 13 9 15.558412 11700
     44 13 9 15.568360 13 9 15.568360 11700
     45 13 9 15.578874 13 9 15.578874 11700
     46 13 9 15.588276 13 9 15.588276 11700
     47 13 9 15.598340 13 9 15.598340 11700
     48 13 9 15.608337 13 9 15.608337 11700
     49 13 9 15.618337 13 9 15.618337 11700
     50 13 9 15.628346 13 9 15.628346 11700
     51 13 9 15.639049 13 9 15.639049 11700
     52 13 9 15.648407 13 9 15.648407 11700
     53 13 9 15.658352 13 9 15.658352 11700
     54 13 9 15.668405 13 9 15.668405 11700
     55 13 9 15.678456 13 9 15.678456 11700
     56 13 9 15.688352 13 9 15.688352 11700
     57 13 9 15.698349 13 9 15.698349 11700
     58 13 9 15.708354 13 9 15.708354 11700
     59 13 9 15.718422 13 9 15.718422 11700
     60 13 9 15.728379 13 9 15.728379 11700
     61 13 9 15.738438 13 9 15.738438 11700
     62 13 9 15.748362 13 9 15.748362 11700
     63 13 9 15.758419 13 9 15.758419 11700
     64 13 9 15.768418 13 9 15.768418 11700
     65 13 9 15.778551 13 9 15.778551 11700
     66 13 9 15.788415 13 9 15.788415 11700
     67 13 9 15.798408 13 9 15.798408 11700
     68 13 9 15.808344 13 9 15.808344 11700
     69 13 9 15.818343 13 9 15.818343 11700
     70 13 9 15.828348 13 9 15.828348 11700
     71 13 9 15.838400 13 9 15.838400 11700
     72 13 9 15.848333 13 9 15.848333 11700
     73 13 9 15.858404 13 9 15.858404 11700
     74 13 9 15.868729 13 9 15.868729 11700
     75 13 9 15.878375 13 9 15.878375 11700
     76 13 9 15.888557 13 9 15.888557 11700
     77 13 9 15.898528 13 9 15.898528 11700
     78 13 9 15.908345 13 9 15.908345 11700
     79 13 9 15.919081 13 9 15.919081 11700
     80 13 9 15.928447 13 9 15.928447 11700
     81 13 9 15.938466 13 9 15.938466 11700
     82 13 9 15.948392 13 9 15.948392 11700
     83 13 9 15.958391 13 9 15.958391 11700
     84 13 9 15.968403 13 9 15.968403 11700
     85 13 9 15.978405 13 9 15.978405 11700
     86 13 9 15.988360 13 9 15.988360 11700
     87 13 9 15.998400 13 9 15.998400 11700
     88 13 9 16.008337 13 9 16.008337 11700
     89 13 9 16.018381 13 9 16.018381 11700
     90 13 9 16.028335 13 9 16.028335 11700
     91 13 9 16.038461 13 9 16.038461 11700
     92 13 9 16.048362 13 9 16.048362 11700
     93 13 9 16.058422 13 9 16.058422 11700
     94 13 9 16.068402 13 9 16.068402 11700
     95 13 9 16.078481 13 9 16.078481 11700
     96 13 9 16.088329 13 9 16.088329 11700
     97 13 9 16.099215 13 9 16.099215 11700
     98 13 9 16.108363 13 9 16.108363 11700
     99 13 9 16.118455 13 9 16.118455 11700
    100 13 9 16.128482 13 9 16.128482 11700
    101 13 9 16.138394 13 9 16.138394 11700
    102 13 9 16.148441 13 9 16.148441 11700
    103 13 9 16.158526 13 9 16.158526 11700
    104 13 9 16.168319 13 9 16.168319 11700
    105 13 9 16.178405 13 9 16.178405 11700
    106 13 9 16.188472 13 9 16.188472 11700
    107 13 9 16.198515 13 9 16.198515 11700
    108 13 9 16.208404 13 9 16.208404 11700
    109 13 9 16.218337 13 9 16.218337 11700
    110 13 9 16.228289 13 9 16.228289 11700
    111 13 9 16.238403 13 9 16.238403 11700
    112 13 9 16.248401 13 9 16.248401 11700
    113 13 9 16.258507 13 9 16.258507 11700
    114 13 9 16.268402 13 9 16.268402 11700
    115 13 9 16.278417 13 9 16.278417 11700
    116 13 9 16.288409 13 9 16.288409 11700
    117 13 9 16.298337 13 9 16.298337 11700
    118 13 9 16.308340 13 9 16.308340 11700
    119 13 9 16.318346 13 9 16.318346 11700
    120 13 9 16.328348 13 9 16.328348 11700
    121 13 9 16.338398 13 9 16.338398 11700
    122 13 9 16.348860 13 9 16.348860 11700
    123 13 9 16.358382 13 9 16.358382 11700
    124 13 9 16.368403 13 9 16.368403 11700
    125 13 9 16.378429 13 9 16.378429 11700
    126 13 9 16.388404 13 9 16.388404 11700
    127 13 9 16.398406 13 9 16.398406 11700
    128 13 9 16.408401 13 9 16.408401 11700
    129 13 9 16.418341 13 9 16.418341 11700
    130 13 9 16.428346 13 9 16.428346 11700
    131 13 9 16.438396 13 9 16.438396 11700
    132 13 9 16.448413 13 9 16.448413 11700
    133 13 9 16.458404 13 9 16.458404 11700
    134 13 9 16.468399 13 9 16.468399 11700
    135 13 9 16.478415 13 9 16.478415 11700
    136 13 9 16.488402 13 9 16.488402 11700
    137 13 9 16.498348 13 9 16.498348 11700
    138 13 9 16.508359 13 9 16.508359 11700
    139 13 9 16.518412 13 9 16.518412 11700
    140 13 9 16.528358 13 9 16.528358 11700
    141 13 9 16.538402 13 9 16.538402 11700
    142 13 9 16.548446 13 9 16.548446 11700
    143 13 9 16.558365 13 9 16.558365 11700
    144 13 9 16.568407 13 9 16.568407 11700
    145 13 9 16.578399 13 9 16.578399 11700
    146 13 9 16.588408 13 9 16.588408 11700
    147 13 9 16.598402 13 9 16.598402 11700
    148 13 9 16.608398 13 9 16.608398 11700
    149 13 9 16.618338 13 9 16.618338 11700
    150 13 9 16.628334 13 9 16.628334 11700
    151 13 9 16.638373 13 9 16.638373 11700
    152 13 9 16.648371 13 9 16.648371 11700
    153 13 9 16.658864 13 9 16.658864 11700
    154 13 9 16.668403 13 9 16.668403 11700
    155 13 9 16.678439 13 9 16.678439 11700
    156 13 9 16.688414 13 9 16.688414 11700
    157 13 9 16.698336 13 9 16.698336 11700
    158 13 9 16.708345 13 9 16.708345 11700
    159 13 9 16.718336 13 9 16.718336 11700
    160 13 9 16.728352 13 9 16.728352 11700
    161 13 9 16.738868 13 9 16.738868 11700
    162 13 9 16.748411 13 9 16.748411 11700
    163 13 9 16.758445 13 9 16.758445 11700
    164 13 9 16.768398 13 9 16.768398 11700
    165 13 9 16.778417 13 9 16.778417 11700
    166 13 9 16.788402 13 9 16.788402 11700
    167 13 9 16.798349 13 9 16.798349 11700
    168 13 9 16.808499 13 9 16.808499 11700
    169 13 9 16.818352 13 9 16.818352 11700
    170 13 9 16.828337 13 9 16.828337 11700
    171 13 9 16.838422 13 9 16.838422 11700
    172 13 9 16.848369 13 9 16.848369 11700
    173 13 9 16.858398 13 9 16.858398 11700
    174 13 9 16.868361 13 9 16.868361 11700
    175 13 9 16.878340 13 9 16.878340 11700
    176 13 9 16.888420 13 9 16.888420 11700
    177 13 9 16.898339 13 9 16.898339 11700
    178 13 9 16.908376 13 9 16.908376 11700
    179 13 9 16.918703 13 9 16.918703 11700
    180 13 9 16.928356 13 9 16.928356 11700
    181 13 9 16.938400 13 9 16.938400 11700
    182 13 9 16.948384 13 9 16.948384 11700
    183 13 9 16.958348 13 9 16.958348 11700
    184 13 9 16.968350 13 9 16.968350 11700
    185 13 9 16.978338 13 9 16.978338 11700
    186 13 9 16.988692 13 9 16.988692 11700
    187 13 9 16.998342 13 9 16.998342 11700
    188 13 9 17.008334 13 9 17.008334 11700
    189 13 9 17.018422 13 9 17.018422 11700
    190 13 9 17.028379 13 9 17.028379 11700
    191 13 9 17.038394 13 9 17.038394 11700
    192 13 9 17.048738 13 9 17.048738 11700
    193 13 9 17.058371 13 9 17.058371 11700
    194 13 9 17.068404 13 9 17.068404 11700
    195 13 9 17.078362 13 9 17.078362 11700
    196 13 9 17.088390 13 9 17.088390 11700
    197 13 9 17.098480 13 9 17.098480 11700
    198 13 9 17.108415 13 9 17.108415 11700
    199 13 9 17.118337 13 9 17.118337 11700
    200 13 9 17.128336 13 9 17.128336 11700
    201 13 9 17.138349 13 9 17.138349 11700
    202 13 9 17.148340 13 9 17.148340 11700
    203 13 9 17.158339 13 9 17.158339 11700
    204 13 9 17.168337 13 9 17.168337 11700
    205 13 9 17.178308 13 9 17.178308 11700
    206 13 9 17.188273 13 9 17.188273 11700
    207 13 9 17.198395 13 9 17.198395 11700
    208 13 9 17.208465 13 9 17.208465 11700
    209 13 9 17.218441 13 9 17.218441 11700
    210 13 9 17.228502 13 9 17.228502 11700
    211 13 9 17.238367 13 9 17.238367 11700
    212 13 9 17.249214 13 9 17.249214 11700
    213 13 9 17.258600 13 9 17.258600 11700
    214 13 9 17.268377 13 9 17.268377 11700
    215 13 9 17.278345 13 9 17.278345 11700
    216 13 9 17.288430 13 9 17.288430 11700
    217 13 9 17.298345 13 9 17.298345 11700
    218 13 9 17.308423 13 9 17.308423 11700
    219 13 9 17.318400 13 9 17.318400 11700
    220 13 9 17.328343 13 9 17.328343 11700
    221 13 9 17.338397 13 9 17.338397 11700
    222 13 9 17.348362 13 9 17.348362 11700
    223 13 9 17.358378 13 9 17.358378 11700
    224 13 9 17.368341 13 9 17.368341 11700
    225 13 9 17.378343 13 9 17.378343 11700
    226 13 9 17.388352 13 9 17.388352 11700
    227 13 9 17.398347 13 9 17.398347 11700
    228 13 9 17.408346 13 9 17.408346 11700
    229 13 9 17.418448 13 9 17.418448 11700
    230 13 9 17.428345 13 9 17.428345 11700
    231 13 9 17.438407 13 9 17.438407 11700
    232 13 9 17.448440 13 9 17.448440 11700
    233 13 9 17.458411 13 9 17.458411 11700
    234 13 9 17.468416 13 9 17.468416 11700
    235 13 9 17.478411 13 9 17.478411 11700
    236 13 9 17.488410 13 9 17.488410 11700
    237 13 9 17.498453 13 9 17.498453 11700
    238 13 9 17.508341 13 9 17.508341 11700
    239 13 9 17.518353 13 9 17.518353 11700
    240 13 9 17.528372 13 9 17.528372 11700
    241 13 9 17.538325 13 9 17.538325 11700
    242 13 9 17.548373 13 9 17.548373 11700
    243 13 9 17.558398 13 9 17.558398 11700
    244 13 9 17.568391 13 9 17.568391 11700
    245 13 9 17.578365 13 9 17.578365 11700
    246 13 9 17.588287 13 9 17.588287 11700
    247 13 9 17.598337 13 9 17.598337 11700
    248 13 9 17.608336 13 9 17.608336 11700
    249 13 9 17.618339 13 9 17.618339 11700
    250 13 9 17.628706 13 9 17.628706 11700
    251 13 9 17.639009 13 9 17.639009 11700
    252 13 9 17.648461 13 9 17.648461 11700
    253 13 9 17.658471 13 9 17.658471 11700
    254 13 9 17.668421 13 9 17.668421 11700
    255 13 9 17.678435 13 9 17.678435 11700
    256 13 9 17.688331 13 9 17.688331 11700
    257 13 9 17.698360 13 9 17.698360 11700
    258 13 9 17.708390 13 9 17.708390 11700
    259 13 9 17.718336 13 9 17.718336 11700
    260 13 9 17.728397 13 9 17.728397 11700
    261 13 9 17.738327 13 9 17.738327 11700
    262 13 9 17.748404 13 9 17.748404 11700
    263 13 9 17.758306 13 9 17.758306 11700
    264 13 9 17.768347 13 9 17.768347 11700
    265 13 9 17.778373 13 9 17.778373 11700
    266 13 9 17.788336 13 9 17.788336 11700
    267 13 9 17.798346 13 9 17.798346 11700
    268 13 9 17.808350 13 9 17.808350 11700
    269 13 9 17.818335 13 9 17.818335 11700
    270 13 9 17.828357 13 9 17.828357 11700
    271 13 9 17.838405 13 9 17.838405 11700
    272 13 9 17.848342 13 9 17.848342 11700
    273 13 9 17.858425 13 9 17.858425 11700
    274 13 9 17.868991 13 9 17.868991 11700
    275 13 9 17.878357 13 9 17.878357 11700
    276 13 9 17.888404 13 9 17.888404 11700
    277 13 9 17.898689 13 9 17.898689 11700
    278 13 9 17.908528 13 9 17.908528 11700
    279 13 9 17.918336 13 9 17.918336 11700
    280 13 9 17.928404 13 9 17.928404 11700
    281 13 9 17.938349 13 9 17.938349 11700
    282 13 9 17.948333 13 9 17.948333 11700
    283 13 9 17.958455 13 9 17.958455 11700
    284 13 9 17.968334 13 9 17.968334 11700
    285 13 9 17.978339 13 9 17.978339 11700
    286 13 9 17.988406 13 9 17.988406 11700
    287 13 9 17.998335 13 9 17.998335 11700
    288 13 9 18.008340 13 9 18.008340 11700
    289 13 9 18.018367 13 9 18.018367 11700
    290 13 9 18.028335 13 9 18.028335 11700
    291 13 9 18.038360 13 9 18.038360 11700
    292 13 9 18.048387 13 9 18.048387 11700
    293 13 9 18.058398 13 9 18.058398 11700
    294 13 9 18.068450 13 9 18.068450 11700
    295 13 9 18.078434 13 9 18.078434 11700
    296 13 9 18.088497 13 9 18.088497 11700
    297 13 9 18.098455 13 9 18.098455 11700
    298 13 9 18.108468 13 9 18.108468 11700
    299 13 9 18.118466 13 9 18.118466 11700
    300 13 9 18.128405 13 9 18.128405 11700
    301 13 9 18.138417 13 9 18.138417 11700
    302 13 9 18.148391 13 9 18.148391 11700
    303 13 9 18.158348 13 9 18.158348 11700
    304 13 9 18.168341 13 9 18.168341 11700
    305 13 9 18.178338 13 9 18.178338 11700
    306 13 9 18.188369 13 9 18.188369 11700
    307 13 9 18.198360 13 9 18.198360 11700
    308 13 9 18.208386 13 9 18.208386 11700
    309 13 9 18.218330 13 9 18.218330 11700
    310 13 9 18.228338 13 9 18.228338 11700
    311 13 9 18.238379 13 9 18.238379 11700
    312 13 9 18.248367 13 9 18.248367 11700
    313 13 9 18.258478 13 9 18.258478 11700
    314 13 9 18.268401 13 9 18.268401 11700
    315 13 9 18.278399 13 9 18.278399 11700
    316 13 9 18.289004 13 9 18.289004 11700
    317 13 9 18.298355 13 9 18.298355 11700
    318 13 9 18.308489 13 9 18.308489 11700
    319 13 9 18.318419 13 9 18.318419 11700
    320 13 9 18.328403 13 9 18.328403 11700
    321 13 9 18.338353 13 9 18.338353 11700
    322 13 9 18.348417 13 9 18.348417 11700
    323 13 9 18.358339 13 9 18.358339 11700
    324 13 9 18.368338 13 9 18.368338 11700
    325 13 9 18.378364 13 9 18.378364 11700
    326 13 9 18.388342 13 9 18.388342 11700
    327 13 9 18.398339 13 9 18.398339 11700
    328 13 9 18.408339 13 9 18.408339 11700
    329 13 9 18.418340 13 9 18.418340 11700
    330 13 9 18.428685 13 9 18.428685 11700
    331 13 9 18.438338 13 9 18.438338 11700
    332 13 9 18.448273 13 9 18.448273 11700
    333 13 9 18.458797 13 9 18.458797 11700
    334 13 9 18.468927 13 9 18.468927 11700
    335 13 9 18.478414 13 9 18.478414 11700
    336 13 9 18.488369 13 9 18.488369 11700
    337 13 9 18.498463 13 9 18.498463 11700
    338 13 9 18.508375 13 9 18.508375 11700
    339 13 9 18.518810 13 9 18.518810 11700
    340 13 9 18.528361 13 9 18.528361 11700
    341 13 9 18.538402 13 9 18.538402 11700
    342 13 9 18.548366 13 9 18.548366 11700
    343 13 9 18.558370 13 9 18.558370 11700
    344 13 9 18.568338 13 9 18.568338 11700
    345 13 9 18.578337 13 9 18.578337 11700
    346 13 9 18.588343 13 9 18.588343 11700
    347 13 9 18.598335 13 9 18.598335 11700
    348 13 9 18.608291 13 9 18.608291 11700
    349 13 9 18.618338 13 9 18.618338 11700
    350 13 9 18.628336 13 9 18.628336 11700
    351 13 9 18.638339 13 9 18.638339 11700
    352 13 9 18.648724 13 9 18.648724 11700
    353 13 9 18.658405 13 9 18.658405 11700
    354 13 9 18.668476 13 9 18.668476 11700
    355 13 9 18.679366 13 9 18.679366 11700
    356 13 9 18.688987 13 9 18.688987 11700
    357 13 9 18.698904 13 9 18.698904 11700
    358 13 9 18.708767 13 9 18.708767 11700
    359 13 9 18.718460 13 9 18.718460 11700
    360 13 9 18.728335 13 9 18.728335 11700
    361 13 9 18.738271 13 9 18.738271 11700
    362 13 9 18.748342 13 9 18.748342 11700
    363 13 9 18.758403 13 9 18.758403 11700
    364 13 9 18.768291 13 9 18.768291 11700
    365 13 9 18.778351 13 9 18.778351 11700
    366 13 9 18.788336 13 9 18.788336 11700
    367 13 9 18.798334 13 9 18.798334 11700
    368 13 9 18.808333 13 9 18.808333 11700
    369 13 9 18.818334 13 9 18.818334 11700
    370 13 9 18.828334 13 9 18.828334 11700
    371 13 9 18.838336 13 9 18.838336 11700
    372 13 9 18.848534 13 9 18.848534 11700
    373 13 9 18.858411 13 9 18.858411 11700
    374 13 9 18.868375 13 9 18.868375 11700
    375 13 9 18.878762 13 9 18.878762 11700
    376 13 9 18.888359 13 9 18.888359 11700
    377 13 9 18.898402 13 9 18.898402 11700
    378 13 9 18.908418 13 9 18.908418 11700
    379 13 9 18.918403 13 9 18.918403 11700
    380 13 9 18.928391 13 9 18.928391 11700
    381 13 9 18.938338 13 9 18.938338 11700
    382 13 9 18.948354 13 9 18.948354 11700
    383 13 9 18.958369 13 9 18.958369 11700
    384 13 9 18.968356 13 9 18.968356 11700
    385 13 9 18.978605 13 9 18.978605 11700
    386 13 9 18.988337 13 9 18.988337 11700
    387 13 9 18.998335 13 9 18.998335 11700
    388 13 9 19.008333 13 9 19.008333 11700
    389 13 9 19.018336 13 9 19.018336 11700
    390 13 9 19.028337 13 9 19.028337 11700
    391 13 9 19.038562 13 9 19.038562 11700
    392 13 9 19.048752 13 9 19.048752 11700
    393 13 9 19.058506 13 9 19.058506 11700
    394 13 9 19.068405 13 9 19.068405 11700
    395 13 9 19.078776 13 9 19.078776 11700
    396 13 9 19.088307 13 9 19.088307 11700
    397 13 9 19.098580 13 9 19.098580 11700
    398 13 9 19.108471 13 9 19.108471 11700
    399 13 9 19.118335 13 9 19.118335 11700
    400 13 9 19.128403 13 9 19.128403 11700
    401 13 9 19.138466 13 9 19.138466 11700
    402 13 9 19.148403 13 9 19.148403 11700
    403 13 9 19.158362 13 9 19.158362 11700
    404 13 9 19.168516 13 9 19.168516 11700
    405 13 9 19.178447 13 9 19.178447 11700
    406 13 9 19.188338 13 9 19.188338 11700
    407 13 9 19.198340 13 9 19.198340 11700
    408 13 9 19.208337 13 9 19.208337 11700
    409 13 9 19.218296 13 9 19.218296 11700
    410 13 9 19.228336 13 9 19.228336 11700
    411 13 9 19.238322 13 9 19.238322 11700
    412 13 9 19.248335 13 9 19.248335 11700
    413 13 9 19.258403 13 9 19.258403 11700
    414 13 9 19.268333 13 9 19.268333 11700
    415 13 9 19.278352 13 9 19.278352 11700
    416 13 9 19.288399 13 9 19.288399 11700
    417 13 9 19.298427 13 9 19.298427 11700
    418 13 9 19.308375 13 9 19.308375 11700
    419 13 9 19.318394 13 9 19.318394 11700
    420 13 9 19.328430 13 9 19.328430 11700
    421 13 9 19.338407 13 9 19.338407 11700
    422 13 9 19.348417 13 9 19.348417 11700
    423 13 9 19.358871 13 9 19.358871 11700
    424 13 9 19.368424 13 9 19.368424 11700
    425 13 9 19.378339 13 9 19.378339 11700
    426 13 9 19.388358 13 9 19.388358 11700
    427 13 9 19.398336 13 9 19.398336 11700
    428 13 9 19.408339 13 9 19.408339 11700
    429 13 9 19.419216 13 9 19.419216 11700
    430 13 9 19.428335 13 9 19.428335 11700
    431 13 9 19.438338 13 9 19.438338 11700
    432 13 9 19.448354 13 9 19.448354 11700
    433 13 9 19.458358 13 9 19.458358 11700
    434 13 9 19.468413 13 9 19.468413 11700
    435 13 9 19.478408 13 9 19.478408 11700
    436 13 9 19.488385 13 9 19.488385 11700
    437 13 9 19.498415 13 9 19.498415 11700
    438 13 9 19.508400 13 9 19.508400 11700
    439 13 9 19.518401 13 9 19.518401 11700
    440 13 9 19.528400 13 9 19.528400 11700
    441 13 9 19.538425 13 9 19.538425 11700
    442 13 9 19.548436 13 9 19.548436 11700
    443 13 9 19.559433 13 9 19.559433 11700
    444 13 9 19.568318 13 9 19.568318 11700
    445 13 9 19.578361 13 9 19.578361 11700
    446 13 9 19.588300 13 9 19.588300 11700
    447 13 9 19.598317 13 9 19.598317 11700
    448 13 9 19.608342 13 9 19.608342 11700
    449 13 9 19.618337 13 9 19.618337 11700
    450 13 9 19.628334 13 9 19.628334 11700
    451 13 9 19.638351 13 9 19.638351 11700
    452 13 9 19.648733 13 9 19.648733 11700
    453 13 9 19.658449 13 9 19.658449 11700
    454 13 9 19.668417 13 9 19.668417 11700
    455 13 9 19.678547 13 9 19.678547 11700
    456 13 9 19.688276 13 9 19.688276 11700
    457 13 9 19.698391 13 9 19.698391 11700
    458 13 9 19.708348 13 9 19.708348 11700
    459 13 9 19.718513 13 9 19.718513 11700
    460 13 9 19.728401 13 9 19.728401 11700
    461 13 9 19.738403 13 9 19.738403 11700
    462 13 9 19.748452 13 9 19.748452 11700
    463 13 9 19.758445 13 9 19.758445 11700
    464 13 9 19.768399 13 9 19.768399 11700
    465 13 9 19.778925 13 9 19.778925 11700
    466 13 9 19.789024 13 9 19.789024 11700
    467 13 9 19.798297 13 9 19.798297 11700
    468 13 9 19.808336 13 9 19.808336 11700
    469 13 9 19.818339 13 9 19.818339 11700
    470 13 9 19.828338 13 9 19.828338 11700
    471 13 9 19.838322 13 9 19.838322 11700
    472 13 9 19.848368 13 9 19.848368 11700
    473 13 9 19.858412 13 9 19.858412 11700
    474 13 9 19.868359 13 9 19.868359 11700
    475 13 9 19.878334 13 9 19.878334 11700
    476 13 9 19.888611 13 9 19.888611 11700
    477 13 9 19.898347 13 9 19.898347 11700
    478 13 9 19.908401 13 9 19.908401 11700
    479 13 9 19.918361 13 9 19.918361 11700
    480 13 9 19.928450 13 9 19.928450 11700
    481 13 9 19.938413 13 9 19.938413 11700
    482 13 9 19.948509 13 9 19.948509 11700
    483 13 9 19.958431 13 9 19.958431 11700
    484 13 9 19.968401 13 9 19.968401 11700
    485 13 9 19.978439 13 9 19.978439 11700
    486 13 9 19.988323 13 9 19.988323 11700
    487 13 9 19.998335 13 9 19.998335 11700
    488 13 9 20.008351 13 9 20.008351 11700
    489 13 9 20.018350 13 9 20.018350 11700
    490 13 9 20.028334 13 9 20.028334 11700
    491 13 9 20.038322 13 9 20.038322 11700
    492 13 9 20.048329 13 9 20.048329 11700
    493 13 9 20.058413 13 9 20.058413 11700
    494 13 9 20.068335 13 9 20.068335 11700
    495 13 9 20.078397 13 9 20.078397 11700
    496 13 9 20.088760 13 9 20.088760 11700
    497 13 9 20.098430 13 9 20.098430 11700
    498 13 9 20.108402 13 9 20.108402 11700
    499 13 9 20.118396 13 9 20.118396 11700
    500 13 9 20.128385 13 9 20.128385 11700
    501 13 9 20.138397 13 9 20.138397 11700
    502 13 9 20.148334 13 9 20.148334 11700
    503 13 9 20.158335 13 9 20.158335 11700
    504 13 9 20.168395 13 9 20.168395 11700
    505 13 9 20.178336 13 9 20.178336 11700
    506 13 9 20.188386 13 9 20.188386 11700
    507 13 9 20.198339 13 9 20.198339 11700
    508 13 9 20.208362 13 9 20.208362 11700
    509 13 9 20.218292 13 9 20.218292 11700
    510 13 9 20.228345 13 9 20.228345 11700
    511 13 9 20.238337 13 9 20.238337 11700
    512 13 9 20.248360 13 9 20.248360 11700
    513 13 9 20.258395 13 9 20.258395 11700
    514 13 9 20.268381 13 9 20.268381 11700
    515 13 9 20.278282 13 9 20.278282 11700
    516 13 9 20.288408 13 9 20.288408 11700
    517 13 9 20.298369 13 9 20.298369 11700
    518 13 9 20.308492 13 9 20.308492 11700
    519 13 9 20.318401 13 9 20.318401 11700
    520 13 9 20.328393 13 9 20.328393 11700
    521 13 9 20.338405 13 9 20.338405 11700
    522 13 9 20.348438 13 9 20.348438 11700
    523 13 9 20.358453 13 9 20.358453 11700
    524 13 9 20.368473 13 9 20.368473 11700
    525 13 9 20.378354 13 9 20.378354 11700
    526 13 9 20.388366 13 9 20.388366 11700
    527 13 9 20.398340 13 9 20.398340 11700
    528 13 9 20.408336 13 9 20.408336 11700
    529 13 9 20.418354 13 9 20.418354 11700
    530 13 9 20.428336 13 9 20.428336 11700
    531 13 9 20.438394 13 9 20.438394 11700
    532 13 9 20.448646 13 9 20.448646 11700
    533 13 9 20.458418 13 9 20.458418 11700
    534 13 9 20.468350 13 9 20.468350 11700
    535 13 9 20.478338 13 9 20.478338 11700
    536 13 9 20.488409 13 9 20.488409 11700
    537 13 9 20.498415 13 9 20.498415 11700
    538 13 9 20.508472 13 9 20.508472 11700
    539 13 9 20.518491 13 9 20.518491 11700
    540 13 9 20.528445 13 9 20.528445 11700
    541 13 9 20.538427 13 9 20.538427 11700
    542 13 9 20.548401 13 9 20.548401 11700
    543 13 9 20.558402 13 9 20.558402 11700
    544 13 9 20.568404 13 9 20.568404 11700
    545 13 9 20.578483 13 9 20.578483 11700
    546 13 9 20.589109 13 9 20.589109 11700
    547 13 9 20.598351 13 9 20.598351 11700
    548 13 9 20.608415 13 9 20.608415 11700
    549 13 9 20.618327 13 9 20.618327 11700
    550 13 9 20.628360 13 9 20.628360 11700
    551 13 9 20.638376 13 9 20.638376 11700
    552 13 9 20.648340 13 9 20.648340 11700
    553 13 9 20.659116 13 9 20.659116 11700
    554 13 9 20.668354 13 9 20.668354 11700
    555 13 9 20.678435 13 9 20.678435 11700
    556 13 9 20.688342 13 9 20.688342 11700
    557 13 9 20.698380 13 9 20.698380 11700
    558 13 9 20.708534 13 9 20.708534 11700
    559 13 9 20.718886 13 9 20.718886 11700
    560 13 9 20.728456 13 9 20.728456 11700
    561 13 9 20.738382 13 9 20.738382 11700
    562 13 9 20.748407 13 9 20.748407 11700
    563 13 9 20.758559 13 9 20.758559 11700
    564 13 9 20.768454 13 9 20.768454 11700
    565 13 9 20.778328 13 9 20.778328 11700
    566 13 9 20.788406 13 9 20.788406 11700
    567 13 9 20.798363 13 9 20.798363 11700
    568 13 9 20.808758 13 9 20.808758 11700
    569 13 9 20.818348 13 9 20.818348 11700
    570 13 9 20.828345 13 9 20.828345 11700
    571 13 9 20.838340 13 9 20.838340 11700
    572 13 9 20.848425 13 9 20.848425 11700
    573 13 9 20.858402 13 9 20.858402 11700
    574 13 9 20.868411 13 9 20.868411 11700
    575 13 9 20.878370 13 9 20.878370 11700
    576 13 9 20.888470 13 9 20.888470 11700
    577 13 9 20.898437 13 9 20.898437 11700
    578 13 9 20.908447 13 9 20.908447 11700
    579 13 9 20.918458 13 9 20.918458 11700
    580 13 9 20.929301 13 9 20.929301 11700
    581 13 9 20.938410 13 9 20.938410 11700
    582 13 9 20.948398 13 9 20.948398 11700
    583 13 9 20.958451 13 9 20.958451 11700
    584 13 9 20.968348 13 9 20.968348 11700
    585 13 9 20.978401 13 9 20.978401 11700
    586 13 9 20.988421 13 9 20.988421 11700
    587 13 9 20.998390 13 9 20.998390 11700
    588 13 9 21.008410 13 9 21.008410 11700
    589 13 9 21.018336 13 9 21.018336 11700
    590 13 9 21.028334 13 9 21.028334 11700
    591 13 9 21.038333 13 9 21.038333 11700
    592 13 9 21.048428 13 9 21.048428 11700
    593 13 9 21.058405 13 9 21.058405 11700
    594 13 9 21.068345 13 9 21.068345 11700
    595 13 9 21.078451 13 9 21.078451 11700
    596 13 9 21.088367 13 9 21.088367 11700
    597 13 9 21.098413 13 9 21.098413 11700
    598 13 9 21.108380 13 9 21.108380 11700
    599 13 9 21.118345 13 9 21.118345 11700
    600 13 9 21.128341 13 9 21.128341 11700
    601 13 9 21.138307 13 9 21.138307 11700
    602 13 9 21.148599 13 9 21.148599 11700
    603 13 9 21.158300 13 9 21.158300 11700
    604 13 9 21.169180 13 9 21.169180 11700
    605 13 9 21.178498 13 9 21.178498 11700
    606 13 9 21.188444 13 9 21.188444 11700
    607 13 9 21.198402 13 9 21.198402 11700
    608 13 9 21.208411 13 9 21.208411 11700
    609 13 9 21.218347 13 9 21.218347 11700
    610 13 9 21.228318 13 9 21.228318 11700
    611 13 9 21.238337 13 9 21.238337 11700
    612 13 9 21.248431 13 9 21.248431 11700
    613 13 9 21.258403 13 9 21.258403 11700
    614 13 9 21.268401 13 9 21.268401 11700
    615 13 9 21.278359 13 9 21.278359 11700
    616 13 9 21.288461 13 9 21.288461 11700
    617 13 9 21.298335 13 9 21.298335 11700
    618 13 9 21.308333 13 9 21.308333 11700
    619 13 9 21.318339 13 9 21.318339 11700
    620 13 9 21.328403 13 9 21.328403 11700
    621 13 9 21.338384 13 9 21.338384 11700
    622 13 9 21.348451 13 9 21.348451 11700
    623 13 9 21.358451 13 9 21.358451 11700
    624 13 9 21.368356 13 9 21.368356 11700
    625 13 9 21.378396 13 9 21.378396 11700
    626 13 9 21.388411 13 9 21.388411 11700
    627 13 9 21.398427 13 9 21.398427 11700
    628 13 9 21.408429 13 9 21.408429 11700
    629 13 9 21.418344 13 9 21.418344 11700
    630 13 9 21.428338 13 9 21.428338 11700
    631 13 9 21.438337 13 9 21.438337 11700
    632 13 9 21.448402 13 9 21.448402 11700
    633 13 9 21.458415 13 9 21.458415 11700
    634 13 9 21.468493 13 9 21.468493 11700
    635 13 9 21.478410 13 9 21.478410 11700
    636 13 9 21.488402 13 9 21.488402 11700
    637 13 9 21.498426 13 9 21.498426 11700
    638 13 9 21.508710 13 9 21.508710 11700
    639 13 9 21.518425 13 9 21.518425 11700
    640 13 9 21.528410 13 9 21.528410 11700
    641 13 9 21.538405 13 9 21.538405 11700
    642 13 9 21.548490 13 9 21.548490 11700
    643 13 9 21.558471 13 9 21.558471 11700
    644 13 9 21.568508 13 9 21.568508 11700
    645 13 9 21.578426 13 9 21.578426 11700
    646 13 9 21.588428 13 9 21.588428 11700
    647 13 9 21.598390 13 9 21.598390 11700
    648 13 9 21.608339 13 9 21.608339 11700
    649 13 9 21.618339 13 9 21.618339 11700
    650 13 9 21.628333 13 9 21.628333 11700
    651 13 9 21.638467 13 9 21.638467 11700
    652 13 9 21.648330 13 9 21.648330 11700
    653 13 9 21.658401 13 9 21.658401 11700
    654 13 9 21.668399 13 9 21.668399 11700
    655 13 9 21.678343 13 9 21.678343 11700
    656 13 9 21.688361 13 9 21.688361 11700
    657 13 9 21.698395 13 9 21.698395 11700
    658 13 9 21.708317 13 9 21.708317 11700
    659 13 9 21.718489 13 9 21.718489 11700
    660 13 9 21.728446 13 9 21.728446 11700
    661 13 9 21.738450 13 9 21.738450 11700
    662 13 9 21.748346 13 9 21.748346 11700
    663 13 9 21.758364 13 9 21.758364 11700
    664 13 9 21.768421 13 9 21.768421 11700
    665 13 9 21.778417 13 9 21.778417 11700
    666 13 9 21.788403 13 9 21.788403 11700
    667 13 9 21.798403 13 9 21.798403 11700
    668 13 9 21.808336 13 9 21.808336 11700
    669 13 9 21.818456 13 9 21.818456 11700
    670 13 9 21.828340 13 9 21.828340 11700
    671 13 9 21.838335 13 9 21.838335 11700
    672 13 9 21.848399 13 9 21.848399 11700
    673 13 9 21.858399 13 9 21.858399 11700
    674 13 9 21.868334 13 9 21.868334 11700
    675 13 9 21.878447 13 9 21.878447 11700
    676 13 9 21.888389 13 9 21.888389 11700
    677 13 9 21.898339 13 9 21.898339 11700
    678 13 9 21.908488 13 9 21.908488 11700
    679 13 9 21.918509 13 9 21.918509 11700
    680 13 9 21.928394 13 9 21.928394 11700
    681 13 9 21.938396 13 9 21.938396 11700
    682 13 9 21.948412 13 9 21.948412 11700
    683 13 9 21.958493 13 9 21.958493 11700
    684 13 9 21.968398 13 9 21.968398 11700
    685 13 9 21.978401 13 9 21.978401 11700
    686 13 9 21.988405 13 9 21.988405 11700
    687 13 9 21.998400 13 9 21.998400 11700
    688 13 9 22.008334 13 9 22.008334 11700
    689 13 9 22.018336 13 9 22.018336 11700
    690 13 9 22.028538 13 9 22.028538 11700
    691 13 9 22.038339 13 9 22.038339 11700
    692 13 9 22.048407 13 9 22.048407 11700
    693 13 9 22.058333 13 9 22.058333 11700
    694 13 9 22.068756 13 9 22.068756 11700
    695 13 9 22.078448 13 9 22.078448 11700
    696 13 9 22.088398 13 9 22.088398 11700
    697 13 9 22.098400 13 9 22.098400 11700
    698 13 9 22.108332 13 9 22.108332 11700
    699 13 9 22.118399 13 9 22.118399 11700
    700 13 9 22.128422 13 9 22.128422 11700
    701 13 9 22.138342 13 9 22.138342 11700
    702 13 9 22.148406 13 9 22.148406 11700
    703 13 9 22.158350 13 9 22.158350 11700
    704 13 9 22.168426 13 9 22.168426 11700
    705 13 9 22.178506 13 9 22.178506 11700
    706 13 9 22.188427 13 9 22.188427 11700
    707 13 9 22.198385 13 9 22.198385 11700
    708 13 9 22.208276 13 9 22.208276 11700
    709 13 9 22.218336 13 9 22.218336 11700
    710 13 9 22.228335 13 9 22.228335 11700
    711 13 9 22.238355 13 9 22.238355 11700
    712 13 9 22.248360 13 9 22.248360 11700
    713 13 9 22.258700 13 9 22.258700 11700
    714 13 9 22.268340 13 9 22.268340 11700
    715 13 9 22.278365 13 9 22.278365 11700
    716 13 9 22.288474 13 9 22.288474 11700
    717 13 9 22.298431 13 9 22.298431 11700
    718 13 9 22.308709 13 9 22.308709 11700
    719 13 9 22.318373 13 9 22.318373 11700
    720 13 9 22.328409 13 9 22.328409 11700
    721 13 9 22.338298 13 9 22.338298 11700
    722 13 9 22.348348 13 9 22.348348 11700
    723 13 9 22.358405 13 9 22.358405 11700
    724 13 9 22.368399 13 9 22.368399 11700
    725 13 9 22.378343 13 9 22.378343 11700
    726 13 9 22.388408 13 9 22.388408 11700
    727 13 9 22.398392 13 9 22.398392 11700
    728 13 9 22.408359 13 9 22.408359 11700
    729 13 9 22.418343 13 9 22.418343 11700
    730 13 9 22.428338 13 9 22.428338 11700
    731 13 9 22.438338 13 9 22.438338 11700
    732 13 9 22.448456 13 9 22.448456 11700
    733 13 9 22.458400 13 9 22.458400 11700
    734 13 9 22.468405 13 9 22.468405 11700
    735 13 9 22.478393 13 9 22.478393 11700
    736 13 9 22.488337 13 9 22.488337 11700
    737 13 9 22.498339 13 9 22.498339 11700
    738 13 9 22.508335 13 9 22.508335 11700
    739 13 9 22.518335 13 9 22.518335 11700
    740 13 9 22.528363 13 9 22.528363 11700
    741 13 9 22.538412 13 9 22.538412 11700
    742 13 9 22.548442 13 9 22.548442 11700
    743 13 9 22.558351 13 9 22.558351 11700
    744 13 9 22.568426 13 9 22.568426 11700
    745 13 9 22.578445 13 9 22.578445 11700
    746 13 9 22.588400 13 9 22.588400 11700
    747 13 9 22.598393 13 9 22.598393 11700
    748 13 9 22.608353 13 9 22.608353 11700
    749 13 9 22.618338 13 9 22.618338 11700
    750 13 9 22.628334 13 9 22.628334 11700
    751 13 9 22.638335 13 9 22.638335 11700
    752 13 9 22.648444 13 9 22.648444 11700
    753 13 9 22.658404 13 9 22.658404 11700
    754 13 9 22.668393 13 9 22.668393 11700
    755 13 9 22.678325 13 9 22.678325 11700
    756 13 9 22.688365 13 9 22.688365 11700
    757 13 9 22.698404 13 9 22.698404 11700
    758 13 9 22.708348 13 9 22.708348 11700
    759 13 9 22.718341 13 9 22.718341 11700
    760 13 9 22.728487 13 9 22.728487 11700
    761 13 9 22.738406 13 9 22.738406 11700
    762 13 9 22.748353 13 9 22.748353 11700
    763 13 9 22.758396 13 9 22.758396 11700
    764 13 9 22.768395 13 9 22.768395 11700
    765 13 9 22.778327 13 9 22.778327 11700
    766 13 9 22.788371 13 9 22.788371 11700
    767 13 9 22.798808 13 9 22.798808 11700
    768 13 9 22.808285 13 9 22.808285 11700
    769 13 9 22.818365 13 9 22.818365 11700
    770 13 9 22.828327 13 9 22.828327 11700
    771 13 9 22.838325 13 9 22.838325 11700
    772 13 9 22.848300 13 9 22.848300 11700
    773 13 9 22.858353 13 9 22.858353 11700
    774 13 9 22.868425 13 9 22.868425 11700
    775 13 9 22.878461 13 9 22.878461 11700
    776 13 9 22.888411 13 9 22.888411 11700
    777 13 9 22.898344 13 9 22.898344 11700
    778 13 9 22.908335 13 9 22.908335 11700
    779 13 9 22.918337 13 9 22.918337 11700
    780 13 9 22.928404 13 9 22.928404 11700
    781 13 9 22.938402 13 9 22.938402 11700
    782 13 9 22.948363 13 9 22.948363 11700
    783 13 9 22.958425 13 9 22.958425 11700
    784 13 9 22.968396 13 9 22.968396 11700
    785 13 9 22.978384 13 9 22.978384 11700
    786 13 9 22.988396 13 9 22.988396 11700
    787 13 9 22.998338 13 9 22.998338 11700
    788 13 9 23.008333 13 9 23.008333 11700
    789 13 9 23.018346 13 9 23.018346 11700
    790 13 9 23.028332 13 9 23.028332 11700
    791 13 9 23.038340 13 9 23.038340 11700
    792 13 9 23.048341 13 9 23.048341 11700
    793 13 9 23.058444 13 9 23.058444 11700
    794 13 9 23.068404 13 9 23.068404 11700
    795 13 9 23.078469 13 9 23.078469 11700
    796 13 9 23.088418 13 9 23.088418 11700
    797 13 9 23.098404 13 9 23.098404 11700
    798 13 9 23.108323 13 9 23.108323 11700
    799 13 9 23.118334 13 9 23.118334 11700
    800 13 9 23.128461 13 9 23.128461 11700
    801 13 9 23.138404 13 9 23.138404 11700
    802 13 9 23.148410 13 9 23.148410 11700
    803 13 9 23.158386 13 9 23.158386 11700
    804 13 9 23.168337 13 9 23.168337 11700
    805 13 9 23.178398 13 9 23.178398 11700
    806 13 9 23.188479 13 9 23.188479 11700
    807 13 9 23.198422 13 9 23.198422 11700
    808 13 9 23.208337 13 9 23.208337 11700
    809 13 9 23.218344 13 9 23.218344 11700
    810 13 9 23.228349 13 9 23.228349 11700
    811 13 9 23.238337 13 9 23.238337 11700
    812 13 9 23.248338 13 9 23.248338 11700
    813 13 9 23.258403 13 9 23.258403 11700
    814 13 9 23.268391 13 9 23.268391 11700
    815 13 9 23.278482 13 9 23.278482 11700
    816 13 9 23.288409 13 9 23.288409 11700
    817 13 9 23.298459 13 9 23.298459 11700
    818 13 9 23.308334 13 9 23.308334 11700
    819 13 9 23.318334 13 9 23.318334 11700
    820 13 9 23.328406 13 9 23.328406 11700
    821 13 9 23.339168 13 9 23.339168 11700
    822 13 9 23.348441 13 9 23.348441 11700
    823 13 9 23.358471 13 9 23.358471 11700
    824 13 9 23.368394 13 9 23.368394 11700
    825 13 9 23.378350 13 9 23.378350 11700
    826 13 9 23.388344 13 9 23.388344 11700
    827 13 9 23.398448 13 9 23.398448 11700
    828 13 9 23.408339 13 9 23.408339 11700
    829 13 9 23.418337 13 9 23.418337 11700
    830 13 9 23.428335 13 9 23.428335 11700
    831 13 9 23.438338 13 9 23.438338 11700
    832 13 9 23.448336 13 9 23.448336 11700
    833 13 9 23.458407 13 9 23.458407 11700
    834 13 9 23.468392 13 9 23.468392 11700
    835 13 9 23.478404 13 9 23.478404 11700
    836 13 9 23.488416 13 9 23.488416 11700
    837 13 9 23.498339 13 9 23.498339 11700
    838 13 9 23.508283 13 9 23.508283 11700
    839 13 9 23.518337 13 9 23.518337 11700
    840 13 9 23.528935 13 9 23.528935 11700
    841 13 9 23.538440 13 9 23.538440 11700
    842 13 9 23.548445 13 9 23.548445 11700
    843 13 9 23.558441 13 9 23.558441 11700
    844 13 9 23.568393 13 9 23.568393 11700
    845 13 9 23.578403 13 9 23.578403 11700
    846 13 9 23.588408 13 9 23.588408 11700
    847 13 9 23.598399 13 9 23.598399 11700
    848 13 9 23.608335 13 9 23.608335 11700
    849 13 9 23.618507 13 9 23.618507 11700
    850 13 9 23.628339 13 9 23.628339 11700
    851 13 9 23.638335 13 9 23.638335 11700
    852 13 9 23.648339 13 9 23.648339 11700
    853 13 9 23.658429 13 9 23.658429 11700
    854 13 9 23.668403 13 9 23.668403 11700
    855 13 9 23.678432 13 9 23.678432 11700
    856 13 9 23.688371 13 9 23.688371 11700
    857 13 9 23.698395 13 9 23.698395 11700
    858 13 9 23.708335 13 9 23.708335 11700
    859 13 9 23.718354 13 9 23.718354 11700
    860 13 9 23.728493 13 9 23.728493 11700
    861 13 9 23.738399 13 9 23.738399 11700
    862 13 9 23.748364 13 9 23.748364 11700
    863 13 9 23.758396 13 9 23.758396 11700
    864 13 9 23.768298 13 9 23.768298 11700
    865 13 9 23.778413 13 9 23.778413 11700
    866 13 9 23.788396 13 9 23.788396 11700
    867 13 9 23.798425 13 9 23.798425 11700
    868 13 9 23.808378 13 9 23.808378 11700
    869 13 9 23.818335 13 9 23.818335 11700
    870 13 9 23.828721 13 9 23.828721 11700
    871 13 9 23.838356 13 9 23.838356 11700
    872 13 9 23.849122 13 9 23.849122 11700
    873 13 9 23.858437 13 9 23.858437 11700
    874 13 9 23.869140 13 9 23.869140 11700
    875 13 9 23.878415 13 9 23.878415 11700
    876 13 9 23.888397 13 9 23.888397 11700
    877 13 9 23.898329 13 9 23.898329 11700
    878 13 9 23.908704 13 9 23.908704 11700
    879 13 9 23.918340 13 9 23.918340 11700
    880 13 9 23.928405 13 9 23.928405 11700
    881 13 9 23.938400 13 9 23.938400 11700
    882 13 9 23.948357 13 9 23.948357 11700
    883 13 9 23.958358 13 9 23.958358 11700
    884 13 9 23.968409 13 9 23.968409 11700
    885 13 9 23.978394 13 9 23.978394 11700
    886 13 9 23.988371 13 9 23.988371 11700
    887 13 9 23.999151 13 9 23.999151 11700
    888 13 9 24.008334 13 9 24.008334 11700
    889 13 9 24.018337 13 9 24.018337 11700
    890 13 9 24.028335 13 9 24.028335 11700
    891 13 9 24.038336 13 9 24.038336 11700
    892 13 9 24.048420 13 9 24.048420 11700
    893 13 9 24.058399 13 9 24.058399 11700
    894 13 9 24.068733 13 9 24.068733 11700
    895 13 9 24.078324 13 9 24.078324 11700
    896 13 9 24.088423 13 9 24.088423 11700
    897 13 9 24.098400 13 9 24.098400 11700
    898 13 9 24.108335 13 9 24.108335 11700
    899 13 9 24.118334 13 9 24.118334 11700
    900 13 9 24.128371 13 9 24.128371 11700
    901 13 9 24.138400 13 9 24.138400 11700
    902 13 9 24.148434 13 9 24.148434 11700
    903 13 9 24.158371 13 9 24.158371 11700
    904 13 9 24.168454 13 9 24.168454 11700
    905 13 9 24.178402 13 9 24.178402 11700
    906 13 9 24.188373 13 9 24.188373 11700
    907 13 9 24.198416 13 9 24.198416 11700
    908 13 9 24.208339 13 9 24.208339 11700
    909 13 9 24.218364 13 9 24.218364 11700
    910 13 9 24.228339 13 9 24.228339 11700
    911 13 9 24.238337 13 9 24.238337 11700
    912 13 9 24.248339 13 9 24.248339 11700
    913 13 9 24.258375 13 9 24.258375 11700
    914 13 9 24.268405 13 9 24.268405 11700
    915 13 9 24.278372 13 9 24.278372 11700
    916 13 9 24.288696 13 9 24.288696 11700
    917 13 9 24.298421 13 9 24.298421 11700
    918 13 9 24.308355 13 9 24.308355 11700
    919 13 9 24.318339 13 9 24.318339 11700
    920 13 9 24.328365 13 9 24.328365 11700
    921 13 9 24.338439 13 9 24.338439 11700
    922 13 9 24.348378 13 9 24.348378 11700
    923 13 9 24.358437 13 9 24.358437 11700
    924 13 9 24.368407 13 9 24.368407 11700
    925 13 9 24.378409 13 9 24.378409 11700
    926 13 9 24.388401 13 9 24.388401 11700
    927 13 9 24.398399 13 9 24.398399 11700
    928 13 9 24.408459 13 9 24.408459 11700
    929 13 9 24.418343 13 9 24.418343 11700
    930 13 9 24.428335 13 9 24.428335 11700
    931 13 9 24.438365 13 9 24.438365 11700
    932 13 9 24.448340 13 9 24.448340 11700
    933 13 9 24.458363 13 9 24.458363 11700
    934 13 9 24.468399 13 9 24.468399 11700
    935 13 9 24.478396 13 9 24.478396 11700
    936 13 9 24.488400 13 9 24.488400 11700
    937 13 9 24.498393 13 9 24.498393 11700
    938 13 9 24.508337 13 9 24.508337 11700
    939 13 9 24.518339 13 9 24.518339 11700
    940 13 9 24.528362 13 9 24.528362 11700
    941 13 9 24.538315 13 9 24.538315 11700
    942 13 9 24.548410 13 9 24.548410 11700
    943 13 9 24.558544 13 9 24.558544 11700
    944 13 9 24.568462 13 9 24.568462 11700
    945 13 9 24.578461 13 9 24.578461 11700
    946 13 9 24.588383 13 9 24.588383 11700
    947 13 9 24.598427 13 9 24.598427 11700
    948 13 9 24.608342 13 9 24.608342 11700
    949 13 9 24.618652 13 9 24.618652 11700
    950 13 9 24.628361 13 9 24.628361 11700
    951 13 9 24.638358 13 9 24.638358 11700
    952 13 9 24.648333 13 9 24.648333 11700
    953 13 9 24.658459 13 9 24.658459 11700
    954 13 9 24.668357 13 9 24.668357 11700
    955 13 9 24.678432 13 9 24.678432 11700
    956 13 9 24.688456 13 9 24.688456 11700
    957 13 9 24.698337 13 9 24.698337 11700
    958 13 9 24.708337 13 9 24.708337 11700
    959 13 9 24.718340 13 9 24.718340 11700
    960 13 9 24.728353 13 9 24.728353 11700
    961 13 9 24.738427 13 9 24.738427 11700
    962 13 9 24.748460 13 9 24.748460 11700
    963 13 9 24.758403 13 9 24.758403 11700
    964 13 9 24.768430 13 9 24.768430 11700
    965 13 9 24.778472 13 9 24.778472 11700
    966 13 9 24.788398 13 9 24.788398 11700
    967 13 9 24.798414 13 9 24.798414 11700
    968 13 9 24.808333 13 9 24.808333 11700
    969 13 9 24.818339 13 9 24.818339 11700
    970 13 9 24.828271 13 9 24.828271 11700
    971 13 9 24.838318 13 9 24.838318 11700
    972 13 9 24.848337 13 9 24.848337 11700
    973 13 9 24.858363 13 9 24.858363 11700
    974 13 9 24.868420 13 9 24.868420 11700
    975 13 9 24.878402 13 9 24.878402 11700
    976 13 9 24.888400 13 9 24.888400 11700
    977 13 9 24.898416 13 9 24.898416 11700
    978 13 9 24.908349 13 9 24.908349 11700
    979 13 9 24.918462 13 9 24.918462 11700
    980 13 9 24.928367 13 9 24.928367 11700
    981 13 9 24.938394 13 9 24.938394 11700
    982 13 9 24.948299 13 9 24.948299 11700
    983 13 9 24.958397 13 9 24.958397 11700
    984 13 9 24.968399 13 9 24.968399 11700
    985 13 9 24.978400 13 9 24.978400 11700
    986 13 9 24.988389 13 9 24.988389 11700
    987 13 9 24.998395 13 9 24.998395 11700
    988 13 9 25.008400 13 9 25.008400 11700
    989 13 9 25.018337 13 9 25.018337 11700
    990 13 9 25.028331 13 9 25.028331 11700
    991 13 9 25.038336 13 9 25.038336 11700
    992 13 9 25.048335 13 9 25.048335 11700
    993 13 9 25.058544 13 9 25.058544 11700
    994 13 9 25.068494 13 9 25.068494 11700
    995 13 9 25.078344 13 9 25.078344 11700
    996 13 9 25.088418 13 9 25.088418 11700
    997 13 9 25.098402 13 9 25.098402 11700
    998 13 9 25.108833 13 9 25.108833 11700
    999 13 9 25.118339 13 9 25.118339 11700
   1000 13 9 25.128446 13 9 25.128446 11700
