      1 13 11 53.151766 13 11 53.162689 8900
      2 13 11 53.161951 13 11 53.173566 8900
      3 13 11 53.173011 13 11 53.182800 8900
      4 13 11 53.181961 13 11 53.191304 8900
      5 13 11 53.191873 13 11 53.201075 8900
      6 13 11 53.201864 13 11 53.211050 8900
      7 13 11 53.211863 13 11 53.221055 8900
      8 13 11 53.221865 13 11 53.231060 8900
      9 13 11 53.231861 13 11 53.241053 8900
     10 13 11 53.241863 13 11 53.251069 8900
     11 13 11 53.251866 13 11 53.261111 8900
     12 13 11 53.261884 13 11 53.271071 8900
     13 13 11 53.271940 13 11 53.282178 8900
     14 13 11 53.281841 13 11 53.292087 8900
     15 13 11 53.292025 13 11 53.302943 8900
     16 13 11 53.301903 13 11 53.311706 8900
     17 13 11 53.312032 13 11 53.322614 8900
     18 13 11 53.321981 13 11 53.331741 8900
     19 13 11 53.331974 13 11 53.343187 8900
     20 13 11 53.341929 13 11 53.352108 8900
     21 13 11 53.351933 13 11 53.362368 8900
     22 13 11 53.362076 13 11 53.372055 8900
     23 13 11 53.371985 13 11 53.381478 8900
     24 13 11 53.382016 13 11 53.391663 8900
     25 13 11 53.391933 13 11 53.402130 8900
     26 13 11 53.401887 13 11 53.411540 8900
     27 13 11 53.412080 13 11 53.422327 8900
     28 13 11 53.422255 13 11 53.431784 8900
     29 13 11 53.431890 13 11 53.441294 8900
     30 13 11 53.442000 13 11 53.451354 8900
     31 13 11 53.451855 13 11 53.461224 8900
     32 13 11 53.461910 13 11 53.471231 8900
     33 13 11 53.471950 13 11 53.482278 8900
     34 13 11 53.482041 13 11 53.492227 8900
     35 13 11 53.492179 13 11 53.502375 8900
     36 13 11 53.501902 13 11 53.511718 8900
     37 13 11 53.512118 13 11 53.521796 8900
     38 13 11 53.521915 13 11 53.533146 8900
     39 13 11 53.532648 13 11 53.542906 8900
     40 13 11 53.541907 13 11 53.551799 8900
     41 13 11 53.551952 13 11 53.562035 8900
     42 13 11 53.561967 13 11 53.571626 8900
     43 13 11 53.571922 13 11 53.581316 8900
     44 13 11 53.581983 13 11 53.591399 8900
     45 13 11 53.591867 13 11 53.601326 8900
     46 13 11 53.601954 13 11 53.612361 8900
     47 13 11 53.611970 13 11 53.621383 8900
     48 13 11 53.621991 13 11 53.631352 8900
     49 13 11 53.631866 13 11 53.641120 8900
     50 13 11 53.641865 13 11 53.657038 8900
     51 13 11 53.651865 13 11 53.664521 8900
     52 13 11 53.661965 13 11 53.672184 8900
     53 13 11 53.672012 13 11 53.681531 8900
     54 13 11 53.682022 13 11 53.691468 8900
     55 13 11 53.691930 13 11 53.701315 8900
     56 13 11 53.701937 13 11 53.711348 8900
     57 13 11 53.711930 13 11 53.721291 8900
     58 13 11 53.721874 13 11 53.731076 8900
     59 13 11 53.731862 13 11 53.741467 8900
     60 13 11 53.741968 13 11 53.751432 8900
     61 13 11 53.751925 13 11 53.761321 8900
     62 13 11 53.761983 13 11 53.771338 8900
     63 13 11 53.771926 13 11 53.781421 8900
     64 13 11 53.781972 13 11 53.791252 8900
     65 13 11 53.791921 13 11 53.801358 8900
     66 13 11 53.801924 13 11 53.811269 8900
     67 13 11 53.811855 13 11 53.821038 8900
     68 13 11 53.821863 13 11 53.831057 8900
     69 13 11 53.831865 13 11 53.841056 8900
     70 13 11 53.841852 13 11 53.851022 8900
     71 13 11 53.851851 13 11 53.861114 8900
     72 13 11 53.861874 13 11 53.871160 8900
     73 13 11 53.871929 13 11 53.882460 8900
     74 13 11 53.881985 13 11 53.891393 8900
     75 13 11 53.892085 13 11 53.901521 8900
     76 13 11 53.901935 13 11 53.911396 8900
     77 13 11 53.911931 13 11 53.922086 8900
     78 13 11 53.921872 13 11 53.931117 8900
     79 13 11 53.931989 13 11 53.941642 8900
     80 13 11 53.941983 13 11 53.951540 8900
     81 13 11 53.951959 13 11 53.961371 8900
     82 13 11 53.961933 13 11 53.971356 8900
     83 13 11 53.971949 13 11 53.982295 8900
     84 13 11 53.981934 13 11 53.991370 8900
     85 13 11 53.991933 13 11 54.002757 8900
     86 13 11 54.002782 13 11 54.012607 8900
     87 13 11 54.011892 13 11 54.021323 8900
     88 13 11 54.022056 13 11 54.031973 8900
     89 13 11 54.031827 13 11 54.041052 8900
     90 13 11 54.041888 13 11 54.053508 8900
     91 13 11 54.053359 13 11 54.062708 8900
     92 13 11 54.061894 13 11 54.071399 8900
     93 13 11 54.071938 13 11 54.082051 8900
     94 13 11 54.081938 13 11 54.092968 8900
     95 13 11 54.091939 13 11 54.102159 8900
     96 13 11 54.101989 13 11 54.111866 8900
     97 13 11 54.111930 13 11 54.122256 8900
     98 13 11 54.121983 13 11 54.131337 8900
     99 13 11 54.131864 13 11 54.142200 8900
    100 13 11 54.141990 13 11 54.157533 8900
    101 13 11 54.151969 13 11 54.164901 8900
    102 13 11 54.162022 13 11 54.172513 8900
    103 13 11 54.171945 13 11 54.181367 8900
    104 13 11 54.181938 13 11 54.191299 8900
    105 13 11 54.191932 13 11 54.201391 8900
    106 13 11 54.201985 13 11 54.211334 8900
    107 13 11 54.211953 13 11 54.221417 8900
    108 13 11 54.221908 13 11 54.231414 8900
    109 13 11 54.231873 13 11 54.241278 8900
    110 13 11 54.241881 13 11 54.251286 8900
    111 13 11 54.251869 13 11 54.261104 8900
    112 13 11 54.261867 13 11 54.271155 8900
    113 13 11 54.271937 13 11 54.282384 8900
    114 13 11 54.281916 13 11 54.291347 8900
    115 13 11 54.291989 13 11 54.301507 8900
    116 13 11 54.302016 13 11 54.311461 8900
    117 13 11 54.311909 13 11 54.321418 8900
    118 13 11 54.322004 13 11 54.331429 8900
    119 13 11 54.331966 13 11 54.341413 8900
    120 13 11 54.341895 13 11 54.352628 8900
    121 13 11 54.352531 13 11 54.363374 8900
    122 13 11 54.362153 13 11 54.372625 8900
    123 13 11 54.372506 13 11 54.382094 8900
    124 13 11 54.382030 13 11 54.391596 8900
    125 13 11 54.391876 13 11 54.401299 8900
    126 13 11 54.401899 13 11 54.411237 8900
    127 13 11 54.411872 13 11 54.421253 8900
    128 13 11 54.421936 13 11 54.431373 8900
    129 13 11 54.431928 13 11 54.441319 8900
    130 13 11 54.441940 13 11 54.451253 8900
    131 13 11 54.451853 13 11 54.460996 8900
    132 13 11 54.461885 13 11 54.471193 8900
    133 13 11 54.471927 13 11 54.481625 8900
    134 13 11 54.482002 13 11 54.491477 8900
    135 13 11 54.491931 13 11 54.501305 8900
    136 13 11 54.501933 13 11 54.511366 8900
    137 13 11 54.511865 13 11 54.521355 8900
    138 13 11 54.521925 13 11 54.531472 8900
    139 13 11 54.531852 13 11 54.541024 8900
    140 13 11 54.541884 13 11 54.552070 8900
    141 13 11 54.552003 13 11 54.561784 8900
    142 13 11 54.561996 13 11 54.571775 8900
    143 13 11 54.571938 13 11 54.581470 8900
    144 13 11 54.581983 13 11 54.591332 8900
    145 13 11 54.591923 13 11 54.601349 8900
    146 13 11 54.601934 13 11 54.611367 8900
    147 13 11 54.611936 13 11 54.621254 8900
    148 13 11 54.621898 13 11 54.631492 8900
    149 13 11 54.631861 13 11 54.641061 8900
    150 13 11 54.641862 13 11 54.656987 8900
    151 13 11 54.651865 13 11 54.664518 8900
    152 13 11 54.661875 13 11 54.672224 8900
    153 13 11 54.671948 13 11 54.682299 8900
    154 13 11 54.681919 13 11 54.691949 8900
    155 13 11 54.691889 13 11 54.701433 8900
    156 13 11 54.702137 13 11 54.711633 8900
    157 13 11 54.711941 13 11 54.721392 8900
    158 13 11 54.721904 13 11 54.731157 8900
    159 13 11 54.731870 13 11 54.741095 8900
    160 13 11 54.741892 13 11 54.751865 8900
    161 13 11 54.751961 13 11 54.762304 8900
    162 13 11 54.761977 13 11 54.772277 8900
    163 13 11 54.772010 13 11 54.781593 8900
    164 13 11 54.782099 13 11 54.791572 8900
    165 13 11 54.791946 13 11 54.801366 8900
    166 13 11 54.801937 13 11 54.811306 8900
    167 13 11 54.811951 13 11 54.821379 8900
    168 13 11 54.821933 13 11 54.831508 8900
    169 13 11 54.831929 13 11 54.841399 8900
    170 13 11 54.842393 13 11 54.852530 8900
    171 13 11 54.851919 13 11 54.861150 8900
    172 13 11 54.861871 13 11 54.871065 8900
    173 13 11 54.871963 13 11 54.881377 8900
    174 13 11 54.881940 13 11 54.891443 8900
    175 13 11 54.891930 13 11 54.901355 8900
    176 13 11 54.901938 13 11 54.911478 8900
    177 13 11 54.911926 13 11 54.921360 8900
    178 13 11 54.921880 13 11 54.931156 8900
    179 13 11 54.931865 13 11 54.941039 8900
    180 13 11 54.941865 13 11 54.951085 8900
    181 13 11 54.951894 13 11 54.961677 8900
    182 13 11 54.962018 13 11 54.972259 8900
    183 13 11 54.971966 13 11 54.981498 8900
    184 13 11 54.981881 13 11 54.991247 8900
    185 13 11 54.991956 13 11 55.001392 8900
    186 13 11 55.001941 13 11 55.011322 8900
    187 13 11 55.011946 13 11 55.021518 8900
    188 13 11 55.021962 13 11 55.031371 8900
    189 13 11 55.031934 13 11 55.042364 8900
    190 13 11 55.042054 13 11 55.051322 8900
    191 13 11 55.051884 13 11 55.061092 8900
    192 13 11 55.061863 13 11 55.071057 8900
    193 13 11 55.071962 13 11 55.082379 8900
    194 13 11 55.081871 13 11 55.092019 8900
    195 13 11 55.091956 13 11 55.101497 8900
    196 13 11 55.101930 13 11 55.111440 8900
    197 13 11 55.111933 13 11 55.121256 8900
    198 13 11 55.121876 13 11 55.131079 8900
    199 13 11 55.131880 13 11 55.141122 8900
    200 13 11 55.141877 13 11 55.157136 8900
    201 13 11 55.151882 13 11 55.164557 8900
    202 13 11 55.162467 13 11 55.172800 8900
    203 13 11 55.172001 13 11 55.182102 8900
    204 13 11 55.181891 13 11 55.191330 8900
    205 13 11 55.191944 13 11 55.201309 8900
    206 13 11 55.201942 13 11 55.211348 8900
    207 13 11 55.211933 13 11 55.221420 8900
    208 13 11 55.221876 13 11 55.232033 8900
    209 13 11 55.231973 13 11 55.241169 8900
    210 13 11 55.241872 13 11 55.251057 8900
    211 13 11 55.251863 13 11 55.261102 8900
    212 13 11 55.261864 13 11 55.271047 8900
    213 13 11 55.271881 13 11 55.281609 8900
    214 13 11 55.281872 13 11 55.291319 8900
    215 13 11 55.291919 13 11 55.301873 8900
    216 13 11 55.301988 13 11 55.311424 8900
    217 13 11 55.311929 13 11 55.321320 8900
    218 13 11 55.322195 13 11 55.332414 8900
    219 13 11 55.331864 13 11 55.341040 8900
    220 13 11 55.341866 13 11 55.351131 8900
    221 13 11 55.351889 13 11 55.363154 8900
    222 13 11 55.362575 13 11 55.372618 8900
    223 13 11 55.371932 13 11 55.381265 8900
    224 13 11 55.381985 13 11 55.391384 8900
    225 13 11 55.391984 13 11 55.401452 8900
    226 13 11 55.401915 13 11 55.412205 8900
    227 13 11 55.411926 13 11 55.421326 8900
    228 13 11 55.421979 13 11 55.431423 8900
    229 13 11 55.431925 13 11 55.441307 8900
    230 13 11 55.441940 13 11 55.451152 8900
    231 13 11 55.451867 13 11 55.461055 8900
    232 13 11 55.461869 13 11 55.471099 8900
    233 13 11 55.471868 13 11 55.481647 8900
    234 13 11 55.481935 13 11 55.491692 8900
    235 13 11 55.491926 13 11 55.501252 8900
    236 13 11 55.501908 13 11 55.511431 8900
    237 13 11 55.511915 13 11 55.522356 8900
    238 13 11 55.522309 13 11 55.531610 8900
    239 13 11 55.531855 13 11 55.541088 8900
    240 13 11 55.541898 13 11 55.552402 8900
    241 13 11 55.551946 13 11 55.561490 8900
    242 13 11 55.562001 13 11 55.572217 8900
    243 13 11 55.572003 13 11 55.582434 8900
    244 13 11 55.581960 13 11 55.592261 8900
    245 13 11 55.591996 13 11 55.601458 8900
    246 13 11 55.601967 13 11 55.611528 8900
    247 13 11 55.611932 13 11 55.621335 8900
    248 13 11 55.621929 13 11 55.631329 8900
    249 13 11 55.631934 13 11 55.641317 8900
    250 13 11 55.641931 13 11 55.657167 8900
    251 13 11 55.651867 13 11 55.664662 8900
    252 13 11 55.661884 13 11 55.672159 8900
    253 13 11 55.671866 13 11 55.681395 8900
    254 13 11 55.681944 13 11 55.691381 8900
    255 13 11 55.691907 13 11 55.701484 8900
    256 13 11 55.701886 13 11 55.711367 8900
    257 13 11 55.711854 13 11 55.721297 8900
    258 13 11 55.721862 13 11 55.731059 8900
    259 13 11 55.731852 13 11 55.741061 8900
    260 13 11 55.741866 13 11 55.751095 8900
    261 13 11 55.751865 13 11 55.762138 8900
    262 13 11 55.762072 13 11 55.771517 8900
    263 13 11 55.771929 13 11 55.781337 8900
    264 13 11 55.781936 13 11 55.791457 8900
    265 13 11 55.791930 13 11 55.801293 8900
    266 13 11 55.801937 13 11 55.811419 8900
    267 13 11 55.811929 13 11 55.821178 8900
    268 13 11 55.821931 13 11 55.831220 8900
    269 13 11 55.831958 13 11 55.842131 8900
    270 13 11 55.842067 13 11 55.851394 8900
    271 13 11 55.851809 13 11 55.860987 8900
    272 13 11 55.861862 13 11 55.871043 8900
    273 13 11 55.871848 13 11 55.881686 8900
    274 13 11 55.881870 13 11 55.891274 8900
    275 13 11 55.891930 13 11 55.901330 8900
    276 13 11 55.901938 13 11 55.911351 8900
    277 13 11 55.911928 13 11 55.921379 8900
    278 13 11 55.921863 13 11 55.931992 8900
    279 13 11 55.931821 13 11 55.941020 8900
    280 13 11 55.941898 13 11 55.951079 8900
    281 13 11 55.951956 13 11 55.961989 8900
    282 13 11 55.961924 13 11 55.971446 8900
    283 13 11 55.971932 13 11 55.981481 8900
    284 13 11 55.981906 13 11 55.991455 8900
    285 13 11 55.991925 13 11 56.001339 8900
    286 13 11 56.001927 13 11 56.011400 8900
    287 13 11 56.011865 13 11 56.021321 8900
    288 13 11 56.021937 13 11 56.031443 8900
    289 13 11 56.031931 13 11 56.041449 8900
    290 13 11 56.041981 13 11 56.051273 8900
    291 13 11 56.051865 13 11 56.061135 8900
    292 13 11 56.061872 13 11 56.071052 8900
    293 13 11 56.071863 13 11 56.081747 8900
    294 13 11 56.081859 13 11 56.091349 8900
    295 13 11 56.092497 13 11 56.101970 8900
    296 13 11 56.101922 13 11 56.111353 8900
    297 13 11 56.111944 13 11 56.121523 8900
    298 13 11 56.121957 13 11 56.131692 8900
    299 13 11 56.131895 13 11 56.141350 8900
    300 13 11 56.141852 13 11 56.157280 8900
    301 13 11 56.151873 13 11 56.167039 8900
    302 13 11 56.162851 13 11 56.173813 8900
    303 13 11 56.171940 13 11 56.181534 8900
    304 13 11 56.182065 13 11 56.191806 8900
    305 13 11 56.191868 13 11 56.201971 8900
    306 13 11 56.201904 13 11 56.211609 8900
    307 13 11 56.211951 13 11 56.221367 8900
    308 13 11 56.221975 13 11 56.231594 8900
    309 13 11 56.231941 13 11 56.241349 8900
    310 13 11 56.241933 13 11 56.251489 8900
    311 13 11 56.251947 13 11 56.261420 8900
    312 13 11 56.261878 13 11 56.271098 8900
    313 13 11 56.271878 13 11 56.281677 8900
    314 13 11 56.282034 13 11 56.292183 8900
    315 13 11 56.291890 13 11 56.301358 8900
    316 13 11 56.302165 13 11 56.311511 8900
    317 13 11 56.311866 13 11 56.321353 8900
    318 13 11 56.321931 13 11 56.331389 8900
    319 13 11 56.331937 13 11 56.341503 8900
    320 13 11 56.341901 13 11 56.351159 8900
    321 13 11 56.351891 13 11 56.361181 8900
    322 13 11 56.361863 13 11 56.371336 8900
    323 13 11 56.371940 13 11 56.381391 8900
    324 13 11 56.382984 13 11 56.392454 8900
    325 13 11 56.391871 13 11 56.402079 8900
    326 13 11 56.402019 13 11 56.411332 8900
    327 13 11 56.411929 13 11 56.421216 8900
    328 13 11 56.421936 13 11 56.431395 8900
    329 13 11 56.431862 13 11 56.441299 8900
    330 13 11 56.441867 13 11 56.451107 8900
    331 13 11 56.451864 13 11 56.461053 8900
    332 13 11 56.461880 13 11 56.471054 8900
    333 13 11 56.471857 13 11 56.481462 8900
    334 13 11 56.481929 13 11 56.491303 8900
    335 13 11 56.491945 13 11 56.501370 8900
    336 13 11 56.501894 13 11 56.511316 8900
    337 13 11 56.511929 13 11 56.521245 8900
    338 13 11 56.521940 13 11 56.531184 8900
    339 13 11 56.531849 13 11 56.541077 8900
    340 13 11 56.541868 13 11 56.551050 8900
    341 13 11 56.551948 13 11 56.561334 8900
    342 13 11 56.561940 13 11 56.572066 8900
    343 13 11 56.571936 13 11 56.581347 8900
    344 13 11 56.581876 13 11 56.592056 8900
    345 13 11 56.591915 13 11 56.601360 8900
    346 13 11 56.601877 13 11 56.611387 8900
    347 13 11 56.611938 13 11 56.621319 8900
    348 13 11 56.621937 13 11 56.631458 8900
    349 13 11 56.631979 13 11 56.641576 8900
    350 13 11 56.641986 13 11 56.657245 8900
    351 13 11 56.651974 13 11 56.664735 8900
    352 13 11 56.661893 13 11 56.672407 8900
    353 13 11 56.671937 13 11 56.681507 8900
    354 13 11 56.682416 13 11 56.691961 8900
    355 13 11 56.691899 13 11 56.701543 8900
    356 13 11 56.701971 13 11 56.711449 8900
    357 13 11 56.711925 13 11 56.721338 8900
    358 13 11 56.721904 13 11 56.732123 8900
    359 13 11 56.731869 13 11 56.741106 8900
    360 13 11 56.741875 13 11 56.751061 8900
    361 13 11 56.751865 13 11 56.761187 8900
    362 13 11 56.761927 13 11 56.772523 8900
    363 13 11 56.772426 13 11 56.782071 8900
    364 13 11 56.782007 13 11 56.791487 8900
    365 13 11 56.791949 13 11 56.801355 8900
    366 13 11 56.801985 13 11 56.811464 8900
    367 13 11 56.811928 13 11 56.821331 8900
    368 13 11 56.821981 13 11 56.831234 8900
    369 13 11 56.831927 13 11 56.841225 8900
    370 13 11 56.841875 13 11 56.851067 8900
    371 13 11 56.851863 13 11 56.861032 8900
    372 13 11 56.861891 13 11 56.871093 8900
    373 13 11 56.871850 13 11 56.881298 8900
    374 13 11 56.882016 13 11 56.892117 8900
    375 13 11 56.891964 13 11 56.901443 8900
    376 13 11 56.901927 13 11 56.911298 8900
    377 13 11 56.911932 13 11 56.921326 8900
    378 13 11 56.921888 13 11 56.931241 8900
    379 13 11 56.931879 13 11 56.941065 8900
    380 13 11 56.941867 13 11 56.951054 8900
    381 13 11 56.951869 13 11 56.961266 8900
    382 13 11 56.961924 13 11 56.971656 8900
    383 13 11 56.971938 13 11 56.982080 8900
    384 13 11 56.981870 13 11 56.991391 8900
    385 13 11 56.991869 13 11 57.001266 8900
    386 13 11 57.001933 13 11 57.011341 8900
    387 13 11 57.011933 13 11 57.021363 8900
    388 13 11 57.021934 13 11 57.031424 8900
    389 13 11 57.031925 13 11 57.041403 8900
    390 13 11 57.041908 13 11 57.051192 8900
    391 13 11 57.051825 13 11 57.061022 8900
    392 13 11 57.061864 13 11 57.071627 8900
    393 13 11 57.071880 13 11 57.081772 8900
    394 13 11 57.082051 13 11 57.091490 8900
    395 13 11 57.091949 13 11 57.101314 8900
    396 13 11 57.102137 13 11 57.112135 8900
    397 13 11 57.111930 13 11 57.121554 8900
    398 13 11 57.121963 13 11 57.131430 8900
    399 13 11 57.131894 13 11 57.141154 8900
    400 13 11 57.141889 13 11 57.157076 8900
    401 13 11 57.151873 13 11 57.164782 8900
    402 13 11 57.161879 13 11 57.172761 8900
    403 13 11 57.171922 13 11 57.182043 8900
    404 13 11 57.181972 13 11 57.191408 8900
    405 13 11 57.192025 13 11 57.201534 8900
    406 13 11 57.201939 13 11 57.211449 8900
    407 13 11 57.211922 13 11 57.221314 8900
    408 13 11 57.221941 13 11 57.231220 8900
    409 13 11 57.231859 13 11 57.241281 8900
    410 13 11 57.242044 13 11 57.252209 8900
    411 13 11 57.251894 13 11 57.261159 8900
    412 13 11 57.261887 13 11 57.271135 8900
    413 13 11 57.271861 13 11 57.282798 8900
    414 13 11 57.281843 13 11 57.291350 8900
    415 13 11 57.291935 13 11 57.301321 8900
    416 13 11 57.301934 13 11 57.311348 8900
    417 13 11 57.311928 13 11 57.321362 8900
    418 13 11 57.321936 13 11 57.332065 8900
    419 13 11 57.331861 13 11 57.341088 8900
    420 13 11 57.341867 13 11 57.351075 8900
    421 13 11 57.351877 13 11 57.361119 8900
    422 13 11 57.361859 13 11 57.372186 8900
    423 13 11 57.371868 13 11 57.381895 8900
    424 13 11 57.381830 13 11 57.391193 8900
    425 13 11 57.391925 13 11 57.401339 8900
    426 13 11 57.401873 13 11 57.411346 8900
    427 13 11 57.411928 13 11 57.421345 8900
    428 13 11 57.421872 13 11 57.431277 8900
    429 13 11 57.431927 13 11 57.441305 8900
    430 13 11 57.441875 13 11 57.451072 8900
    431 13 11 57.451863 13 11 57.461055 8900
    432 13 11 57.461863 13 11 57.471111 8900
    433 13 11 57.471862 13 11 57.482374 8900
    434 13 11 57.481906 13 11 57.491937 8900
    435 13 11 57.491877 13 11 57.501151 8900
    436 13 11 57.501939 13 11 57.511366 8900
    437 13 11 57.511927 13 11 57.521355 8900
    438 13 11 57.521883 13 11 57.531227 8900
    439 13 11 57.531865 13 11 57.541038 8900
    440 13 11 57.541899 13 11 57.551073 8900
    441 13 11 57.551960 13 11 57.561168 8900
    442 13 11 57.561982 13 11 57.571798 8900
    443 13 11 57.571928 13 11 57.581248 8900
    444 13 11 57.581938 13 11 57.591307 8900
    445 13 11 57.591931 13 11 57.601413 8900
    446 13 11 57.601933 13 11 57.611415 8900
    447 13 11 57.611936 13 11 57.621313 8900
    448 13 11 57.621932 13 11 57.631391 8900
    449 13 11 57.631866 13 11 57.641244 8900
    450 13 11 57.641934 13 11 57.657196 8900
    451 13 11 57.651865 13 11 57.664706 8900
    452 13 11 57.661813 13 11 57.672185 8900
    453 13 11 57.671868 13 11 57.682426 8900
    454 13 11 57.682028 13 11 57.692199 8900
    455 13 11 57.691957 13 11 57.701391 8900
    456 13 11 57.701881 13 11 57.711385 8900
    457 13 11 57.711976 13 11 57.722278 8900
    458 13 11 57.721870 13 11 57.731535 8900
    459 13 11 57.731867 13 11 57.741123 8900
    460 13 11 57.741877 13 11 57.751103 8900
    461 13 11 57.751885 13 11 57.761108 8900
    462 13 11 57.761851 13 11 57.771948 8900
    463 13 11 57.771970 13 11 57.781384 8900
    464 13 11 57.781934 13 11 57.791625 8900
    465 13 11 57.792090 13 11 57.801799 8900
    466 13 11 57.801952 13 11 57.811461 8900
    467 13 11 57.811988 13 11 57.821446 8900
    468 13 11 57.821989 13 11 57.831432 8900
    469 13 11 57.831926 13 11 57.841309 8900
    470 13 11 57.841917 13 11 57.852111 8900
    471 13 11 57.852044 13 11 57.861330 8900
    472 13 11 57.861873 13 11 57.871147 8900
    473 13 11 57.871864 13 11 57.882053 8900
    474 13 11 57.881878 13 11 57.891832 8900
    475 13 11 57.891908 13 11 57.901380 8900
    476 13 11 57.901971 13 11 57.911341 8900
    477 13 11 57.911934 13 11 57.921331 8900
    478 13 11 57.921937 13 11 57.931226 8900
    479 13 11 57.931866 13 11 57.941060 8900
    480 13 11 57.941867 13 11 57.951126 8900
    481 13 11 57.951873 13 11 57.961117 8900
    482 13 11 57.961872 13 11 57.972219 8900
    483 13 11 57.972019 13 11 57.982047 8900
    484 13 11 57.981980 13 11 57.991365 8900
    485 13 11 57.991934 13 11 58.001421 8900
    486 13 11 58.001947 13 11 58.011538 8900
    487 13 11 58.011902 13 11 58.021824 8900
    488 13 11 58.021880 13 11 58.031284 8900
    489 13 11 58.031920 13 11 58.041313 8900
    490 13 11 58.041936 13 11 58.051360 8900
    491 13 11 58.051921 13 11 58.061219 8900
    492 13 11 58.061872 13 11 58.071061 8900
    493 13 11 58.071863 13 11 58.082196 8900
    494 13 11 58.082045 13 11 58.092463 8900
    495 13 11 58.091928 13 11 58.101621 8900
    496 13 11 58.101939 13 11 58.111376 8900
    497 13 11 58.111922 13 11 58.122213 8900
    498 13 11 58.122146 13 11 58.131360 8900
    499 13 11 58.131867 13 11 58.141066 8900
    500 13 11 58.141877 13 11 58.158019 8900
    501 13 11 58.151862 13 11 58.164723 8900
    502 13 11 58.161835 13 11 58.173101 8900
    503 13 11 58.171959 13 11 58.181440 8900
    504 13 11 58.181890 13 11 58.191380 8900
    505 13 11 58.191930 13 11 58.201403 8900
    506 13 11 58.201931 13 11 58.211339 8900
    507 13 11 58.211928 13 11 58.221313 8900
    508 13 11 58.221884 13 11 58.231301 8900
    509 13 11 58.231940 13 11 58.241297 8900
    510 13 11 58.241871 13 11 58.251088 8900
    511 13 11 58.251851 13 11 58.261056 8900
    512 13 11 58.261851 13 11 58.271062 8900
    513 13 11 58.271850 13 11 58.282274 8900
    514 13 11 58.282026 13 11 58.291621 8900
    515 13 11 58.291925 13 11 58.301431 8900
    516 13 11 58.301937 13 11 58.311672 8900
    517 13 11 58.311950 13 11 58.322101 8900
    518 13 11 58.321868 13 11 58.331097 8900
    519 13 11 58.331864 13 11 58.341045 8900
    520 13 11 58.341866 13 11 58.351083 8900
    521 13 11 58.351869 13 11 58.361069 8900
    522 13 11 58.361868 13 11 58.372123 8900
    523 13 11 58.372044 13 11 58.381514 8900
    524 13 11 58.381917 13 11 58.391773 8900
    525 13 11 58.391992 13 11 58.401544 8900
    526 13 11 58.401927 13 11 58.412176 8900
    527 13 11 58.411951 13 11 58.421433 8900
    528 13 11 58.421906 13 11 58.431446 8900
    529 13 11 58.431913 13 11 58.441871 8900
    530 13 11 58.441898 13 11 58.451124 8900
    531 13 11 58.451863 13 11 58.461050 8900
    532 13 11 58.461865 13 11 58.471038 8900
    533 13 11 58.471848 13 11 58.481811 8900
    534 13 11 58.482117 13 11 58.492248 8900
    535 13 11 58.491916 13 11 58.501269 8900
    536 13 11 58.501936 13 11 58.511451 8900
    537 13 11 58.511929 13 11 58.521282 8900
    538 13 11 58.521929 13 11 58.531303 8900
    539 13 11 58.531865 13 11 58.541065 8900
    540 13 11 58.541865 13 11 58.551056 8900
    541 13 11 58.551864 13 11 58.561104 8900
    542 13 11 58.561872 13 11 58.571596 8900
    543 13 11 58.571967 13 11 58.582101 8900
    544 13 11 58.582002 13 11 58.591507 8900
    545 13 11 58.591966 13 11 58.602209 8900
    546 13 11 58.602100 13 11 58.611600 8900
    547 13 11 58.611880 13 11 58.621383 8900
    548 13 11 58.621991 13 11 58.631523 8900
    549 13 11 58.631937 13 11 58.641544 8900
    550 13 11 58.642730 13 11 58.658016 8900
    551 13 11 58.651932 13 11 58.665520 8900
    552 13 11 58.661850 13 11 58.673057 8900
    553 13 11 58.671869 13 11 58.681938 8900
    554 13 11 58.681854 13 11 58.691347 8900
    555 13 11 58.692022 13 11 58.701430 8900
    556 13 11 58.701940 13 11 58.711337 8900
    557 13 11 58.711928 13 11 58.721386 8900
    558 13 11 58.721874 13 11 58.731082 8900
    559 13 11 58.731864 13 11 58.741044 8900
    560 13 11 58.741866 13 11 58.751111 8900
    561 13 11 58.751893 13 11 58.761122 8900
    562 13 11 58.761873 13 11 58.771331 8900
    563 13 11 58.772399 13 11 58.781877 8900
    564 13 11 58.781818 13 11 58.791333 8900
    565 13 11 58.791932 13 11 58.801313 8900
    566 13 11 58.801952 13 11 58.811334 8900
    567 13 11 58.811934 13 11 58.821356 8900
    568 13 11 58.821928 13 11 58.831378 8900
    569 13 11 58.831926 13 11 58.841349 8900
    570 13 11 58.842852 13 11 58.852206 8900
    571 13 11 58.851868 13 11 58.861057 8900
    572 13 11 58.861863 13 11 58.871068 8900
    573 13 11 58.871864 13 11 58.883138 8900
    574 13 11 58.882669 13 11 58.892285 8900
    575 13 11 58.891947 13 11 58.901428 8900
    576 13 11 58.901930 13 11 58.911406 8900
    577 13 11 58.911954 13 11 58.921362 8900
    578 13 11 58.921914 13 11 58.931176 8900
    579 13 11 58.931862 13 11 58.941048 8900
    580 13 11 58.941867 13 11 58.952083 8900
    581 13 11 58.951897 13 11 58.961114 8900
    582 13 11 58.961863 13 11 58.971881 8900
    583 13 11 58.971912 13 11 58.981811 8900
    584 13 11 58.982162 13 11 58.991624 8900
    585 13 11 58.991962 13 11 59.002208 8900
    586 13 11 59.001989 13 11 59.011414 8900
    587 13 11 59.011932 13 11 59.021329 8900
    588 13 11 59.021931 13 11 59.031367 8900
    589 13 11 59.031936 13 11 59.041316 8900
    590 13 11 59.041936 13 11 59.051217 8900
    591 13 11 59.051921 13 11 59.061179 8900
    592 13 11 59.061869 13 11 59.071057 8900
    593 13 11 59.071860 13 11 59.081476 8900
    594 13 11 59.082301 13 11 59.092247 8900
    595 13 11 59.091931 13 11 59.102043 8900
    596 13 11 59.101981 13 11 59.111736 8900
    597 13 11 59.111811 13 11 59.121344 8900
    598 13 11 59.121966 13 11 59.131484 8900
    599 13 11 59.131869 13 11 59.141084 8900
    600 13 11 59.141869 13 11 59.157111 8900
    601 13 11 59.151879 13 11 59.164619 8900
    602 13 11 59.161862 13 11 59.172533 8900
    603 13 11 59.172328 13 11 59.181958 8900
    604 13 11 59.181896 13 11 59.191236 8900
    605 13 11 59.191881 13 11 59.201306 8900
    606 13 11 59.201968 13 11 59.211447 8900
    607 13 11 59.211885 13 11 59.221356 8900
    608 13 11 59.221936 13 11 59.231273 8900
    609 13 11 59.231934 13 11 59.241441 8900
    610 13 11 59.241951 13 11 59.251537 8900
    611 13 11 59.252119 13 11 59.261563 8900
    612 13 11 59.261884 13 11 59.271050 8900
    613 13 11 59.271853 13 11 59.282027 8900
    614 13 11 59.281933 13 11 59.293159 8900
    615 13 11 59.292771 13 11 59.303305 8900
    616 13 11 59.301921 13 11 59.311701 8900
    617 13 11 59.311954 13 11 59.321497 8900
    618 13 11 59.321970 13 11 59.332118 8900
    619 13 11 59.331892 13 11 59.341996 8900
    620 13 11 59.341932 13 11 59.352125 8900
    621 13 11 59.351902 13 11 59.361353 8900
    622 13 11 59.361899 13 11 59.373376 8900
    623 13 11 59.372666 13 11 59.382694 8900
    624 13 11 59.382140 13 11 59.391671 8900
    625 13 11 59.391896 13 11 59.401922 8900
    626 13 11 59.401854 13 11 59.411236 8900
    627 13 11 59.411934 13 11 59.421433 8900
    628 13 11 59.422088 13 11 59.431696 8900
    629 13 11 59.431941 13 11 59.441361 8900
    630 13 11 59.441966 13 11 59.451371 8900
    631 13 11 59.451965 13 11 59.461340 8900
    632 13 11 59.461880 13 11 59.471091 8900
    633 13 11 59.471902 13 11 59.481242 8900
    634 13 11 59.482517 13 11 59.493065 8900
    635 13 11 59.491956 13 11 59.501410 8900
    636 13 11 59.501874 13 11 59.511341 8900
    637 13 11 59.511932 13 11 59.521287 8900
    638 13 11 59.521934 13 11 59.531157 8900
    639 13 11 59.531866 13 11 59.541043 8900
    640 13 11 59.541865 13 11 59.551093 8900
    641 13 11 59.551875 13 11 59.561135 8900
    642 13 11 59.561931 13 11 59.572254 8900
    643 13 11 59.571849 13 11 59.581392 8900
    644 13 11 59.581929 13 11 59.591369 8900
    645 13 11 59.591886 13 11 59.601187 8900
    646 13 11 59.601939 13 11 59.611358 8900
    647 13 11 59.611930 13 11 59.621361 8900
    648 13 11 59.621971 13 11 59.631413 8900
    649 13 11 59.631929 13 11 59.641502 8900
    650 13 11 59.641958 13 11 59.657231 8900
    651 13 11 59.651873 13 11 59.664785 8900
    652 13 11 59.661850 13 11 59.672246 8900
    653 13 11 59.671869 13 11 59.682127 8900
    654 13 11 59.682023 13 11 59.692016 8900
    655 13 11 59.691951 13 11 59.701464 8900
    656 13 11 59.701895 13 11 59.711325 8900
    657 13 11 59.711931 13 11 59.721465 8900
    658 13 11 59.721940 13 11 59.731383 8900
    659 13 11 59.731867 13 11 59.741045 8900
    660 13 11 59.741866 13 11 59.751136 8900
    661 13 11 59.751896 13 11 59.761271 8900
    662 13 11 59.761806 13 11 59.771996 8900
    663 13 11 59.771898 13 11 59.781376 8900
    664 13 11 59.781931 13 11 59.791370 8900
    665 13 11 59.791981 13 11 59.801380 8900
    666 13 11 59.801927 13 11 59.811326 8900
    667 13 11 59.811948 13 11 59.821738 8900
    668 13 11 59.821876 13 11 59.831316 8900
    669 13 11 59.831921 13 11 59.841602 8900
    670 13 11 59.841884 13 11 59.851232 8900
    671 13 11 59.851872 13 11 59.861072 8900
    672 13 11 59.861868 13 11 59.871108 8900
    673 13 11 59.871875 13 11 59.882094 8900
    674 13 11 59.882033 13 11 59.892718 8900
    675 13 11 59.891970 13 11 59.901409 8900
    676 13 11 59.901932 13 11 59.911335 8900
    677 13 11 59.911937 13 11 59.921458 8900
    678 13 11 59.921975 13 11 59.931359 8900
    679 13 11 59.931885 13 11 59.941116 8900
    680 13 11 59.941901 13 11 59.951157 8900
    681 13 11 59.951897 13 11 59.961122 8900
    682 13 11 59.961938 13 11 59.972284 8900
    683 13 11 59.971882 13 11 59.983673 8900
    684 13 11 59.982064 13 11 59.991717 8900
    685 13 11 59.991880 13 12 0.001828 8900
    686 13 12 0.001961 13 12 0.011275 8900
    687 13 12 0.011984 13 12 0.021479 8900
    688 13 12 0.022055 13 12 0.031584 8900
    689 13 12 0.031952 13 12 0.042182 8900
    690 13 12 0.041983 13 12 0.051544 8900
    691 13 12 0.051990 13 12 0.061598 8900
    692 13 12 0.061986 13 12 0.071341 8900
    693 13 12 0.071870 13 12 0.082184 8900
    694 13 12 0.081941 13 12 0.093171 8900
    695 13 12 0.092059 13 12 0.102077 8900
    696 13 12 0.103073 13 12 0.112638 8900
    697 13 12 0.111971 13 12 0.121486 8900
    698 13 12 0.122055 13 12 0.132971 8900
    699 13 12 0.131926 13 12 0.141390 8900
    700 13 12 0.141907 13 12 0.157091 8900
    701 13 12 0.151923 13 12 0.164622 8900
    702 13 12 0.161861 13 12 0.172126 8900
    703 13 12 0.171886 13 12 0.182116 8900
    704 13 12 0.181909 13 12 0.192236 8900
    705 13 12 0.191846 13 12 0.202737 8900
    706 13 12 0.202438 13 12 0.211874 8900
    707 13 12 0.211910 13 12 0.222229 8900
    708 13 12 0.222156 13 12 0.232526 8900
    709 13 12 0.231937 13 12 0.241610 8900
    710 13 12 0.241973 13 12 0.251634 8900
    711 13 12 0.251991 13 12 0.261521 8900
    712 13 12 0.261994 13 12 0.272422 8900
    713 13 12 0.271950 13 12 0.281417 8900
    714 13 12 0.281941 13 12 0.294019 8900
    715 13 12 0.292301 13 12 0.302423 8900
    716 13 12 0.302109 13 12 0.312500 8900
    717 13 12 0.311875 13 12 0.321520 8900
    718 13 12 0.321970 13 12 0.331565 8900
    719 13 12 0.331974 13 12 0.341711 8900
    720 13 12 0.341900 13 12 0.351633 8900
    721 13 12 0.351929 13 12 0.361446 8900
    722 13 12 0.361919 13 12 0.371195 8900
    723 13 12 0.371893 13 12 0.381185 8900
    724 13 12 0.381873 13 12 0.391069 8900
    725 13 12 0.391865 13 12 0.401118 8900
    726 13 12 0.401858 13 12 0.411044 8900
    727 13 12 0.411874 13 12 0.421707 8900
    728 13 12 0.421819 13 12 0.431887 8900
    729 13 12 0.431915 13 12 0.441411 8900
    730 13 12 0.441982 13 12 0.451322 8900
    731 13 12 0.451927 13 12 0.461448 8900
    732 13 12 0.461936 13 12 0.471341 8900
    733 13 12 0.471866 13 12 0.481205 8900
    734 13 12 0.481976 13 12 0.492178 8900
    735 13 12 0.491988 13 12 0.501414 8900
    736 13 12 0.501940 13 12 0.511850 8900
    737 13 12 0.511901 13 12 0.521872 8900
    738 13 12 0.521981 13 12 0.531367 8900
    739 13 12 0.531924 13 12 0.541424 8900
    740 13 12 0.541888 13 12 0.551233 8900
    741 13 12 0.551868 13 12 0.561134 8900
    742 13 12 0.561878 13 12 0.571064 8900
    743 13 12 0.571865 13 12 0.581149 8900
    744 13 12 0.581939 13 12 0.591169 8900
    745 13 12 0.591871 13 12 0.601149 8900
    746 13 12 0.601895 13 12 0.611303 8900
    747 13 12 0.611932 13 12 0.621432 8900
    748 13 12 0.622084 13 12 0.632853 8900
    749 13 12 0.631906 13 12 0.642937 8900
    750 13 12 0.641906 13 12 0.657209 8900
    751 13 12 0.651939 13 12 0.664911 8900
    752 13 12 0.661973 13 12 0.672320 8900
    753 13 12 0.672001 13 12 0.681430 8900
    754 13 12 0.681903 13 12 0.692279 8900
    755 13 12 0.692001 13 12 0.701415 8900
    756 13 12 0.701936 13 12 0.711434 8900
    757 13 12 0.711939 13 12 0.722616 8900
    758 13 12 0.722195 13 12 0.732320 8900
    759 13 12 0.732252 13 12 0.742326 8900
    760 13 12 0.741974 13 12 0.751425 8900
    761 13 12 0.751987 13 12 0.761308 8900
    762 13 12 0.761880 13 12 0.771149 8900
    763 13 12 0.771902 13 12 0.782125 8900
    764 13 12 0.781954 13 12 0.791189 8900
    765 13 12 0.791891 13 12 0.801211 8900
    766 13 12 0.801871 13 12 0.811155 8900
    767 13 12 0.811859 13 12 0.821151 8900
    768 13 12 0.821929 13 12 0.832442 8900
    769 13 12 0.831942 13 12 0.842205 8900
    770 13 12 0.842009 13 12 0.851444 8900
    771 13 12 0.851858 13 12 0.861367 8900
    772 13 12 0.861936 13 12 0.871468 8900
    773 13 12 0.871921 13 12 0.881332 8900
    774 13 12 0.881893 13 12 0.892156 8900
    775 13 12 0.891895 13 12 0.901232 8900
    776 13 12 0.901935 13 12 0.912141 8900
    777 13 12 0.911938 13 12 0.921336 8900
    778 13 12 0.921874 13 12 0.931323 8900
    779 13 12 0.931892 13 12 0.941174 8900
    780 13 12 0.941949 13 12 0.951364 8900
    781 13 12 0.951871 13 12 0.961122 8900
    782 13 12 0.961879 13 12 0.971066 8900
    783 13 12 0.971879 13 12 0.981163 8900
    784 13 12 0.981885 13 12 0.991127 8900
    785 13 12 0.991885 13 12 1.001138 8900
    786 13 12 1.001883 13 12 1.011052 8900
    787 13 12 1.011864 13 12 1.021133 8900
    788 13 12 1.021875 13 12 1.031079 8900
    789 13 12 1.031959 13 12 1.042160 8900
    790 13 12 1.042089 13 12 1.051531 8900
    791 13 12 1.052076 13 12 1.061928 8900
    792 13 12 1.061949 13 12 1.071479 8900
    793 13 12 1.071930 13 12 1.081981 8900
    794 13 12 1.081914 13 12 1.092028 8900
    795 13 12 1.091933 13 12 1.101410 8900
    796 13 12 1.101939 13 12 1.111401 8900
    797 13 12 1.111930 13 12 1.122341 8900
    798 13 12 1.122112 13 12 1.132012 8900
    799 13 12 1.131858 13 12 1.141955 8900
    800 13 12 1.141855 13 12 1.157032 8900
    801 13 12 1.151953 13 12 1.164533 8900
    802 13 12 1.161875 13 12 1.172031 8900
    803 13 12 1.171899 13 12 1.181099 8900
    804 13 12 1.181866 13 12 1.191057 8900
    805 13 12 1.191864 13 12 1.201073 8900
    806 13 12 1.201864 13 12 1.211055 8900
    807 13 12 1.211864 13 12 1.221071 8900
    808 13 12 1.221862 13 12 1.231071 8900
    809 13 12 1.231865 13 12 1.241166 8900
    810 13 12 1.241954 13 12 1.252270 8900
    811 13 12 1.251873 13 12 1.261517 8900
    812 13 12 1.262083 13 12 1.271654 8900
    813 13 12 1.271900 13 12 1.281285 8900
    814 13 12 1.282007 13 12 1.292243 8900
    815 13 12 1.291908 13 12 1.301882 8900
    816 13 12 1.301909 13 12 1.311941 8900
    817 13 12 1.311878 13 12 1.321272 8900
    818 13 12 1.322032 13 12 1.331517 8900
    819 13 12 1.332816 13 12 1.342309 8900
    820 13 12 1.341893 13 12 1.352187 8900
    821 13 12 1.352044 13 12 1.362241 8900
    822 13 12 1.362115 13 12 1.371693 8900
    823 13 12 1.371929 13 12 1.381391 8900
    824 13 12 1.381885 13 12 1.391115 8900
    825 13 12 1.391869 13 12 1.401187 8900
    826 13 12 1.401861 13 12 1.411189 8900
    827 13 12 1.411883 13 12 1.421146 8900
    828 13 12 1.421861 13 12 1.431055 8900
    829 13 12 1.431867 13 12 1.441108 8900
    830 13 12 1.441857 13 12 1.451019 8900
    831 13 12 1.451872 13 12 1.461094 8900
    832 13 12 1.461867 13 12 1.471079 8900
    833 13 12 1.471884 13 12 1.482118 8900
    834 13 12 1.481810 13 12 1.491260 8900
    835 13 12 1.491851 13 12 1.502196 8900
    836 13 12 1.501945 13 12 1.511541 8900
    837 13 12 1.511897 13 12 1.522228 8900
    838 13 12 1.522028 13 12 1.531617 8900
    839 13 12 1.531871 13 12 1.541317 8900
    840 13 12 1.542028 13 12 1.552427 8900
    841 13 12 1.552131 13 12 1.561574 8900
    842 13 12 1.561936 13 12 1.571293 8900
    843 13 12 1.571928 13 12 1.581373 8900
    844 13 12 1.581875 13 12 1.591213 8900
    845 13 12 1.591852 13 12 1.601038 8900
    846 13 12 1.601853 13 12 1.611175 8900
    847 13 12 1.611867 13 12 1.621153 8900
    848 13 12 1.621894 13 12 1.631286 8900
    849 13 12 1.631866 13 12 1.641094 8900
    850 13 12 1.641865 13 12 1.657842 8900
    851 13 12 1.651866 13 12 1.664553 8900
    852 13 12 1.661820 13 12 1.672053 8900
    853 13 12 1.671856 13 12 1.681239 8900
    854 13 12 1.681873 13 12 1.691352 8900
    855 13 12 1.692418 13 12 1.702839 8900
    856 13 12 1.701865 13 12 1.712002 8900
    857 13 12 1.711911 13 12 1.721252 8900
    858 13 12 1.721984 13 12 1.731350 8900
    859 13 12 1.731882 13 12 1.742118 8900
    860 13 12 1.742022 13 12 1.752675 8900
    861 13 12 1.752254 13 12 1.761855 8900
    862 13 12 1.762033 13 12 1.771868 8900
    863 13 12 1.771898 13 12 1.781327 8900
    864 13 12 1.781936 13 12 1.791364 8900
    865 13 12 1.791982 13 12 1.801579 8900
    866 13 12 1.802932 13 12 1.812198 8900
    867 13 12 1.811869 13 12 1.821130 8900
    868 13 12 1.821864 13 12 1.831128 8900
    869 13 12 1.831865 13 12 1.841059 8900
    870 13 12 1.841883 13 12 1.852414 8900
    871 13 12 1.851859 13 12 1.861060 8900
    872 13 12 1.861872 13 12 1.871106 8900
    873 13 12 1.871869 13 12 1.881059 8900
    874 13 12 1.881864 13 12 1.891791 8900
    875 13 12 1.891970 13 12 1.901826 8900
    876 13 12 1.901880 13 12 1.911659 8900
    877 13 12 1.911913 13 12 1.922025 8900
    878 13 12 1.921964 13 12 1.931441 8900
    879 13 12 1.931934 13 12 1.941348 8900
    880 13 12 1.941866 13 12 1.951346 8900
    881 13 12 1.951922 13 12 1.961314 8900
    882 13 12 1.961930 13 12 1.971328 8900
    883 13 12 1.971935 13 12 1.981544 8900
    884 13 12 1.981981 13 12 1.991392 8900
    885 13 12 1.991944 13 12 2.002250 8900
    886 13 12 2.001955 13 12 2.011322 8900
    887 13 12 2.011925 13 12 2.021167 8900
    888 13 12 2.021900 13 12 2.031152 8900
    889 13 12 2.031864 13 12 2.041115 8900
    890 13 12 2.041872 13 12 2.051123 8900
    891 13 12 2.051864 13 12 2.061050 8900
    892 13 12 2.061865 13 12 2.071072 8900
    893 13 12 2.071870 13 12 2.081175 8900
    894 13 12 2.081887 13 12 2.092341 8900
    895 13 12 2.091988 13 12 2.101983 8900
    896 13 12 2.101922 13 12 2.112286 8900
    897 13 12 2.112087 13 12 2.122437 8900
    898 13 12 2.121903 13 12 2.131461 8900
    899 13 12 2.131883 13 12 2.142133 8900
    900 13 12 2.142030 13 12 2.157529 8900
    901 13 12 2.151873 13 12 2.165062 8900
    902 13 12 2.161866 13 12 2.172520 8900
    903 13 12 2.171914 13 12 2.181388 8900
    904 13 12 2.181986 13 12 2.191456 8900
    905 13 12 2.191924 13 12 2.201286 8900
    906 13 12 2.202766 13 12 2.212143 8900
    907 13 12 2.211870 13 12 2.221061 8900
    908 13 12 2.221880 13 12 2.231091 8900
    909 13 12 2.231863 13 12 2.241111 8900
    910 13 12 2.241864 13 12 2.251062 8900
    911 13 12 2.251885 13 12 2.261112 8900
    912 13 12 2.261865 13 12 2.271024 8900
    913 13 12 2.271872 13 12 2.281095 8900
    914 13 12 2.281849 13 12 2.291875 8900
    915 13 12 2.291897 13 12 2.302569 8900
    916 13 12 2.302640 13 12 2.312726 8900
    917 13 12 2.311974 13 12 2.322124 8900
    918 13 12 2.322020 13 12 2.331755 8900
    919 13 12 2.332014 13 12 2.341498 8900
    920 13 12 2.342093 13 12 2.352666 8900
    921 13 12 2.352224 13 12 2.362260 8900
    922 13 12 2.361914 13 12 2.371351 8900
    923 13 12 2.371966 13 12 2.381476 8900
    924 13 12 2.381982 13 12 2.391512 8900
    925 13 12 2.391961 13 12 2.401336 8900
    926 13 12 2.401879 13 12 2.411432 8900
    927 13 12 2.411935 13 12 2.421346 8900
    928 13 12 2.421930 13 12 2.431277 8900
    929 13 12 2.431922 13 12 2.441196 8900
    930 13 12 2.441872 13 12 2.451118 8900
    931 13 12 2.451864 13 12 2.461043 8900
    932 13 12 2.461864 13 12 2.471064 8900
    933 13 12 2.471861 13 12 2.481049 8900
    934 13 12 2.481850 13 12 2.491626 8900
    935 13 12 2.491890 13 12 2.501463 8900
    936 13 12 2.501932 13 12 2.511395 8900
    937 13 12 2.511924 13 12 2.521354 8900
    938 13 12 2.521881 13 12 2.531264 8900
    939 13 12 2.531866 13 12 2.541490 8900
    940 13 12 2.541929 13 12 2.551426 8900
    941 13 12 2.551925 13 12 2.561550 8900
    942 13 12 2.561942 13 12 2.571415 8900
    943 13 12 2.571944 13 12 2.581373 8900
    944 13 12 2.581874 13 12 2.591318 8900
    945 13 12 2.591928 13 12 2.601367 8900
    946 13 12 2.601890 13 12 2.611269 8900
    947 13 12 2.611867 13 12 2.621348 8900
    948 13 12 2.621903 13 12 2.631180 8900
    949 13 12 2.631889 13 12 2.641135 8900
    950 13 12 2.641903 13 12 2.657928 8900
    951 13 12 2.651880 13 12 2.664658 8900
    952 13 12 2.661871 13 12 2.672069 8900
    953 13 12 2.671892 13 12 2.681190 8900
    954 13 12 2.681873 13 12 2.691978 8900
    955 13 12 2.691882 13 12 2.701216 8900
    956 13 12 2.701937 13 12 2.711336 8900
    957 13 12 2.711922 13 12 2.721344 8900
    958 13 12 2.721930 13 12 2.731325 8900
    959 13 12 2.731870 13 12 2.741527 8900
    960 13 12 2.741984 13 12 2.751342 8900
    961 13 12 2.751929 13 12 2.761350 8900
    962 13 12 2.761937 13 12 2.771357 8900
    963 13 12 2.771924 13 12 2.781369 8900
    964 13 12 2.781933 13 12 2.791337 8900
    965 13 12 2.791930 13 12 2.801362 8900
    966 13 12 2.801941 13 12 2.812065 8900
    967 13 12 2.811862 13 12 2.821061 8900
    968 13 12 2.821864 13 12 2.831075 8900
    969 13 12 2.831863 13 12 2.841587 8900
    970 13 12 2.841866 13 12 2.851059 8900
    971 13 12 2.851862 13 12 2.861107 8900
    972 13 12 2.861875 13 12 2.871106 8900
    973 13 12 2.871867 13 12 2.881066 8900
    974 13 12 2.881864 13 12 2.891772 8900
    975 13 12 2.892031 13 12 2.902104 8900
    976 13 12 2.901867 13 12 2.911257 8900
    977 13 12 2.911926 13 12 2.921375 8900
    978 13 12 2.921935 13 12 2.931406 8900
    979 13 12 2.931935 13 12 2.942434 8900
    980 13 12 2.941904 13 12 2.951788 8900
    981 13 12 2.951960 13 12 2.962194 8900
    982 13 12 2.961889 13 12 2.971359 8900
    983 13 12 2.971943 13 12 2.981476 8900
    984 13 12 2.981981 13 12 2.991320 8900
    985 13 12 2.991930 13 12 3.001329 8900
    986 13 12 3.001935 13 12 3.011277 8900
    987 13 12 3.011931 13 12 3.021374 8900
    988 13 12 3.021961 13 12 3.031451 8900
    989 13 12 3.031889 13 12 3.041170 8900
    990 13 12 3.041901 13 12 3.051172 8900
    991 13 12 3.051887 13 12 3.061087 8900
    992 13 12 3.061866 13 12 3.071060 8900
    993 13 12 3.071868 13 12 3.081102 8900
    994 13 12 3.081884 13 12 3.092788 8900
    995 13 12 3.091933 13 12 3.101545 8900
    996 13 12 3.102859 13 12 3.112181 8900
    997 13 12 3.111931 13 12 3.121302 8900
    998 13 12 3.121970 13 12 3.131412 8900
    999 13 12 3.131936 13 12 3.141992 8900
   1000 13 12 3.141875 13 12 3.157509 8900
