      1 13 12 41.867007 13 12 41.877957 9300
      2 13 12 41.877173 13 12 41.886750 9300
      3 13 12 41.887138 13 12 41.896794 9300
      4 13 12 41.897232 13 12 41.907730 9300
      5 13 12 41.907181 13 12 41.916601 9300
      6 13 12 41.917167 13 12 41.926744 9300
      7 13 12 41.927143 13 12 41.936795 9300
      8 13 12 41.937215 13 12 41.947465 9300
      9 13 12 41.947175 13 12 41.957282 9300
     10 13 12 41.957213 13 12 41.966534 9300
     11 13 12 41.967106 13 12 41.976295 9300
     12 13 12 41.977106 13 12 41.986328 9300
     13 13 12 41.987110 13 12 41.997540 9300
     14 13 12 41.997030 13 12 42.006906 9300
     15 13 12 42.007683 13 12 42.017406 9300
     16 13 12 42.017136 13 12 42.026567 9300
     17 13 12 42.027182 13 12 42.036583 9300
     18 13 12 42.037106 13 12 42.046542 9300
     19 13 12 42.047108 13 12 42.057225 9300
     20 13 12 42.057161 13 12 42.066884 9300
     21 13 12 42.067180 13 12 42.076645 9300
     22 13 12 42.077101 13 12 42.086475 9300
     23 13 12 42.087167 13 12 42.096550 9300
     24 13 12 42.097168 13 12 42.106509 9300
     25 13 12 42.107106 13 12 42.116470 9300
     26 13 12 42.117176 13 12 42.126589 9300
     27 13 12 42.127107 13 12 42.136574 9300
     28 13 12 42.137109 13 12 42.146489 9300
     29 13 12 42.147106 13 12 42.156297 9300
     30 13 12 42.157105 13 12 42.166322 9300
     31 13 12 42.167107 13 12 42.176304 9300
     32 13 12 42.177106 13 12 42.186307 9300
     33 13 12 42.187105 13 12 42.197477 9300
     34 13 12 42.197409 13 12 42.206794 9300
     35 13 12 42.207127 13 12 42.216461 9300
     36 13 12 42.217104 13 12 42.226492 9300
     37 13 12 42.227172 13 12 42.236609 9300
     38 13 12 42.237104 13 12 42.246332 9300
     39 13 12 42.247104 13 12 42.257866 9300
     40 13 12 42.257790 13 12 42.267502 9300
     41 13 12 42.267152 13 12 42.276649 9300
     42 13 12 42.277110 13 12 42.286583 9300
     43 13 12 42.287160 13 12 42.296534 9300
     44 13 12 42.297168 13 12 42.306589 9300
     45 13 12 42.307172 13 12 42.316578 9300
     46 13 12 42.317126 13 12 42.326509 9300
     47 13 12 42.327173 13 12 42.336550 9300
     48 13 12 42.337119 13 12 42.346322 9300
     49 13 12 42.347104 13 12 42.356526 9300
     50 13 12 42.357148 13 12 42.372307 9300
     51 13 12 42.367108 13 12 42.380130 9300
     52 13 12 42.377310 13 12 42.387968 9300
     53 13 12 42.387104 13 12 42.397846 9300
     54 13 12 42.397150 13 12 42.407243 9300
     55 13 12 42.407175 13 12 42.416552 9300
     56 13 12 42.417175 13 12 42.426619 9300
     57 13 12 42.427194 13 12 42.436627 9300
     58 13 12 42.437202 13 12 42.446849 9300
     59 13 12 42.447111 13 12 42.457413 9300
     60 13 12 42.457143 13 12 42.467007 9300
     61 13 12 42.467174 13 12 42.476512 9300
     62 13 12 42.477167 13 12 42.486502 9300
     63 13 12 42.487102 13 12 42.496505 9300
     64 13 12 42.497168 13 12 42.506683 9300
     65 13 12 42.507216 13 12 42.516793 9300
     66 13 12 42.517203 13 12 42.526572 9300
     67 13 12 42.527225 13 12 42.536743 9300
     68 13 12 42.537184 13 12 42.546562 9300
     69 13 12 42.547119 13 12 42.556415 9300
     70 13 12 42.557107 13 12 42.566302 9300
     71 13 12 42.567106 13 12 42.576306 9300
     72 13 12 42.577109 13 12 42.586311 9300
     73 13 12 42.587114 13 12 42.596741 9300
     74 13 12 42.597656 13 12 42.607875 9300
     75 13 12 42.607207 13 12 42.616822 9300
     76 13 12 42.617111 13 12 42.626584 9300
     77 13 12 42.627107 13 12 42.636536 9300
     78 13 12 42.637146 13 12 42.646509 9300
     79 13 12 42.647122 13 12 42.658082 9300
     80 13 12 42.658003 13 12 42.668157 9300
     81 13 12 42.667126 13 12 42.677639 9300
     82 13 12 42.677573 13 12 42.686937 9300
     83 13 12 42.687196 13 12 42.696629 9300
     84 13 12 42.697107 13 12 42.706569 9300
     85 13 12 42.707171 13 12 42.716599 9300
     86 13 12 42.717188 13 12 42.726925 9300
     87 13 12 42.727119 13 12 42.736606 9300
     88 13 12 42.737184 13 12 42.746648 9300
     89 13 12 42.747129 13 12 42.756405 9300
     90 13 12 42.757114 13 12 42.766336 9300
     91 13 12 42.767111 13 12 42.776305 9300
     92 13 12 42.777107 13 12 42.786320 9300
     93 13 12 42.787106 13 12 42.797474 9300
     94 13 12 42.797378 13 12 42.807605 9300
     95 13 12 42.807205 13 12 42.816625 9300
     96 13 12 42.817179 13 12 42.826656 9300
     97 13 12 42.827164 13 12 42.836545 9300
     98 13 12 42.837108 13 12 42.846473 9300
     99 13 12 42.847118 13 12 42.857238 9300
    100 13 12 42.857146 13 12 42.872745 9300
    101 13 12 42.867122 13 12 42.880594 9300
    102 13 12 42.877147 13 12 42.888267 9300
    103 13 12 42.887202 13 12 42.896537 9300
    104 13 12 42.897170 13 12 42.906522 9300
    105 13 12 42.907169 13 12 42.916437 9300
    106 13 12 42.917124 13 12 42.926434 9300
    107 13 12 42.927174 13 12 42.936655 9300
    108 13 12 42.937178 13 12 42.946469 9300
    109 13 12 42.947155 13 12 42.956389 9300
    110 13 12 42.957107 13 12 42.966301 9300
    111 13 12 42.967111 13 12 42.977449 9300
    112 13 12 42.977125 13 12 42.986409 9300
    113 13 12 42.987107 13 12 42.996383 9300
    114 13 12 42.997115 13 12 43.007209 9300
    115 13 12 43.007147 13 12 43.016601 9300
    116 13 12 43.017181 13 12 43.026605 9300
    117 13 12 43.027175 13 12 43.036684 9300
    118 13 12 43.037165 13 12 43.046478 9300
    119 13 12 43.047097 13 12 43.057180 9300
    120 13 12 43.057116 13 12 43.066498 9300
    121 13 12 43.067174 13 12 43.076577 9300
    122 13 12 43.077173 13 12 43.086616 9300
    123 13 12 43.087220 13 12 43.096744 9300
    124 13 12 43.097225 13 12 43.106762 9300
    125 13 12 43.107174 13 12 43.116677 9300
    126 13 12 43.117176 13 12 43.126705 9300
    127 13 12 43.127197 13 12 43.136957 9300
    128 13 12 43.137191 13 12 43.147374 9300
    129 13 12 43.148268 13 12 43.157564 9300
    130 13 12 43.157125 13 12 43.166324 9300
    131 13 12 43.167105 13 12 43.176293 9300
    132 13 12 43.177118 13 12 43.186321 9300
    133 13 12 43.187106 13 12 43.199077 9300
    134 13 12 43.197209 13 12 43.206591 9300
    135 13 12 43.207115 13 12 43.216673 9300
    136 13 12 43.217111 13 12 43.226539 9300
    137 13 12 43.227178 13 12 43.236581 9300
    138 13 12 43.237172 13 12 43.247343 9300
    139 13 12 43.247123 13 12 43.257004 9300
    140 13 12 43.257303 13 12 43.267482 9300
    141 13 12 43.267186 13 12 43.277371 9300
    142 13 12 43.277268 13 12 43.287851 9300
    143 13 12 43.287663 13 12 43.297280 9300
    144 13 12 43.297161 13 12 43.306713 9300
    145 13 12 43.307136 13 12 43.317461 9300
    146 13 12 43.317191 13 12 43.326768 9300
    147 13 12 43.327190 13 12 43.336688 9300
    148 13 12 43.337268 13 12 43.347237 9300
    149 13 12 43.347175 13 12 43.356403 9300
    150 13 12 43.357135 13 12 43.372309 9300
    151 13 12 43.367150 13 12 43.380132 9300
    152 13 12 43.377110 13 12 43.387945 9300
    153 13 12 43.387115 13 12 43.396487 9300
    154 13 12 43.397291 13 12 43.407362 9300
    155 13 12 43.407139 13 12 43.416806 9300
    156 13 12 43.417141 13 12 43.426693 9300
    157 13 12 43.427162 13 12 43.436734 9300
    158 13 12 43.437190 13 12 43.446666 9300
    159 13 12 43.447189 13 12 43.456609 9300
    160 13 12 43.457107 13 12 43.467053 9300
    161 13 12 43.467210 13 12 43.476725 9300
    162 13 12 43.477184 13 12 43.486547 9300
    163 13 12 43.487195 13 12 43.496754 9300
    164 13 12 43.497197 13 12 43.506946 9300
    165 13 12 43.507137 13 12 43.517353 9300
    166 13 12 43.517186 13 12 43.526525 9300
    167 13 12 43.527123 13 12 43.537624 9300
    168 13 12 43.537197 13 12 43.546776 9300
    169 13 12 43.547235 13 12 43.556665 9300
    170 13 12 43.557115 13 12 43.566381 9300
    171 13 12 43.567095 13 12 43.576262 9300
    172 13 12 43.577142 13 12 43.586421 9300
    173 13 12 43.587119 13 12 43.596411 9300
    174 13 12 43.597118 13 12 43.606952 9300
    175 13 12 43.607815 13 12 43.617331 9300
    176 13 12 43.617271 13 12 43.626801 9300
    177 13 12 43.627175 13 12 43.636656 9300
    178 13 12 43.637143 13 12 43.646500 9300
    179 13 12 43.647106 13 12 43.656337 9300
    180 13 12 43.657175 13 12 43.667372 9300
    181 13 12 43.667285 13 12 43.676918 9300
    182 13 12 43.677169 13 12 43.686644 9300
    183 13 12 43.687170 13 12 43.696567 9300
    184 13 12 43.697173 13 12 43.706656 9300
    185 13 12 43.707171 13 12 43.716630 9300
    186 13 12 43.717174 13 12 43.726517 9300
    187 13 12 43.727167 13 12 43.737296 9300
    188 13 12 43.737104 13 12 43.746299 9300
    189 13 12 43.747104 13 12 43.756380 9300
    190 13 12 43.757131 13 12 43.766370 9300
    191 13 12 43.767108 13 12 43.776316 9300
    192 13 12 43.777106 13 12 43.786360 9300
    193 13 12 43.787247 13 12 43.797665 9300
    194 13 12 43.797175 13 12 43.807847 9300
    195 13 12 43.807150 13 12 43.816797 9300
    196 13 12 43.817661 13 12 43.828001 9300
    197 13 12 43.827288 13 12 43.836708 9300
    198 13 12 43.837147 13 12 43.846865 9300
    199 13 12 43.847146 13 12 43.857577 9300
    200 13 12 43.857135 13 12 43.873227 9300
    201 13 12 43.867773 13 12 43.880738 9300
    202 13 12 43.877904 13 12 43.888485 9300
    203 13 12 43.887225 13 12 43.896754 9300
    204 13 12 43.897185 13 12 43.906767 9300
    205 13 12 43.907221 13 12 43.917205 9300
    206 13 12 43.917115 13 12 43.926727 9300
    207 13 12 43.927185 13 12 43.936683 9300
    208 13 12 43.937210 13 12 43.946674 9300
    209 13 12 43.947177 13 12 43.957687 9300
    210 13 12 43.957382 13 12 43.966634 9300
    211 13 12 43.967109 13 12 43.976312 9300
    212 13 12 43.977105 13 12 43.986485 9300
    213 13 12 43.987129 13 12 43.996591 9300
    214 13 12 43.997453 13 12 44.008266 9300
    215 13 12 44.007193 13 12 44.016768 9300
    216 13 12 44.017183 13 12 44.026632 9300
    217 13 12 44.027174 13 12 44.037559 9300
    218 13 12 44.037511 13 12 44.047198 9300
    219 13 12 44.047131 13 12 44.056542 9300
    220 13 12 44.057099 13 12 44.066847 9300
    221 13 12 44.067179 13 12 44.077787 9300
    222 13 12 44.077415 13 12 44.086840 9300
    223 13 12 44.087189 13 12 44.096622 9300
    224 13 12 44.097208 13 12 44.106780 9300
    225 13 12 44.107185 13 12 44.116525 9300
    226 13 12 44.117185 13 12 44.126672 9300
    227 13 12 44.127226 13 12 44.136645 9300
    228 13 12 44.137234 13 12 44.146703 9300
    229 13 12 44.147106 13 12 44.156520 9300
    230 13 12 44.157173 13 12 44.167482 9300
    231 13 12 44.167099 13 12 44.176395 9300
    232 13 12 44.177114 13 12 44.186337 9300
    233 13 12 44.187128 13 12 44.196492 9300
    234 13 12 44.197159 13 12 44.207672 9300
    235 13 12 44.207227 13 12 44.217695 9300
    236 13 12 44.217252 13 12 44.226759 9300
    237 13 12 44.227217 13 12 44.236556 9300
    238 13 12 44.237169 13 12 44.246614 9300
    239 13 12 44.247106 13 12 44.256512 9300
    240 13 12 44.257094 13 12 44.266747 9300
    241 13 12 44.267107 13 12 44.276578 9300
    242 13 12 44.278049 13 12 44.288074 9300
    243 13 12 44.287202 13 12 44.296680 9300
    244 13 12 44.297176 13 12 44.306629 9300
    245 13 12 44.307217 13 12 44.316637 9300
    246 13 12 44.317115 13 12 44.326638 9300
    247 13 12 44.327176 13 12 44.336536 9300
    248 13 12 44.337121 13 12 44.346476 9300
    249 13 12 44.347169 13 12 44.356780 9300
    250 13 12 44.357179 13 12 44.373489 9300
    251 13 12 44.367086 13 12 44.381335 9300
    252 13 12 44.377107 13 12 44.389142 9300
    253 13 12 44.387067 13 12 44.397339 9300
    254 13 12 44.397266 13 12 44.409115 9300
    255 13 12 44.407299 13 12 44.417282 9300
    256 13 12 44.417200 13 12 44.426523 9300
    257 13 12 44.427095 13 12 44.436560 9300
    258 13 12 44.437170 13 12 44.446700 9300
    259 13 12 44.447102 13 12 44.456600 9300
    260 13 12 44.457112 13 12 44.466988 9300
    261 13 12 44.467128 13 12 44.476609 9300
    262 13 12 44.477181 13 12 44.487276 9300
    263 13 12 44.487212 13 12 44.496568 9300
    264 13 12 44.497168 13 12 44.506594 9300
    265 13 12 44.507188 13 12 44.516620 9300
    266 13 12 44.517127 13 12 44.526535 9300
    267 13 12 44.527164 13 12 44.536650 9300
    268 13 12 44.537174 13 12 44.546564 9300
    269 13 12 44.547223 13 12 44.556859 9300
    270 13 12 44.557184 13 12 44.566588 9300
    271 13 12 44.567124 13 12 44.576569 9300
    272 13 12 44.577111 13 12 44.586370 9300
    273 13 12 44.587105 13 12 44.596609 9300
    274 13 12 44.597231 13 12 44.607978 9300
    275 13 12 44.607162 13 12 44.617004 9300
    276 13 12 44.617051 13 12 44.626969 9300
    277 13 12 44.627163 13 12 44.636625 9300
    278 13 12 44.637152 13 12 44.646678 9300
    279 13 12 44.647176 13 12 44.656658 9300
    280 13 12 44.657235 13 12 44.667946 9300
    281 13 12 44.667126 13 12 44.677031 9300
    282 13 12 44.677155 13 12 44.686646 9300
    283 13 12 44.687023 13 12 44.696446 9300
    284 13 12 44.697172 13 12 44.706665 9300
    285 13 12 44.707163 13 12 44.716513 9300
    286 13 12 44.717126 13 12 44.726531 9300
    287 13 12 44.727103 13 12 44.736477 9300
    288 13 12 44.737166 13 12 44.746541 9300
    289 13 12 44.747160 13 12 44.756444 9300
    290 13 12 44.757106 13 12 44.766297 9300
    291 13 12 44.767104 13 12 44.776296 9300
    292 13 12 44.777102 13 12 44.786299 9300
    293 13 12 44.787103 13 12 44.797319 9300
    294 13 12 44.797190 13 12 44.806665 9300
    295 13 12 44.807174 13 12 44.816622 9300
    296 13 12 44.817104 13 12 44.826546 9300
    297 13 12 44.827181 13 12 44.836575 9300
    298 13 12 44.837108 13 12 44.846411 9300
    299 13 12 44.847113 13 12 44.857539 9300
    300 13 12 44.857109 13 12 44.872833 9300
    301 13 12 44.867254 13 12 44.880280 9300
    302 13 12 44.877212 13 12 44.888320 9300
    303 13 12 44.887137 13 12 44.898012 9300
    304 13 12 44.897179 13 12 44.906722 9300
    305 13 12 44.907178 13 12 44.916631 9300
    306 13 12 44.917195 13 12 44.926656 9300
    307 13 12 44.927166 13 12 44.937336 9300
    308 13 12 44.937274 13 12 44.946694 9300
    309 13 12 44.947189 13 12 44.957590 9300
    310 13 12 44.957138 13 12 44.966434 9300
    311 13 12 44.967098 13 12 44.976273 9300
    312 13 12 44.977092 13 12 44.986626 9300
    313 13 12 44.987108 13 12 44.996332 9300
    314 13 12 44.997171 13 12 45.008423 9300
    315 13 12 45.007162 13 12 45.016671 9300
    316 13 12 45.017172 13 12 45.026580 9300
    317 13 12 45.027106 13 12 45.036490 9300
    318 13 12 45.037170 13 12 45.047054 9300
    319 13 12 45.047114 13 12 45.056381 9300
    320 13 12 45.057105 13 12 45.067391 9300
    321 13 12 45.067304 13 12 45.076774 9300
    322 13 12 45.077117 13 12 45.086485 9300
    323 13 12 45.087183 13 12 45.096525 9300
    324 13 12 45.097171 13 12 45.106603 9300
    325 13 12 45.107176 13 12 45.116548 9300
    326 13 12 45.117176 13 12 45.126542 9300
    327 13 12 45.127128 13 12 45.136566 9300
    328 13 12 45.137183 13 12 45.146543 9300
    329 13 12 45.147122 13 12 45.156519 9300
    330 13 12 45.157119 13 12 45.166639 9300
    331 13 12 45.167118 13 12 45.176367 9300
    332 13 12 45.177115 13 12 45.186329 9300
    333 13 12 45.187105 13 12 45.196455 9300
    334 13 12 45.197167 13 12 45.207814 9300
    335 13 12 45.207242 13 12 45.217421 9300
    336 13 12 45.217305 13 12 45.226861 9300
    337 13 12 45.227111 13 12 45.236513 9300
    338 13 12 45.237186 13 12 45.246585 9300
    339 13 12 45.247216 13 12 45.256577 9300
    340 13 12 45.257108 13 12 45.267135 9300
    341 13 12 45.267029 13 12 45.277022 9300
    342 13 12 45.277146 13 12 45.286487 9300
    343 13 12 45.287145 13 12 45.297980 9300
    344 13 12 45.297477 13 12 45.307065 9300
    345 13 12 45.307437 13 12 45.317932 9300
    346 13 12 45.317819 13 12 45.327969 9300
    347 13 12 45.327215 13 12 45.336776 9300
    348 13 12 45.337223 13 12 45.346694 9300
    349 13 12 45.347208 13 12 45.357475 9300
    350 13 12 45.357143 13 12 45.372402 9300
    351 13 12 45.367108 13 12 45.380321 9300
    352 13 12 45.377118 13 12 45.388095 9300
    353 13 12 45.387109 13 12 45.396579 9300
    354 13 12 45.397202 13 12 45.407660 9300
    355 13 12 45.407215 13 12 45.417273 9300
    356 13 12 45.417206 13 12 45.426783 9300
    357 13 12 45.427183 13 12 45.436658 9300
    358 13 12 45.437182 13 12 45.446629 9300
    359 13 12 45.447338 13 12 45.457022 9300
    360 13 12 45.457116 13 12 45.467281 9300
    361 13 12 45.467075 13 12 45.477334 9300
    362 13 12 45.477200 13 12 45.487276 9300
    363 13 12 45.487169 13 12 45.496592 9300
    364 13 12 45.497177 13 12 45.506565 9300
    365 13 12 45.507103 13 12 45.516595 9300
    366 13 12 45.517149 13 12 45.526657 9300
    367 13 12 45.527178 13 12 45.536628 9300
    368 13 12 45.537174 13 12 45.546650 9300
    369 13 12 45.547209 13 12 45.556735 9300
    370 13 12 45.557101 13 12 45.566352 9300
    371 13 12 45.567112 13 12 45.576278 9300
    372 13 12 45.577133 13 12 45.586410 9300
    373 13 12 45.587107 13 12 45.596390 9300
    374 13 12 45.597121 13 12 45.607635 9300
    375 13 12 45.607142 13 12 45.616563 9300
    376 13 12 45.617204 13 12 45.626592 9300
    377 13 12 45.627180 13 12 45.636664 9300
    378 13 12 45.637214 13 12 45.646856 9300
    379 13 12 45.647168 13 12 45.656773 9300
    380 13 12 45.657131 13 12 45.667704 9300
    381 13 12 45.667630 13 12 45.677841 9300
    382 13 12 45.677729 13 12 45.687235 9300
    383 13 12 45.687170 13 12 45.697856 9300
    384 13 12 45.697749 13 12 45.707366 9300
    385 13 12 45.707251 13 12 45.716875 9300
    386 13 12 45.717131 13 12 45.726587 9300
    387 13 12 45.727204 13 12 45.736738 9300
    388 13 12 45.737214 13 12 45.747551 9300
    389 13 12 45.747179 13 12 45.756748 9300
    390 13 12 45.757181 13 12 45.766734 9300
    391 13 12 45.767128 13 12 45.776834 9300
    392 13 12 45.777067 13 12 45.786372 9300
    393 13 12 45.787118 13 12 45.796452 9300
    394 13 12 45.797178 13 12 45.807523 9300
    395 13 12 45.807170 13 12 45.817388 9300
    396 13 12 45.817309 13 12 45.826770 9300
    397 13 12 45.827199 13 12 45.836843 9300
    398 13 12 45.837221 13 12 45.847543 9300
    399 13 12 45.847171 13 12 45.856735 9300
    400 13 12 45.857227 13 12 45.872554 9300
    401 13 12 45.867111 13 12 45.880522 9300
    402 13 12 45.877110 13 12 45.889929 9300
    403 13 12 45.887183 13 12 45.897824 9300
    404 13 12 45.897751 13 12 45.907198 9300
    405 13 12 45.907133 13 12 45.916713 9300
    406 13 12 45.917181 13 12 45.927571 9300
    407 13 12 45.927058 13 12 45.936808 9300
    408 13 12 45.937432 13 12 45.947155 9300
    409 13 12 45.947104 13 12 45.957037 9300
    410 13 12 45.957312 13 12 45.966968 9300
    411 13 12 45.967269 13 12 45.976869 9300
    412 13 12 45.977321 13 12 45.988427 9300
    413 13 12 45.987183 13 12 45.998054 9300
    414 13 12 45.997638 13 12 46.008521 9300
    415 13 12 46.007949 13 12 46.018180 9300
    416 13 12 46.017144 13 12 46.027439 9300
    417 13 12 46.027157 13 12 46.037008 9300
    418 13 12 46.037194 13 12 46.047457 9300
    419 13 12 46.047392 13 12 46.057676 9300
    420 13 12 46.057378 13 12 46.067360 9300
    421 13 12 46.067180 13 12 46.076664 9300
    422 13 12 46.077218 13 12 46.087125 9300
    423 13 12 46.087229 13 12 46.097506 9300
    424 13 12 46.097195 13 12 46.106793 9300
    425 13 12 46.107111 13 12 46.116325 9300
    426 13 12 46.117139 13 12 46.126393 9300
    427 13 12 46.127149 13 12 46.136442 9300
    428 13 12 46.137115 13 12 46.146363 9300
    429 13 12 46.147131 13 12 46.156635 9300
    430 13 12 46.157176 13 12 46.167758 9300
    431 13 12 46.167158 13 12 46.178001 9300
    432 13 12 46.177197 13 12 46.187123 9300
    433 13 12 46.187156 13 12 46.197052 9300
    434 13 12 46.198751 13 12 46.210256 9300
    435 13 12 46.207957 13 12 46.219160 9300
    436 13 12 46.218071 13 12 46.228732 9300
    437 13 12 46.227206 13 12 46.238050 9300
    438 13 12 46.237848 13 12 46.247307 9300
    439 13 12 46.247245 13 12 46.256678 9300
    440 13 12 46.257109 13 12 46.266998 9300
    441 13 12 46.267107 13 12 46.276471 9300
    442 13 12 46.277174 13 12 46.286625 9300
    443 13 12 46.287185 13 12 46.297029 9300
    444 13 12 46.297136 13 12 46.306583 9300
    445 13 12 46.307104 13 12 46.316533 9300
    446 13 12 46.317109 13 12 46.326300 9300
    447 13 12 46.327103 13 12 46.336302 9300
    448 13 12 46.337102 13 12 46.346372 9300
    449 13 12 46.347105 13 12 46.356288 9300
    450 13 12 46.357106 13 12 46.372262 9300
    451 13 12 46.367106 13 12 46.380096 9300
    452 13 12 46.377108 13 12 46.387914 9300
    453 13 12 46.387109 13 12 46.396306 9300
    454 13 12 46.397106 13 12 46.406441 9300
    455 13 12 46.407409 13 12 46.417374 9300
    456 13 12 46.417301 13 12 46.426825 9300
    457 13 12 46.427160 13 12 46.436571 9300
    458 13 12 46.437108 13 12 46.446609 9300
    459 13 12 46.447150 13 12 46.456620 9300
    460 13 12 46.457127 13 12 46.466563 9300
    461 13 12 46.467145 13 12 46.476480 9300
    462 13 12 46.477175 13 12 46.486573 9300
    463 13 12 46.487172 13 12 46.496499 9300
    464 13 12 46.497166 13 12 46.506557 9300
    465 13 12 46.507187 13 12 46.516635 9300
    466 13 12 46.517170 13 12 46.526546 9300
    467 13 12 46.527107 13 12 46.536298 9300
    468 13 12 46.537106 13 12 46.546345 9300
    469 13 12 46.547117 13 12 46.556521 9300
    470 13 12 46.557166 13 12 46.566403 9300
    471 13 12 46.567113 13 12 46.576399 9300
    472 13 12 46.577133 13 12 46.586370 9300
    473 13 12 46.587116 13 12 46.596407 9300
    474 13 12 46.597107 13 12 46.607613 9300
    475 13 12 46.607519 13 12 46.617271 9300
    476 13 12 46.617206 13 12 46.627451 9300
    477 13 12 46.627386 13 12 46.637335 9300
    478 13 12 46.637262 13 12 46.647455 9300
    479 13 12 46.647119 13 12 46.656854 9300
    480 13 12 46.657245 13 12 46.667540 9300
    481 13 12 46.667340 13 12 46.677208 9300
    482 13 12 46.677245 13 12 46.687739 9300
    483 13 12 46.687241 13 12 46.697608 9300
    484 13 12 46.697223 13 12 46.706840 9300
    485 13 12 46.707740 13 12 46.717508 9300
    486 13 12 46.717331 13 12 46.727657 9300
    487 13 12 46.727164 13 12 46.736736 9300
    488 13 12 46.737259 13 12 46.747250 9300
    489 13 12 46.747081 13 12 46.757708 9300
    490 13 12 46.757452 13 12 46.769086 9300
    491 13 12 46.767498 13 12 46.778441 9300
    492 13 12 46.777380 13 12 46.787390 9300
    493 13 12 46.787277 13 12 46.796657 9300
    494 13 12 46.797117 13 12 46.806547 9300
    495 13 12 46.807265 13 12 46.817436 9300
    496 13 12 46.817109 13 12 46.826616 9300
    497 13 12 46.827648 13 12 46.837474 9300
    498 13 12 46.837282 13 12 46.847825 9300
    499 13 12 46.847169 13 12 46.856670 9300
    500 13 12 46.857179 13 12 46.873424 9300
    501 13 12 46.867173 13 12 46.881430 9300
    502 13 12 46.877329 13 12 46.888840 9300
    503 13 12 46.887146 13 12 46.897494 9300
    504 13 12 46.897537 13 12 46.907583 9300
    505 13 12 46.907187 13 12 46.917445 9300
    506 13 12 46.917163 13 12 46.927413 9300
    507 13 12 46.927225 13 12 46.936878 9300
    508 13 12 46.937179 13 12 46.946621 9300
    509 13 12 46.947183 13 12 46.956586 9300
    510 13 12 46.957096 13 12 46.966552 9300
    511 13 12 46.967163 13 12 46.976661 9300
    512 13 12 46.977198 13 12 46.986569 9300
    513 13 12 46.987194 13 12 46.997362 9300
    514 13 12 46.997098 13 12 47.006613 9300
    515 13 12 47.007202 13 12 47.018478 9300
    516 13 12 47.017209 13 12 47.027627 9300
    517 13 12 47.027543 13 12 47.037832 9300
    518 13 12 47.037210 13 12 47.046951 9300
    519 13 12 47.047356 13 12 47.056914 9300
    520 13 12 47.057187 13 12 47.066662 9300
    521 13 12 47.067205 13 12 47.077281 9300
    522 13 12 47.077106 13 12 47.086308 9300
    523 13 12 47.087110 13 12 47.096403 9300
    524 13 12 47.097175 13 12 47.107760 9300
    525 13 12 47.107174 13 12 47.116576 9300
    526 13 12 47.117159 13 12 47.126674 9300
    527 13 12 47.127107 13 12 47.136538 9300
    528 13 12 47.137166 13 12 47.146580 9300
    529 13 12 47.147128 13 12 47.156709 9300
    530 13 12 47.157207 13 12 47.166547 9300
    531 13 12 47.167163 13 12 47.176685 9300
    532 13 12 47.177109 13 12 47.186354 9300
    533 13 12 47.187117 13 12 47.196300 9300
    534 13 12 47.197105 13 12 47.206690 9300
    535 13 12 47.207171 13 12 47.216889 9300
    536 13 12 47.217115 13 12 47.227195 9300
    537 13 12 47.227133 13 12 47.236621 9300
    538 13 12 47.237172 13 12 47.246552 9300
    539 13 12 47.247168 13 12 47.256481 9300
    540 13 12 47.257108 13 12 47.266409 9300
    541 13 12 47.267110 13 12 47.276277 9300
    542 13 12 47.277102 13 12 47.286284 9300
    543 13 12 47.287131 13 12 47.296446 9300
    544 13 12 47.297182 13 12 47.306764 9300
    545 13 12 47.307200 13 12 47.316611 9300
    546 13 12 47.317104 13 12 47.327480 9300
    547 13 12 47.327184 13 12 47.336520 9300
    548 13 12 47.337167 13 12 47.346553 9300
    549 13 12 47.347174 13 12 47.356546 9300
    550 13 12 47.357173 13 12 47.372481 9300
    551 13 12 47.367556 13 12 47.380353 9300
    552 13 12 47.377249 13 12 47.388123 9300
    553 13 12 47.387078 13 12 47.396375 9300
    554 13 12 47.397111 13 12 47.406353 9300
    555 13 12 47.407156 13 12 47.417040 9300
    556 13 12 47.417161 13 12 47.426752 9300
    557 13 12 47.427157 13 12 47.436512 9300
    558 13 12 47.437167 13 12 47.446590 9300
    559 13 12 47.447163 13 12 47.456484 9300
    560 13 12 47.457106 13 12 47.466310 9300
    561 13 12 47.467106 13 12 47.476295 9300
    562 13 12 47.477102 13 12 47.486294 9300
    563 13 12 47.487104 13 12 47.497205 9300
    564 13 12 47.497137 13 12 47.507452 9300
    565 13 12 47.507196 13 12 47.516540 9300
    566 13 12 47.517135 13 12 47.527507 9300
    567 13 12 47.527259 13 12 47.537063 9300
    568 13 12 47.537263 13 12 47.547611 9300
    569 13 12 47.547387 13 12 47.557335 9300
    570 13 12 47.557267 13 12 47.567751 9300
    571 13 12 47.567689 13 12 47.577283 9300
    572 13 12 47.577227 13 12 47.586826 9300
    573 13 12 47.587108 13 12 47.596789 9300
    574 13 12 47.597276 13 12 47.607891 9300
    575 13 12 47.607148 13 12 47.616970 9300
    576 13 12 47.617195 13 12 47.628689 9300
    577 13 12 47.627073 13 12 47.638094 9300
    578 13 12 47.637211 13 12 47.647311 9300
    579 13 12 47.647171 13 12 47.656514 9300
    580 13 12 47.657131 13 12 47.666755 9300
    581 13 12 47.667222 13 12 47.676800 9300
    582 13 12 47.677177 13 12 47.686621 9300
    583 13 12 47.687111 13 12 47.696421 9300
    584 13 12 47.697107 13 12 47.706353 9300
    585 13 12 47.707129 13 12 47.716386 9300
    586 13 12 47.717106 13 12 47.726301 9300
    587 13 12 47.727108 13 12 47.737307 9300
    588 13 12 47.737164 13 12 47.746622 9300
    589 13 12 47.747126 13 12 47.756678 9300
    590 13 12 47.757182 13 12 47.766497 9300
    591 13 12 47.767127 13 12 47.776594 9300
    592 13 12 47.777166 13 12 47.786591 9300
    593 13 12 47.787185 13 12 47.796624 9300
    594 13 12 47.797175 13 12 47.806596 9300
    595 13 12 47.807377 13 12 47.816906 9300
    596 13 12 47.817183 13 12 47.826811 9300
    597 13 12 47.827137 13 12 47.836613 9300
    598 13 12 47.837170 13 12 47.846615 9300
    599 13 12 47.847178 13 12 47.856588 9300
    600 13 12 47.857126 13 12 47.872290 9300
    601 13 12 47.867150 13 12 47.880118 9300
    602 13 12 47.877108 13 12 47.887954 9300
    603 13 12 47.887107 13 12 47.896307 9300
    604 13 12 47.897105 13 12 47.906393 9300
    605 13 12 47.907105 13 12 47.916291 9300
    606 13 12 47.917104 13 12 47.926304 9300
    607 13 12 47.927089 13 12 47.937266 9300
    608 13 12 47.937204 13 12 47.946474 9300
    609 13 12 47.947118 13 12 47.957323 9300
    610 13 12 47.957228 13 12 47.966684 9300
    611 13 12 47.967103 13 12 47.976629 9300
    612 13 12 47.977196 13 12 47.987378 9300
    613 13 12 47.987265 13 12 47.996926 9300
    614 13 12 47.997140 13 12 48.006979 9300
    615 13 12 48.007193 13 12 48.017465 9300
    616 13 12 48.017397 13 12 48.028342 9300
    617 13 12 48.027188 13 12 48.036757 9300
    618 13 12 48.037182 13 12 48.046630 9300
    619 13 12 48.047111 13 12 48.056517 9300
    620 13 12 48.057110 13 12 48.066555 9300
    621 13 12 48.067241 13 12 48.076627 9300
    622 13 12 48.077064 13 12 48.086320 9300
    623 13 12 48.087125 13 12 48.097523 9300
    624 13 12 48.097163 13 12 48.106532 9300
    625 13 12 48.107132 13 12 48.116418 9300
    626 13 12 48.117111 13 12 48.126378 9300
    627 13 12 48.127138 13 12 48.137213 9300
    628 13 12 48.137033 13 12 48.146841 9300
    629 13 12 48.147281 13 12 48.157352 9300
    630 13 12 48.157254 13 12 48.166755 9300
    631 13 12 48.167226 13 12 48.176934 9300
    632 13 12 48.178001 13 12 48.187551 9300
    633 13 12 48.187212 13 12 48.197704 9300
    634 13 12 48.197256 13 12 48.206985 9300
    635 13 12 48.207180 13 12 48.216709 9300
    636 13 12 48.217182 13 12 48.227046 9300
    637 13 12 48.227122 13 12 48.236775 9300
    638 13 12 48.237279 13 12 48.246893 9300
    639 13 12 48.247112 13 12 48.256447 9300
    640 13 12 48.257125 13 12 48.266530 9300
    641 13 12 48.267183 13 12 48.276510 9300
    642 13 12 48.277110 13 12 48.286388 9300
    643 13 12 48.287106 13 12 48.296368 9300
    644 13 12 48.297105 13 12 48.306288 9300
    645 13 12 48.307107 13 12 48.316360 9300
    646 13 12 48.317112 13 12 48.326352 9300
    647 13 12 48.327129 13 12 48.336469 9300
    648 13 12 48.337113 13 12 48.347217 9300
    649 13 12 48.347146 13 12 48.356724 9300
    650 13 12 48.357283 13 12 48.372956 9300
    651 13 12 48.367243 13 12 48.380833 9300
    652 13 12 48.377197 13 12 48.388725 9300
    653 13 12 48.387132 13 12 48.396790 9300
    654 13 12 48.397198 13 12 48.406638 9300
    655 13 12 48.407173 13 12 48.417130 9300
    656 13 12 48.417741 13 12 48.428465 9300
    657 13 12 48.427241 13 12 48.436715 9300
    658 13 12 48.437151 13 12 48.448900 9300
    659 13 12 48.448312 13 12 48.458072 9300
    660 13 12 48.457199 13 12 48.467377 9300
    661 13 12 48.467309 13 12 48.476722 9300
    662 13 12 48.477173 13 12 48.486527 9300
    663 13 12 48.487112 13 12 48.496338 9300
    664 13 12 48.497106 13 12 48.506312 9300
    665 13 12 48.507117 13 12 48.516359 9300
    666 13 12 48.517119 13 12 48.526448 9300
    667 13 12 48.527121 13 12 48.536347 9300
    668 13 12 48.537115 13 12 48.546348 9300
    669 13 12 48.547117 13 12 48.570089 9300
    670 13 12 48.566460 13 12 48.578761 9300
    671 13 12 48.567275 13 12 48.585228 9300
    672 13 12 48.577199 13 12 48.593501 9300
    673 13 12 48.587180 13 12 48.600799 9300
    674 13 12 48.597172 13 12 48.609163 9300
    675 13 12 48.607179 13 12 48.617392 9300
    676 13 12 48.617030 13 12 48.627657 9300
    677 13 12 48.627299 13 12 48.636639 9300
    678 13 12 48.637149 13 12 48.646549 9300
    679 13 12 48.648057 13 12 48.658462 9300
    680 13 12 48.657314 13 12 48.667419 9300
    681 13 12 48.667316 13 12 48.677329 9300
    682 13 12 48.677258 13 12 48.686765 9300
    683 13 12 48.687303 13 12 48.697183 9300
    684 13 12 48.697116 13 12 48.706324 9300
    685 13 12 48.707107 13 12 48.716360 9300
    686 13 12 48.717106 13 12 48.726322 9300
    687 13 12 48.727120 13 12 48.736401 9300
    688 13 12 48.737135 13 12 48.746454 9300
    689 13 12 48.747137 13 12 48.756411 9300
    690 13 12 48.757116 13 12 48.766348 9300
    691 13 12 48.767114 13 12 48.776322 9300
    692 13 12 48.777113 13 12 48.786327 9300
    693 13 12 48.787115 13 12 48.796382 9300
    694 13 12 48.797173 13 12 48.807039 9300
    695 13 12 48.807161 13 12 48.817317 9300
    696 13 12 48.817241 13 12 48.827154 9300
    697 13 12 48.827196 13 12 48.837302 9300
    698 13 12 48.837234 13 12 48.846693 9300
    699 13 12 48.847180 13 12 48.858001 9300
    700 13 12 48.857376 13 12 48.872911 9300
    701 13 12 48.867190 13 12 48.880764 9300
    702 13 12 48.877122 13 12 48.888421 9300
    703 13 12 48.887202 13 12 48.896839 9300
    704 13 12 48.897159 13 12 48.907395 9300
    705 13 12 48.907172 13 12 48.916474 9300
    706 13 12 48.917091 13 12 48.926268 9300
    707 13 12 48.927110 13 12 48.936335 9300
    708 13 12 48.937103 13 12 48.946294 9300
    709 13 12 48.947105 13 12 48.957267 9300
    710 13 12 48.957085 13 12 48.966315 9300
    711 13 12 48.967108 13 12 48.976295 9300
    712 13 12 48.977106 13 12 48.986438 9300
    713 13 12 48.987112 13 12 48.996290 9300
    714 13 12 48.997104 13 12 49.006297 9300
    715 13 12 49.007103 13 12 49.017418 9300
    716 13 12 49.017355 13 12 49.028320 9300
    717 13 12 49.027819 13 12 49.037289 9300
    718 13 12 49.037145 13 12 49.046751 9300
    719 13 12 49.047338 13 12 49.057358 9300
    720 13 12 49.057296 13 12 49.066879 9300
    721 13 12 49.067219 13 12 49.077050 9300
    722 13 12 49.077137 13 12 49.087339 9300
    723 13 12 49.087257 13 12 49.096772 9300
    724 13 12 49.097150 13 12 49.106610 9300
    725 13 12 49.107129 13 12 49.117632 9300
    726 13 12 49.117171 13 12 49.126384 9300
    727 13 12 49.127186 13 12 49.136414 9300
    728 13 12 49.137103 13 12 49.146301 9300
    729 13 12 49.147109 13 12 49.156337 9300
    730 13 12 49.157108 13 12 49.166316 9300
    731 13 12 49.167107 13 12 49.176611 9300
    732 13 12 49.177112 13 12 49.186303 9300
    733 13 12 49.187106 13 12 49.196317 9300
    734 13 12 49.197108 13 12 49.206313 9300
    735 13 12 49.207107 13 12 49.216628 9300
    736 13 12 49.217410 13 12 49.226947 9300
    737 13 12 49.227578 13 12 49.238159 9300
    738 13 12 49.237698 13 12 49.247253 9300
    739 13 12 49.247196 13 12 49.256599 9300
    740 13 12 49.257184 13 12 49.266551 9300
    741 13 12 49.267105 13 12 49.277053 9300
    742 13 12 49.277175 13 12 49.286526 9300
    743 13 12 49.287174 13 12 49.296511 9300
    744 13 12 49.297147 13 12 49.306534 9300
    745 13 12 49.307170 13 12 49.316473 9300
    746 13 12 49.317163 13 12 49.327440 9300
    747 13 12 49.327337 13 12 49.337316 9300
    748 13 12 49.337119 13 12 49.346341 9300
    749 13 12 49.347115 13 12 49.356352 9300
    750 13 12 49.357117 13 12 49.372478 9300
    751 13 12 49.367114 13 12 49.380122 9300
    752 13 12 49.377142 13 12 49.387923 9300
    753 13 12 49.387110 13 12 49.396309 9300
    754 13 12 49.397108 13 12 49.406319 9300
    755 13 12 49.407105 13 12 49.417085 9300
    756 13 12 49.417444 13 12 49.428052 9300
    757 13 12 49.427202 13 12 49.436630 9300
    758 13 12 49.437122 13 12 49.446750 9300
    759 13 12 49.447133 13 12 49.457189 9300
    760 13 12 49.457121 13 12 49.466506 9300
    761 13 12 49.467131 13 12 49.476433 9300
    762 13 12 49.477196 13 12 49.487358 9300
    763 13 12 49.487239 13 12 49.496608 9300
    764 13 12 49.497180 13 12 49.506646 9300
    765 13 12 49.507095 13 12 49.516719 9300
    766 13 12 49.517192 13 12 49.527642 9300
    767 13 12 49.527175 13 12 49.536866 9300
    768 13 12 49.537216 13 12 49.548198 9300
    769 13 12 49.547181 13 12 49.556593 9300
    770 13 12 49.557228 13 12 49.566572 9300
    771 13 12 49.567168 13 12 49.576532 9300
    772 13 12 49.577106 13 12 49.588679 9300
    773 13 12 49.588090 13 12 49.597423 9300
    774 13 12 49.597121 13 12 49.606321 9300
    775 13 12 49.607123 13 12 49.616838 9300
    776 13 12 49.617446 13 12 49.628580 9300
    777 13 12 49.627402 13 12 49.636831 9300
    778 13 12 49.637175 13 12 49.646577 9300
    779 13 12 49.647109 13 12 49.656550 9300
    780 13 12 49.657167 13 12 49.667220 9300
    781 13 12 49.667152 13 12 49.677253 9300
    782 13 12 49.677191 13 12 49.686441 9300
    783 13 12 49.687105 13 12 49.697637 9300
    784 13 12 49.697533 13 12 49.707329 9300
    785 13 12 49.707267 13 12 49.717902 9300
    786 13 12 49.717238 13 12 49.726914 9300
    787 13 12 49.727181 13 12 49.736637 9300
    788 13 12 49.737203 13 12 49.746774 9300
    789 13 12 49.747177 13 12 49.757330 9300
    790 13 12 49.757216 13 12 49.766522 9300
    791 13 12 49.767113 13 12 49.776327 9300
    792 13 12 49.777110 13 12 49.786321 9300
    793 13 12 49.787109 13 12 49.796357 9300
    794 13 12 49.797133 13 12 49.806399 9300
    795 13 12 49.807113 13 12 49.817388 9300
    796 13 12 49.817259 13 12 49.828184 9300
    797 13 12 49.827232 13 12 49.836705 9300
    798 13 12 49.837144 13 12 49.846764 9300
    799 13 12 49.847293 13 12 49.857314 9300
    800 13 12 49.857239 13 12 49.872985 9300
    801 13 12 49.867913 13 12 49.881132 9300
    802 13 12 49.877133 13 12 49.888651 9300
    803 13 12 49.887146 13 12 49.896588 9300
    804 13 12 49.897737 13 12 49.907631 9300
    805 13 12 49.907266 13 12 49.916801 9300
    806 13 12 49.917203 13 12 49.926709 9300
    807 13 12 49.927132 13 12 49.936545 9300
    808 13 12 49.937195 13 12 49.946646 9300
    809 13 12 49.947206 13 12 49.956788 9300
    810 13 12 49.957256 13 12 49.966836 9300
    811 13 12 49.967185 13 12 49.976655 9300
    812 13 12 49.977164 13 12 49.987150 9300
    813 13 12 49.987087 13 12 49.996499 9300
    814 13 12 49.997106 13 12 50.006298 9300
    815 13 12 50.007103 13 12 50.017283 9300
    816 13 12 50.017249 13 12 50.027208 9300
    817 13 12 50.027147 13 12 50.036720 9300
    818 13 12 50.037171 13 12 50.046605 9300
    819 13 12 50.047162 13 12 50.056863 9300
    820 13 12 50.057113 13 12 50.066473 9300
    821 13 12 50.067109 13 12 50.076303 9300
    822 13 12 50.077105 13 12 50.087986 9300
    823 13 12 50.087107 13 12 50.096947 9300
    824 13 12 50.097126 13 12 50.107736 9300
    825 13 12 50.107103 13 12 50.117339 9300
    826 13 12 50.117134 13 12 50.126537 9300
    827 13 12 50.127128 13 12 50.136578 9300
    828 13 12 50.137182 13 12 50.146557 9300
    829 13 12 50.147171 13 12 50.156554 9300
    830 13 12 50.157164 13 12 50.166578 9300
    831 13 12 50.167169 13 12 50.176740 9300
    832 13 12 50.177112 13 12 50.186315 9300
    833 13 12 50.187105 13 12 50.196285 9300
    834 13 12 50.197104 13 12 50.206310 9300
    835 13 12 50.207104 13 12 50.217264 9300
    836 13 12 50.217249 13 12 50.228250 9300
    837 13 12 50.227811 13 12 50.237391 9300
    838 13 12 50.237169 13 12 50.246696 9300
    839 13 12 50.247165 13 12 50.256649 9300
    840 13 12 50.257174 13 12 50.266610 9300
    841 13 12 50.267107 13 12 50.276296 9300
    842 13 12 50.277090 13 12 50.287433 9300
    843 13 12 50.287103 13 12 50.297110 9300
    844 13 12 50.297137 13 12 50.307088 9300
    845 13 12 50.307144 13 12 50.316639 9300
    846 13 12 50.317177 13 12 50.326573 9300
    847 13 12 50.327173 13 12 50.336514 9300
    848 13 12 50.337105 13 12 50.346561 9300
    849 13 12 50.347171 13 12 50.356574 9300
    850 13 12 50.357168 13 12 50.372836 9300
    851 13 12 50.367170 13 12 50.380873 9300
    852 13 12 50.377164 13 12 50.388050 9300
    853 13 12 50.387115 13 12 50.396318 9300
    854 13 12 50.397105 13 12 50.406278 9300
    855 13 12 50.407105 13 12 50.417355 9300
    856 13 12 50.417071 13 12 50.427388 9300
    857 13 12 50.427135 13 12 50.436607 9300
    858 13 12 50.437171 13 12 50.446775 9300
    859 13 12 50.447110 13 12 50.456406 9300
    860 13 12 50.457168 13 12 50.466734 9300
    861 13 12 50.467976 13 12 50.477336 9300
    862 13 12 50.477116 13 12 50.487273 9300
    863 13 12 50.487110 13 12 50.496420 9300
    864 13 12 50.497317 13 12 50.507634 9300
    865 13 12 50.507170 13 12 50.516567 9300
    866 13 12 50.518054 13 12 50.527413 9300
    867 13 12 50.527129 13 12 50.537354 9300
    868 13 12 50.537197 13 12 50.547764 9300
    869 13 12 50.547165 13 12 50.556604 9300
    870 13 12 50.557177 13 12 50.566580 9300
    871 13 12 50.567169 13 12 50.576652 9300
    872 13 12 50.577174 13 12 50.587057 9300
    873 13 12 50.587116 13 12 50.596317 9300
    874 13 12 50.597129 13 12 50.607435 9300
    875 13 12 50.607111 13 12 50.617178 9300
    876 13 12 50.617111 13 12 50.627327 9300
    877 13 12 50.627186 13 12 50.638733 9300
    878 13 12 50.638454 13 12 50.648091 9300
    879 13 12 50.647193 13 12 50.656728 9300
    880 13 12 50.657173 13 12 50.666600 9300
    881 13 12 50.667124 13 12 50.676366 9300
    882 13 12 50.677114 13 12 50.686331 9300
    883 13 12 50.687120 13 12 50.696441 9300
    884 13 12 50.697170 13 12 50.707611 9300
    885 13 12 50.707175 13 12 50.716703 9300
    886 13 12 50.717146 13 12 50.726560 9300
    887 13 12 50.727142 13 12 50.736660 9300
    888 13 12 50.737229 13 12 50.746944 9300
    889 13 12 50.747222 13 12 50.756790 9300
    890 13 12 50.757184 13 12 50.766657 9300
    891 13 12 50.767178 13 12 50.776777 9300
    892 13 12 50.777166 13 12 50.786482 9300
    893 13 12 50.787109 13 12 50.796317 9300
    894 13 12 50.797136 13 12 50.806367 9300
    895 13 12 50.807113 13 12 50.817405 9300
    896 13 12 50.817289 13 12 50.827598 9300
    897 13 12 50.827173 13 12 50.836741 9300
    898 13 12 50.837142 13 12 50.846651 9300
    899 13 12 50.847163 13 12 50.856540 9300
    900 13 12 50.857126 13 12 50.872342 9300
    901 13 12 50.867113 13 12 50.880214 9300
    902 13 12 50.877068 13 12 50.887993 9300
    903 13 12 50.887109 13 12 50.896363 9300
    904 13 12 50.897179 13 12 50.907774 9300
    905 13 12 50.907218 13 12 50.917484 9300
    906 13 12 50.917197 13 12 50.926788 9300
    907 13 12 50.927129 13 12 50.936554 9300
    908 13 12 50.937128 13 12 50.946666 9300
    909 13 12 50.947173 13 12 50.956758 9300
    910 13 12 50.957121 13 12 50.966470 9300
    911 13 12 50.967159 13 12 50.977187 9300
    912 13 12 50.977128 13 12 50.986454 9300
    913 13 12 50.987107 13 12 50.996307 9300
    914 13 12 50.997106 13 12 51.006307 9300
    915 13 12 51.007106 13 12 51.016485 9300
    916 13 12 51.017346 13 12 51.026888 9300
    917 13 12 51.027180 13 12 51.036867 9300
    918 13 12 51.037173 13 12 51.046658 9300
    919 13 12 51.047170 13 12 51.056638 9300
    920 13 12 51.057195 13 12 51.066509 9300
    921 13 12 51.067107 13 12 51.076292 9300
    922 13 12 51.077105 13 12 51.086331 9300
    923 13 12 51.087108 13 12 51.096330 9300
    924 13 12 51.097197 13 12 51.107925 9300
    925 13 12 51.107278 13 12 51.116616 9300
    926 13 12 51.117213 13 12 51.126803 9300
    927 13 12 51.127133 13 12 51.137363 9300
    928 13 12 51.137140 13 12 51.147570 9300
    929 13 12 51.147339 13 12 51.157128 9300
    930 13 12 51.157172 13 12 51.175817 9300
    931 13 12 51.176031 13 12 51.185971 9300
    932 13 12 51.177101 13 12 51.193249 9300
    933 13 12 51.187246 13 12 51.201689 9300
    934 13 12 51.197665 13 12 51.209425 9300
    935 13 12 51.207898 13 12 51.218116 9300
    936 13 12 51.218021 13 12 51.228616 9300
    937 13 12 51.227212 13 12 51.237478 9300
    938 13 12 51.237200 13 12 51.246726 9300
    939 13 12 51.247182 13 12 51.256571 9300
    940 13 12 51.257201 13 12 51.266646 9300
    941 13 12 51.267133 13 12 51.276355 9300
    942 13 12 51.277118 13 12 51.291094 9300
    943 13 12 51.289031 13 12 51.300274 9300
    944 13 12 51.297905 13 12 51.309237 9300
    945 13 12 51.308123 13 12 51.318831 9300
    946 13 12 51.317149 13 12 51.327083 9300
    947 13 12 51.327142 13 12 51.336599 9300
    948 13 12 51.337175 13 12 51.347386 9300
    949 13 12 51.347320 13 12 51.356830 9300
    950 13 12 51.357242 13 12 51.372720 9300
    951 13 12 51.367193 13 12 51.380668 9300
    952 13 12 51.377138 13 12 51.389001 9300
    953 13 12 51.387946 13 12 51.397483 9300
    954 13 12 51.397168 13 12 51.406559 9300
    955 13 12 51.407111 13 12 51.416519 9300
    956 13 12 51.417388 13 12 51.427798 9300
    957 13 12 51.427171 13 12 51.437277 9300
    958 13 12 51.437181 13 12 51.446582 9300
    959 13 12 51.447153 13 12 51.456496 9300
    960 13 12 51.457165 13 12 51.466667 9300
    961 13 12 51.467106 13 12 51.476308 9300
    962 13 12 51.477103 13 12 51.487346 9300
    963 13 12 51.487104 13 12 51.496313 9300
    964 13 12 51.497104 13 12 51.506286 9300
    965 13 12 51.507114 13 12 51.518161 9300
    966 13 12 51.517153 13 12 51.528576 9300
    967 13 12 51.527219 13 12 51.536732 9300
    968 13 12 51.537132 13 12 51.546562 9300
    969 13 12 51.547193 13 12 51.556781 9300
    970 13 12 51.557183 13 12 51.566553 9300
    971 13 12 51.567106 13 12 51.576532 9300
    972 13 12 51.577165 13 12 51.586573 9300
    973 13 12 51.587169 13 12 51.596634 9300
    974 13 12 51.597168 13 12 51.606558 9300
    975 13 12 51.607109 13 12 51.617331 9300
    976 13 12 51.617120 13 12 51.627470 9300
    977 13 12 51.627234 13 12 51.636701 9300
    978 13 12 51.637158 13 12 51.646560 9300
    979 13 12 51.647170 13 12 51.657477 9300
    980 13 12 51.657412 13 12 51.666822 9300
    981 13 12 51.667115 13 12 51.676330 9300
    982 13 12 51.677104 13 12 51.686393 9300
    983 13 12 51.687106 13 12 51.696294 9300
    984 13 12 51.697105 13 12 51.706350 9300
    985 13 12 51.707101 13 12 51.718066 9300
    986 13 12 51.717790 13 12 51.727333 9300
    987 13 12 51.727187 13 12 51.737287 9300
    988 13 12 51.737192 13 12 51.746630 9300
    989 13 12 51.747188 13 12 51.756608 9300
    990 13 12 51.757184 13 12 51.766595 9300
    991 13 12 51.767183 13 12 51.776713 9300
    992 13 12 51.777208 13 12 51.786684 9300
    993 13 12 51.787126 13 12 51.796401 9300
    994 13 12 51.797106 13 12 51.806296 9300
    995 13 12 51.807104 13 12 51.816431 9300
    996 13 12 51.817191 13 12 51.828032 9300
    997 13 12 51.827215 13 12 51.836748 9300
    998 13 12 51.837162 13 12 51.846635 9300
    999 13 12 51.847171 13 12 51.856532 9300
   1000 13 12 51.857171 13 12 51.872523 9300
