      1 13 10 3.734598 13 10 3.734598 8000
      2 13 10 3.744685 13 10 3.744685 8000
      3 13 10 3.754744 13 10 3.754744 8000
      4 13 10 3.764685 13 10 3.764685 8000
      5 13 10 3.775039 13 10 3.775039 8000
      6 13 10 3.784756 13 10 3.784756 8000
      7 13 10 3.794673 13 10 3.794673 8000
      8 13 10 3.804714 13 10 3.804714 8000
      9 13 10 3.814764 13 10 3.814764 8000
     10 13 10 3.824759 13 10 3.824759 8000
     11 13 10 3.834748 13 10 3.834748 8000
     12 13 10 3.844752 13 10 3.844752 8000
     13 13 10 3.854696 13 10 3.854696 8000
     14 13 10 3.864701 13 10 3.864701 8000
     15 13 10 3.874702 13 10 3.874702 8000
     16 13 10 3.884700 13 10 3.884700 8000
     17 13 10 3.894712 13 10 3.894712 8000
     18 13 10 3.904719 13 10 3.904719 8000
     19 13 10 3.914718 13 10 3.914718 8000
     20 13 10 3.924694 13 10 3.924694 8000
     21 13 10 3.934782 13 10 3.934782 8000
     22 13 10 3.944812 13 10 3.944812 8000
     23 13 10 3.954836 13 10 3.954836 8000
     24 13 10 3.964764 13 10 3.964764 8000
     25 13 10 3.975407 13 10 3.975407 8000
     26 13 10 3.984773 13 10 3.984773 8000
     27 13 10 3.994714 13 10 3.994714 8000
     28 13 10 4.004768 13 10 4.004768 8000
     29 13 10 4.014763 13 10 4.014763 8000
     30 13 10 4.024756 13 10 4.024756 8000
     31 13 10 4.034754 13 10 4.034754 8000
     32 13 10 4.044760 13 10 4.044760 8000
     33 13 10 4.054729 13 10 4.054729 8000
     34 13 10 4.064697 13 10 4.064697 8000
     35 13 10 4.074720 13 10 4.074720 8000
     36 13 10 4.084699 13 10 4.084699 8000
     37 13 10 4.094700 13 10 4.094700 8000
     38 13 10 4.104686 13 10 4.104686 8000
     39 13 10 4.114724 13 10 4.114724 8000
     40 13 10 4.124709 13 10 4.124709 8000
     41 13 10 4.134781 13 10 4.134781 8000
     42 13 10 4.144757 13 10 4.144757 8000
     43 13 10 4.154767 13 10 4.154767 8000
     44 13 10 4.164756 13 10 4.164756 8000
     45 13 10 4.175328 13 10 4.175328 8000
     46 13 10 4.184827 13 10 4.184827 8000
     47 13 10 4.194695 13 10 4.194695 8000
     48 13 10 4.204787 13 10 4.204787 8000
     49 13 10 4.214781 13 10 4.214781 8000
     50 13 10 4.224775 13 10 4.224775 8000
     51 13 10 4.234760 13 10 4.234760 8000
     52 13 10 4.244807 13 10 4.244807 8000
     53 13 10 4.254762 13 10 4.254762 8000
     54 13 10 4.264695 13 10 4.264695 8000
     55 13 10 4.274718 13 10 4.274718 8000
     56 13 10 4.284697 13 10 4.284697 8000
     57 13 10 4.294697 13 10 4.294697 8000
     58 13 10 4.304697 13 10 4.304697 8000
     59 13 10 4.314696 13 10 4.314696 8000
     60 13 10 4.324861 13 10 4.324861 8000
     61 13 10 4.334759 13 10 4.334759 8000
     62 13 10 4.344706 13 10 4.344706 8000
     63 13 10 4.354807 13 10 4.354807 8000
     64 13 10 4.364758 13 10 4.364758 8000
     65 13 10 4.374661 13 10 4.374661 8000
     66 13 10 4.384845 13 10 4.384845 8000
     67 13 10 4.394800 13 10 4.394800 8000
     68 13 10 4.404697 13 10 4.404697 8000
     69 13 10 4.414691 13 10 4.414691 8000
     70 13 10 4.424788 13 10 4.424788 8000
     71 13 10 4.434713 13 10 4.434713 8000
     72 13 10 4.444809 13 10 4.444809 8000
     73 13 10 4.454718 13 10 4.454718 8000
     74 13 10 4.464823 13 10 4.464823 8000
     75 13 10 4.474743 13 10 4.474743 8000
     76 13 10 4.484744 13 10 4.484744 8000
     77 13 10 4.494671 13 10 4.494671 8000
     78 13 10 4.504742 13 10 4.504742 8000
     79 13 10 4.514700 13 10 4.514700 8000
     80 13 10 4.524809 13 10 4.524809 8000
     81 13 10 4.534766 13 10 4.534766 8000
     82 13 10 4.544725 13 10 4.544725 8000
     83 13 10 4.554707 13 10 4.554707 8000
     84 13 10 4.564726 13 10 4.564726 8000
     85 13 10 4.574727 13 10 4.574727 8000
     86 13 10 4.584787 13 10 4.584787 8000
     87 13 10 4.594680 13 10 4.594680 8000
     88 13 10 4.604745 13 10 4.604745 8000
     89 13 10 4.614726 13 10 4.614726 8000
     90 13 10 4.624762 13 10 4.624762 8000
     91 13 10 4.634718 13 10 4.634718 8000
     92 13 10 4.644760 13 10 4.644760 8000
     93 13 10 4.654696 13 10 4.654696 8000
     94 13 10 4.664696 13 10 4.664696 8000
     95 13 10 4.674693 13 10 4.674693 8000
     96 13 10 4.684715 13 10 4.684715 8000
     97 13 10 4.694653 13 10 4.694653 8000
     98 13 10 4.704728 13 10 4.704728 8000
     99 13 10 4.714712 13 10 4.714712 8000
    100 13 10 4.724762 13 10 4.724762 8000
    101 13 10 4.734769 13 10 4.734769 8000
    102 13 10 4.744704 13 10 4.744704 8000
    103 13 10 4.754763 13 10 4.754763 8000
    104 13 10 4.764770 13 10 4.764770 8000
    105 13 10 4.774754 13 10 4.774754 8000
    106 13 10 4.785358 13 10 4.785358 8000
    107 13 10 4.794767 13 10 4.794767 8000
    108 13 10 4.804801 13 10 4.804801 8000
    109 13 10 4.814762 13 10 4.814762 8000
    110 13 10 4.824626 13 10 4.824626 8000
    111 13 10 4.834692 13 10 4.834692 8000
    112 13 10 4.844779 13 10 4.844779 8000
    113 13 10 4.854808 13 10 4.854808 8000
    114 13 10 4.865079 13 10 4.865079 8000
    115 13 10 4.874703 13 10 4.874703 8000
    116 13 10 4.884699 13 10 4.884699 8000
    117 13 10 4.894693 13 10 4.894693 8000
    118 13 10 4.904712 13 10 4.904712 8000
    119 13 10 4.914678 13 10 4.914678 8000
    120 13 10 4.924722 13 10 4.924722 8000
    121 13 10 4.934654 13 10 4.934654 8000
    122 13 10 4.944731 13 10 4.944731 8000
    123 13 10 4.954720 13 10 4.954720 8000
    124 13 10 4.964761 13 10 4.964761 8000
    125 13 10 4.974814 13 10 4.974814 8000
    126 13 10 4.984808 13 10 4.984808 8000
    127 13 10 4.995439 13 10 4.995439 8000
    128 13 10 5.004737 13 10 5.004737 8000
    129 13 10 5.014757 13 10 5.014757 8000
    130 13 10 5.024756 13 10 5.024756 8000
    131 13 10 5.034697 13 10 5.034697 8000
    132 13 10 5.044757 13 10 5.044757 8000
    133 13 10 5.054700 13 10 5.054700 8000
    134 13 10 5.064699 13 10 5.064699 8000
    135 13 10 5.074718 13 10 5.074718 8000
    136 13 10 5.084700 13 10 5.084700 8000
    137 13 10 5.094669 13 10 5.094669 8000
    138 13 10 5.104687 13 10 5.104687 8000
    139 13 10 5.114716 13 10 5.114716 8000
    140 13 10 5.124742 13 10 5.124742 8000
    141 13 10 5.134706 13 10 5.134706 8000
    142 13 10 5.144779 13 10 5.144779 8000
    143 13 10 5.154767 13 10 5.154767 8000
    144 13 10 5.164702 13 10 5.164702 8000
    145 13 10 5.174706 13 10 5.174706 8000
    146 13 10 5.184783 13 10 5.184783 8000
    147 13 10 5.194759 13 10 5.194759 8000
    148 13 10 5.204715 13 10 5.204715 8000
    149 13 10 5.214910 13 10 5.214910 8000
    150 13 10 5.224772 13 10 5.224772 8000
    151 13 10 5.234778 13 10 5.234778 8000
    152 13 10 5.244913 13 10 5.244913 8000
    153 13 10 5.254710 13 10 5.254710 8000
    154 13 10 5.264701 13 10 5.264701 8000
    155 13 10 5.274715 13 10 5.274715 8000
    156 13 10 5.284698 13 10 5.284698 8000
    157 13 10 5.294761 13 10 5.294761 8000
    158 13 10 5.304751 13 10 5.304751 8000
    159 13 10 5.314699 13 10 5.314699 8000
    160 13 10 5.324792 13 10 5.324792 8000
    161 13 10 5.334762 13 10 5.334762 8000
    162 13 10 5.344763 13 10 5.344763 8000
    163 13 10 5.354730 13 10 5.354730 8000
    164 13 10 5.364719 13 10 5.364719 8000
    165 13 10 5.374689 13 10 5.374689 8000
    166 13 10 5.384768 13 10 5.384768 8000
    167 13 10 5.394753 13 10 5.394753 8000
    168 13 10 5.404773 13 10 5.404773 8000
    169 13 10 5.414744 13 10 5.414744 8000
    170 13 10 5.424774 13 10 5.424774 8000
    171 13 10 5.434762 13 10 5.434762 8000
    172 13 10 5.444695 13 10 5.444695 8000
    173 13 10 5.454712 13 10 5.454712 8000
    174 13 10 5.464699 13 10 5.464699 8000
    175 13 10 5.474772 13 10 5.474772 8000
    176 13 10 5.484701 13 10 5.484701 8000
    177 13 10 5.494698 13 10 5.494698 8000
    178 13 10 5.504698 13 10 5.504698 8000
    179 13 10 5.514708 13 10 5.514708 8000
    180 13 10 5.524744 13 10 5.524744 8000
    181 13 10 5.534764 13 10 5.534764 8000
    182 13 10 5.544760 13 10 5.544760 8000
    183 13 10 5.554757 13 10 5.554757 8000
    184 13 10 5.564765 13 10 5.564765 8000
    185 13 10 5.574719 13 10 5.574719 8000
    186 13 10 5.584756 13 10 5.584756 8000
    187 13 10 5.594704 13 10 5.594704 8000
    188 13 10 5.604759 13 10 5.604759 8000
    189 13 10 5.614763 13 10 5.614763 8000
    190 13 10 5.624755 13 10 5.624755 8000
    191 13 10 5.634779 13 10 5.634779 8000
    192 13 10 5.644759 13 10 5.644759 8000
    193 13 10 5.654695 13 10 5.654695 8000
    194 13 10 5.664697 13 10 5.664697 8000
    195 13 10 5.674656 13 10 5.674656 8000
    196 13 10 5.684699 13 10 5.684699 8000
    197 13 10 5.694699 13 10 5.694699 8000
    198 13 10 5.704697 13 10 5.704697 8000
    199 13 10 5.714719 13 10 5.714719 8000
    200 13 10 5.724814 13 10 5.724814 8000
    201 13 10 5.734763 13 10 5.734763 8000
    202 13 10 5.744792 13 10 5.744792 8000
    203 13 10 5.754763 13 10 5.754763 8000
    204 13 10 5.764772 13 10 5.764772 8000
    205 13 10 5.774773 13 10 5.774773 8000
    206 13 10 5.785152 13 10 5.785152 8000
    207 13 10 5.794779 13 10 5.794779 8000
    208 13 10 5.804764 13 10 5.804764 8000
    209 13 10 5.814764 13 10 5.814764 8000
    210 13 10 5.824702 13 10 5.824702 8000
    211 13 10 5.834760 13 10 5.834760 8000
    212 13 10 5.844695 13 10 5.844695 8000
    213 13 10 5.854703 13 10 5.854703 8000
    214 13 10 5.864711 13 10 5.864711 8000
    215 13 10 5.874704 13 10 5.874704 8000
    216 13 10 5.884751 13 10 5.884751 8000
    217 13 10 5.894728 13 10 5.894728 8000
    218 13 10 5.904704 13 10 5.904704 8000
    219 13 10 5.914712 13 10 5.914712 8000
    220 13 10 5.924859 13 10 5.924859 8000
    221 13 10 5.934771 13 10 5.934771 8000
    222 13 10 5.944773 13 10 5.944773 8000
    223 13 10 5.954841 13 10 5.954841 8000
    224 13 10 5.964764 13 10 5.964764 8000
    225 13 10 5.974800 13 10 5.974800 8000
    226 13 10 5.985681 13 10 5.985681 8000
    227 13 10 5.995416 13 10 5.995416 8000
    228 13 10 6.004768 13 10 6.004768 8000
    229 13 10 6.014763 13 10 6.014763 8000
    230 13 10 6.024764 13 10 6.024764 8000
    231 13 10 6.034766 13 10 6.034766 8000
    232 13 10 6.044878 13 10 6.044878 8000
    233 13 10 6.054758 13 10 6.054758 8000
    234 13 10 6.064744 13 10 6.064744 8000
    235 13 10 6.074837 13 10 6.074837 8000
    236 13 10 6.084706 13 10 6.084706 8000
    237 13 10 6.094712 13 10 6.094712 8000
    238 13 10 6.104709 13 10 6.104709 8000
    239 13 10 6.114710 13 10 6.114710 8000
    240 13 10 6.124703 13 10 6.124703 8000
    241 13 10 6.134770 13 10 6.134770 8000
    242 13 10 6.144758 13 10 6.144758 8000
    243 13 10 6.154759 13 10 6.154759 8000
    244 13 10 6.164799 13 10 6.164799 8000
    245 13 10 6.174719 13 10 6.174719 8000
    246 13 10 6.184700 13 10 6.184700 8000
    247 13 10 6.194797 13 10 6.194797 8000
    248 13 10 6.204755 13 10 6.204755 8000
    249 13 10 6.214757 13 10 6.214757 8000
    250 13 10 6.224756 13 10 6.224756 8000
    251 13 10 6.234785 13 10 6.234785 8000
    252 13 10 6.244809 13 10 6.244809 8000
    253 13 10 6.254703 13 10 6.254703 8000
    254 13 10 6.264746 13 10 6.264746 8000
    255 13 10 6.274686 13 10 6.274686 8000
    256 13 10 6.284685 13 10 6.284685 8000
    257 13 10 6.294684 13 10 6.294684 8000
    258 13 10 6.304683 13 10 6.304683 8000
    259 13 10 6.314684 13 10 6.314684 8000
    260 13 10 6.324696 13 10 6.324696 8000
    261 13 10 6.334700 13 10 6.334700 8000
    262 13 10 6.344700 13 10 6.344700 8000
    263 13 10 6.354716 13 10 6.354716 8000
    264 13 10 6.364757 13 10 6.364757 8000
    265 13 10 6.374813 13 10 6.374813 8000
    266 13 10 6.384732 13 10 6.384732 8000
    267 13 10 6.394765 13 10 6.394765 8000
    268 13 10 6.404856 13 10 6.404856 8000
    269 13 10 6.414761 13 10 6.414761 8000
    270 13 10 6.424758 13 10 6.424758 8000
    271 13 10 6.434701 13 10 6.434701 8000
    272 13 10 6.444755 13 10 6.444755 8000
    273 13 10 6.454761 13 10 6.454761 8000
    274 13 10 6.464920 13 10 6.464920 8000
    275 13 10 6.474700 13 10 6.474700 8000
    276 13 10 6.484702 13 10 6.484702 8000
    277 13 10 6.494708 13 10 6.494708 8000
    278 13 10 6.504699 13 10 6.504699 8000
    279 13 10 6.514725 13 10 6.514725 8000
    280 13 10 6.524709 13 10 6.524709 8000
    281 13 10 6.534792 13 10 6.534792 8000
    282 13 10 6.544761 13 10 6.544761 8000
    283 13 10 6.554758 13 10 6.554758 8000
    284 13 10 6.564783 13 10 6.564783 8000
    285 13 10 6.574700 13 10 6.574700 8000
    286 13 10 6.584756 13 10 6.584756 8000
    287 13 10 6.594763 13 10 6.594763 8000
    288 13 10 6.604765 13 10 6.604765 8000
    289 13 10 6.614789 13 10 6.614789 8000
    290 13 10 6.624793 13 10 6.624793 8000
    291 13 10 6.634825 13 10 6.634825 8000
    292 13 10 6.644752 13 10 6.644752 8000
    293 13 10 6.654759 13 10 6.654759 8000
    294 13 10 6.664768 13 10 6.664768 8000
    295 13 10 6.674712 13 10 6.674712 8000
    296 13 10 6.684686 13 10 6.684686 8000
    297 13 10 6.694708 13 10 6.694708 8000
    298 13 10 6.704707 13 10 6.704707 8000
    299 13 10 6.714659 13 10 6.714659 8000
    300 13 10 6.724698 13 10 6.724698 8000
    301 13 10 6.734753 13 10 6.734753 8000
    302 13 10 6.744743 13 10 6.744743 8000
    303 13 10 6.754764 13 10 6.754764 8000
    304 13 10 6.764777 13 10 6.764777 8000
    305 13 10 6.774763 13 10 6.774763 8000
    306 13 10 6.784721 13 10 6.784721 8000
    307 13 10 6.794755 13 10 6.794755 8000
    308 13 10 6.804763 13 10 6.804763 8000
    309 13 10 6.814763 13 10 6.814763 8000
    310 13 10 6.824766 13 10 6.824766 8000
    311 13 10 6.834780 13 10 6.834780 8000
    312 13 10 6.844698 13 10 6.844698 8000
    313 13 10 6.854696 13 10 6.854696 8000
    314 13 10 6.864715 13 10 6.864715 8000
    315 13 10 6.874710 13 10 6.874710 8000
    316 13 10 6.884788 13 10 6.884788 8000
    317 13 10 6.894700 13 10 6.894700 8000
    318 13 10 6.904716 13 10 6.904716 8000
    319 13 10 6.914699 13 10 6.914699 8000
    320 13 10 6.924700 13 10 6.924700 8000
    321 13 10 6.934736 13 10 6.934736 8000
    322 13 10 6.944789 13 10 6.944789 8000
    323 13 10 6.954698 13 10 6.954698 8000
    324 13 10 6.964766 13 10 6.964766 8000
    325 13 10 6.974757 13 10 6.974757 8000
    326 13 10 6.985000 13 10 6.985000 8000
    327 13 10 6.995003 13 10 6.995003 8000
    328 13 10 7.004731 13 10 7.004731 8000
    329 13 10 7.014757 13 10 7.014757 8000
    330 13 10 7.024760 13 10 7.024760 8000
    331 13 10 7.034760 13 10 7.034760 8000
    332 13 10 7.044849 13 10 7.044849 8000
    333 13 10 7.054751 13 10 7.054751 8000
    334 13 10 7.064759 13 10 7.064759 8000
    335 13 10 7.074760 13 10 7.074760 8000
    336 13 10 7.084694 13 10 7.084694 8000
    337 13 10 7.094674 13 10 7.094674 8000
    338 13 10 7.104683 13 10 7.104683 8000
    339 13 10 7.114686 13 10 7.114686 8000
    340 13 10 7.124685 13 10 7.124685 8000
    341 13 10 7.134704 13 10 7.134704 8000
    342 13 10 7.144776 13 10 7.144776 8000
    343 13 10 7.154665 13 10 7.154665 8000
    344 13 10 7.164767 13 10 7.164767 8000
    345 13 10 7.174858 13 10 7.174858 8000
    346 13 10 7.184688 13 10 7.184688 8000
    347 13 10 7.194735 13 10 7.194735 8000
    348 13 10 7.204787 13 10 7.204787 8000
    349 13 10 7.214794 13 10 7.214794 8000
    350 13 10 7.224714 13 10 7.224714 8000
    351 13 10 7.234746 13 10 7.234746 8000
    352 13 10 7.244735 13 10 7.244735 8000
    353 13 10 7.254853 13 10 7.254853 8000
    354 13 10 7.264770 13 10 7.264770 8000
    355 13 10 7.274760 13 10 7.274760 8000
    356 13 10 7.284697 13 10 7.284697 8000
    357 13 10 7.294702 13 10 7.294702 8000
    358 13 10 7.304699 13 10 7.304699 8000
    359 13 10 7.314699 13 10 7.314699 8000
    360 13 10 7.324700 13 10 7.324700 8000
    361 13 10 7.335340 13 10 7.335340 8000
    362 13 10 7.344720 13 10 7.344720 8000
    363 13 10 7.354696 13 10 7.354696 8000
    364 13 10 7.364741 13 10 7.364741 8000
    365 13 10 7.374698 13 10 7.374698 8000
    366 13 10 7.384713 13 10 7.384713 8000
    367 13 10 7.394771 13 10 7.394771 8000
    368 13 10 7.404771 13 10 7.404771 8000
    369 13 10 7.414760 13 10 7.414760 8000
    370 13 10 7.424725 13 10 7.424725 8000
    371 13 10 7.434762 13 10 7.434762 8000
    372 13 10 7.444768 13 10 7.444768 8000
    373 13 10 7.454760 13 10 7.454760 8000
    374 13 10 7.464692 13 10 7.464692 8000
    375 13 10 7.474704 13 10 7.474704 8000
    376 13 10 7.484728 13 10 7.484728 8000
    377 13 10 7.494703 13 10 7.494703 8000
    378 13 10 7.504699 13 10 7.504699 8000
    379 13 10 7.514696 13 10 7.514696 8000
    380 13 10 7.524719 13 10 7.524719 8000
    381 13 10 7.534808 13 10 7.534808 8000
    382 13 10 7.552111 13 10 7.552111 8000
    383 13 10 7.554769 13 10 7.554769 8000
    384 13 10 7.564697 13 10 7.564697 8000
    385 13 10 7.574834 13 10 7.574834 8000
    386 13 10 7.584768 13 10 7.584768 8000
    387 13 10 7.594714 13 10 7.594714 8000
    388 13 10 7.604777 13 10 7.604777 8000
    389 13 10 7.614763 13 10 7.614763 8000
    390 13 10 7.624754 13 10 7.624754 8000
    391 13 10 7.634762 13 10 7.634762 8000
    392 13 10 7.644714 13 10 7.644714 8000
    393 13 10 7.654753 13 10 7.654753 8000
    394 13 10 7.664693 13 10 7.664693 8000
    395 13 10 7.674782 13 10 7.674782 8000
    396 13 10 7.684694 13 10 7.684694 8000
    397 13 10 7.694696 13 10 7.694696 8000
    398 13 10 7.704768 13 10 7.704768 8000
    399 13 10 7.714699 13 10 7.714699 8000
    400 13 10 7.724699 13 10 7.724699 8000
    401 13 10 7.734759 13 10 7.734759 8000
    402 13 10 7.744779 13 10 7.744779 8000
    403 13 10 7.754759 13 10 7.754759 8000
    404 13 10 7.764763 13 10 7.764763 8000
    405 13 10 7.774706 13 10 7.774706 8000
    406 13 10 7.784816 13 10 7.784816 8000
    407 13 10 7.794767 13 10 7.794767 8000
    408 13 10 7.804749 13 10 7.804749 8000
    409 13 10 7.814719 13 10 7.814719 8000
    410 13 10 7.824891 13 10 7.824891 8000
    411 13 10 7.834839 13 10 7.834839 8000
    412 13 10 7.844770 13 10 7.844770 8000
    413 13 10 7.854829 13 10 7.854829 8000
    414 13 10 7.864706 13 10 7.864706 8000
    415 13 10 7.874702 13 10 7.874702 8000
    416 13 10 7.884700 13 10 7.884700 8000
    417 13 10 7.894713 13 10 7.894713 8000
    418 13 10 7.904723 13 10 7.904723 8000
    419 13 10 7.914711 13 10 7.914711 8000
    420 13 10 7.924719 13 10 7.924719 8000
    421 13 10 7.934922 13 10 7.934922 8000
    422 13 10 7.944752 13 10 7.944752 8000
    423 13 10 7.954779 13 10 7.954779 8000
    424 13 10 7.964749 13 10 7.964749 8000
    425 13 10 7.974763 13 10 7.974763 8000
    426 13 10 7.984752 13 10 7.984752 8000
    427 13 10 7.994767 13 10 7.994767 8000
    428 13 10 8.004749 13 10 8.004749 8000
    429 13 10 8.014789 13 10 8.014789 8000
    430 13 10 8.024758 13 10 8.024758 8000
    431 13 10 8.034753 13 10 8.034753 8000
    432 13 10 8.044752 13 10 8.044752 8000
    433 13 10 8.054762 13 10 8.054762 8000
    434 13 10 8.065236 13 10 8.065236 8000
    435 13 10 8.074697 13 10 8.074697 8000
    436 13 10 8.084695 13 10 8.084695 8000
    437 13 10 8.094685 13 10 8.094685 8000
    438 13 10 8.104698 13 10 8.104698 8000
    439 13 10 8.114699 13 10 8.114699 8000
    440 13 10 8.124698 13 10 8.124698 8000
    441 13 10 8.134684 13 10 8.134684 8000
    442 13 10 8.144814 13 10 8.144814 8000
    443 13 10 8.154807 13 10 8.154807 8000
    444 13 10 8.164797 13 10 8.164797 8000
    445 13 10 8.174789 13 10 8.174789 8000
    446 13 10 8.184675 13 10 8.184675 8000
    447 13 10 8.194798 13 10 8.194798 8000
    448 13 10 8.204750 13 10 8.204750 8000
    449 13 10 8.214886 13 10 8.214886 8000
    450 13 10 8.224830 13 10 8.224830 8000
    451 13 10 8.234754 13 10 8.234754 8000
    452 13 10 8.244925 13 10 8.244925 8000
    453 13 10 8.254758 13 10 8.254758 8000
    454 13 10 8.264786 13 10 8.264786 8000
    455 13 10 8.274699 13 10 8.274699 8000
    456 13 10 8.284710 13 10 8.284710 8000
    457 13 10 8.294698 13 10 8.294698 8000
    458 13 10 8.304702 13 10 8.304702 8000
    459 13 10 8.314705 13 10 8.314705 8000
    460 13 10 8.324697 13 10 8.324697 8000
    461 13 10 8.334689 13 10 8.334689 8000
    462 13 10 8.344711 13 10 8.344711 8000
    463 13 10 8.354765 13 10 8.354765 8000
    464 13 10 8.364784 13 10 8.364784 8000
    465 13 10 8.374701 13 10 8.374701 8000
    466 13 10 8.384696 13 10 8.384696 8000
    467 13 10 8.394766 13 10 8.394766 8000
    468 13 10 8.404759 13 10 8.404759 8000
    469 13 10 8.414695 13 10 8.414695 8000
    470 13 10 8.424768 13 10 8.424768 8000
    471 13 10 8.434760 13 10 8.434760 8000
    472 13 10 8.444772 13 10 8.444772 8000
    473 13 10 8.454762 13 10 8.454762 8000
    474 13 10 8.464767 13 10 8.464767 8000
    475 13 10 8.474697 13 10 8.474697 8000
    476 13 10 8.484709 13 10 8.484709 8000
    477 13 10 8.494723 13 10 8.494723 8000
    478 13 10 8.504699 13 10 8.504699 8000
    479 13 10 8.514715 13 10 8.514715 8000
    480 13 10 8.524699 13 10 8.524699 8000
    481 13 10 8.534763 13 10 8.534763 8000
    482 13 10 8.544720 13 10 8.544720 8000
    483 13 10 8.554760 13 10 8.554760 8000
    484 13 10 8.564769 13 10 8.564769 8000
    485 13 10 8.574797 13 10 8.574797 8000
    486 13 10 8.584733 13 10 8.584733 8000
    487 13 10 8.594761 13 10 8.594761 8000
    488 13 10 8.604962 13 10 8.604962 8000
    489 13 10 8.614758 13 10 8.614758 8000
    490 13 10 8.624762 13 10 8.624762 8000
    491 13 10 8.634757 13 10 8.634757 8000
    492 13 10 8.644759 13 10 8.644759 8000
    493 13 10 8.654761 13 10 8.654761 8000
    494 13 10 8.664695 13 10 8.664695 8000
    495 13 10 8.674697 13 10 8.674697 8000
    496 13 10 8.684696 13 10 8.684696 8000
    497 13 10 8.694699 13 10 8.694699 8000
    498 13 10 8.704700 13 10 8.704700 8000
    499 13 10 8.714651 13 10 8.714651 8000
    500 13 10 8.724697 13 10 8.724697 8000
    501 13 10 8.734970 13 10 8.734970 8000
    502 13 10 8.744728 13 10 8.744728 8000
    503 13 10 8.754697 13 10 8.754697 8000
    504 13 10 8.764775 13 10 8.764775 8000
    505 13 10 8.774753 13 10 8.774753 8000
    506 13 10 8.784707 13 10 8.784707 8000
    507 13 10 8.794769 13 10 8.794769 8000
    508 13 10 8.804719 13 10 8.804719 8000
    509 13 10 8.814771 13 10 8.814771 8000
    510 13 10 8.824716 13 10 8.824716 8000
    511 13 10 8.834690 13 10 8.834690 8000
    512 13 10 8.844737 13 10 8.844737 8000
    513 13 10 8.854715 13 10 8.854715 8000
    514 13 10 8.864753 13 10 8.864753 8000
    515 13 10 8.874701 13 10 8.874701 8000
    516 13 10 8.887480 13 10 8.887480 8000
    517 13 10 8.894776 13 10 8.894776 8000
    518 13 10 8.904745 13 10 8.904745 8000
    519 13 10 8.914706 13 10 8.914706 8000
    520 13 10 8.924720 13 10 8.924720 8000
    521 13 10 8.935219 13 10 8.935219 8000
    522 13 10 8.944734 13 10 8.944734 8000
    523 13 10 8.954774 13 10 8.954774 8000
    524 13 10 8.964802 13 10 8.964802 8000
    525 13 10 8.974764 13 10 8.974764 8000
    526 13 10 8.984756 13 10 8.984756 8000
    527 13 10 8.994726 13 10 8.994726 8000
    528 13 10 9.004804 13 10 9.004804 8000
    529 13 10 9.014763 13 10 9.014763 8000
    530 13 10 9.024767 13 10 9.024767 8000
    531 13 10 9.034727 13 10 9.034727 8000
    532 13 10 9.044764 13 10 9.044764 8000
    533 13 10 9.054769 13 10 9.054769 8000
    534 13 10 9.064768 13 10 9.064768 8000
    535 13 10 9.074714 13 10 9.074714 8000
    536 13 10 9.084695 13 10 9.084695 8000
    537 13 10 9.094703 13 10 9.094703 8000
    538 13 10 9.104711 13 10 9.104711 8000
    539 13 10 9.114696 13 10 9.114696 8000
    540 13 10 9.124694 13 10 9.124694 8000
    541 13 10 9.135058 13 10 9.135058 8000
    542 13 10 9.144774 13 10 9.144774 8000
    543 13 10 9.154697 13 10 9.154697 8000
    544 13 10 9.164790 13 10 9.164790 8000
    545 13 10 9.174761 13 10 9.174761 8000
    546 13 10 9.184765 13 10 9.184765 8000
    547 13 10 9.194658 13 10 9.194658 8000
    548 13 10 9.204760 13 10 9.204760 8000
    549 13 10 9.214702 13 10 9.214702 8000
    550 13 10 9.224769 13 10 9.224769 8000
    551 13 10 9.234769 13 10 9.234769 8000
    552 13 10 9.244846 13 10 9.244846 8000
    553 13 10 9.254697 13 10 9.254697 8000
    554 13 10 9.264699 13 10 9.264699 8000
    555 13 10 9.274879 13 10 9.274879 8000
    556 13 10 9.284883 13 10 9.284883 8000
    557 13 10 9.294702 13 10 9.294702 8000
    558 13 10 9.304693 13 10 9.304693 8000
    559 13 10 9.314736 13 10 9.314736 8000
    560 13 10 9.324685 13 10 9.324685 8000
    561 13 10 9.335354 13 10 9.335354 8000
    562 13 10 9.344732 13 10 9.344732 8000
    563 13 10 9.354798 13 10 9.354798 8000
    564 13 10 9.364755 13 10 9.364755 8000
    565 13 10 9.374760 13 10 9.374760 8000
    566 13 10 9.384700 13 10 9.384700 8000
    567 13 10 9.394719 13 10 9.394719 8000
    568 13 10 9.404768 13 10 9.404768 8000
    569 13 10 9.414764 13 10 9.414764 8000
    570 13 10 9.424801 13 10 9.424801 8000
    571 13 10 9.434779 13 10 9.434779 8000
    572 13 10 9.444775 13 10 9.444775 8000
    573 13 10 9.454829 13 10 9.454829 8000
    574 13 10 9.464793 13 10 9.464793 8000
    575 13 10 9.474773 13 10 9.474773 8000
    576 13 10 9.484702 13 10 9.484702 8000
    577 13 10 9.494706 13 10 9.494706 8000
    578 13 10 9.504728 13 10 9.504728 8000
    579 13 10 9.514716 13 10 9.514716 8000
    580 13 10 9.524713 13 10 9.524713 8000
    581 13 10 9.534857 13 10 9.534857 8000
    582 13 10 9.544781 13 10 9.544781 8000
    583 13 10 9.554759 13 10 9.554759 8000
    584 13 10 9.564759 13 10 9.564759 8000
    585 13 10 9.574770 13 10 9.574770 8000
    586 13 10 9.584704 13 10 9.584704 8000
    587 13 10 9.595131 13 10 9.595131 8000
    588 13 10 9.604720 13 10 9.604720 8000
    589 13 10 9.614898 13 10 9.614898 8000
    590 13 10 9.624767 13 10 9.624767 8000
    591 13 10 9.634754 13 10 9.634754 8000
    592 13 10 9.644771 13 10 9.644771 8000
    593 13 10 9.654761 13 10 9.654761 8000
    594 13 10 9.664716 13 10 9.664716 8000
    595 13 10 9.674709 13 10 9.674709 8000
    596 13 10 9.684699 13 10 9.684699 8000
    597 13 10 9.694699 13 10 9.694699 8000
    598 13 10 9.704700 13 10 9.704700 8000
    599 13 10 9.714722 13 10 9.714722 8000
    600 13 10 9.724698 13 10 9.724698 8000
    601 13 10 9.734721 13 10 9.734721 8000
    602 13 10 9.745687 13 10 9.745687 8000
    603 13 10 9.754763 13 10 9.754763 8000
    604 13 10 9.764765 13 10 9.764765 8000
    605 13 10 9.774767 13 10 9.774767 8000
    606 13 10 9.784738 13 10 9.784738 8000
    607 13 10 9.794828 13 10 9.794828 8000
    608 13 10 9.804823 13 10 9.804823 8000
    609 13 10 9.818047 13 10 9.818047 8000
    610 13 10 9.827351 13 10 9.827351 8000
    611 13 10 9.835043 13 10 9.835043 8000
    612 13 10 9.844754 13 10 9.844754 8000
    613 13 10 9.854701 13 10 9.854701 8000
    614 13 10 9.864765 13 10 9.864765 8000
    615 13 10 9.874760 13 10 9.874760 8000
    616 13 10 9.884802 13 10 9.884802 8000
    617 13 10 9.894709 13 10 9.894709 8000
    618 13 10 9.904731 13 10 9.904731 8000
    619 13 10 9.914718 13 10 9.914718 8000
    620 13 10 9.924709 13 10 9.924709 8000
    621 13 10 9.934708 13 10 9.934708 8000
    622 13 10 9.945230 13 10 9.945230 8000
    623 13 10 9.954826 13 10 9.954826 8000
    624 13 10 9.964800 13 10 9.964800 8000
    625 13 10 9.974914 13 10 9.974914 8000
    626 13 10 9.985918 13 10 9.985918 8000
    627 13 10 9.994754 13 10 9.994754 8000
    628 13 10 10.004777 13 10 10.004777 8000
    629 13 10 10.014818 13 10 10.014818 8000
    630 13 10 10.024763 13 10 10.024763 8000
    631 13 10 10.034708 13 10 10.034708 8000
    632 13 10 10.044772 13 10 10.044772 8000
    633 13 10 10.055061 13 10 10.055061 8000
    634 13 10 10.064745 13 10 10.064745 8000
    635 13 10 10.074804 13 10 10.074804 8000
    636 13 10 10.084713 13 10 10.084713 8000
    637 13 10 10.094785 13 10 10.094785 8000
    638 13 10 10.104810 13 10 10.104810 8000
    639 13 10 10.114725 13 10 10.114725 8000
    640 13 10 10.124712 13 10 10.124712 8000
    641 13 10 10.134677 13 10 10.134677 8000
    642 13 10 10.144799 13 10 10.144799 8000
    643 13 10 10.154842 13 10 10.154842 8000
    644 13 10 10.165509 13 10 10.165509 8000
    645 13 10 10.174765 13 10 10.174765 8000
    646 13 10 10.184775 13 10 10.184775 8000
    647 13 10 10.194687 13 10 10.194687 8000
    648 13 10 10.204731 13 10 10.204731 8000
    649 13 10 10.214760 13 10 10.214760 8000
    650 13 10 10.224697 13 10 10.224697 8000
    651 13 10 10.234830 13 10 10.234830 8000
    652 13 10 10.244877 13 10 10.244877 8000
    653 13 10 10.254804 13 10 10.254804 8000
    654 13 10 10.264813 13 10 10.264813 8000
    655 13 10 10.274762 13 10 10.274762 8000
    656 13 10 10.284798 13 10 10.284798 8000
    657 13 10 10.294731 13 10 10.294731 8000
    658 13 10 10.304698 13 10 10.304698 8000
    659 13 10 10.314700 13 10 10.314700 8000
    660 13 10 10.324738 13 10 10.324738 8000
    661 13 10 10.334778 13 10 10.334778 8000
    662 13 10 10.344817 13 10 10.344817 8000
    663 13 10 10.354805 13 10 10.354805 8000
    664 13 10 10.365156 13 10 10.365156 8000
    665 13 10 10.374829 13 10 10.374829 8000
    666 13 10 10.384883 13 10 10.384883 8000
    667 13 10 10.394766 13 10 10.394766 8000
    668 13 10 10.404706 13 10 10.404706 8000
    669 13 10 10.414706 13 10 10.414706 8000
    670 13 10 10.424668 13 10 10.424668 8000
    671 13 10 10.435178 13 10 10.435178 8000
    672 13 10 10.445607 13 10 10.445607 8000
    673 13 10 10.454729 13 10 10.454729 8000
    674 13 10 10.464774 13 10 10.464774 8000
    675 13 10 10.475296 13 10 10.475296 8000
    676 13 10 10.484866 13 10 10.484866 8000
    677 13 10 10.494872 13 10 10.494872 8000
    678 13 10 10.505440 13 10 10.505440 8000
    679 13 10 10.514777 13 10 10.514777 8000
    680 13 10 10.524793 13 10 10.524793 8000
    681 13 10 10.535126 13 10 10.535126 8000
    682 13 10 10.544833 13 10 10.544833 8000
    683 13 10 10.554710 13 10 10.554710 8000
    684 13 10 10.564902 13 10 10.564902 8000
    685 13 10 10.574801 13 10 10.574801 8000
    686 13 10 10.584821 13 10 10.584821 8000
    687 13 10 10.594827 13 10 10.594827 8000
    688 13 10 10.604739 13 10 10.604739 8000
    689 13 10 10.614727 13 10 10.614727 8000
    690 13 10 10.624741 13 10 10.624741 8000
    691 13 10 10.634881 13 10 10.634881 8000
    692 13 10 10.644731 13 10 10.644731 8000
    693 13 10 10.654757 13 10 10.654757 8000
    694 13 10 10.664979 13 10 10.664979 8000
    695 13 10 10.674858 13 10 10.674858 8000
    696 13 10 10.684663 13 10 10.684663 8000
    697 13 10 10.694860 13 10 10.694860 8000
    698 13 10 10.704988 13 10 10.704988 8000
    699 13 10 10.714776 13 10 10.714776 8000
    700 13 10 10.724716 13 10 10.724716 8000
    701 13 10 10.735274 13 10 10.735274 8000
    702 13 10 10.744972 13 10 10.744972 8000
    703 13 10 10.754808 13 10 10.754808 8000
    704 13 10 10.764804 13 10 10.764804 8000
    705 13 10 10.774732 13 10 10.774732 8000
    706 13 10 10.785596 13 10 10.785596 8000
    707 13 10 10.794712 13 10 10.794712 8000
    708 13 10 10.804752 13 10 10.804752 8000
    709 13 10 10.814821 13 10 10.814821 8000
    710 13 10 10.824728 13 10 10.824728 8000
    711 13 10 10.834737 13 10 10.834737 8000
    712 13 10 10.844718 13 10 10.844718 8000
    713 13 10 10.854724 13 10 10.854724 8000
    714 13 10 10.864701 13 10 10.864701 8000
    715 13 10 10.874736 13 10 10.874736 8000
    716 13 10 10.884674 13 10 10.884674 8000
    717 13 10 10.895063 13 10 10.895063 8000
    718 13 10 10.904794 13 10 10.904794 8000
    719 13 10 10.914873 13 10 10.914873 8000
    720 13 10 10.924817 13 10 10.924817 8000
    721 13 10 10.934794 13 10 10.934794 8000
    722 13 10 10.944706 13 10 10.944706 8000
    723 13 10 10.954864 13 10 10.954864 8000
    724 13 10 10.964795 13 10 10.964795 8000
    725 13 10 10.974821 13 10 10.974821 8000
    726 13 10 10.984849 13 10 10.984849 8000
    727 13 10 10.994813 13 10 10.994813 8000
    728 13 10 11.004804 13 10 11.004804 8000
    729 13 10 11.014782 13 10 11.014782 8000
    730 13 10 11.024981 13 10 11.024981 8000
    731 13 10 11.034791 13 10 11.034791 8000
    732 13 10 11.044772 13 10 11.044772 8000
    733 13 10 11.054705 13 10 11.054705 8000
    734 13 10 11.064705 13 10 11.064705 8000
    735 13 10 11.074711 13 10 11.074711 8000
    736 13 10 11.084721 13 10 11.084721 8000
    737 13 10 11.094718 13 10 11.094718 8000
    738 13 10 11.104723 13 10 11.104723 8000
    739 13 10 11.115636 13 10 11.115636 8000
    740 13 10 11.124743 13 10 11.124743 8000
    741 13 10 11.134722 13 10 11.134722 8000
    742 13 10 11.144712 13 10 11.144712 8000
    743 13 10 11.155514 13 10 11.155514 8000
    744 13 10 11.164735 13 10 11.164735 8000
    745 13 10 11.174761 13 10 11.174761 8000
    746 13 10 11.184801 13 10 11.184801 8000
    747 13 10 11.194772 13 10 11.194772 8000
    748 13 10 11.204772 13 10 11.204772 8000
    749 13 10 11.214836 13 10 11.214836 8000
    750 13 10 11.224878 13 10 11.224878 8000
    751 13 10 11.234813 13 10 11.234813 8000
    752 13 10 11.244808 13 10 11.244808 8000
    753 13 10 11.254917 13 10 11.254917 8000
    754 13 10 11.264725 13 10 11.264725 8000
    755 13 10 11.274767 13 10 11.274767 8000
    756 13 10 11.284724 13 10 11.284724 8000
    757 13 10 11.294722 13 10 11.294722 8000
    758 13 10 11.304702 13 10 11.304702 8000
    759 13 10 11.314726 13 10 11.314726 8000
    760 13 10 11.324771 13 10 11.324771 8000
    761 13 10 11.334716 13 10 11.334716 8000
    762 13 10 11.344875 13 10 11.344875 8000
    763 13 10 11.354779 13 10 11.354779 8000
    764 13 10 11.364739 13 10 11.364739 8000
    765 13 10 11.374841 13 10 11.374841 8000
    766 13 10 11.384850 13 10 11.384850 8000
    767 13 10 11.394918 13 10 11.394918 8000
    768 13 10 11.405633 13 10 11.405633 8000
    769 13 10 11.414785 13 10 11.414785 8000
    770 13 10 11.425470 13 10 11.425470 8000
    771 13 10 11.434718 13 10 11.434718 8000
    772 13 10 11.444796 13 10 11.444796 8000
    773 13 10 11.455209 13 10 11.455209 8000
    774 13 10 11.464774 13 10 11.464774 8000
    775 13 10 11.474831 13 10 11.474831 8000
    776 13 10 11.485557 13 10 11.485557 8000
    777 13 10 11.494756 13 10 11.494756 8000
    778 13 10 11.504782 13 10 11.504782 8000
    779 13 10 11.514722 13 10 11.514722 8000
    780 13 10 11.524706 13 10 11.524706 8000
    781 13 10 11.534715 13 10 11.534715 8000
    782 13 10 11.544698 13 10 11.544698 8000
    783 13 10 11.554762 13 10 11.554762 8000
    784 13 10 11.564750 13 10 11.564750 8000
    785 13 10 11.574766 13 10 11.574766 8000
    786 13 10 11.584709 13 10 11.584709 8000
    787 13 10 11.594765 13 10 11.594765 8000
    788 13 10 11.604699 13 10 11.604699 8000
    789 13 10 11.614715 13 10 11.614715 8000
    790 13 10 11.624995 13 10 11.624995 8000
    791 13 10 11.634807 13 10 11.634807 8000
    792 13 10 11.644790 13 10 11.644790 8000
    793 13 10 11.654712 13 10 11.654712 8000
    794 13 10 11.664721 13 10 11.664721 8000
    795 13 10 11.674770 13 10 11.674770 8000
    796 13 10 11.684808 13 10 11.684808 8000
    797 13 10 11.694753 13 10 11.694753 8000
    798 13 10 11.704762 13 10 11.704762 8000
    799 13 10 11.714700 13 10 11.714700 8000
    800 13 10 11.724691 13 10 11.724691 8000
    801 13 10 11.734702 13 10 11.734702 8000
    802 13 10 11.744702 13 10 11.744702 8000
    803 13 10 11.754718 13 10 11.754718 8000
    804 13 10 11.764786 13 10 11.764786 8000
    805 13 10 11.774779 13 10 11.774779 8000
    806 13 10 11.784779 13 10 11.784779 8000
    807 13 10 11.794696 13 10 11.794696 8000
    808 13 10 11.804766 13 10 11.804766 8000
    809 13 10 11.814719 13 10 11.814719 8000
    810 13 10 11.824783 13 10 11.824783 8000
    811 13 10 11.834749 13 10 11.834749 8000
    812 13 10 11.844787 13 10 11.844787 8000
    813 13 10 11.854727 13 10 11.854727 8000
    814 13 10 11.864786 13 10 11.864786 8000
    815 13 10 11.874783 13 10 11.874783 8000
    816 13 10 11.884942 13 10 11.884942 8000
    817 13 10 11.894700 13 10 11.894700 8000
    818 13 10 11.904778 13 10 11.904778 8000
    819 13 10 11.914942 13 10 11.914942 8000
    820 13 10 11.924730 13 10 11.924730 8000
    821 13 10 11.934832 13 10 11.934832 8000
    822 13 10 11.944763 13 10 11.944763 8000
    823 13 10 11.954703 13 10 11.954703 8000
    824 13 10 11.964724 13 10 11.964724 8000
    825 13 10 11.974717 13 10 11.974717 8000
    826 13 10 11.984771 13 10 11.984771 8000
    827 13 10 11.994763 13 10 11.994763 8000
    828 13 10 12.004768 13 10 12.004768 8000
    829 13 10 12.014699 13 10 12.014699 8000
    830 13 10 12.024713 13 10 12.024713 8000
    831 13 10 12.034731 13 10 12.034731 8000
    832 13 10 12.044695 13 10 12.044695 8000
    833 13 10 12.055191 13 10 12.055191 8000
    834 13 10 12.064802 13 10 12.064802 8000
    835 13 10 12.074709 13 10 12.074709 8000
    836 13 10 12.084699 13 10 12.084699 8000
    837 13 10 12.094770 13 10 12.094770 8000
    838 13 10 12.104779 13 10 12.104779 8000
    839 13 10 12.114763 13 10 12.114763 8000
    840 13 10 12.124708 13 10 12.124708 8000
    841 13 10 12.134762 13 10 12.134762 8000
    842 13 10 12.144714 13 10 12.144714 8000
    843 13 10 12.154711 13 10 12.154711 8000
    844 13 10 12.164790 13 10 12.164790 8000
    845 13 10 12.174756 13 10 12.174756 8000
    846 13 10 12.184749 13 10 12.184749 8000
    847 13 10 12.194789 13 10 12.194789 8000
    848 13 10 12.204710 13 10 12.204710 8000
    849 13 10 12.214726 13 10 12.214726 8000
    850 13 10 12.224724 13 10 12.224724 8000
    851 13 10 12.234700 13 10 12.234700 8000
    852 13 10 12.244716 13 10 12.244716 8000
    853 13 10 12.255625 13 10 12.255625 8000
    854 13 10 12.264725 13 10 12.264725 8000
    855 13 10 12.274798 13 10 12.274798 8000
    856 13 10 12.284853 13 10 12.284853 8000
    857 13 10 12.295498 13 10 12.295498 8000
    858 13 10 12.305025 13 10 12.305025 8000
    859 13 10 12.314833 13 10 12.314833 8000
    860 13 10 12.324825 13 10 12.324825 8000
    861 13 10 12.334728 13 10 12.334728 8000
    862 13 10 12.344789 13 10 12.344789 8000
    863 13 10 12.354817 13 10 12.354817 8000
    864 13 10 12.364770 13 10 12.364770 8000
    865 13 10 12.374696 13 10 12.374696 8000
    866 13 10 12.384760 13 10 12.384760 8000
    867 13 10 12.394776 13 10 12.394776 8000
    868 13 10 12.404749 13 10 12.404749 8000
    869 13 10 12.414675 13 10 12.414675 8000
    870 13 10 12.424704 13 10 12.424704 8000
    871 13 10 12.434744 13 10 12.434744 8000
    872 13 10 12.444765 13 10 12.444765 8000
    873 13 10 12.454708 13 10 12.454708 8000
    874 13 10 12.464677 13 10 12.464677 8000
    875 13 10 12.474797 13 10 12.474797 8000
    876 13 10 12.484771 13 10 12.484771 8000
    877 13 10 12.494766 13 10 12.494766 8000
    878 13 10 12.504808 13 10 12.504808 8000
    879 13 10 12.514827 13 10 12.514827 8000
    880 13 10 12.524827 13 10 12.524827 8000
    881 13 10 12.534779 13 10 12.534779 8000
    882 13 10 12.544791 13 10 12.544791 8000
    883 13 10 12.554729 13 10 12.554729 8000
    884 13 10 12.564712 13 10 12.564712 8000
    885 13 10 12.574754 13 10 12.574754 8000
    886 13 10 12.584858 13 10 12.584858 8000
    887 13 10 12.594701 13 10 12.594701 8000
    888 13 10 12.604734 13 10 12.604734 8000
    889 13 10 12.614699 13 10 12.614699 8000
    890 13 10 12.624703 13 10 12.624703 8000
    891 13 10 12.634710 13 10 12.634710 8000
    892 13 10 12.644716 13 10 12.644716 8000
    893 13 10 12.654702 13 10 12.654702 8000
    894 13 10 12.664806 13 10 12.664806 8000
    895 13 10 12.674754 13 10 12.674754 8000
    896 13 10 12.684734 13 10 12.684734 8000
    897 13 10 12.694749 13 10 12.694749 8000
    898 13 10 12.704788 13 10 12.704788 8000
    899 13 10 12.714764 13 10 12.714764 8000
    900 13 10 12.724804 13 10 12.724804 8000
    901 13 10 12.734761 13 10 12.734761 8000
    902 13 10 12.744955 13 10 12.744955 8000
    903 13 10 12.754718 13 10 12.754718 8000
    904 13 10 12.764682 13 10 12.764682 8000
    905 13 10 12.774770 13 10 12.774770 8000
    906 13 10 12.784698 13 10 12.784698 8000
    907 13 10 12.794802 13 10 12.794802 8000
    908 13 10 12.804755 13 10 12.804755 8000
    909 13 10 12.814724 13 10 12.814724 8000
    910 13 10 12.824714 13 10 12.824714 8000
    911 13 10 12.834718 13 10 12.834718 8000
    912 13 10 12.844798 13 10 12.844798 8000
    913 13 10 12.854710 13 10 12.854710 8000
    914 13 10 12.865227 13 10 12.865227 8000
    915 13 10 12.874779 13 10 12.874779 8000
    916 13 10 12.884807 13 10 12.884807 8000
    917 13 10 12.894918 13 10 12.894918 8000
    918 13 10 12.904768 13 10 12.904768 8000
    919 13 10 12.914759 13 10 12.914759 8000
    920 13 10 12.924775 13 10 12.924775 8000
    921 13 10 12.934775 13 10 12.934775 8000
    922 13 10 12.944767 13 10 12.944767 8000
    923 13 10 12.954729 13 10 12.954729 8000
    924 13 10 12.964728 13 10 12.964728 8000
    925 13 10 12.974723 13 10 12.974723 8000
    926 13 10 12.984750 13 10 12.984750 8000
    927 13 10 12.994699 13 10 12.994699 8000
    928 13 10 13.004761 13 10 13.004761 8000
    929 13 10 13.014696 13 10 13.014696 8000
    930 13 10 13.024694 13 10 13.024694 8000
    931 13 10 13.034696 13 10 13.034696 8000
    932 13 10 13.044724 13 10 13.044724 8000
    933 13 10 13.054712 13 10 13.054712 8000
    934 13 10 13.064894 13 10 13.064894 8000
    935 13 10 13.074695 13 10 13.074695 8000
    936 13 10 13.084761 13 10 13.084761 8000
    937 13 10 13.094782 13 10 13.094782 8000
    938 13 10 13.104760 13 10 13.104760 8000
    939 13 10 13.114751 13 10 13.114751 8000
    940 13 10 13.124760 13 10 13.124760 8000
    941 13 10 13.134693 13 10 13.134693 8000
    942 13 10 13.144747 13 10 13.144747 8000
    943 13 10 13.154723 13 10 13.154723 8000
    944 13 10 13.164621 13 10 13.164621 8000
    945 13 10 13.174718 13 10 13.174718 8000
    946 13 10 13.184697 13 10 13.184697 8000
    947 13 10 13.194760 13 10 13.194760 8000
    948 13 10 13.204717 13 10 13.204717 8000
    949 13 10 13.214681 13 10 13.214681 8000
    950 13 10 13.224698 13 10 13.224698 8000
    951 13 10 13.234723 13 10 13.234723 8000
    952 13 10 13.244792 13 10 13.244792 8000
    953 13 10 13.254709 13 10 13.254709 8000
    954 13 10 13.264718 13 10 13.264718 8000
    955 13 10 13.274708 13 10 13.274708 8000
    956 13 10 13.284720 13 10 13.284720 8000
    957 13 10 13.294788 13 10 13.294788 8000
    958 13 10 13.304755 13 10 13.304755 8000
    959 13 10 13.314736 13 10 13.314736 8000
    960 13 10 13.324761 13 10 13.324761 8000
    961 13 10 13.334754 13 10 13.334754 8000
    962 13 10 13.344704 13 10 13.344704 8000
    963 13 10 13.354701 13 10 13.354701 8000
    964 13 10 13.364800 13 10 13.364800 8000
    965 13 10 13.374796 13 10 13.374796 8000
    966 13 10 13.384785 13 10 13.384785 8000
    967 13 10 13.394769 13 10 13.394769 8000
    968 13 10 13.404782 13 10 13.404782 8000
    969 13 10 13.414706 13 10 13.414706 8000
    970 13 10 13.424692 13 10 13.424692 8000
    971 13 10 13.434661 13 10 13.434661 8000
    972 13 10 13.444741 13 10 13.444741 8000
    973 13 10 13.454701 13 10 13.454701 8000
    974 13 10 13.464696 13 10 13.464696 8000
    975 13 10 13.474774 13 10 13.474774 8000
    976 13 10 13.484761 13 10 13.484761 8000
    977 13 10 13.494768 13 10 13.494768 8000
    978 13 10 13.504913 13 10 13.504913 8000
    979 13 10 13.514962 13 10 13.514962 8000
    980 13 10 13.524767 13 10 13.524767 8000
    981 13 10 13.534758 13 10 13.534758 8000
    982 13 10 13.544760 13 10 13.544760 8000
    983 13 10 13.554700 13 10 13.554700 8000
    984 13 10 13.564700 13 10 13.564700 8000
    985 13 10 13.574771 13 10 13.574771 8000
    986 13 10 13.584751 13 10 13.584751 8000
    987 13 10 13.594753 13 10 13.594753 8000
    988 13 10 13.604701 13 10 13.604701 8000
    989 13 10 13.614713 13 10 13.614713 8000
    990 13 10 13.624696 13 10 13.624696 8000
    991 13 10 13.634703 13 10 13.634703 8000
    992 13 10 13.644700 13 10 13.644700 8000
    993 13 10 13.654707 13 10 13.654707 8000
    994 13 10 13.664702 13 10 13.664702 8000
    995 13 10 13.674782 13 10 13.674782 8000
    996 13 10 13.684812 13 10 13.684812 8000
    997 13 10 13.694713 13 10 13.694713 8000
    998 13 10 13.704753 13 10 13.704753 8000
    999 13 10 13.714797 13 10 13.714797 8000
   1000 13 10 13.724752 13 10 13.724752 8000
