      1 13 2 46.887965 13 2 46.887965 8500
      2 13 2 46.898054 13 2 46.898054 8500
      3 13 2 46.908639 13 2 46.908639 8500
      4 13 2 46.918084 13 2 46.918084 8500
      5 13 2 46.928069 13 2 46.928069 8500
      6 13 2 46.938113 13 2 46.938113 8500
      7 13 2 46.948149 13 2 46.948149 8500
      8 13 2 46.958072 13 2 46.958072 8500
      9 13 2 46.968133 13 2 46.968133 8500
     10 13 2 46.978040 13 2 46.978040 8500
     11 13 2 46.988050 13 2 46.988050 8500
     12 13 2 46.998218 13 2 46.998218 8500
     13 13 2 47.008091 13 2 47.008091 8500
     14 13 2 47.018056 13 2 47.018056 8500
     15 13 2 47.028064 13 2 47.028064 8500
     16 13 2 47.038156 13 2 47.038156 8500
     17 13 2 47.048118 13 2 47.048118 8500
     18 13 2 47.058143 13 2 47.058143 8500
     19 13 2 47.068134 13 2 47.068134 8500
     20 13 2 47.078037 13 2 47.078037 8500
     21 13 2 47.088073 13 2 47.088073 8500
     22 13 2 47.098092 13 2 47.098092 8500
     23 13 2 47.108083 13 2 47.108083 8500
     24 13 2 47.118085 13 2 47.118085 8500
     25 13 2 47.128056 13 2 47.128056 8500
     26 13 2 47.138086 13 2 47.138086 8500
     27 13 2 47.148100 13 2 47.148100 8500
     28 13 2 47.158067 13 2 47.158067 8500
     29 13 2 47.168084 13 2 47.168084 8500
     30 13 2 47.178021 13 2 47.178021 8500
     31 13 2 47.188419 13 2 47.188419 8500
     32 13 2 47.198112 13 2 47.198112 8500
     33 13 2 47.208858 13 2 47.208858 8500
     34 13 2 47.218136 13 2 47.218136 8500
     35 13 2 47.228079 13 2 47.228079 8500
     36 13 2 47.238154 13 2 47.238154 8500
     37 13 2 47.248122 13 2 47.248122 8500
     38 13 2 47.258130 13 2 47.258130 8500
     39 13 2 47.268126 13 2 47.268126 8500
     40 13 2 47.278143 13 2 47.278143 8500
     41 13 2 47.288862 13 2 47.288862 8500
     42 13 2 47.298752 13 2 47.298752 8500
     43 13 2 47.308081 13 2 47.308081 8500
     44 13 2 47.318075 13 2 47.318075 8500
     45 13 2 47.328057 13 2 47.328057 8500
     46 13 2 47.338124 13 2 47.338124 8500
     47 13 2 47.348739 13 2 47.348739 8500
     48 13 2 47.358834 13 2 47.358834 8500
     49 13 2 47.368065 13 2 47.368065 8500
     50 13 2 47.378076 13 2 47.378076 8500
     51 13 2 47.388444 13 2 47.388444 8500
     52 13 2 47.398873 13 2 47.398873 8500
     53 13 2 47.408695 13 2 47.408695 8500
     54 13 2 47.418106 13 2 47.418106 8500
     55 13 2 47.428106 13 2 47.428106 8500
     56 13 2 47.438164 13 2 47.438164 8500
     57 13 2 47.448135 13 2 47.448135 8500
     58 13 2 47.458131 13 2 47.458131 8500
     59 13 2 47.468122 13 2 47.468122 8500
     60 13 2 47.478966 13 2 47.478966 8500
     61 13 2 47.488582 13 2 47.488582 8500
     62 13 2 47.498209 13 2 47.498209 8500
     63 13 2 47.508074 13 2 47.508074 8500
     64 13 2 47.518006 13 2 47.518006 8500
     65 13 2 47.528329 13 2 47.528329 8500
     66 13 2 47.538240 13 2 47.538240 8500
     67 13 2 47.548138 13 2 47.548138 8500
     68 13 2 47.558115 13 2 47.558115 8500
     69 13 2 47.568758 13 2 47.568758 8500
     70 13 2 47.578091 13 2 47.578091 8500
     71 13 2 47.588206 13 2 47.588206 8500
     72 13 2 47.598032 13 2 47.598032 8500
     73 13 2 47.608355 13 2 47.608355 8500
     74 13 2 47.618132 13 2 47.618132 8500
     75 13 2 47.628191 13 2 47.628191 8500
     76 13 2 47.638497 13 2 47.638497 8500
     77 13 2 47.648133 13 2 47.648133 8500
     78 13 2 47.658093 13 2 47.658093 8500
     79 13 2 47.668109 13 2 47.668109 8500
     80 13 2 47.678139 13 2 47.678139 8500
     81 13 2 47.688113 13 2 47.688113 8500
     82 13 2 47.698096 13 2 47.698096 8500
     83 13 2 47.708061 13 2 47.708061 8500
     84 13 2 47.718096 13 2 47.718096 8500
     85 13 2 47.728067 13 2 47.728067 8500
     86 13 2 47.738075 13 2 47.738075 8500
     87 13 2 47.748086 13 2 47.748086 8500
     88 13 2 47.758071 13 2 47.758071 8500
     89 13 2 47.768075 13 2 47.768075 8500
     90 13 2 47.778058 13 2 47.778058 8500
     91 13 2 47.788752 13 2 47.788752 8500
     92 13 2 47.798200 13 2 47.798200 8500
     93 13 2 47.808146 13 2 47.808146 8500
     94 13 2 47.818204 13 2 47.818204 8500
     95 13 2 47.828142 13 2 47.828142 8500
     96 13 2 47.838028 13 2 47.838028 8500
     97 13 2 47.848115 13 2 47.848115 8500
     98 13 2 47.858136 13 2 47.858136 8500
     99 13 2 47.868132 13 2 47.868132 8500
    100 13 2 47.878010 13 2 47.878010 8500
    101 13 2 47.888069 13 2 47.888069 8500
    102 13 2 47.898091 13 2 47.898091 8500
    103 13 2 47.908129 13 2 47.908129 8500
    104 13 2 47.918097 13 2 47.918097 8500
    105 13 2 47.928066 13 2 47.928066 8500
    106 13 2 47.938125 13 2 47.938125 8500
    107 13 2 47.948472 13 2 47.948472 8500
    108 13 2 47.958094 13 2 47.958094 8500
    109 13 2 47.968082 13 2 47.968082 8500
    110 13 2 47.978067 13 2 47.978067 8500
    111 13 2 47.988050 13 2 47.988050 8500
    112 13 2 47.998088 13 2 47.998088 8500
    113 13 2 48.008167 13 2 48.008167 8500
    114 13 2 48.018138 13 2 48.018138 8500
    115 13 2 48.028072 13 2 48.028072 8500
    116 13 2 48.038063 13 2 48.038063 8500
    117 13 2 48.048085 13 2 48.048085 8500
    118 13 2 48.058075 13 2 48.058075 8500
    119 13 2 48.068086 13 2 48.068086 8500
    120 13 2 48.078144 13 2 48.078144 8500
    121 13 2 48.088127 13 2 48.088127 8500
    122 13 2 48.098145 13 2 48.098145 8500
    123 13 2 48.108105 13 2 48.108105 8500
    124 13 2 48.118152 13 2 48.118152 8500
    125 13 2 48.128064 13 2 48.128064 8500
    126 13 2 48.138098 13 2 48.138098 8500
    127 13 2 48.148079 13 2 48.148079 8500
    128 13 2 48.158006 13 2 48.158006 8500
    129 13 2 48.168697 13 2 48.168697 8500
    130 13 2 48.178089 13 2 48.178089 8500
    131 13 2 48.188074 13 2 48.188074 8500
    132 13 2 48.198110 13 2 48.198110 8500
    133 13 2 48.208148 13 2 48.208148 8500
    134 13 2 48.218021 13 2 48.218021 8500
    135 13 2 48.228180 13 2 48.228180 8500
    136 13 2 48.238008 13 2 48.238008 8500
    137 13 2 48.248119 13 2 48.248119 8500
    138 13 2 48.258133 13 2 48.258133 8500
    139 13 2 48.268177 13 2 48.268177 8500
    140 13 2 48.278215 13 2 48.278215 8500
    141 13 2 48.288082 13 2 48.288082 8500
    142 13 2 48.298124 13 2 48.298124 8500
    143 13 2 48.308065 13 2 48.308065 8500
    144 13 2 48.318083 13 2 48.318083 8500
    145 13 2 48.328108 13 2 48.328108 8500
    146 13 2 48.338129 13 2 48.338129 8500
    147 13 2 48.348067 13 2 48.348067 8500
    148 13 2 48.358096 13 2 48.358096 8500
    149 13 2 48.368079 13 2 48.368079 8500
    150 13 2 48.378073 13 2 48.378073 8500
    151 13 2 48.388075 13 2 48.388075 8500
    152 13 2 48.398130 13 2 48.398130 8500
    153 13 2 48.408126 13 2 48.408126 8500
    154 13 2 48.418131 13 2 48.418131 8500
    155 13 2 48.428066 13 2 48.428066 8500
    156 13 2 48.438149 13 2 48.438149 8500
    157 13 2 48.448138 13 2 48.448138 8500
    158 13 2 48.458165 13 2 48.458165 8500
    159 13 2 48.468088 13 2 48.468088 8500
    160 13 2 48.478141 13 2 48.478141 8500
    161 13 2 48.488129 13 2 48.488129 8500
    162 13 2 48.498128 13 2 48.498128 8500
    163 13 2 48.508243 13 2 48.508243 8500
    164 13 2 48.518092 13 2 48.518092 8500
    165 13 2 48.528069 13 2 48.528069 8500
    166 13 2 48.538113 13 2 48.538113 8500
    167 13 2 48.548076 13 2 48.548076 8500
    168 13 2 48.558815 13 2 48.558815 8500
    169 13 2 48.568072 13 2 48.568072 8500
    170 13 2 48.579123 13 2 48.579123 8500
    171 13 2 48.588110 13 2 48.588110 8500
    172 13 2 48.598143 13 2 48.598143 8500
    173 13 2 48.608128 13 2 48.608128 8500
    174 13 2 48.618130 13 2 48.618130 8500
    175 13 2 48.628067 13 2 48.628067 8500
    176 13 2 48.638474 13 2 48.638474 8500
    177 13 2 48.648121 13 2 48.648121 8500
    178 13 2 48.658070 13 2 48.658070 8500
    179 13 2 48.668120 13 2 48.668120 8500
    180 13 2 48.678097 13 2 48.678097 8500
    181 13 2 48.688141 13 2 48.688141 8500
    182 13 2 48.698154 13 2 48.698154 8500
    183 13 2 48.709026 13 2 48.709026 8500
    184 13 2 48.718074 13 2 48.718074 8500
    185 13 2 48.728065 13 2 48.728065 8500
    186 13 2 48.738087 13 2 48.738087 8500
    187 13 2 48.748086 13 2 48.748086 8500
    188 13 2 48.758073 13 2 48.758073 8500
    189 13 2 48.768085 13 2 48.768085 8500
    190 13 2 48.778086 13 2 48.778086 8500
    191 13 2 48.788102 13 2 48.788102 8500
    192 13 2 48.798158 13 2 48.798158 8500
    193 13 2 48.808140 13 2 48.808140 8500
    194 13 2 48.818088 13 2 48.818088 8500
    195 13 2 48.829171 13 2 48.829171 8500
    196 13 2 48.838835 13 2 48.838835 8500
    197 13 2 48.848106 13 2 48.848106 8500
    198 13 2 48.858558 13 2 48.858558 8500
    199 13 2 48.868096 13 2 48.868096 8500
    200 13 2 48.878092 13 2 48.878092 8500
    201 13 2 48.888559 13 2 48.888559 8500
    202 13 2 48.898049 13 2 48.898049 8500
    203 13 2 48.908239 13 2 48.908239 8500
    204 13 2 48.918092 13 2 48.918092 8500
    205 13 2 48.928274 13 2 48.928274 8500
    206 13 2 48.938062 13 2 48.938062 8500
    207 13 2 48.948028 13 2 48.948028 8500
    208 13 2 48.958033 13 2 48.958033 8500
    209 13 2 48.968107 13 2 48.968107 8500
    210 13 2 48.978028 13 2 48.978028 8500
    211 13 2 48.988132 13 2 48.988132 8500
    212 13 2 48.998693 13 2 48.998693 8500
    213 13 2 49.008085 13 2 49.008085 8500
    214 13 2 49.018045 13 2 49.018045 8500
    215 13 2 49.028095 13 2 49.028095 8500
    216 13 2 49.038068 13 2 49.038068 8500
    217 13 2 49.048447 13 2 49.048447 8500
    218 13 2 49.058548 13 2 49.058548 8500
    219 13 2 49.068432 13 2 49.068432 8500
    220 13 2 49.078578 13 2 49.078578 8500
    221 13 2 49.088531 13 2 49.088531 8500
    222 13 2 49.098018 13 2 49.098018 8500
    223 13 2 49.108193 13 2 49.108193 8500
    224 13 2 49.118504 13 2 49.118504 8500
    225 13 2 49.128076 13 2 49.128076 8500
    226 13 2 49.138109 13 2 49.138109 8500
    227 13 2 49.148142 13 2 49.148142 8500
    228 13 2 49.158000 13 2 49.158000 8500
    229 13 2 49.168635 13 2 49.168635 8500
    230 13 2 49.178441 13 2 49.178441 8500
    231 13 2 49.188158 13 2 49.188158 8500
    232 13 2 49.198098 13 2 49.198098 8500
    233 13 2 49.208078 13 2 49.208078 8500
    234 13 2 49.218152 13 2 49.218152 8500
    235 13 2 49.228104 13 2 49.228104 8500
    236 13 2 49.238095 13 2 49.238095 8500
    237 13 2 49.248078 13 2 49.248078 8500
    238 13 2 49.258755 13 2 49.258755 8500
    239 13 2 49.268180 13 2 49.268180 8500
    240 13 2 49.278106 13 2 49.278106 8500
    241 13 2 49.288153 13 2 49.288153 8500
    242 13 2 49.298502 13 2 49.298502 8500
    243 13 2 49.308093 13 2 49.308093 8500
    244 13 2 49.318072 13 2 49.318072 8500
    245 13 2 49.328068 13 2 49.328068 8500
    246 13 2 49.338126 13 2 49.338126 8500
    247 13 2 49.348089 13 2 49.348089 8500
    248 13 2 49.358083 13 2 49.358083 8500
    249 13 2 49.368281 13 2 49.368281 8500
    250 13 2 49.378146 13 2 49.378146 8500
    251 13 2 49.388218 13 2 49.388218 8500
    252 13 2 49.398144 13 2 49.398144 8500
    253 13 2 49.408178 13 2 49.408178 8500
    254 13 2 49.418199 13 2 49.418199 8500
    255 13 2 49.428145 13 2 49.428145 8500
    256 13 2 49.438118 13 2 49.438118 8500
    257 13 2 49.448126 13 2 49.448126 8500
    258 13 2 49.458129 13 2 49.458129 8500
    259 13 2 49.468072 13 2 49.468072 8500
    260 13 2 49.478113 13 2 49.478113 8500
    261 13 2 49.488050 13 2 49.488050 8500
    262 13 2 49.498078 13 2 49.498078 8500
    263 13 2 49.508087 13 2 49.508087 8500
    264 13 2 49.518467 13 2 49.518467 8500
    265 13 2 49.528086 13 2 49.528086 8500
    266 13 2 49.539884 13 2 49.539884 8500
    267 13 2 49.548036 13 2 49.548036 8500
    268 13 2 49.558081 13 2 49.558081 8500
    269 13 2 49.568074 13 2 49.568074 8500
    270 13 2 49.578065 13 2 49.578065 8500
    271 13 2 49.588076 13 2 49.588076 8500
    272 13 2 49.598272 13 2 49.598272 8500
    273 13 2 49.608851 13 2 49.608851 8500
    274 13 2 49.618155 13 2 49.618155 8500
    275 13 2 49.628127 13 2 49.628127 8500
    276 13 2 49.638092 13 2 49.638092 8500
    277 13 2 49.648153 13 2 49.648153 8500
    278 13 2 49.658064 13 2 49.658064 8500
    279 13 2 49.668109 13 2 49.668109 8500
    280 13 2 49.678078 13 2 49.678078 8500
    281 13 2 49.688057 13 2 49.688057 8500
    282 13 2 49.698064 13 2 49.698064 8500
    283 13 2 49.708058 13 2 49.708058 8500
    284 13 2 49.718761 13 2 49.718761 8500
    285 13 2 49.728059 13 2 49.728059 8500
    286 13 2 49.738112 13 2 49.738112 8500
    287 13 2 49.748078 13 2 49.748078 8500
    288 13 2 49.758066 13 2 49.758066 8500
    289 13 2 49.768068 13 2 49.768068 8500
    290 13 2 49.778897 13 2 49.778897 8500
    291 13 2 49.788935 13 2 49.788935 8500
    292 13 2 49.798766 13 2 49.798766 8500
    293 13 2 49.808095 13 2 49.808095 8500
    294 13 2 49.818145 13 2 49.818145 8500
    295 13 2 49.828130 13 2 49.828130 8500
    296 13 2 49.838102 13 2 49.838102 8500
    297 13 2 49.848174 13 2 49.848174 8500
    298 13 2 49.858092 13 2 49.858092 8500
    299 13 2 49.868240 13 2 49.868240 8500
    300 13 2 49.878096 13 2 49.878096 8500
    301 13 2 49.888134 13 2 49.888134 8500
    302 13 2 49.898164 13 2 49.898164 8500
    303 13 2 49.908082 13 2 49.908082 8500
    304 13 2 49.918073 13 2 49.918073 8500
    305 13 2 49.928069 13 2 49.928069 8500
    306 13 2 49.938149 13 2 49.938149 8500
    307 13 2 49.948070 13 2 49.948070 8500
    308 13 2 49.960298 13 2 49.960298 8500
    309 13 2 49.968074 13 2 49.968074 8500
    310 13 2 49.979669 13 2 49.979669 8500
    311 13 2 49.988869 13 2 49.988869 8500
    312 13 2 49.998049 13 2 49.998049 8500
    313 13 2 50.008498 13 2 50.008498 8500
    314 13 2 50.018160 13 2 50.018160 8500
    315 13 2 50.028187 13 2 50.028187 8500
    316 13 2 50.038116 13 2 50.038116 8500
    317 13 2 50.048122 13 2 50.048122 8500
    318 13 2 50.058867 13 2 50.058867 8500
    319 13 2 50.068133 13 2 50.068133 8500
    320 13 2 50.078139 13 2 50.078139 8500
    321 13 2 50.088115 13 2 50.088115 8500
    322 13 2 50.098084 13 2 50.098084 8500
    323 13 2 50.108119 13 2 50.108119 8500
    324 13 2 50.118067 13 2 50.118067 8500
    325 13 2 50.129122 13 2 50.129122 8500
    326 13 2 50.138117 13 2 50.138117 8500
    327 13 2 50.148072 13 2 50.148072 8500
    328 13 2 50.158073 13 2 50.158073 8500
    329 13 2 50.168059 13 2 50.168059 8500
    330 13 2 50.178092 13 2 50.178092 8500
    331 13 2 50.188071 13 2 50.188071 8500
    332 13 2 50.198022 13 2 50.198022 8500
    333 13 2 50.208142 13 2 50.208142 8500
    334 13 2 50.218048 13 2 50.218048 8500
    335 13 2 50.228172 13 2 50.228172 8500
    336 13 2 50.238148 13 2 50.238148 8500
    337 13 2 50.248176 13 2 50.248176 8500
    338 13 2 50.258052 13 2 50.258052 8500
    339 13 2 50.268053 13 2 50.268053 8500
    340 13 2 50.278145 13 2 50.278145 8500
    341 13 2 50.288131 13 2 50.288131 8500
    342 13 2 50.298133 13 2 50.298133 8500
    343 13 2 50.308062 13 2 50.308062 8500
    344 13 2 50.318063 13 2 50.318063 8500
    345 13 2 50.328055 13 2 50.328055 8500
    346 13 2 50.338124 13 2 50.338124 8500
    347 13 2 50.348070 13 2 50.348070 8500
    348 13 2 50.358072 13 2 50.358072 8500
    349 13 2 50.368071 13 2 50.368071 8500
    350 13 2 50.378073 13 2 50.378073 8500
    351 13 2 50.388131 13 2 50.388131 8500
    352 13 2 50.398020 13 2 50.398020 8500
    353 13 2 50.408141 13 2 50.408141 8500
    354 13 2 50.418064 13 2 50.418064 8500
    355 13 2 50.428074 13 2 50.428074 8500
    356 13 2 50.438121 13 2 50.438121 8500
    357 13 2 50.448172 13 2 50.448172 8500
    358 13 2 50.458084 13 2 50.458084 8500
    359 13 2 50.468134 13 2 50.468134 8500
    360 13 2 50.478087 13 2 50.478087 8500
    361 13 2 50.488143 13 2 50.488143 8500
    362 13 2 50.498142 13 2 50.498142 8500
    363 13 2 50.508960 13 2 50.508960 8500
    364 13 2 50.518886 13 2 50.518886 8500
    365 13 2 50.528072 13 2 50.528072 8500
    366 13 2 50.538122 13 2 50.538122 8500
    367 13 2 50.548090 13 2 50.548090 8500
    368 13 2 50.558067 13 2 50.558067 8500
    369 13 2 50.568063 13 2 50.568063 8500
    370 13 2 50.578065 13 2 50.578065 8500
    371 13 2 50.588056 13 2 50.588056 8500
    372 13 2 50.598292 13 2 50.598292 8500
    373 13 2 50.608142 13 2 50.608142 8500
    374 13 2 50.618135 13 2 50.618135 8500
    375 13 2 50.628132 13 2 50.628132 8500
    376 13 2 50.638038 13 2 50.638038 8500
    377 13 2 50.648068 13 2 50.648068 8500
    378 13 2 50.658087 13 2 50.658087 8500
    379 13 2 50.668059 13 2 50.668059 8500
    380 13 2 50.678108 13 2 50.678108 8500
    381 13 2 50.688124 13 2 50.688124 8500
    382 13 2 50.698152 13 2 50.698152 8500
    383 13 2 50.708123 13 2 50.708123 8500
    384 13 2 50.718077 13 2 50.718077 8500
    385 13 2 50.728079 13 2 50.728079 8500
    386 13 2 50.738128 13 2 50.738128 8500
    387 13 2 50.748015 13 2 50.748015 8500
    388 13 2 50.758867 13 2 50.758867 8500
    389 13 2 50.768095 13 2 50.768095 8500
    390 13 2 50.778089 13 2 50.778089 8500
    391 13 2 50.788716 13 2 50.788716 8500
    392 13 2 50.798439 13 2 50.798439 8500
    393 13 2 50.808143 13 2 50.808143 8500
    394 13 2 50.818930 13 2 50.818930 8500
    395 13 2 50.828083 13 2 50.828083 8500
    396 13 2 50.838014 13 2 50.838014 8500
    397 13 2 50.848125 13 2 50.848125 8500
    398 13 2 50.859498 13 2 50.859498 8500
    399 13 2 50.868482 13 2 50.868482 8500
    400 13 2 50.878101 13 2 50.878101 8500
    401 13 2 50.888542 13 2 50.888542 8500
    402 13 2 50.898198 13 2 50.898198 8500
    403 13 2 50.908166 13 2 50.908166 8500
    404 13 2 50.918148 13 2 50.918148 8500
    405 13 2 50.928145 13 2 50.928145 8500
    406 13 2 50.938988 13 2 50.938988 8500
    407 13 2 50.948072 13 2 50.948072 8500
    408 13 2 50.958860 13 2 50.958860 8500
    409 13 2 50.968074 13 2 50.968074 8500
    410 13 2 50.978020 13 2 50.978020 8500
    411 13 2 50.988086 13 2 50.988086 8500
    412 13 2 50.998139 13 2 50.998139 8500
    413 13 2 51.008102 13 2 51.008102 8500
    414 13 2 51.018405 13 2 51.018405 8500
    415 13 2 51.028733 13 2 51.028733 8500
    416 13 2 51.038150 13 2 51.038150 8500
    417 13 2 51.048062 13 2 51.048062 8500
    418 13 2 51.058050 13 2 51.058050 8500
    419 13 2 51.068955 13 2 51.068955 8500
    420 13 2 51.078136 13 2 51.078136 8500
    421 13 2 51.088124 13 2 51.088124 8500
    422 13 2 51.098132 13 2 51.098132 8500
    423 13 2 51.108125 13 2 51.108125 8500
    424 13 2 51.118113 13 2 51.118113 8500
    425 13 2 51.128112 13 2 51.128112 8500
    426 13 2 51.138112 13 2 51.138112 8500
    427 13 2 51.148066 13 2 51.148066 8500
    428 13 2 51.158085 13 2 51.158085 8500
    429 13 2 51.168089 13 2 51.168089 8500
    430 13 2 51.178072 13 2 51.178072 8500
    431 13 2 51.188080 13 2 51.188080 8500
    432 13 2 51.198239 13 2 51.198239 8500
    433 13 2 51.208148 13 2 51.208148 8500
    434 13 2 51.218097 13 2 51.218097 8500
    435 13 2 51.228110 13 2 51.228110 8500
    436 13 2 51.238140 13 2 51.238140 8500
    437 13 2 51.248167 13 2 51.248167 8500
    438 13 2 51.258136 13 2 51.258136 8500
    439 13 2 51.268104 13 2 51.268104 8500
    440 13 2 51.278148 13 2 51.278148 8500
    441 13 2 51.288122 13 2 51.288122 8500
    442 13 2 51.298054 13 2 51.298054 8500
    443 13 2 51.308148 13 2 51.308148 8500
    444 13 2 51.318122 13 2 51.318122 8500
    445 13 2 51.328209 13 2 51.328209 8500
    446 13 2 51.338151 13 2 51.338151 8500
    447 13 2 51.348154 13 2 51.348154 8500
    448 13 2 51.358077 13 2 51.358077 8500
    449 13 2 51.368076 13 2 51.368076 8500
    450 13 2 51.378067 13 2 51.378067 8500
    451 13 2 51.388086 13 2 51.388086 8500
    452 13 2 51.398839 13 2 51.398839 8500
    453 13 2 51.408135 13 2 51.408135 8500
    454 13 2 51.418170 13 2 51.418170 8500
    455 13 2 51.428108 13 2 51.428108 8500
    456 13 2 51.438076 13 2 51.438076 8500
    457 13 2 51.448068 13 2 51.448068 8500
    458 13 2 51.458069 13 2 51.458069 8500
    459 13 2 51.468122 13 2 51.468122 8500
    460 13 2 51.478098 13 2 51.478098 8500
    461 13 2 51.488911 13 2 51.488911 8500
    462 13 2 51.498144 13 2 51.498144 8500
    463 13 2 51.508127 13 2 51.508127 8500
    464 13 2 51.518112 13 2 51.518112 8500
    465 13 2 51.528066 13 2 51.528066 8500
    466 13 2 51.538133 13 2 51.538133 8500
    467 13 2 51.548059 13 2 51.548059 8500
    468 13 2 51.558078 13 2 51.558078 8500
    469 13 2 51.568075 13 2 51.568075 8500
    470 13 2 51.578079 13 2 51.578079 8500
    471 13 2 51.588073 13 2 51.588073 8500
    472 13 2 51.598320 13 2 51.598320 8500
    473 13 2 51.608178 13 2 51.608178 8500
    474 13 2 51.618150 13 2 51.618150 8500
    475 13 2 51.628118 13 2 51.628118 8500
    476 13 2 51.638133 13 2 51.638133 8500
    477 13 2 51.648898 13 2 51.648898 8500
    478 13 2 51.658144 13 2 51.658144 8500
    479 13 2 51.668118 13 2 51.668118 8500
    480 13 2 51.678092 13 2 51.678092 8500
    481 13 2 51.688051 13 2 51.688051 8500
    482 13 2 51.698109 13 2 51.698109 8500
    483 13 2 51.708168 13 2 51.708168 8500
    484 13 2 51.718094 13 2 51.718094 8500
    485 13 2 51.728054 13 2 51.728054 8500
    486 13 2 51.738112 13 2 51.738112 8500
    487 13 2 51.748086 13 2 51.748086 8500
    488 13 2 51.758077 13 2 51.758077 8500
    489 13 2 51.768076 13 2 51.768076 8500
    490 13 2 51.778081 13 2 51.778081 8500
    491 13 2 51.788082 13 2 51.788082 8500
    492 13 2 51.798940 13 2 51.798940 8500
    493 13 2 51.808143 13 2 51.808143 8500
    494 13 2 51.818142 13 2 51.818142 8500
    495 13 2 51.828074 13 2 51.828074 8500
    496 13 2 51.838178 13 2 51.838178 8500
    497 13 2 51.848973 13 2 51.848973 8500
    498 13 2 51.858125 13 2 51.858125 8500
    499 13 2 51.868116 13 2 51.868116 8500
    500 13 2 51.878093 13 2 51.878093 8500
    501 13 2 51.888154 13 2 51.888154 8500
    502 13 2 51.898113 13 2 51.898113 8500
    503 13 2 51.908136 13 2 51.908136 8500
    504 13 2 51.918039 13 2 51.918039 8500
    505 13 2 51.928074 13 2 51.928074 8500
    506 13 2 51.938124 13 2 51.938124 8500
    507 13 2 51.948079 13 2 51.948079 8500
    508 13 2 51.958078 13 2 51.958078 8500
    509 13 2 51.968094 13 2 51.968094 8500
    510 13 2 51.978411 13 2 51.978411 8500
    511 13 2 51.988072 13 2 51.988072 8500
    512 13 2 51.998068 13 2 51.998068 8500
    513 13 2 52.008127 13 2 52.008127 8500
    514 13 2 52.018954 13 2 52.018954 8500
    515 13 2 52.028081 13 2 52.028081 8500
    516 13 2 52.038569 13 2 52.038569 8500
    517 13 2 52.048107 13 2 52.048107 8500
    518 13 2 52.058379 13 2 52.058379 8500
    519 13 2 52.068204 13 2 52.068204 8500
    520 13 2 52.078135 13 2 52.078135 8500
    521 13 2 52.088389 13 2 52.088389 8500
    522 13 2 52.098084 13 2 52.098084 8500
    523 13 2 52.108131 13 2 52.108131 8500
    524 13 2 52.118141 13 2 52.118141 8500
    525 13 2 52.128146 13 2 52.128146 8500
    526 13 2 52.138041 13 2 52.138041 8500
    527 13 2 52.148542 13 2 52.148542 8500
    528 13 2 52.158033 13 2 52.158033 8500
    529 13 2 52.168415 13 2 52.168415 8500
    530 13 2 52.178458 13 2 52.178458 8500
    531 13 2 52.188355 13 2 52.188355 8500
    532 13 2 52.198106 13 2 52.198106 8500
    533 13 2 52.208345 13 2 52.208345 8500
    534 13 2 52.218035 13 2 52.218035 8500
    535 13 2 52.228692 13 2 52.228692 8500
    536 13 2 52.238686 13 2 52.238686 8500
    537 13 2 52.248154 13 2 52.248154 8500
    538 13 2 52.270797 13 2 52.270797 8500
    539 13 2 52.271023 13 2 52.271023 8500
    540 13 2 52.278236 13 2 52.278236 8500
    541 13 2 52.288587 13 2 52.288587 8500
    542 13 2 52.299402 13 2 52.299402 8500
    543 13 2 52.308109 13 2 52.308109 8500
    544 13 2 52.318111 13 2 52.318111 8500
    545 13 2 52.328139 13 2 52.328139 8500
    546 13 2 52.338807 13 2 52.338807 8500
    547 13 2 52.348140 13 2 52.348140 8500
    548 13 2 52.358094 13 2 52.358094 8500
    549 13 2 52.368144 13 2 52.368144 8500
    550 13 2 52.378095 13 2 52.378095 8500
    551 13 2 52.388283 13 2 52.388283 8500
    552 13 2 52.398144 13 2 52.398144 8500
    553 13 2 52.408177 13 2 52.408177 8500
    554 13 2 52.418019 13 2 52.418019 8500
    555 13 2 52.428139 13 2 52.428139 8500
    556 13 2 52.438088 13 2 52.438088 8500
    557 13 2 52.448148 13 2 52.448148 8500
    558 13 2 52.458193 13 2 52.458193 8500
    559 13 2 52.468735 13 2 52.468735 8500
    560 13 2 52.478167 13 2 52.478167 8500
    561 13 2 52.488129 13 2 52.488129 8500
    562 13 2 52.498038 13 2 52.498038 8500
    563 13 2 52.508138 13 2 52.508138 8500
    564 13 2 52.518166 13 2 52.518166 8500
    565 13 2 52.528070 13 2 52.528070 8500
    566 13 2 52.538876 13 2 52.538876 8500
    567 13 2 52.548417 13 2 52.548417 8500
    568 13 2 52.558165 13 2 52.558165 8500
    569 13 2 52.568254 13 2 52.568254 8500
    570 13 2 52.578170 13 2 52.578170 8500
    571 13 2 52.588135 13 2 52.588135 8500
    572 13 2 52.598135 13 2 52.598135 8500
    573 13 2 52.608125 13 2 52.608125 8500
    574 13 2 52.618139 13 2 52.618139 8500
    575 13 2 52.628056 13 2 52.628056 8500
    576 13 2 52.638238 13 2 52.638238 8500
    577 13 2 52.648167 13 2 52.648167 8500
    578 13 2 52.658743 13 2 52.658743 8500
    579 13 2 52.668123 13 2 52.668123 8500
    580 13 2 52.678133 13 2 52.678133 8500
    581 13 2 52.688127 13 2 52.688127 8500
    582 13 2 52.698084 13 2 52.698084 8500
    583 13 2 52.708084 13 2 52.708084 8500
    584 13 2 52.718080 13 2 52.718080 8500
    585 13 2 52.728085 13 2 52.728085 8500
    586 13 2 52.738075 13 2 52.738075 8500
    587 13 2 52.748787 13 2 52.748787 8500
    588 13 2 52.758020 13 2 52.758020 8500
    589 13 2 52.768143 13 2 52.768143 8500
    590 13 2 52.778100 13 2 52.778100 8500
    591 13 2 52.788055 13 2 52.788055 8500
    592 13 2 52.798161 13 2 52.798161 8500
    593 13 2 52.808154 13 2 52.808154 8500
    594 13 2 52.818133 13 2 52.818133 8500
    595 13 2 52.828127 13 2 52.828127 8500
    596 13 2 52.838065 13 2 52.838065 8500
    597 13 2 52.848109 13 2 52.848109 8500
    598 13 2 52.858063 13 2 52.858063 8500
    599 13 2 52.868125 13 2 52.868125 8500
    600 13 2 52.878135 13 2 52.878135 8500
    601 13 2 52.888097 13 2 52.888097 8500
    602 13 2 52.898079 13 2 52.898079 8500
    603 13 2 52.908070 13 2 52.908070 8500
    604 13 2 52.918075 13 2 52.918075 8500
    605 13 2 52.928229 13 2 52.928229 8500
    606 13 2 52.939193 13 2 52.939193 8500
    607 13 2 52.948076 13 2 52.948076 8500
    608 13 2 52.958005 13 2 52.958005 8500
    609 13 2 52.968186 13 2 52.968186 8500
    610 13 2 52.978107 13 2 52.978107 8500
    611 13 2 52.988137 13 2 52.988137 8500
    612 13 2 52.998142 13 2 52.998142 8500
    613 13 2 53.008127 13 2 53.008127 8500
    614 13 2 53.018132 13 2 53.018132 8500
    615 13 2 53.028114 13 2 53.028114 8500
    616 13 2 53.038051 13 2 53.038051 8500
    617 13 2 53.048127 13 2 53.048127 8500
    618 13 2 53.058044 13 2 53.058044 8500
    619 13 2 53.068057 13 2 53.068057 8500
    620 13 2 53.078139 13 2 53.078139 8500
    621 13 2 53.088118 13 2 53.088118 8500
    622 13 2 53.098081 13 2 53.098081 8500
    623 13 2 53.108088 13 2 53.108088 8500
    624 13 2 53.118094 13 2 53.118094 8500
    625 13 2 53.128079 13 2 53.128079 8500
    626 13 2 53.138086 13 2 53.138086 8500
    627 13 2 53.148074 13 2 53.148074 8500
    628 13 2 53.158124 13 2 53.158124 8500
    629 13 2 53.168497 13 2 53.168497 8500
    630 13 2 53.179845 13 2 53.179845 8500
    631 13 2 53.188318 13 2 53.188318 8500
    632 13 2 53.198402 13 2 53.198402 8500
    633 13 2 53.208174 13 2 53.208174 8500
    634 13 2 53.218144 13 2 53.218144 8500
    635 13 2 53.228077 13 2 53.228077 8500
    636 13 2 53.238180 13 2 53.238180 8500
    637 13 2 53.248151 13 2 53.248151 8500
    638 13 2 53.258049 13 2 53.258049 8500
    639 13 2 53.268141 13 2 53.268141 8500
    640 13 2 53.278027 13 2 53.278027 8500
    641 13 2 53.288162 13 2 53.288162 8500
    642 13 2 53.298136 13 2 53.298136 8500
    643 13 2 53.308154 13 2 53.308154 8500
    644 13 2 53.318126 13 2 53.318126 8500
    645 13 2 53.328099 13 2 53.328099 8500
    646 13 2 53.338790 13 2 53.338790 8500
    647 13 2 53.348086 13 2 53.348086 8500
    648 13 2 53.358074 13 2 53.358074 8500
    649 13 2 53.368101 13 2 53.368101 8500
    650 13 2 53.378076 13 2 53.378076 8500
    651 13 2 53.388066 13 2 53.388066 8500
    652 13 2 53.398857 13 2 53.398857 8500
    653 13 2 53.408101 13 2 53.408101 8500
    654 13 2 53.418103 13 2 53.418103 8500
    655 13 2 53.428066 13 2 53.428066 8500
    656 13 2 53.438135 13 2 53.438135 8500
    657 13 2 53.448137 13 2 53.448137 8500
    658 13 2 53.458140 13 2 53.458140 8500
    659 13 2 53.468122 13 2 53.468122 8500
    660 13 2 53.478149 13 2 53.478149 8500
    661 13 2 53.488087 13 2 53.488087 8500
    662 13 2 53.498091 13 2 53.498091 8500
    663 13 2 53.508071 13 2 53.508071 8500
    664 13 2 53.518107 13 2 53.518107 8500
    665 13 2 53.528067 13 2 53.528067 8500
    666 13 2 53.538088 13 2 53.538088 8500
    667 13 2 53.548084 13 2 53.548084 8500
    668 13 2 53.558075 13 2 53.558075 8500
    669 13 2 53.568159 13 2 53.568159 8500
    670 13 2 53.578091 13 2 53.578091 8500
    671 13 2 53.588093 13 2 53.588093 8500
    672 13 2 53.598151 13 2 53.598151 8500
    673 13 2 53.608469 13 2 53.608469 8500
    674 13 2 53.618155 13 2 53.618155 8500
    675 13 2 53.628120 13 2 53.628120 8500
    676 13 2 53.638088 13 2 53.638088 8500
    677 13 2 53.648080 13 2 53.648080 8500
    678 13 2 53.658143 13 2 53.658143 8500
    679 13 2 53.668134 13 2 53.668134 8500
    680 13 2 53.678097 13 2 53.678097 8500
    681 13 2 53.688096 13 2 53.688096 8500
    682 13 2 53.698014 13 2 53.698014 8500
    683 13 2 53.708091 13 2 53.708091 8500
    684 13 2 53.718066 13 2 53.718066 8500
    685 13 2 53.728037 13 2 53.728037 8500
    686 13 2 53.738095 13 2 53.738095 8500
    687 13 2 53.748089 13 2 53.748089 8500
    688 13 2 53.758074 13 2 53.758074 8500
    689 13 2 53.768071 13 2 53.768071 8500
    690 13 2 53.778095 13 2 53.778095 8500
    691 13 2 53.788085 13 2 53.788085 8500
    692 13 2 53.798141 13 2 53.798141 8500
    693 13 2 53.808166 13 2 53.808166 8500
    694 13 2 53.818016 13 2 53.818016 8500
    695 13 2 53.828111 13 2 53.828111 8500
    696 13 2 53.838088 13 2 53.838088 8500
    697 13 2 53.848086 13 2 53.848086 8500
    698 13 2 53.858114 13 2 53.858114 8500
    699 13 2 53.868217 13 2 53.868217 8500
    700 13 2 53.878132 13 2 53.878132 8500
    701 13 2 53.888133 13 2 53.888133 8500
    702 13 2 53.898148 13 2 53.898148 8500
    703 13 2 53.908084 13 2 53.908084 8500
    704 13 2 53.918067 13 2 53.918067 8500
    705 13 2 53.928063 13 2 53.928063 8500
    706 13 2 53.938124 13 2 53.938124 8500
    707 13 2 53.948073 13 2 53.948073 8500
    708 13 2 53.958088 13 2 53.958088 8500
    709 13 2 53.968076 13 2 53.968076 8500
    710 13 2 53.978057 13 2 53.978057 8500
    711 13 2 53.987997 13 2 53.987997 8500
    712 13 2 53.998089 13 2 53.998089 8500
    713 13 2 54.008128 13 2 54.008128 8500
    714 13 2 54.018171 13 2 54.018171 8500
    715 13 2 54.028115 13 2 54.028115 8500
    716 13 2 54.038133 13 2 54.038133 8500
    717 13 2 54.048071 13 2 54.048071 8500
    718 13 2 54.058154 13 2 54.058154 8500
    719 13 2 54.068133 13 2 54.068133 8500
    720 13 2 54.078046 13 2 54.078046 8500
    721 13 2 54.088101 13 2 54.088101 8500
    722 13 2 54.098117 13 2 54.098117 8500
    723 13 2 54.108063 13 2 54.108063 8500
    724 13 2 54.118057 13 2 54.118057 8500
    725 13 2 54.128044 13 2 54.128044 8500
    726 13 2 54.138134 13 2 54.138134 8500
    727 13 2 54.148062 13 2 54.148062 8500
    728 13 2 54.158068 13 2 54.158068 8500
    729 13 2 54.168095 13 2 54.168095 8500
    730 13 2 54.178123 13 2 54.178123 8500
    731 13 2 54.188076 13 2 54.188076 8500
    732 13 2 54.198082 13 2 54.198082 8500
    733 13 2 54.208111 13 2 54.208111 8500
    734 13 2 54.218136 13 2 54.218136 8500
    735 13 2 54.228132 13 2 54.228132 8500
    736 13 2 54.238134 13 2 54.238134 8500
    737 13 2 54.248130 13 2 54.248130 8500
    738 13 2 54.258026 13 2 54.258026 8500
    739 13 2 54.268132 13 2 54.268132 8500
    740 13 2 54.278008 13 2 54.278008 8500
    741 13 2 54.288058 13 2 54.288058 8500
    742 13 2 54.298023 13 2 54.298023 8500
    743 13 2 54.308132 13 2 54.308132 8500
    744 13 2 54.318075 13 2 54.318075 8500
    745 13 2 54.328789 13 2 54.328789 8500
    746 13 2 54.338124 13 2 54.338124 8500
    747 13 2 54.348081 13 2 54.348081 8500
    748 13 2 54.358078 13 2 54.358078 8500
    749 13 2 54.368093 13 2 54.368093 8500
    750 13 2 54.378790 13 2 54.378790 8500
    751 13 2 54.388106 13 2 54.388106 8500
    752 13 2 54.398135 13 2 54.398135 8500
    753 13 2 54.408135 13 2 54.408135 8500
    754 13 2 54.418142 13 2 54.418142 8500
    755 13 2 54.428119 13 2 54.428119 8500
    756 13 2 54.438068 13 2 54.438068 8500
    757 13 2 54.448140 13 2 54.448140 8500
    758 13 2 54.458159 13 2 54.458159 8500
    759 13 2 54.468060 13 2 54.468060 8500
    760 13 2 54.478146 13 2 54.478146 8500
    761 13 2 54.488078 13 2 54.488078 8500
    762 13 2 54.498893 13 2 54.498893 8500
    763 13 2 54.508102 13 2 54.508102 8500
    764 13 2 54.518081 13 2 54.518081 8500
    765 13 2 54.528098 13 2 54.528098 8500
    766 13 2 54.538130 13 2 54.538130 8500
    767 13 2 54.548090 13 2 54.548090 8500
    768 13 2 54.558070 13 2 54.558070 8500
    769 13 2 54.568072 13 2 54.568072 8500
    770 13 2 54.578074 13 2 54.578074 8500
    771 13 2 54.588076 13 2 54.588076 8500
    772 13 2 54.598537 13 2 54.598537 8500
    773 13 2 54.608128 13 2 54.608128 8500
    774 13 2 54.618164 13 2 54.618164 8500
    775 13 2 54.628056 13 2 54.628056 8500
    776 13 2 54.638041 13 2 54.638041 8500
    777 13 2 54.648110 13 2 54.648110 8500
    778 13 2 54.658090 13 2 54.658090 8500
    779 13 2 54.668126 13 2 54.668126 8500
    780 13 2 54.678010 13 2 54.678010 8500
    781 13 2 54.688231 13 2 54.688231 8500
    782 13 2 54.698118 13 2 54.698118 8500
    783 13 2 54.708111 13 2 54.708111 8500
    784 13 2 54.718080 13 2 54.718080 8500
    785 13 2 54.728074 13 2 54.728074 8500
    786 13 2 54.738128 13 2 54.738128 8500
    787 13 2 54.748083 13 2 54.748083 8500
    788 13 2 54.758082 13 2 54.758082 8500
    789 13 2 54.768912 13 2 54.768912 8500
    790 13 2 54.778081 13 2 54.778081 8500
    791 13 2 54.788085 13 2 54.788085 8500
    792 13 2 54.798096 13 2 54.798096 8500
    793 13 2 54.808134 13 2 54.808134 8500
    794 13 2 54.818122 13 2 54.818122 8500
    795 13 2 54.828059 13 2 54.828059 8500
    796 13 2 54.838112 13 2 54.838112 8500
    797 13 2 54.848123 13 2 54.848123 8500
    798 13 2 54.858100 13 2 54.858100 8500
    799 13 2 54.868706 13 2 54.868706 8500
    800 13 2 54.878098 13 2 54.878098 8500
    801 13 2 54.888168 13 2 54.888168 8500
    802 13 2 54.898164 13 2 54.898164 8500
    803 13 2 54.908147 13 2 54.908147 8500
    804 13 2 54.918075 13 2 54.918075 8500
    805 13 2 54.928071 13 2 54.928071 8500
    806 13 2 54.938127 13 2 54.938127 8500
    807 13 2 54.948090 13 2 54.948090 8500
    808 13 2 54.958094 13 2 54.958094 8500
    809 13 2 54.968076 13 2 54.968076 8500
    810 13 2 54.978833 13 2 54.978833 8500
    811 13 2 54.988098 13 2 54.988098 8500
    812 13 2 54.998068 13 2 54.998068 8500
    813 13 2 55.008549 13 2 55.008549 8500
    814 13 2 55.018149 13 2 55.018149 8500
    815 13 2 55.028067 13 2 55.028067 8500
    816 13 2 55.038139 13 2 55.038139 8500
    817 13 2 55.048147 13 2 55.048147 8500
    818 13 2 55.058092 13 2 55.058092 8500
    819 13 2 55.068069 13 2 55.068069 8500
    820 13 2 55.078096 13 2 55.078096 8500
    821 13 2 55.088106 13 2 55.088106 8500
    822 13 2 55.098108 13 2 55.098108 8500
    823 13 2 55.108052 13 2 55.108052 8500
    824 13 2 55.118085 13 2 55.118085 8500
    825 13 2 55.128079 13 2 55.128079 8500
    826 13 2 55.138126 13 2 55.138126 8500
    827 13 2 55.148305 13 2 55.148305 8500
    828 13 2 55.158380 13 2 55.158380 8500
    829 13 2 55.168328 13 2 55.168328 8500
    830 13 2 55.178460 13 2 55.178460 8500
    831 13 2 55.188479 13 2 55.188479 8500
    832 13 2 55.198098 13 2 55.198098 8500
    833 13 2 55.208095 13 2 55.208095 8500
    834 13 2 55.218125 13 2 55.218125 8500
    835 13 2 55.228346 13 2 55.228346 8500
    836 13 2 55.238151 13 2 55.238151 8500
    837 13 2 55.248125 13 2 55.248125 8500
    838 13 2 55.258158 13 2 55.258158 8500
    839 13 2 55.268116 13 2 55.268116 8500
    840 13 2 55.278049 13 2 55.278049 8500
    841 13 2 55.288122 13 2 55.288122 8500
    842 13 2 55.298133 13 2 55.298133 8500
    843 13 2 55.308137 13 2 55.308137 8500
    844 13 2 55.318001 13 2 55.318001 8500
    845 13 2 55.328370 13 2 55.328370 8500
    846 13 2 55.338178 13 2 55.338178 8500
    847 13 2 55.348292 13 2 55.348292 8500
    848 13 2 55.358460 13 2 55.358460 8500
    849 13 2 55.368203 13 2 55.368203 8500
    850 13 2 55.378107 13 2 55.378107 8500
    851 13 2 55.388081 13 2 55.388081 8500
    852 13 2 55.398117 13 2 55.398117 8500
    853 13 2 55.408085 13 2 55.408085 8500
    854 13 2 55.418222 13 2 55.418222 8500
    855 13 2 55.428145 13 2 55.428145 8500
    856 13 2 55.438065 13 2 55.438065 8500
    857 13 2 55.448120 13 2 55.448120 8500
    858 13 2 55.458091 13 2 55.458091 8500
    859 13 2 55.468105 13 2 55.468105 8500
    860 13 2 55.478138 13 2 55.478138 8500
    861 13 2 55.488098 13 2 55.488098 8500
    862 13 2 55.498142 13 2 55.498142 8500
    863 13 2 55.508124 13 2 55.508124 8500
    864 13 2 55.518309 13 2 55.518309 8500
    865 13 2 55.528106 13 2 55.528106 8500
    866 13 2 55.538513 13 2 55.538513 8500
    867 13 2 55.548465 13 2 55.548465 8500
    868 13 2 55.558101 13 2 55.558101 8500
    869 13 2 55.568100 13 2 55.568100 8500
    870 13 2 55.578063 13 2 55.578063 8500
    871 13 2 55.588070 13 2 55.588070 8500
    872 13 2 55.598075 13 2 55.598075 8500
    873 13 2 55.608068 13 2 55.608068 8500
    874 13 2 55.618107 13 2 55.618107 8500
    875 13 2 55.628185 13 2 55.628185 8500
    876 13 2 55.638497 13 2 55.638497 8500
    877 13 2 55.648851 13 2 55.648851 8500
    878 13 2 55.658039 13 2 55.658039 8500
    879 13 2 55.668157 13 2 55.668157 8500
    880 13 2 55.678144 13 2 55.678144 8500
    881 13 2 55.688121 13 2 55.688121 8500
    882 13 2 55.698911 13 2 55.698911 8500
    883 13 2 55.708184 13 2 55.708184 8500
    884 13 2 55.718134 13 2 55.718134 8500
    885 13 2 55.728076 13 2 55.728076 8500
    886 13 2 55.738861 13 2 55.738861 8500
    887 13 2 55.748078 13 2 55.748078 8500
    888 13 2 55.758076 13 2 55.758076 8500
    889 13 2 55.768062 13 2 55.768062 8500
    890 13 2 55.778066 13 2 55.778066 8500
    891 13 2 55.788061 13 2 55.788061 8500
    892 13 2 55.798068 13 2 55.798068 8500
    893 13 2 55.808396 13 2 55.808396 8500
    894 13 2 55.818317 13 2 55.818317 8500
    895 13 2 55.828091 13 2 55.828091 8500
    896 13 2 55.838169 13 2 55.838169 8500
    897 13 2 55.848063 13 2 55.848063 8500
    898 13 2 55.858224 13 2 55.858224 8500
    899 13 2 55.868040 13 2 55.868040 8500
    900 13 2 55.878064 13 2 55.878064 8500
    901 13 2 55.888109 13 2 55.888109 8500
    902 13 2 55.898150 13 2 55.898150 8500
    903 13 2 55.908130 13 2 55.908130 8500
    904 13 2 55.918177 13 2 55.918177 8500
    905 13 2 55.928133 13 2 55.928133 8500
    906 13 2 55.938138 13 2 55.938138 8500
    907 13 2 55.948614 13 2 55.948614 8500
    908 13 2 55.958464 13 2 55.958464 8500
    909 13 2 55.968291 13 2 55.968291 8500
    910 13 2 55.978360 13 2 55.978360 8500
    911 13 2 55.988275 13 2 55.988275 8500
    912 13 2 55.998401 13 2 55.998401 8500
    913 13 2 56.008485 13 2 56.008485 8500
    914 13 2 56.018098 13 2 56.018098 8500
    915 13 2 56.028114 13 2 56.028114 8500
    916 13 2 56.038459 13 2 56.038459 8500
    917 13 2 56.048167 13 2 56.048167 8500
    918 13 2 56.058182 13 2 56.058182 8500
    919 13 2 56.068139 13 2 56.068139 8500
    920 13 2 56.078021 13 2 56.078021 8500
    921 13 2 56.088518 13 2 56.088518 8500
    922 13 2 56.098190 13 2 56.098190 8500
    923 13 2 56.108150 13 2 56.108150 8500
    924 13 2 56.118094 13 2 56.118094 8500
    925 13 2 56.128484 13 2 56.128484 8500
    926 13 2 56.138649 13 2 56.138649 8500
    927 13 2 56.148538 13 2 56.148538 8500
    928 13 2 56.158740 13 2 56.158740 8500
    929 13 2 56.168289 13 2 56.168289 8500
    930 13 2 56.178131 13 2 56.178131 8500
    931 13 2 56.188375 13 2 56.188375 8500
    932 13 2 56.198098 13 2 56.198098 8500
    933 13 2 56.208074 13 2 56.208074 8500
    934 13 2 56.218062 13 2 56.218062 8500
    935 13 2 56.228064 13 2 56.228064 8500
    936 13 2 56.238999 13 2 56.238999 8500
    937 13 2 56.248075 13 2 56.248075 8500
    938 13 2 56.258128 13 2 56.258128 8500
    939 13 2 56.268165 13 2 56.268165 8500
    940 13 2 56.278055 13 2 56.278055 8500
    941 13 2 56.288136 13 2 56.288136 8500
    942 13 2 56.298071 13 2 56.298071 8500
    943 13 2 56.309046 13 2 56.309046 8500
    944 13 2 56.318179 13 2 56.318179 8500
    945 13 2 56.328125 13 2 56.328125 8500
    946 13 2 56.338178 13 2 56.338178 8500
    947 13 2 56.357407 13 2 56.357407 8500
    948 13 2 56.358094 13 2 56.358094 8500
    949 13 2 56.368076 13 2 56.368076 8500
    950 13 2 56.378275 13 2 56.378275 8500
    951 13 2 56.388066 13 2 56.388066 8500
    952 13 2 56.398077 13 2 56.398077 8500
    953 13 2 56.408084 13 2 56.408084 8500
    954 13 2 56.418072 13 2 56.418072 8500
    955 13 2 56.428066 13 2 56.428066 8500
    956 13 2 56.438091 13 2 56.438091 8500
    957 13 2 56.448127 13 2 56.448127 8500
    958 13 2 56.458162 13 2 56.458162 8500
    959 13 2 56.468901 13 2 56.468901 8500
    960 13 2 56.478093 13 2 56.478093 8500
    961 13 2 56.488075 13 2 56.488075 8500
    962 13 2 56.498165 13 2 56.498165 8500
    963 13 2 56.508189 13 2 56.508189 8500
    964 13 2 56.519136 13 2 56.519136 8500
    965 13 2 56.528182 13 2 56.528182 8500
    966 13 2 56.538074 13 2 56.538074 8500
    967 13 2 56.548175 13 2 56.548175 8500
    968 13 2 56.558166 13 2 56.558166 8500
    969 13 2 56.568151 13 2 56.568151 8500
    970 13 2 56.578176 13 2 56.578176 8500
    971 13 2 56.588079 13 2 56.588079 8500
    972 13 2 56.598070 13 2 56.598070 8500
    973 13 2 56.608727 13 2 56.608727 8500
    974 13 2 56.618076 13 2 56.618076 8500
    975 13 2 56.628068 13 2 56.628068 8500
    976 13 2 56.638078 13 2 56.638078 8500
    977 13 2 56.648116 13 2 56.648116 8500
    978 13 2 56.658194 13 2 56.658194 8500
    979 13 2 56.668143 13 2 56.668143 8500
    980 13 2 56.678074 13 2 56.678074 8500
    981 13 2 56.688203 13 2 56.688203 8500
    982 13 2 56.698144 13 2 56.698144 8500
    983 13 2 56.708126 13 2 56.708126 8500
    984 13 2 56.718128 13 2 56.718128 8500
    985 13 2 56.728149 13 2 56.728149 8500
    986 13 2 56.738100 13 2 56.738100 8500
    987 13 2 56.748128 13 2 56.748128 8500
    988 13 2 56.758012 13 2 56.758012 8500
    989 13 2 56.768123 13 2 56.768123 8500
    990 13 2 56.778086 13 2 56.778086 8500
    991 13 2 56.789116 13 2 56.789116 8500
    992 13 2 56.798071 13 2 56.798071 8500
    993 13 2 56.808090 13 2 56.808090 8500
    994 13 2 56.818067 13 2 56.818067 8500
    995 13 2 56.828055 13 2 56.828055 8500
    996 13 2 56.839286 13 2 56.839286 8500
    997 13 2 56.848325 13 2 56.848325 8500
    998 13 2 56.858480 13 2 56.858480 8500
    999 13 2 56.868144 13 2 56.868144 8500
   1000 13 2 56.878141 13 2 56.878141 8500
