      1 13 6 13.133100 13 6 13.133100 10200
      2 13 6 13.143314 13 6 13.143314 10200
      3 13 6 13.154149 13 6 13.154149 10200
      4 13 6 13.163190 13 6 13.163190 10200
      5 13 6 13.173177 13 6 13.173177 10200
      6 13 6 13.183222 13 6 13.183222 10200
      7 13 6 13.194003 13 6 13.194003 10200
      8 13 6 13.203231 13 6 13.203231 10200
      9 13 6 13.213207 13 6 13.213207 10200
     10 13 6 13.223209 13 6 13.223209 10200
     11 13 6 13.233254 13 6 13.233254 10200
     12 13 6 13.243202 13 6 13.243202 10200
     13 13 6 13.253553 13 6 13.253553 10200
     14 13 6 13.263282 13 6 13.263282 10200
     15 13 6 13.273234 13 6 13.273234 10200
     16 13 6 13.283277 13 6 13.283277 10200
     17 13 6 13.293229 13 6 13.293229 10200
     18 13 6 13.303274 13 6 13.303274 10200
     19 13 6 13.313264 13 6 13.313264 10200
     20 13 6 13.323292 13 6 13.323292 10200
     21 13 6 13.333299 13 6 13.333299 10200
     22 13 6 13.343256 13 6 13.343256 10200
     23 13 6 13.353284 13 6 13.353284 10200
     24 13 6 13.363270 13 6 13.363270 10200
     25 13 6 13.373205 13 6 13.373205 10200
     26 13 6 13.383210 13 6 13.383210 10200
     27 13 6 13.393209 13 6 13.393209 10200
     28 13 6 13.403216 13 6 13.403216 10200
     29 13 6 13.413195 13 6 13.413195 10200
     30 13 6 13.423209 13 6 13.423209 10200
     31 13 6 13.433721 13 6 13.433721 10200
     32 13 6 13.443203 13 6 13.443203 10200
     33 13 6 13.453212 13 6 13.453212 10200
     34 13 6 13.463364 13 6 13.463364 10200
     35 13 6 13.473283 13 6 13.473283 10200
     36 13 6 13.483309 13 6 13.483309 10200
     37 13 6 13.493325 13 6 13.493325 10200
     38 13 6 13.503327 13 6 13.503327 10200
     39 13 6 13.513249 13 6 13.513249 10200
     40 13 6 13.523303 13 6 13.523303 10200
     41 13 6 13.533263 13 6 13.533263 10200
     42 13 6 13.543274 13 6 13.543274 10200
     43 13 6 13.553281 13 6 13.553281 10200
     44 13 6 13.563271 13 6 13.563271 10200
     45 13 6 13.573209 13 6 13.573209 10200
     46 13 6 13.583206 13 6 13.583206 10200
     47 13 6 13.593235 13 6 13.593235 10200
     48 13 6 13.603210 13 6 13.603210 10200
     49 13 6 13.613213 13 6 13.613213 10200
     50 13 6 13.623193 13 6 13.623193 10200
     51 13 6 13.633131 13 6 13.633131 10200
     52 13 6 13.643186 13 6 13.643186 10200
     53 13 6 13.653190 13 6 13.653190 10200
     54 13 6 13.663382 13 6 13.663382 10200
     55 13 6 13.673268 13 6 13.673268 10200
     56 13 6 13.683284 13 6 13.683284 10200
     57 13 6 13.693225 13 6 13.693225 10200
     58 13 6 13.703248 13 6 13.703248 10200
     59 13 6 13.713262 13 6 13.713262 10200
     60 13 6 13.723388 13 6 13.723388 10200
     61 13 6 13.733257 13 6 13.733257 10200
     62 13 6 13.743202 13 6 13.743202 10200
     63 13 6 13.753289 13 6 13.753289 10200
     64 13 6 13.763279 13 6 13.763279 10200
     65 13 6 13.773281 13 6 13.773281 10200
     66 13 6 13.783201 13 6 13.783201 10200
     67 13 6 13.793209 13 6 13.793209 10200
     68 13 6 13.803210 13 6 13.803210 10200
     69 13 6 13.813209 13 6 13.813209 10200
     70 13 6 13.823195 13 6 13.823195 10200
     71 13 6 13.833207 13 6 13.833207 10200
     72 13 6 13.843194 13 6 13.843194 10200
     73 13 6 13.853222 13 6 13.853222 10200
     74 13 6 13.863205 13 6 13.863205 10200
     75 13 6 13.873281 13 6 13.873281 10200
     76 13 6 13.883269 13 6 13.883269 10200
     77 13 6 13.893267 13 6 13.893267 10200
     78 13 6 13.903283 13 6 13.903283 10200
     79 13 6 13.913190 13 6 13.913190 10200
     80 13 6 13.923249 13 6 13.923249 10200
     81 13 6 13.933256 13 6 13.933256 10200
     82 13 6 13.943256 13 6 13.943256 10200
     83 13 6 13.953198 13 6 13.953198 10200
     84 13 6 13.963252 13 6 13.963252 10200
     85 13 6 13.973843 13 6 13.973843 10200
     86 13 6 13.983207 13 6 13.983207 10200
     87 13 6 13.993209 13 6 13.993209 10200
     88 13 6 14.003204 13 6 14.003204 10200
     89 13 6 14.013201 13 6 14.013201 10200
     90 13 6 14.023201 13 6 14.023201 10200
     91 13 6 14.033198 13 6 14.033198 10200
     92 13 6 14.043203 13 6 14.043203 10200
     93 13 6 14.053210 13 6 14.053210 10200
     94 13 6 14.063565 13 6 14.063565 10200
     95 13 6 14.073308 13 6 14.073308 10200
     96 13 6 14.083289 13 6 14.083289 10200
     97 13 6 14.093206 13 6 14.093206 10200
     98 13 6 14.103258 13 6 14.103258 10200
     99 13 6 14.113276 13 6 14.113276 10200
    100 13 6 14.123303 13 6 14.123303 10200
    101 13 6 14.133226 13 6 14.133226 10200
    102 13 6 14.143323 13 6 14.143323 10200
    103 13 6 14.153285 13 6 14.153285 10200
    104 13 6 14.163249 13 6 14.163249 10200
    105 13 6 14.173280 13 6 14.173280 10200
    106 13 6 14.183355 13 6 14.183355 10200
    107 13 6 14.193234 13 6 14.193234 10200
    108 13 6 14.203210 13 6 14.203210 10200
    109 13 6 14.213195 13 6 14.213195 10200
    110 13 6 14.223210 13 6 14.223210 10200
    111 13 6 14.233200 13 6 14.233200 10200
    112 13 6 14.243237 13 6 14.243237 10200
    113 13 6 14.253237 13 6 14.253237 10200
    114 13 6 14.263388 13 6 14.263388 10200
    115 13 6 14.273300 13 6 14.273300 10200
    116 13 6 14.283379 13 6 14.283379 10200
    117 13 6 14.293265 13 6 14.293265 10200
    118 13 6 14.303226 13 6 14.303226 10200
    119 13 6 14.313376 13 6 14.313376 10200
    120 13 6 14.323283 13 6 14.323283 10200
    121 13 6 14.333272 13 6 14.333272 10200
    122 13 6 14.343339 13 6 14.343339 10200
    123 13 6 14.353270 13 6 14.353270 10200
    124 13 6 14.363293 13 6 14.363293 10200
    125 13 6 14.373227 13 6 14.373227 10200
    126 13 6 14.383198 13 6 14.383198 10200
    127 13 6 14.393198 13 6 14.393198 10200
    128 13 6 14.403202 13 6 14.403202 10200
    129 13 6 14.413199 13 6 14.413199 10200
    130 13 6 14.423203 13 6 14.423203 10200
    131 13 6 14.433210 13 6 14.433210 10200
    132 13 6 14.443438 13 6 14.443438 10200
    133 13 6 14.453203 13 6 14.453203 10200
    134 13 6 14.463523 13 6 14.463523 10200
    135 13 6 14.473281 13 6 14.473281 10200
    136 13 6 14.483313 13 6 14.483313 10200
    137 13 6 14.493268 13 6 14.493268 10200
    138 13 6 14.503256 13 6 14.503256 10200
    139 13 6 14.513298 13 6 14.513298 10200
    140 13 6 14.523272 13 6 14.523272 10200
    141 13 6 14.533196 13 6 14.533196 10200
    142 13 6 14.543262 13 6 14.543262 10200
    143 13 6 14.553273 13 6 14.553273 10200
    144 13 6 14.563199 13 6 14.563199 10200
    145 13 6 14.573199 13 6 14.573199 10200
    146 13 6 14.583270 13 6 14.583270 10200
    147 13 6 14.593201 13 6 14.593201 10200
    148 13 6 14.603211 13 6 14.603211 10200
    149 13 6 14.613208 13 6 14.613208 10200
    150 13 6 14.623200 13 6 14.623200 10200
    151 13 6 14.633203 13 6 14.633203 10200
    152 13 6 14.643231 13 6 14.643231 10200
    153 13 6 14.653190 13 6 14.653190 10200
    154 13 6 14.663285 13 6 14.663285 10200
    155 13 6 14.673292 13 6 14.673292 10200
    156 13 6 14.685411 13 6 14.685411 10200
    157 13 6 14.693286 13 6 14.693286 10200
    158 13 6 14.703222 13 6 14.703222 10200
    159 13 6 14.713231 13 6 14.713231 10200
    160 13 6 14.723216 13 6 14.723216 10200
    161 13 6 14.733283 13 6 14.733283 10200
    162 13 6 14.743268 13 6 14.743268 10200
    163 13 6 14.753724 13 6 14.753724 10200
    164 13 6 14.763258 13 6 14.763258 10200
    165 13 6 14.773230 13 6 14.773230 10200
    166 13 6 14.783291 13 6 14.783291 10200
    167 13 6 14.793210 13 6 14.793210 10200
    168 13 6 14.803212 13 6 14.803212 10200
    169 13 6 14.813219 13 6 14.813219 10200
    170 13 6 14.823232 13 6 14.823232 10200
    171 13 6 14.833202 13 6 14.833202 10200
    172 13 6 14.843211 13 6 14.843211 10200
    173 13 6 14.853199 13 6 14.853199 10200
    174 13 6 14.863277 13 6 14.863277 10200
    175 13 6 14.873276 13 6 14.873276 10200
    176 13 6 14.883271 13 6 14.883271 10200
    177 13 6 14.893271 13 6 14.893271 10200
    178 13 6 14.903321 13 6 14.903321 10200
    179 13 6 14.913296 13 6 14.913296 10200
    180 13 6 14.923256 13 6 14.923256 10200
    181 13 6 14.933256 13 6 14.933256 10200
    182 13 6 14.943225 13 6 14.943225 10200
    183 13 6 14.953329 13 6 14.953329 10200
    184 13 6 14.963283 13 6 14.963283 10200
    185 13 6 14.973274 13 6 14.973274 10200
    186 13 6 14.983264 13 6 14.983264 10200
    187 13 6 14.993202 13 6 14.993202 10200
    188 13 6 15.003201 13 6 15.003201 10200
    189 13 6 15.013199 13 6 15.013199 10200
    190 13 6 15.023199 13 6 15.023199 10200
    191 13 6 15.033203 13 6 15.033203 10200
    192 13 6 15.043222 13 6 15.043222 10200
    193 13 6 15.053240 13 6 15.053240 10200
    194 13 6 15.063259 13 6 15.063259 10200
    195 13 6 15.073287 13 6 15.073287 10200
    196 13 6 15.083201 13 6 15.083201 10200
    197 13 6 15.093206 13 6 15.093206 10200
    198 13 6 15.103215 13 6 15.103215 10200
    199 13 6 15.113267 13 6 15.113267 10200
    200 13 6 15.123272 13 6 15.123272 10200
    201 13 6 15.133271 13 6 15.133271 10200
    202 13 6 15.143261 13 6 15.143261 10200
    203 13 6 15.153204 13 6 15.153204 10200
    204 13 6 15.163223 13 6 15.163223 10200
    205 13 6 15.173268 13 6 15.173268 10200
    206 13 6 15.183294 13 6 15.183294 10200
    207 13 6 15.193210 13 6 15.193210 10200
    208 13 6 15.203207 13 6 15.203207 10200
    209 13 6 15.213195 13 6 15.213195 10200
    210 13 6 15.223212 13 6 15.223212 10200
    211 13 6 15.233188 13 6 15.233188 10200
    212 13 6 15.243199 13 6 15.243199 10200
    213 13 6 15.253211 13 6 15.253211 10200
    214 13 6 15.263244 13 6 15.263244 10200
    215 13 6 15.273400 13 6 15.273400 10200
    216 13 6 15.283274 13 6 15.283274 10200
    217 13 6 15.293556 13 6 15.293556 10200
    218 13 6 15.303278 13 6 15.303278 10200
    219 13 6 15.313297 13 6 15.313297 10200
    220 13 6 15.323302 13 6 15.323302 10200
    221 13 6 15.333301 13 6 15.333301 10200
    222 13 6 15.343270 13 6 15.343270 10200
    223 13 6 15.353289 13 6 15.353289 10200
    224 13 6 15.363212 13 6 15.363212 10200
    225 13 6 15.373260 13 6 15.373260 10200
    226 13 6 15.383276 13 6 15.383276 10200
    227 13 6 15.393290 13 6 15.393290 10200
    228 13 6 15.403214 13 6 15.403214 10200
    229 13 6 15.413199 13 6 15.413199 10200
    230 13 6 15.423208 13 6 15.423208 10200
    231 13 6 15.433201 13 6 15.433201 10200
    232 13 6 15.443213 13 6 15.443213 10200
    233 13 6 15.453215 13 6 15.453215 10200
    234 13 6 15.463276 13 6 15.463276 10200
    235 13 6 15.473390 13 6 15.473390 10200
    236 13 6 15.483281 13 6 15.483281 10200
    237 13 6 15.493256 13 6 15.493256 10200
    238 13 6 15.503422 13 6 15.503422 10200
    239 13 6 15.513229 13 6 15.513229 10200
    240 13 6 15.523253 13 6 15.523253 10200
    241 13 6 15.533265 13 6 15.533265 10200
    242 13 6 15.543260 13 6 15.543260 10200
    243 13 6 15.553269 13 6 15.553269 10200
    244 13 6 15.563212 13 6 15.563212 10200
    245 13 6 15.573280 13 6 15.573280 10200
    246 13 6 15.583202 13 6 15.583202 10200
    247 13 6 15.593206 13 6 15.593206 10200
    248 13 6 15.603199 13 6 15.603199 10200
    249 13 6 15.613203 13 6 15.613203 10200
    250 13 6 15.623198 13 6 15.623198 10200
    251 13 6 15.633172 13 6 15.633172 10200
    252 13 6 15.643202 13 6 15.643202 10200
    253 13 6 15.653221 13 6 15.653221 10200
    254 13 6 15.663235 13 6 15.663235 10200
    255 13 6 15.673266 13 6 15.673266 10200
    256 13 6 15.683277 13 6 15.683277 10200
    257 13 6 15.693189 13 6 15.693189 10200
    258 13 6 15.703345 13 6 15.703345 10200
    259 13 6 15.713457 13 6 15.713457 10200
    260 13 6 15.723219 13 6 15.723219 10200
    261 13 6 15.733221 13 6 15.733221 10200
    262 13 6 15.743271 13 6 15.743271 10200
    263 13 6 15.753282 13 6 15.753282 10200
    264 13 6 15.763280 13 6 15.763280 10200
    265 13 6 15.773279 13 6 15.773279 10200
    266 13 6 15.783210 13 6 15.783210 10200
    267 13 6 15.793302 13 6 15.793302 10200
    268 13 6 15.803202 13 6 15.803202 10200
    269 13 6 15.813207 13 6 15.813207 10200
    270 13 6 15.823209 13 6 15.823209 10200
    271 13 6 15.833218 13 6 15.833218 10200
    272 13 6 15.843209 13 6 15.843209 10200
    273 13 6 15.853260 13 6 15.853260 10200
    274 13 6 15.863276 13 6 15.863276 10200
    275 13 6 15.873265 13 6 15.873265 10200
    276 13 6 15.883212 13 6 15.883212 10200
    277 13 6 15.893278 13 6 15.893278 10200
    278 13 6 15.903513 13 6 15.903513 10200
    279 13 6 15.913294 13 6 15.913294 10200
    280 13 6 15.923261 13 6 15.923261 10200
    281 13 6 15.933263 13 6 15.933263 10200
    282 13 6 15.943272 13 6 15.943272 10200
    283 13 6 15.953281 13 6 15.953281 10200
    284 13 6 15.964413 13 6 15.964413 10200
    285 13 6 15.973269 13 6 15.973269 10200
    286 13 6 15.983225 13 6 15.983225 10200
    287 13 6 15.993209 13 6 15.993209 10200
    288 13 6 16.003206 13 6 16.003206 10200
    289 13 6 16.013210 13 6 16.013210 10200
    290 13 6 16.023212 13 6 16.023212 10200
    291 13 6 16.033200 13 6 16.033200 10200
    292 13 6 16.043375 13 6 16.043375 10200
    293 13 6 16.053267 13 6 16.053267 10200
    294 13 6 16.063303 13 6 16.063303 10200
    295 13 6 16.073318 13 6 16.073318 10200
    296 13 6 16.083227 13 6 16.083227 10200
    297 13 6 16.093295 13 6 16.093295 10200
    298 13 6 16.103242 13 6 16.103242 10200
    299 13 6 16.113236 13 6 16.113236 10200
    300 13 6 16.123363 13 6 16.123363 10200
    301 13 6 16.133358 13 6 16.133358 10200
    302 13 6 16.143270 13 6 16.143270 10200
    303 13 6 16.153247 13 6 16.153247 10200
    304 13 6 16.163219 13 6 16.163219 10200
    305 13 6 16.173284 13 6 16.173284 10200
    306 13 6 16.183288 13 6 16.183288 10200
    307 13 6 16.193339 13 6 16.193339 10200
    308 13 6 16.203265 13 6 16.203265 10200
    309 13 6 16.213208 13 6 16.213208 10200
    310 13 6 16.223206 13 6 16.223206 10200
    311 13 6 16.233208 13 6 16.233208 10200
    312 13 6 16.243200 13 6 16.243200 10200
    313 13 6 16.253215 13 6 16.253215 10200
    314 13 6 16.263204 13 6 16.263204 10200
    315 13 6 16.273595 13 6 16.273595 10200
    316 13 6 16.283267 13 6 16.283267 10200
    317 13 6 16.293229 13 6 16.293229 10200
    318 13 6 16.303278 13 6 16.303278 10200
    319 13 6 16.313235 13 6 16.313235 10200
    320 13 6 16.323271 13 6 16.323271 10200
    321 13 6 16.333273 13 6 16.333273 10200
    322 13 6 16.343272 13 6 16.343272 10200
    323 13 6 16.353256 13 6 16.353256 10200
    324 13 6 16.363278 13 6 16.363278 10200
    325 13 6 16.373297 13 6 16.373297 10200
    326 13 6 16.383285 13 6 16.383285 10200
    327 13 6 16.393201 13 6 16.393201 10200
    328 13 6 16.403206 13 6 16.403206 10200
    329 13 6 16.413198 13 6 16.413198 10200
    330 13 6 16.423221 13 6 16.423221 10200
    331 13 6 16.433685 13 6 16.433685 10200
    332 13 6 16.443210 13 6 16.443210 10200
    333 13 6 16.453212 13 6 16.453212 10200
    334 13 6 16.463233 13 6 16.463233 10200
    335 13 6 16.473283 13 6 16.473283 10200
    336 13 6 16.483288 13 6 16.483288 10200
    337 13 6 16.493338 13 6 16.493338 10200
    338 13 6 16.503264 13 6 16.503264 10200
    339 13 6 16.513238 13 6 16.513238 10200
    340 13 6 16.523229 13 6 16.523229 10200
    341 13 6 16.533211 13 6 16.533211 10200
    342 13 6 16.543274 13 6 16.543274 10200
    343 13 6 16.553293 13 6 16.553293 10200
    344 13 6 16.563302 13 6 16.563302 10200
    345 13 6 16.573298 13 6 16.573298 10200
    346 13 6 16.583241 13 6 16.583241 10200
    347 13 6 16.593208 13 6 16.593208 10200
    348 13 6 16.603197 13 6 16.603197 10200
    349 13 6 16.613216 13 6 16.613216 10200
    350 13 6 16.623194 13 6 16.623194 10200
    351 13 6 16.633199 13 6 16.633199 10200
    352 13 6 16.643187 13 6 16.643187 10200
    353 13 6 16.653203 13 6 16.653203 10200
    354 13 6 16.663235 13 6 16.663235 10200
    355 13 6 16.673200 13 6 16.673200 10200
    356 13 6 16.683282 13 6 16.683282 10200
    357 13 6 16.693229 13 6 16.693229 10200
    358 13 6 16.703258 13 6 16.703258 10200
    359 13 6 16.713470 13 6 16.713470 10200
    360 13 6 16.723272 13 6 16.723272 10200
    361 13 6 16.733367 13 6 16.733367 10200
    362 13 6 16.743279 13 6 16.743279 10200
    363 13 6 16.753273 13 6 16.753273 10200
    364 13 6 16.763276 13 6 16.763276 10200
    365 13 6 16.773347 13 6 16.773347 10200
    366 13 6 16.783273 13 6 16.783273 10200
    367 13 6 16.793285 13 6 16.793285 10200
    368 13 6 16.803218 13 6 16.803218 10200
    369 13 6 16.813210 13 6 16.813210 10200
    370 13 6 16.823209 13 6 16.823209 10200
    371 13 6 16.833209 13 6 16.833209 10200
    372 13 6 16.843249 13 6 16.843249 10200
    373 13 6 16.853220 13 6 16.853220 10200
    374 13 6 16.863213 13 6 16.863213 10200
    375 13 6 16.873228 13 6 16.873228 10200
    376 13 6 16.883272 13 6 16.883272 10200
    377 13 6 16.893284 13 6 16.893284 10200
    378 13 6 16.903259 13 6 16.903259 10200
    379 13 6 16.913449 13 6 16.913449 10200
    380 13 6 16.923289 13 6 16.923289 10200
    381 13 6 16.933279 13 6 16.933279 10200
    382 13 6 16.943218 13 6 16.943218 10200
    383 13 6 16.953278 13 6 16.953278 10200
    384 13 6 16.963263 13 6 16.963263 10200
    385 13 6 16.973282 13 6 16.973282 10200
    386 13 6 16.983208 13 6 16.983208 10200
    387 13 6 16.993224 13 6 16.993224 10200
    388 13 6 17.003382 13 6 17.003382 10200
    389 13 6 17.013246 13 6 17.013246 10200
    390 13 6 17.023220 13 6 17.023220 10200
    391 13 6 17.033200 13 6 17.033200 10200
    392 13 6 17.043202 13 6 17.043202 10200
    393 13 6 17.053211 13 6 17.053211 10200
    394 13 6 17.063203 13 6 17.063203 10200
    395 13 6 17.073243 13 6 17.073243 10200
    396 13 6 17.083303 13 6 17.083303 10200
    397 13 6 17.093222 13 6 17.093222 10200
    398 13 6 17.103266 13 6 17.103266 10200
    399 13 6 17.113291 13 6 17.113291 10200
    400 13 6 17.123255 13 6 17.123255 10200
    401 13 6 17.133310 13 6 17.133310 10200
    402 13 6 17.143267 13 6 17.143267 10200
    403 13 6 17.153494 13 6 17.153494 10200
    404 13 6 17.163260 13 6 17.163260 10200
    405 13 6 17.173210 13 6 17.173210 10200
    406 13 6 17.183237 13 6 17.183237 10200
    407 13 6 17.193213 13 6 17.193213 10200
    408 13 6 17.203209 13 6 17.203209 10200
    409 13 6 17.213208 13 6 17.213208 10200
    410 13 6 17.223251 13 6 17.223251 10200
    411 13 6 17.233457 13 6 17.233457 10200
    412 13 6 17.244050 13 6 17.244050 10200
    413 13 6 17.253202 13 6 17.253202 10200
    414 13 6 17.263200 13 6 17.263200 10200
    415 13 6 17.273271 13 6 17.273271 10200
    416 13 6 17.283266 13 6 17.283266 10200
    417 13 6 17.293209 13 6 17.293209 10200
    418 13 6 17.303264 13 6 17.303264 10200
    419 13 6 17.313210 13 6 17.313210 10200
    420 13 6 17.323245 13 6 17.323245 10200
    421 13 6 17.333279 13 6 17.333279 10200
    422 13 6 17.343275 13 6 17.343275 10200
    423 13 6 17.353262 13 6 17.353262 10200
    424 13 6 17.363295 13 6 17.363295 10200
    425 13 6 17.373270 13 6 17.373270 10200
    426 13 6 17.383286 13 6 17.383286 10200
    427 13 6 17.393287 13 6 17.393287 10200
    428 13 6 17.403769 13 6 17.403769 10200
    429 13 6 17.413202 13 6 17.413202 10200
    430 13 6 17.423214 13 6 17.423214 10200
    431 13 6 17.433209 13 6 17.433209 10200
    432 13 6 17.443200 13 6 17.443200 10200
    433 13 6 17.453710 13 6 17.453710 10200
    434 13 6 17.463210 13 6 17.463210 10200
    435 13 6 17.473281 13 6 17.473281 10200
    436 13 6 17.483278 13 6 17.483278 10200
    437 13 6 17.493220 13 6 17.493220 10200
    438 13 6 17.503267 13 6 17.503267 10200
    439 13 6 17.513501 13 6 17.513501 10200
    440 13 6 17.523296 13 6 17.523296 10200
    441 13 6 17.533272 13 6 17.533272 10200
    442 13 6 17.543278 13 6 17.543278 10200
    443 13 6 17.553291 13 6 17.553291 10200
    444 13 6 17.563295 13 6 17.563295 10200
    445 13 6 17.573305 13 6 17.573305 10200
    446 13 6 17.583202 13 6 17.583202 10200
    447 13 6 17.593212 13 6 17.593212 10200
    448 13 6 17.603199 13 6 17.603199 10200
    449 13 6 17.613208 13 6 17.613208 10200
    450 13 6 17.623208 13 6 17.623208 10200
    451 13 6 17.633202 13 6 17.633202 10200
    452 13 6 17.643191 13 6 17.643191 10200
    453 13 6 17.653345 13 6 17.653345 10200
    454 13 6 17.663187 13 6 17.663187 10200
    455 13 6 17.673266 13 6 17.673266 10200
    456 13 6 17.683264 13 6 17.683264 10200
    457 13 6 17.693279 13 6 17.693279 10200
    458 13 6 17.703216 13 6 17.703216 10200
    459 13 6 17.713239 13 6 17.713239 10200
    460 13 6 17.723274 13 6 17.723274 10200
    461 13 6 17.733283 13 6 17.733283 10200
    462 13 6 17.743276 13 6 17.743276 10200
    463 13 6 17.753270 13 6 17.753270 10200
    464 13 6 17.763262 13 6 17.763262 10200
    465 13 6 17.773282 13 6 17.773282 10200
    466 13 6 17.783260 13 6 17.783260 10200
    467 13 6 17.793275 13 6 17.793275 10200
    468 13 6 17.803210 13 6 17.803210 10200
    469 13 6 17.813172 13 6 17.813172 10200
    470 13 6 17.823191 13 6 17.823191 10200
    471 13 6 17.833196 13 6 17.833196 10200
    472 13 6 17.843233 13 6 17.843233 10200
    473 13 6 17.853260 13 6 17.853260 10200
    474 13 6 17.863247 13 6 17.863247 10200
    475 13 6 17.873353 13 6 17.873353 10200
    476 13 6 17.883358 13 6 17.883358 10200
    477 13 6 17.893228 13 6 17.893228 10200
    478 13 6 17.903262 13 6 17.903262 10200
    479 13 6 17.913350 13 6 17.913350 10200
    480 13 6 17.923246 13 6 17.923246 10200
    481 13 6 17.933309 13 6 17.933309 10200
    482 13 6 17.943298 13 6 17.943298 10200
    483 13 6 17.953755 13 6 17.953755 10200
    484 13 6 17.963270 13 6 17.963270 10200
    485 13 6 17.973352 13 6 17.973352 10200
    486 13 6 17.983269 13 6 17.983269 10200
    487 13 6 17.993269 13 6 17.993269 10200
    488 13 6 18.003202 13 6 18.003202 10200
    489 13 6 18.013282 13 6 18.013282 10200
    490 13 6 18.023275 13 6 18.023275 10200
    491 13 6 18.033222 13 6 18.033222 10200
    492 13 6 18.043199 13 6 18.043199 10200
    493 13 6 18.053211 13 6 18.053211 10200
    494 13 6 18.063217 13 6 18.063217 10200
    495 13 6 18.073366 13 6 18.073366 10200
    496 13 6 18.083313 13 6 18.083313 10200
    497 13 6 18.093226 13 6 18.093226 10200
    498 13 6 18.103267 13 6 18.103267 10200
    499 13 6 18.113199 13 6 18.113199 10200
    500 13 6 18.123508 13 6 18.123508 10200
    501 13 6 18.133216 13 6 18.133216 10200
    502 13 6 18.143208 13 6 18.143208 10200
    503 13 6 18.153293 13 6 18.153293 10200
    504 13 6 18.163329 13 6 18.163329 10200
    505 13 6 18.173266 13 6 18.173266 10200
    506 13 6 18.183271 13 6 18.183271 10200
    507 13 6 18.193272 13 6 18.193272 10200
    508 13 6 18.203262 13 6 18.203262 10200
    509 13 6 18.213273 13 6 18.213273 10200
    510 13 6 18.223303 13 6 18.223303 10200
    511 13 6 18.233212 13 6 18.233212 10200
    512 13 6 18.243189 13 6 18.243189 10200
    513 13 6 18.253190 13 6 18.253190 10200
    514 13 6 18.263187 13 6 18.263187 10200
    515 13 6 18.273223 13 6 18.273223 10200
    516 13 6 18.283252 13 6 18.283252 10200
    517 13 6 18.293196 13 6 18.293196 10200
    518 13 6 18.303271 13 6 18.303271 10200
    519 13 6 18.313288 13 6 18.313288 10200
    520 13 6 18.323243 13 6 18.323243 10200
    521 13 6 18.333283 13 6 18.333283 10200
    522 13 6 18.343947 13 6 18.343947 10200
    523 13 6 18.353270 13 6 18.353270 10200
    524 13 6 18.363264 13 6 18.363264 10200
    525 13 6 18.373260 13 6 18.373260 10200
    526 13 6 18.383292 13 6 18.383292 10200
    527 13 6 18.393201 13 6 18.393201 10200
    528 13 6 18.403279 13 6 18.403279 10200
    529 13 6 18.413268 13 6 18.413268 10200
    530 13 6 18.423203 13 6 18.423203 10200
    531 13 6 18.433211 13 6 18.433211 10200
    532 13 6 18.443211 13 6 18.443211 10200
    533 13 6 18.453210 13 6 18.453210 10200
    534 13 6 18.463535 13 6 18.463535 10200
    535 13 6 18.473243 13 6 18.473243 10200
    536 13 6 18.483616 13 6 18.483616 10200
    537 13 6 18.493303 13 6 18.493303 10200
    538 13 6 18.503312 13 6 18.503312 10200
    539 13 6 18.513269 13 6 18.513269 10200
    540 13 6 18.523233 13 6 18.523233 10200
    541 13 6 18.533279 13 6 18.533279 10200
    542 13 6 18.543251 13 6 18.543251 10200
    543 13 6 18.553276 13 6 18.553276 10200
    544 13 6 18.563265 13 6 18.563265 10200
    545 13 6 18.573290 13 6 18.573290 10200
    546 13 6 18.583273 13 6 18.583273 10200
    547 13 6 18.593312 13 6 18.593312 10200
    548 13 6 18.603231 13 6 18.603231 10200
    549 13 6 18.613213 13 6 18.613213 10200
    550 13 6 18.623201 13 6 18.623201 10200
    551 13 6 18.633144 13 6 18.633144 10200
    552 13 6 18.643214 13 6 18.643214 10200
    553 13 6 18.653204 13 6 18.653204 10200
    554 13 6 18.663198 13 6 18.663198 10200
    555 13 6 18.673469 13 6 18.673469 10200
    556 13 6 18.683317 13 6 18.683317 10200
    557 13 6 18.693270 13 6 18.693270 10200
    558 13 6 18.703272 13 6 18.703272 10200
    559 13 6 18.713453 13 6 18.713453 10200
    560 13 6 18.723200 13 6 18.723200 10200
    561 13 6 18.733229 13 6 18.733229 10200
    562 13 6 18.743276 13 6 18.743276 10200
    563 13 6 18.753256 13 6 18.753256 10200
    564 13 6 18.763280 13 6 18.763280 10200
    565 13 6 18.773232 13 6 18.773232 10200
    566 13 6 18.783279 13 6 18.783279 10200
    567 13 6 18.793268 13 6 18.793268 10200
    568 13 6 18.803284 13 6 18.803284 10200
    569 13 6 18.813228 13 6 18.813228 10200
    570 13 6 18.823214 13 6 18.823214 10200
    571 13 6 18.833207 13 6 18.833207 10200
    572 13 6 18.843198 13 6 18.843198 10200
    573 13 6 18.853462 13 6 18.853462 10200
    574 13 6 18.863217 13 6 18.863217 10200
    575 13 6 18.873350 13 6 18.873350 10200
    576 13 6 18.883282 13 6 18.883282 10200
    577 13 6 18.893283 13 6 18.893283 10200
    578 13 6 18.903476 13 6 18.903476 10200
    579 13 6 18.913278 13 6 18.913278 10200
    580 13 6 18.923303 13 6 18.923303 10200
    581 13 6 18.933287 13 6 18.933287 10200
    582 13 6 18.943332 13 6 18.943332 10200
    583 13 6 18.953305 13 6 18.953305 10200
    584 13 6 18.963273 13 6 18.963273 10200
    585 13 6 18.973266 13 6 18.973266 10200
    586 13 6 18.983428 13 6 18.983428 10200
    587 13 6 18.993256 13 6 18.993256 10200
    588 13 6 19.003271 13 6 19.003271 10200
    589 13 6 19.013222 13 6 19.013222 10200
    590 13 6 19.023275 13 6 19.023275 10200
    591 13 6 19.033280 13 6 19.033280 10200
    592 13 6 19.043202 13 6 19.043202 10200
    593 13 6 19.053209 13 6 19.053209 10200
    594 13 6 19.063210 13 6 19.063210 10200
    595 13 6 19.073426 13 6 19.073426 10200
    596 13 6 19.083297 13 6 19.083297 10200
    597 13 6 19.093264 13 6 19.093264 10200
    598 13 6 19.103263 13 6 19.103263 10200
    599 13 6 19.113247 13 6 19.113247 10200
    600 13 6 19.123194 13 6 19.123194 10200
    601 13 6 19.133199 13 6 19.133199 10200
    602 13 6 19.143146 13 6 19.143146 10200
    603 13 6 19.153276 13 6 19.153276 10200
    604 13 6 19.163274 13 6 19.163274 10200
    605 13 6 19.173269 13 6 19.173269 10200
    606 13 6 19.183472 13 6 19.183472 10200
    607 13 6 19.193290 13 6 19.193290 10200
    608 13 6 19.203260 13 6 19.203260 10200
    609 13 6 19.213280 13 6 19.213280 10200
    610 13 6 19.223202 13 6 19.223202 10200
    611 13 6 19.233208 13 6 19.233208 10200
    612 13 6 19.243362 13 6 19.243362 10200
    613 13 6 19.253212 13 6 19.253212 10200
    614 13 6 19.263208 13 6 19.263208 10200
    615 13 6 19.273362 13 6 19.273362 10200
    616 13 6 19.283272 13 6 19.283272 10200
    617 13 6 19.293272 13 6 19.293272 10200
    618 13 6 19.303283 13 6 19.303283 10200
    619 13 6 19.313202 13 6 19.313202 10200
    620 13 6 19.323209 13 6 19.323209 10200
    621 13 6 19.333518 13 6 19.333518 10200
    622 13 6 19.343272 13 6 19.343272 10200
    623 13 6 19.353287 13 6 19.353287 10200
    624 13 6 19.363220 13 6 19.363220 10200
    625 13 6 19.373284 13 6 19.373284 10200
    626 13 6 19.383268 13 6 19.383268 10200
    627 13 6 19.393267 13 6 19.393267 10200
    628 13 6 19.403276 13 6 19.403276 10200
    629 13 6 19.413264 13 6 19.413264 10200
    630 13 6 19.423615 13 6 19.423615 10200
    631 13 6 19.433220 13 6 19.433220 10200
    632 13 6 19.443200 13 6 19.443200 10200
    633 13 6 19.453219 13 6 19.453219 10200
    634 13 6 19.463203 13 6 19.463203 10200
    635 13 6 19.473220 13 6 19.473220 10200
    636 13 6 19.483277 13 6 19.483277 10200
    637 13 6 19.493285 13 6 19.493285 10200
    638 13 6 19.503278 13 6 19.503278 10200
    639 13 6 19.513276 13 6 19.513276 10200
    640 13 6 19.523264 13 6 19.523264 10200
    641 13 6 19.533225 13 6 19.533225 10200
    642 13 6 19.543303 13 6 19.543303 10200
    643 13 6 19.553259 13 6 19.553259 10200
    644 13 6 19.563199 13 6 19.563199 10200
    645 13 6 19.573281 13 6 19.573281 10200
    646 13 6 19.583214 13 6 19.583214 10200
    647 13 6 19.593264 13 6 19.593264 10200
    648 13 6 19.603262 13 6 19.603262 10200
    649 13 6 19.613275 13 6 19.613275 10200
    650 13 6 19.623284 13 6 19.623284 10200
    651 13 6 19.633213 13 6 19.633213 10200
    652 13 6 19.643211 13 6 19.643211 10200
    653 13 6 19.653151 13 6 19.653151 10200
    654 13 6 19.663249 13 6 19.663249 10200
    655 13 6 19.673961 13 6 19.673961 10200
    656 13 6 19.683279 13 6 19.683279 10200
    657 13 6 19.693324 13 6 19.693324 10200
    658 13 6 19.703281 13 6 19.703281 10200
    659 13 6 19.713236 13 6 19.713236 10200
    660 13 6 19.723185 13 6 19.723185 10200
    661 13 6 19.733242 13 6 19.733242 10200
    662 13 6 19.743158 13 6 19.743158 10200
    663 13 6 19.753219 13 6 19.753219 10200
    664 13 6 19.763272 13 6 19.763272 10200
    665 13 6 19.773209 13 6 19.773209 10200
    666 13 6 19.783281 13 6 19.783281 10200
    667 13 6 19.793265 13 6 19.793265 10200
    668 13 6 19.803302 13 6 19.803302 10200
    669 13 6 19.813279 13 6 19.813279 10200
    670 13 6 19.823274 13 6 19.823274 10200
    671 13 6 19.833227 13 6 19.833227 10200
    672 13 6 19.843230 13 6 19.843230 10200
    673 13 6 19.853614 13 6 19.853614 10200
    674 13 6 19.863203 13 6 19.863203 10200
    675 13 6 19.873266 13 6 19.873266 10200
    676 13 6 19.883285 13 6 19.883285 10200
    677 13 6 19.893269 13 6 19.893269 10200
    678 13 6 19.903224 13 6 19.903224 10200
    679 13 6 19.913291 13 6 19.913291 10200
    680 13 6 19.924133 13 6 19.924133 10200
    681 13 6 19.933202 13 6 19.933202 10200
    682 13 6 19.943249 13 6 19.943249 10200
    683 13 6 19.953562 13 6 19.953562 10200
    684 13 6 19.963308 13 6 19.963308 10200
    685 13 6 19.973275 13 6 19.973275 10200
    686 13 6 19.983267 13 6 19.983267 10200
    687 13 6 19.993268 13 6 19.993268 10200
    688 13 6 20.003288 13 6 20.003288 10200
    689 13 6 20.013276 13 6 20.013276 10200
    690 13 6 20.023278 13 6 20.023278 10200
    691 13 6 20.033235 13 6 20.033235 10200
    692 13 6 20.043215 13 6 20.043215 10200
    693 13 6 20.054157 13 6 20.054157 10200
    694 13 6 20.063231 13 6 20.063231 10200
    695 13 6 20.073423 13 6 20.073423 10200
    696 13 6 20.083285 13 6 20.083285 10200
    697 13 6 20.093267 13 6 20.093267 10200
    698 13 6 20.103272 13 6 20.103272 10200
    699 13 6 20.113222 13 6 20.113222 10200
    700 13 6 20.123212 13 6 20.123212 10200
    701 13 6 20.133200 13 6 20.133200 10200
    702 13 6 20.143225 13 6 20.143225 10200
    703 13 6 20.154168 13 6 20.154168 10200
    704 13 6 20.163273 13 6 20.163273 10200
    705 13 6 20.173248 13 6 20.173248 10200
    706 13 6 20.183265 13 6 20.183265 10200
    707 13 6 20.193283 13 6 20.193283 10200
    708 13 6 20.203265 13 6 20.203265 10200
    709 13 6 20.213201 13 6 20.213201 10200
    710 13 6 20.223268 13 6 20.223268 10200
    711 13 6 20.233202 13 6 20.233202 10200
    712 13 6 20.243207 13 6 20.243207 10200
    713 13 6 20.253195 13 6 20.253195 10200
    714 13 6 20.263448 13 6 20.263448 10200
    715 13 6 20.273346 13 6 20.273346 10200
    716 13 6 20.283280 13 6 20.283280 10200
    717 13 6 20.293269 13 6 20.293269 10200
    718 13 6 20.303208 13 6 20.303208 10200
    719 13 6 20.313296 13 6 20.313296 10200
    720 13 6 20.323160 13 6 20.323160 10200
    721 13 6 20.333998 13 6 20.333998 10200
    722 13 6 20.343246 13 6 20.343246 10200
    723 13 6 20.353273 13 6 20.353273 10200
    724 13 6 20.363271 13 6 20.363271 10200
    725 13 6 20.373269 13 6 20.373269 10200
    726 13 6 20.383274 13 6 20.383274 10200
    727 13 6 20.393211 13 6 20.393211 10200
    728 13 6 20.403255 13 6 20.403255 10200
    729 13 6 20.413260 13 6 20.413260 10200
    730 13 6 20.423275 13 6 20.423275 10200
    731 13 6 20.433203 13 6 20.433203 10200
    732 13 6 20.443201 13 6 20.443201 10200
    733 13 6 20.454339 13 6 20.454339 10200
    734 13 6 20.463200 13 6 20.463200 10200
    735 13 6 20.473288 13 6 20.473288 10200
    736 13 6 20.483261 13 6 20.483261 10200
    737 13 6 20.493279 13 6 20.493279 10200
    738 13 6 20.503266 13 6 20.503266 10200
    739 13 6 20.513304 13 6 20.513304 10200
    740 13 6 20.523202 13 6 20.523202 10200
    741 13 6 20.533200 13 6 20.533200 10200
    742 13 6 20.543222 13 6 20.543222 10200
    743 13 6 20.553250 13 6 20.553250 10200
    744 13 6 20.563276 13 6 20.563276 10200
    745 13 6 20.573304 13 6 20.573304 10200
    746 13 6 20.583230 13 6 20.583230 10200
    747 13 6 20.593280 13 6 20.593280 10200
    748 13 6 20.603273 13 6 20.603273 10200
    749 13 6 20.613267 13 6 20.613267 10200
    750 13 6 20.623267 13 6 20.623267 10200
    751 13 6 20.633202 13 6 20.633202 10200
    752 13 6 20.643263 13 6 20.643263 10200
    753 13 6 20.653202 13 6 20.653202 10200
    754 13 6 20.663198 13 6 20.663198 10200
    755 13 6 20.673262 13 6 20.673262 10200
    756 13 6 20.683295 13 6 20.683295 10200
    757 13 6 20.693284 13 6 20.693284 10200
    758 13 6 20.703313 13 6 20.703313 10200
    759 13 6 20.713273 13 6 20.713273 10200
    760 13 6 20.723200 13 6 20.723200 10200
    761 13 6 20.733207 13 6 20.733207 10200
    762 13 6 20.743203 13 6 20.743203 10200
    763 13 6 20.753537 13 6 20.753537 10200
    764 13 6 20.763307 13 6 20.763307 10200
    765 13 6 20.773218 13 6 20.773218 10200
    766 13 6 20.783267 13 6 20.783267 10200
    767 13 6 20.793283 13 6 20.793283 10200
    768 13 6 20.803263 13 6 20.803263 10200
    769 13 6 20.813255 13 6 20.813255 10200
    770 13 6 20.823246 13 6 20.823246 10200
    771 13 6 20.833193 13 6 20.833193 10200
    772 13 6 20.843191 13 6 20.843191 10200
    773 13 6 20.853196 13 6 20.853196 10200
    774 13 6 20.863206 13 6 20.863206 10200
    775 13 6 20.873416 13 6 20.873416 10200
    776 13 6 20.883250 13 6 20.883250 10200
    777 13 6 20.893263 13 6 20.893263 10200
    778 13 6 20.903285 13 6 20.903285 10200
    779 13 6 20.913202 13 6 20.913202 10200
    780 13 6 20.923209 13 6 20.923209 10200
    781 13 6 20.933201 13 6 20.933201 10200
    782 13 6 20.943200 13 6 20.943200 10200
    783 13 6 20.954367 13 6 20.954367 10200
    784 13 6 20.963263 13 6 20.963263 10200
    785 13 6 20.973279 13 6 20.973279 10200
    786 13 6 20.983298 13 6 20.983298 10200
    787 13 6 20.993272 13 6 20.993272 10200
    788 13 6 21.003268 13 6 21.003268 10200
    789 13 6 21.013291 13 6 21.013291 10200
    790 13 6 21.023220 13 6 21.023220 10200
    791 13 6 21.033211 13 6 21.033211 10200
    792 13 6 21.043216 13 6 21.043216 10200
    793 13 6 21.053247 13 6 21.053247 10200
    794 13 6 21.063282 13 6 21.063282 10200
    795 13 6 21.073221 13 6 21.073221 10200
    796 13 6 21.083283 13 6 21.083283 10200
    797 13 6 21.093323 13 6 21.093323 10200
    798 13 6 21.103267 13 6 21.103267 10200
    799 13 6 21.113201 13 6 21.113201 10200
    800 13 6 21.123201 13 6 21.123201 10200
    801 13 6 21.133200 13 6 21.133200 10200
    802 13 6 21.143249 13 6 21.143249 10200
    803 13 6 21.153261 13 6 21.153261 10200
    804 13 6 21.163229 13 6 21.163229 10200
    805 13 6 21.173275 13 6 21.173275 10200
    806 13 6 21.183220 13 6 21.183220 10200
    807 13 6 21.193260 13 6 21.193260 10200
    808 13 6 21.203305 13 6 21.203305 10200
    809 13 6 21.213269 13 6 21.213269 10200
    810 13 6 21.223275 13 6 21.223275 10200
    811 13 6 21.233209 13 6 21.233209 10200
    812 13 6 21.243203 13 6 21.243203 10200
    813 13 6 21.253208 13 6 21.253208 10200
    814 13 6 21.264071 13 6 21.264071 10200
    815 13 6 21.273271 13 6 21.273271 10200
    816 13 6 21.283868 13 6 21.283868 10200
    817 13 6 21.293372 13 6 21.293372 10200
    818 13 6 21.303298 13 6 21.303298 10200
    819 13 6 21.313272 13 6 21.313272 10200
    820 13 6 21.323277 13 6 21.323277 10200
    821 13 6 21.333189 13 6 21.333189 10200
    822 13 6 21.343320 13 6 21.343320 10200
    823 13 6 21.353270 13 6 21.353270 10200
    824 13 6 21.363220 13 6 21.363220 10200
    825 13 6 21.373273 13 6 21.373273 10200
    826 13 6 21.383275 13 6 21.383275 10200
    827 13 6 21.393266 13 6 21.393266 10200
    828 13 6 21.403271 13 6 21.403271 10200
    829 13 6 21.413289 13 6 21.413289 10200
    830 13 6 21.423207 13 6 21.423207 10200
    831 13 6 21.433233 13 6 21.433233 10200
    832 13 6 21.443235 13 6 21.443235 10200
    833 13 6 21.453191 13 6 21.453191 10200
    834 13 6 21.463210 13 6 21.463210 10200
    835 13 6 21.473264 13 6 21.473264 10200
    836 13 6 21.483211 13 6 21.483211 10200
    837 13 6 21.493283 13 6 21.493283 10200
    838 13 6 21.503274 13 6 21.503274 10200
    839 13 6 21.513317 13 6 21.513317 10200
    840 13 6 21.523270 13 6 21.523270 10200
    841 13 6 21.533208 13 6 21.533208 10200
    842 13 6 21.543226 13 6 21.543226 10200
    843 13 6 21.553381 13 6 21.553381 10200
    844 13 6 21.563293 13 6 21.563293 10200
    845 13 6 21.573274 13 6 21.573274 10200
    846 13 6 21.583245 13 6 21.583245 10200
    847 13 6 21.593278 13 6 21.593278 10200
    848 13 6 21.603265 13 6 21.603265 10200
    849 13 6 21.613264 13 6 21.613264 10200
    850 13 6 21.623308 13 6 21.623308 10200
    851 13 6 21.633217 13 6 21.633217 10200
    852 13 6 21.643228 13 6 21.643228 10200
    853 13 6 21.653171 13 6 21.653171 10200
    854 13 6 21.663226 13 6 21.663226 10200
    855 13 6 21.673294 13 6 21.673294 10200
    856 13 6 21.683291 13 6 21.683291 10200
    857 13 6 21.693284 13 6 21.693284 10200
    858 13 6 21.703275 13 6 21.703275 10200
    859 13 6 21.713293 13 6 21.713293 10200
    860 13 6 21.723206 13 6 21.723206 10200
    861 13 6 21.733236 13 6 21.733236 10200
    862 13 6 21.743207 13 6 21.743207 10200
    863 13 6 21.753228 13 6 21.753228 10200
    864 13 6 21.763296 13 6 21.763296 10200
    865 13 6 21.773322 13 6 21.773322 10200
    866 13 6 21.783269 13 6 21.783269 10200
    867 13 6 21.793298 13 6 21.793298 10200
    868 13 6 21.803259 13 6 21.803259 10200
    869 13 6 21.813272 13 6 21.813272 10200
    870 13 6 21.823277 13 6 21.823277 10200
    871 13 6 21.833268 13 6 21.833268 10200
    872 13 6 21.844236 13 6 21.844236 10200
    873 13 6 21.853221 13 6 21.853221 10200
    874 13 6 21.863209 13 6 21.863209 10200
    875 13 6 21.873300 13 6 21.873300 10200
    876 13 6 21.883264 13 6 21.883264 10200
    877 13 6 21.893446 13 6 21.893446 10200
    878 13 6 21.903211 13 6 21.903211 10200
    879 13 6 21.913275 13 6 21.913275 10200
    880 13 6 21.923207 13 6 21.923207 10200
    881 13 6 21.933472 13 6 21.933472 10200
    882 13 6 21.943196 13 6 21.943196 10200
    883 13 6 21.953195 13 6 21.953195 10200
    884 13 6 21.963273 13 6 21.963273 10200
    885 13 6 21.973230 13 6 21.973230 10200
    886 13 6 21.984033 13 6 21.984033 10200
    887 13 6 21.993255 13 6 21.993255 10200
    888 13 6 22.003263 13 6 22.003263 10200
    889 13 6 22.013272 13 6 22.013272 10200
    890 13 6 22.023271 13 6 22.023271 10200
    891 13 6 22.033193 13 6 22.033193 10200
    892 13 6 22.043199 13 6 22.043199 10200
    893 13 6 22.053492 13 6 22.053492 10200
    894 13 6 22.063210 13 6 22.063210 10200
    895 13 6 22.073243 13 6 22.073243 10200
    896 13 6 22.083225 13 6 22.083225 10200
    897 13 6 22.093274 13 6 22.093274 10200
    898 13 6 22.103276 13 6 22.103276 10200
    899 13 6 22.113282 13 6 22.113282 10200
    900 13 6 22.123208 13 6 22.123208 10200
    901 13 6 22.133200 13 6 22.133200 10200
    902 13 6 22.143204 13 6 22.143204 10200
    903 13 6 22.154232 13 6 22.154232 10200
    904 13 6 22.163223 13 6 22.163223 10200
    905 13 6 22.173173 13 6 22.173173 10200
    906 13 6 22.183271 13 6 22.183271 10200
    907 13 6 22.193197 13 6 22.193197 10200
    908 13 6 22.203320 13 6 22.203320 10200
    909 13 6 22.213391 13 6 22.213391 10200
    910 13 6 22.223258 13 6 22.223258 10200
    911 13 6 22.233218 13 6 22.233218 10200
    912 13 6 22.243206 13 6 22.243206 10200
    913 13 6 22.253232 13 6 22.253232 10200
    914 13 6 22.263207 13 6 22.263207 10200
    915 13 6 22.273226 13 6 22.273226 10200
    916 13 6 22.283287 13 6 22.283287 10200
    917 13 6 22.293275 13 6 22.293275 10200
    918 13 6 22.303256 13 6 22.303256 10200
    919 13 6 22.313264 13 6 22.313264 10200
    920 13 6 22.323724 13 6 22.323724 10200
    921 13 6 22.333210 13 6 22.333210 10200
    922 13 6 22.343201 13 6 22.343201 10200
    923 13 6 22.353372 13 6 22.353372 10200
    924 13 6 22.363215 13 6 22.363215 10200
    925 13 6 22.373198 13 6 22.373198 10200
    926 13 6 22.383282 13 6 22.383282 10200
    927 13 6 22.393276 13 6 22.393276 10200
    928 13 6 22.403293 13 6 22.403293 10200
    929 13 6 22.413261 13 6 22.413261 10200
    930 13 6 22.423255 13 6 22.423255 10200
    931 13 6 22.433218 13 6 22.433218 10200
    932 13 6 22.443207 13 6 22.443207 10200
    933 13 6 22.453209 13 6 22.453209 10200
    934 13 6 22.463554 13 6 22.463554 10200
    935 13 6 22.473206 13 6 22.473206 10200
    936 13 6 22.483594 13 6 22.483594 10200
    937 13 6 22.493282 13 6 22.493282 10200
    938 13 6 22.503268 13 6 22.503268 10200
    939 13 6 22.513417 13 6 22.513417 10200
    940 13 6 22.523206 13 6 22.523206 10200
    941 13 6 22.533263 13 6 22.533263 10200
    942 13 6 22.543207 13 6 22.543207 10200
    943 13 6 22.553331 13 6 22.553331 10200
    944 13 6 22.563228 13 6 22.563228 10200
    945 13 6 22.573360 13 6 22.573360 10200
    946 13 6 22.583286 13 6 22.583286 10200
    947 13 6 22.593285 13 6 22.593285 10200
    948 13 6 22.603244 13 6 22.603244 10200
    949 13 6 22.613306 13 6 22.613306 10200
    950 13 6 22.623263 13 6 22.623263 10200
    951 13 6 22.633214 13 6 22.633214 10200
    952 13 6 22.643177 13 6 22.643177 10200
    953 13 6 22.653203 13 6 22.653203 10200
    954 13 6 22.663198 13 6 22.663198 10200
    955 13 6 22.673201 13 6 22.673201 10200
    956 13 6 22.683285 13 6 22.683285 10200
    957 13 6 22.693290 13 6 22.693290 10200
    958 13 6 22.703223 13 6 22.703223 10200
    959 13 6 22.713315 13 6 22.713315 10200
    960 13 6 22.723217 13 6 22.723217 10200
    961 13 6 22.733215 13 6 22.733215 10200
    962 13 6 22.743193 13 6 22.743193 10200
    963 13 6 22.753226 13 6 22.753226 10200
    964 13 6 22.763311 13 6 22.763311 10200
    965 13 6 22.773206 13 6 22.773206 10200
    966 13 6 22.783200 13 6 22.783200 10200
    967 13 6 22.793531 13 6 22.793531 10200
    968 13 6 22.803233 13 6 22.803233 10200
    969 13 6 22.813220 13 6 22.813220 10200
    970 13 6 22.823264 13 6 22.823264 10200
    971 13 6 22.833237 13 6 22.833237 10200
    972 13 6 22.843371 13 6 22.843371 10200
    973 13 6 22.854002 13 6 22.854002 10200
    974 13 6 22.863241 13 6 22.863241 10200
    975 13 6 22.873187 13 6 22.873187 10200
    976 13 6 22.883296 13 6 22.883296 10200
    977 13 6 22.893245 13 6 22.893245 10200
    978 13 6 22.903265 13 6 22.903265 10200
    979 13 6 22.913263 13 6 22.913263 10200
    980 13 6 22.923341 13 6 22.923341 10200
    981 13 6 22.933219 13 6 22.933219 10200
    982 13 6 22.943203 13 6 22.943203 10200
    983 13 6 22.953272 13 6 22.953272 10200
    984 13 6 22.963276 13 6 22.963276 10200
    985 13 6 22.973276 13 6 22.973276 10200
    986 13 6 22.983819 13 6 22.983819 10200
    987 13 6 22.993263 13 6 22.993263 10200
    988 13 6 23.003316 13 6 23.003316 10200
    989 13 6 23.013203 13 6 23.013203 10200
    990 13 6 23.023274 13 6 23.023274 10200
    991 13 6 23.033280 13 6 23.033280 10200
    992 13 6 23.043220 13 6 23.043220 10200
    993 13 6 23.053224 13 6 23.053224 10200
    994 13 6 23.063230 13 6 23.063230 10200
    995 13 6 23.073205 13 6 23.073205 10200
    996 13 6 23.083301 13 6 23.083301 10200
    997 13 6 23.093341 13 6 23.093341 10200
    998 13 6 23.103266 13 6 23.103266 10200
    999 13 6 23.113269 13 6 23.113269 10200
   1000 13 6 23.123207 13 6 23.123207 10200
