      1 13 13 18.361484 13 13 18.361484 9600
      2 13 13 18.371575 13 13 18.371575 9600
      3 13 13 18.381575 13 13 18.381575 9600
      4 13 13 18.391570 13 13 18.391570 9600
      5 13 13 18.401589 13 13 18.401589 9600
      6 13 13 18.411612 13 13 18.411612 9600
      7 13 13 18.421613 13 13 18.421613 9600
      8 13 13 18.431591 13 13 18.431591 9600
      9 13 13 18.441611 13 13 18.441611 9600
     10 13 13 18.451588 13 13 18.451588 9600
     11 13 13 18.461770 13 13 18.461770 9600
     12 13 13 18.471717 13 13 18.471717 9600
     13 13 13 18.481653 13 13 18.481653 9600
     14 13 13 18.491731 13 13 18.491731 9600
     15 13 13 18.501626 13 13 18.501626 9600
     16 13 13 18.511668 13 13 18.511668 9600
     17 13 13 18.522538 13 13 18.522538 9600
     18 13 13 18.531660 13 13 18.531660 9600
     19 13 13 18.541667 13 13 18.541667 9600
     20 13 13 18.551639 13 13 18.551639 9600
     21 13 13 18.561621 13 13 18.561621 9600
     22 13 13 18.571584 13 13 18.571584 9600
     23 13 13 18.581579 13 13 18.581579 9600
     24 13 13 18.591581 13 13 18.591581 9600
     25 13 13 18.601580 13 13 18.601580 9600
     26 13 13 18.611543 13 13 18.611543 9600
     27 13 13 18.621580 13 13 18.621580 9600
     28 13 13 18.631581 13 13 18.631581 9600
     29 13 13 18.641587 13 13 18.641587 9600
     30 13 13 18.651565 13 13 18.651565 9600
     31 13 13 18.661616 13 13 18.661616 9600
     32 13 13 18.671869 13 13 18.671869 9600
     33 13 13 18.681723 13 13 18.681723 9600
     34 13 13 18.691662 13 13 18.691662 9600
     35 13 13 18.701661 13 13 18.701661 9600
     36 13 13 18.711655 13 13 18.711655 9600
     37 13 13 18.721744 13 13 18.721744 9600
     38 13 13 18.731670 13 13 18.731670 9600
     39 13 13 18.741879 13 13 18.741879 9600
     40 13 13 18.751623 13 13 18.751623 9600
     41 13 13 18.761696 13 13 18.761696 9600
     42 13 13 18.771650 13 13 18.771650 9600
     43 13 13 18.781708 13 13 18.781708 9600
     44 13 13 18.791584 13 13 18.791584 9600
     45 13 13 18.801580 13 13 18.801580 9600
     46 13 13 18.811585 13 13 18.811585 9600
     47 13 13 18.821583 13 13 18.821583 9600
     48 13 13 18.831589 13 13 18.831589 9600
     49 13 13 18.841583 13 13 18.841583 9600
     50 13 13 18.851600 13 13 18.851600 9600
     51 13 13 18.861589 13 13 18.861589 9600
     52 13 13 18.872589 13 13 18.872589 9600
     53 13 13 18.882328 13 13 18.882328 9600
     54 13 13 18.892344 13 13 18.892344 9600
     55 13 13 18.901695 13 13 18.901695 9600
     56 13 13 18.911729 13 13 18.911729 9600
     57 13 13 18.921759 13 13 18.921759 9600
     58 13 13 18.931584 13 13 18.931584 9600
     59 13 13 18.941617 13 13 18.941617 9600
     60 13 13 18.951608 13 13 18.951608 9600
     61 13 13 18.961660 13 13 18.961660 9600
     62 13 13 18.971648 13 13 18.971648 9600
     63 13 13 18.981711 13 13 18.981711 9600
     64 13 13 18.991606 13 13 18.991606 9600
     65 13 13 19.001594 13 13 19.001594 9600
     66 13 13 19.011579 13 13 19.011579 9600
     67 13 13 19.021581 13 13 19.021581 9600
     68 13 13 19.031580 13 13 19.031580 9600
     69 13 13 19.041529 13 13 19.041529 9600
     70 13 13 19.051625 13 13 19.051625 9600
     71 13 13 19.061567 13 13 19.061567 9600
     72 13 13 19.071604 13 13 19.071604 9600
     73 13 13 19.081561 13 13 19.081561 9600
     74 13 13 19.091696 13 13 19.091696 9600
     75 13 13 19.101668 13 13 19.101668 9600
     76 13 13 19.111650 13 13 19.111650 9600
     77 13 13 19.121697 13 13 19.121697 9600
     78 13 13 19.132152 13 13 19.132152 9600
     79 13 13 19.141629 13 13 19.141629 9600
     80 13 13 19.151648 13 13 19.151648 9600
     81 13 13 19.161646 13 13 19.161646 9600
     82 13 13 19.171582 13 13 19.171582 9600
     83 13 13 19.181577 13 13 19.181577 9600
     84 13 13 19.191586 13 13 19.191586 9600
     85 13 13 19.201651 13 13 19.201651 9600
     86 13 13 19.211580 13 13 19.211580 9600
     87 13 13 19.221582 13 13 19.221582 9600
     88 13 13 19.231580 13 13 19.231580 9600
     89 13 13 19.241582 13 13 19.241582 9600
     90 13 13 19.251581 13 13 19.251581 9600
     91 13 13 19.261580 13 13 19.261580 9600
     92 13 13 19.271633 13 13 19.271633 9600
     93 13 13 19.282046 13 13 19.282046 9600
     94 13 13 19.291540 13 13 19.291540 9600
     95 13 13 19.301663 13 13 19.301663 9600
     96 13 13 19.311651 13 13 19.311651 9600
     97 13 13 19.322068 13 13 19.322068 9600
     98 13 13 19.332193 13 13 19.332193 9600
     99 13 13 19.341716 13 13 19.341716 9600
    100 13 13 19.351656 13 13 19.351656 9600
    101 13 13 19.361647 13 13 19.361647 9600
    102 13 13 19.371597 13 13 19.371597 9600
    103 13 13 19.381709 13 13 19.381709 9600
    104 13 13 19.391607 13 13 19.391607 9600
    105 13 13 19.401588 13 13 19.401588 9600
    106 13 13 19.411581 13 13 19.411581 9600
    107 13 13 19.421580 13 13 19.421580 9600
    108 13 13 19.431581 13 13 19.431581 9600
    109 13 13 19.441580 13 13 19.441580 9600
    110 13 13 19.451579 13 13 19.451579 9600
    111 13 13 19.461580 13 13 19.461580 9600
    112 13 13 19.471581 13 13 19.471581 9600
    113 13 13 19.481754 13 13 19.481754 9600
    114 13 13 19.491582 13 13 19.491582 9600
    115 13 13 19.501667 13 13 19.501667 9600
    116 13 13 19.511603 13 13 19.511603 9600
    117 13 13 19.521730 13 13 19.521730 9600
    118 13 13 19.531832 13 13 19.531832 9600
    119 13 13 19.541671 13 13 19.541671 9600
    120 13 13 19.551704 13 13 19.551704 9600
    121 13 13 19.562207 13 13 19.562207 9600
    122 13 13 19.571705 13 13 19.571705 9600
    123 13 13 19.581641 13 13 19.581641 9600
    124 13 13 19.591640 13 13 19.591640 9600
    125 13 13 19.601711 13 13 19.601711 9600
    126 13 13 19.611710 13 13 19.611710 9600
    127 13 13 19.621631 13 13 19.621631 9600
    128 13 13 19.631806 13 13 19.631806 9600
    129 13 13 19.642026 13 13 19.642026 9600
    130 13 13 19.651613 13 13 19.651613 9600
    131 13 13 19.661590 13 13 19.661590 9600
    132 13 13 19.671592 13 13 19.671592 9600
    133 13 13 19.681667 13 13 19.681667 9600
    134 13 13 19.691672 13 13 19.691672 9600
    135 13 13 19.701619 13 13 19.701619 9600
    136 13 13 19.711719 13 13 19.711719 9600
    137 13 13 19.721698 13 13 19.721698 9600
    138 13 13 19.731633 13 13 19.731633 9600
    139 13 13 19.741596 13 13 19.741596 9600
    140 13 13 19.751642 13 13 19.751642 9600
    141 13 13 19.761689 13 13 19.761689 9600
    142 13 13 19.771647 13 13 19.771647 9600
    143 13 13 19.781659 13 13 19.781659 9600
    144 13 13 19.791643 13 13 19.791643 9600
    145 13 13 19.801583 13 13 19.801583 9600
    146 13 13 19.811641 13 13 19.811641 9600
    147 13 13 19.821647 13 13 19.821647 9600
    148 13 13 19.831582 13 13 19.831582 9600
    149 13 13 19.841588 13 13 19.841588 9600
    150 13 13 19.851593 13 13 19.851593 9600
    151 13 13 19.861585 13 13 19.861585 9600
    152 13 13 19.871587 13 13 19.871587 9600
    153 13 13 19.881810 13 13 19.881810 9600
    154 13 13 19.891655 13 13 19.891655 9600
    155 13 13 19.901638 13 13 19.901638 9600
    156 13 13 19.911642 13 13 19.911642 9600
    157 13 13 19.921551 13 13 19.921551 9600
    158 13 13 19.931550 13 13 19.931550 9600
    159 13 13 19.941586 13 13 19.941586 9600
    160 13 13 19.951595 13 13 19.951595 9600
    161 13 13 19.961722 13 13 19.961722 9600
    162 13 13 19.971654 13 13 19.971654 9600
    163 13 13 19.981664 13 13 19.981664 9600
    164 13 13 19.991638 13 13 19.991638 9600
    165 13 13 20.001646 13 13 20.001646 9600
    166 13 13 20.011594 13 13 20.011594 9600
    167 13 13 20.021647 13 13 20.021647 9600
    168 13 13 20.031582 13 13 20.031582 9600
    169 13 13 20.041584 13 13 20.041584 9600
    170 13 13 20.051581 13 13 20.051581 9600
    171 13 13 20.061581 13 13 20.061581 9600
    172 13 13 20.071580 13 13 20.071580 9600
    173 13 13 20.081686 13 13 20.081686 9600
    174 13 13 20.091708 13 13 20.091708 9600
    175 13 13 20.101656 13 13 20.101656 9600
    176 13 13 20.111647 13 13 20.111647 9600
    177 13 13 20.121645 13 13 20.121645 9600
    178 13 13 20.131595 13 13 20.131595 9600
    179 13 13 20.141591 13 13 20.141591 9600
    180 13 13 20.152263 13 13 20.152263 9600
    181 13 13 20.161664 13 13 20.161664 9600
    182 13 13 20.171652 13 13 20.171652 9600
    183 13 13 20.181658 13 13 20.181658 9600
    184 13 13 20.191707 13 13 20.191707 9600
    185 13 13 20.201655 13 13 20.201655 9600
    186 13 13 20.211662 13 13 20.211662 9600
    187 13 13 20.221655 13 13 20.221655 9600
    188 13 13 20.231607 13 13 20.231607 9600
    189 13 13 20.241585 13 13 20.241585 9600
    190 13 13 20.251630 13 13 20.251630 9600
    191 13 13 20.261628 13 13 20.261628 9600
    192 13 13 20.271601 13 13 20.271601 9600
    193 13 13 20.281651 13 13 20.281651 9600
    194 13 13 20.291653 13 13 20.291653 9600
    195 13 13 20.301715 13 13 20.301715 9600
    196 13 13 20.311592 13 13 20.311592 9600
    197 13 13 20.321649 13 13 20.321649 9600
    198 13 13 20.331586 13 13 20.331586 9600
    199 13 13 20.341609 13 13 20.341609 9600
    200 13 13 20.351848 13 13 20.351848 9600
    201 13 13 20.361612 13 13 20.361612 9600
    202 13 13 20.371653 13 13 20.371653 9600
    203 13 13 20.381623 13 13 20.381623 9600
    204 13 13 20.391587 13 13 20.391587 9600
    205 13 13 20.401650 13 13 20.401650 9600
    206 13 13 20.411646 13 13 20.411646 9600
    207 13 13 20.421685 13 13 20.421685 9600
    208 13 13 20.431585 13 13 20.431585 9600
    209 13 13 20.441593 13 13 20.441593 9600
    210 13 13 20.451595 13 13 20.451595 9600
    211 13 13 20.461607 13 13 20.461607 9600
    212 13 13 20.471592 13 13 20.471592 9600
    213 13 13 20.481639 13 13 20.481639 9600
    214 13 13 20.491713 13 13 20.491713 9600
    215 13 13 20.501649 13 13 20.501649 9600
    216 13 13 20.511800 13 13 20.511800 9600
    217 13 13 20.521658 13 13 20.521658 9600
    218 13 13 20.531607 13 13 20.531607 9600
    219 13 13 20.541595 13 13 20.541595 9600
    220 13 13 20.551597 13 13 20.551597 9600
    221 13 13 20.561651 13 13 20.561651 9600
    222 13 13 20.571584 13 13 20.571584 9600
    223 13 13 20.581638 13 13 20.581638 9600
    224 13 13 20.591640 13 13 20.591640 9600
    225 13 13 20.601638 13 13 20.601638 9600
    226 13 13 20.611581 13 13 20.611581 9600
    227 13 13 20.621586 13 13 20.621586 9600
    228 13 13 20.631592 13 13 20.631592 9600
    229 13 13 20.641645 13 13 20.641645 9600
    230 13 13 20.651593 13 13 20.651593 9600
    231 13 13 20.661574 13 13 20.661574 9600
    232 13 13 20.671599 13 13 20.671599 9600
    233 13 13 20.681685 13 13 20.681685 9600
    234 13 13 20.691749 13 13 20.691749 9600
    235 13 13 20.701616 13 13 20.701616 9600
    236 13 13 20.711732 13 13 20.711732 9600
    237 13 13 20.721751 13 13 20.721751 9600
    238 13 13 20.731714 13 13 20.731714 9600
    239 13 13 20.741597 13 13 20.741597 9600
    240 13 13 20.752159 13 13 20.752159 9600
    241 13 13 20.761780 13 13 20.761780 9600
    242 13 13 20.771661 13 13 20.771661 9600
    243 13 13 20.781703 13 13 20.781703 9600
    244 13 13 20.791709 13 13 20.791709 9600
    245 13 13 20.801656 13 13 20.801656 9600
    246 13 13 20.811654 13 13 20.811654 9600
    247 13 13 20.821673 13 13 20.821673 9600
    248 13 13 20.831644 13 13 20.831644 9600
    249 13 13 20.841584 13 13 20.841584 9600
    250 13 13 20.851583 13 13 20.851583 9600
    251 13 13 20.861585 13 13 20.861585 9600
    252 13 13 20.871549 13 13 20.871549 9600
    253 13 13 20.881605 13 13 20.881605 9600
    254 13 13 20.891935 13 13 20.891935 9600
    255 13 13 20.901647 13 13 20.901647 9600
    256 13 13 20.911573 13 13 20.911573 9600
    257 13 13 20.921645 13 13 20.921645 9600
    258 13 13 20.931999 13 13 20.931999 9600
    259 13 13 20.941582 13 13 20.941582 9600
    260 13 13 20.952462 13 13 20.952462 9600
    261 13 13 20.961659 13 13 20.961659 9600
    262 13 13 20.971785 13 13 20.971785 9600
    263 13 13 20.981669 13 13 20.981669 9600
    264 13 13 20.991569 13 13 20.991569 9600
    265 13 13 21.001671 13 13 21.001671 9600
    266 13 13 21.011644 13 13 21.011644 9600
    267 13 13 21.021653 13 13 21.021653 9600
    268 13 13 21.031583 13 13 21.031583 9600
    269 13 13 21.041568 13 13 21.041568 9600
    270 13 13 21.051584 13 13 21.051584 9600
    271 13 13 21.061582 13 13 21.061582 9600
    272 13 13 21.071580 13 13 21.071580 9600
    273 13 13 21.081595 13 13 21.081595 9600
    274 13 13 21.091629 13 13 21.091629 9600
    275 13 13 21.101670 13 13 21.101670 9600
    276 13 13 21.111639 13 13 21.111639 9600
    277 13 13 21.121649 13 13 21.121649 9600
    278 13 13 21.131582 13 13 21.131582 9600
    279 13 13 21.141581 13 13 21.141581 9600
    280 13 13 21.151586 13 13 21.151586 9600
    281 13 13 21.161647 13 13 21.161647 9600
    282 13 13 21.171625 13 13 21.171625 9600
    283 13 13 21.181664 13 13 21.181664 9600
    284 13 13 21.191634 13 13 21.191634 9600
    285 13 13 21.201637 13 13 21.201637 9600
    286 13 13 21.211645 13 13 21.211645 9600
    287 13 13 21.221661 13 13 21.221661 9600
    288 13 13 21.231583 13 13 21.231583 9600
    289 13 13 21.241582 13 13 21.241582 9600
    290 13 13 21.251581 13 13 21.251581 9600
    291 13 13 21.261580 13 13 21.261580 9600
    292 13 13 21.271578 13 13 21.271578 9600
    293 13 13 21.281621 13 13 21.281621 9600
    294 13 13 21.291646 13 13 21.291646 9600
    295 13 13 21.301590 13 13 21.301590 9600
    296 13 13 21.311742 13 13 21.311742 9600
    297 13 13 21.321640 13 13 21.321640 9600
    298 13 13 21.331648 13 13 21.331648 9600
    299 13 13 21.341606 13 13 21.341606 9600
    300 13 13 21.351914 13 13 21.351914 9600
    301 13 13 21.361650 13 13 21.361650 9600
    302 13 13 21.371635 13 13 21.371635 9600
    303 13 13 21.381654 13 13 21.381654 9600
    304 13 13 21.391705 13 13 21.391705 9600
    305 13 13 21.401675 13 13 21.401675 9600
    306 13 13 21.411657 13 13 21.411657 9600
    307 13 13 21.421655 13 13 21.421655 9600
    308 13 13 21.431667 13 13 21.431667 9600
    309 13 13 21.441586 13 13 21.441586 9600
    310 13 13 21.451579 13 13 21.451579 9600
    311 13 13 21.461583 13 13 21.461583 9600
    312 13 13 21.471581 13 13 21.471581 9600
    313 13 13 21.481581 13 13 21.481581 9600
    314 13 13 21.491680 13 13 21.491680 9600
    315 13 13 21.501799 13 13 21.501799 9600
    316 13 13 21.511569 13 13 21.511569 9600
    317 13 13 21.521658 13 13 21.521658 9600
    318 13 13 21.531648 13 13 21.531648 9600
    319 13 13 21.541606 13 13 21.541606 9600
    320 13 13 21.551774 13 13 21.551774 9600
    321 13 13 21.561672 13 13 21.561672 9600
    322 13 13 21.571730 13 13 21.571730 9600
    323 13 13 21.581655 13 13 21.581655 9600
    324 13 13 21.591580 13 13 21.591580 9600
    325 13 13 21.601645 13 13 21.601645 9600
    326 13 13 21.611644 13 13 21.611644 9600
    327 13 13 21.621652 13 13 21.621652 9600
    328 13 13 21.631650 13 13 21.631650 9600
    329 13 13 21.641583 13 13 21.641583 9600
    330 13 13 21.651583 13 13 21.651583 9600
    331 13 13 21.661569 13 13 21.661569 9600
    332 13 13 21.671582 13 13 21.671582 9600
    333 13 13 21.681587 13 13 21.681587 9600
    334 13 13 21.691610 13 13 21.691610 9600
    335 13 13 21.701582 13 13 21.701582 9600
    336 13 13 21.711681 13 13 21.711681 9600
    337 13 13 21.721717 13 13 21.721717 9600
    338 13 13 21.731653 13 13 21.731653 9600
    339 13 13 21.741586 13 13 21.741586 9600
    340 13 13 21.752334 13 13 21.752334 9600
    341 13 13 21.762731 13 13 21.762731 9600
    342 13 13 21.771677 13 13 21.771677 9600
    343 13 13 21.781732 13 13 21.781732 9600
    344 13 13 21.791668 13 13 21.791668 9600
    345 13 13 21.801656 13 13 21.801656 9600
    346 13 13 21.811651 13 13 21.811651 9600
    347 13 13 21.821653 13 13 21.821653 9600
    348 13 13 21.831714 13 13 21.831714 9600
    349 13 13 21.841622 13 13 21.841622 9600
    350 13 13 21.851583 13 13 21.851583 9600
    351 13 13 21.861609 13 13 21.861609 9600
    352 13 13 21.871587 13 13 21.871587 9600
    353 13 13 21.881608 13 13 21.881608 9600
    354 13 13 21.891754 13 13 21.891754 9600
    355 13 13 21.901685 13 13 21.901685 9600
    356 13 13 21.911578 13 13 21.911578 9600
    357 13 13 21.921582 13 13 21.921582 9600
    358 13 13 21.931647 13 13 21.931647 9600
    359 13 13 21.941580 13 13 21.941580 9600
    360 13 13 21.951617 13 13 21.951617 9600
    361 13 13 21.961662 13 13 21.961662 9600
    362 13 13 21.971693 13 13 21.971693 9600
    363 13 13 21.983233 13 13 21.983233 9600
    364 13 13 21.991606 13 13 21.991606 9600
    365 13 13 22.001630 13 13 22.001630 9600
    366 13 13 22.011583 13 13 22.011583 9600
    367 13 13 22.021591 13 13 22.021591 9600
    368 13 13 22.031655 13 13 22.031655 9600
    369 13 13 22.041904 13 13 22.041904 9600
    370 13 13 22.052417 13 13 22.052417 9600
    371 13 13 22.061592 13 13 22.061592 9600
    372 13 13 22.071574 13 13 22.071574 9600
    373 13 13 22.081614 13 13 22.081614 9600
    374 13 13 22.091705 13 13 22.091705 9600
    375 13 13 22.101656 13 13 22.101656 9600
    376 13 13 22.111585 13 13 22.111585 9600
    377 13 13 22.121673 13 13 22.121673 9600
    378 13 13 22.131584 13 13 22.131584 9600
    379 13 13 22.141524 13 13 22.141524 9600
    380 13 13 22.152847 13 13 22.152847 9600
    381 13 13 22.161650 13 13 22.161650 9600
    382 13 13 22.171649 13 13 22.171649 9600
    383 13 13 22.181626 13 13 22.181626 9600
    384 13 13 22.191653 13 13 22.191653 9600
    385 13 13 22.201744 13 13 22.201744 9600
    386 13 13 22.211665 13 13 22.211665 9600
    387 13 13 22.221681 13 13 22.221681 9600
    388 13 13 22.231639 13 13 22.231639 9600
    389 13 13 22.241689 13 13 22.241689 9600
    390 13 13 22.251618 13 13 22.251618 9600
    391 13 13 22.261580 13 13 22.261580 9600
    392 13 13 22.271582 13 13 22.271582 9600
    393 13 13 22.281583 13 13 22.281583 9600
    394 13 13 22.291546 13 13 22.291546 9600
    395 13 13 22.301601 13 13 22.301601 9600
    396 13 13 22.311706 13 13 22.311706 9600
    397 13 13 22.321708 13 13 22.321708 9600
    398 13 13 22.331663 13 13 22.331663 9600
    399 13 13 22.341592 13 13 22.341592 9600
    400 13 13 22.351708 13 13 22.351708 9600
    401 13 13 22.362514 13 13 22.362514 9600
    402 13 13 22.371694 13 13 22.371694 9600
    403 13 13 22.381669 13 13 22.381669 9600
    404 13 13 22.392488 13 13 22.392488 9600
    405 13 13 22.401626 13 13 22.401626 9600
    406 13 13 22.411794 13 13 22.411794 9600
    407 13 13 22.421655 13 13 22.421655 9600
    408 13 13 22.431643 13 13 22.431643 9600
    409 13 13 22.441622 13 13 22.441622 9600
    410 13 13 22.451661 13 13 22.451661 9600
    411 13 13 22.461597 13 13 22.461597 9600
    412 13 13 22.471581 13 13 22.471581 9600
    413 13 13 22.481581 13 13 22.481581 9600
    414 13 13 22.491590 13 13 22.491590 9600
    415 13 13 22.502193 13 13 22.502193 9600
    416 13 13 22.511617 13 13 22.511617 9600
    417 13 13 22.521651 13 13 22.521651 9600
    418 13 13 22.531663 13 13 22.531663 9600
    419 13 13 22.541546 13 13 22.541546 9600
    420 13 13 22.551608 13 13 22.551608 9600
    421 13 13 22.561637 13 13 22.561637 9600
    422 13 13 22.571702 13 13 22.571702 9600
    423 13 13 22.581717 13 13 22.581717 9600
    424 13 13 22.591640 13 13 22.591640 9600
    425 13 13 22.601638 13 13 22.601638 9600
    426 13 13 22.611598 13 13 22.611598 9600
    427 13 13 22.621653 13 13 22.621653 9600
    428 13 13 22.631876 13 13 22.631876 9600
    429 13 13 22.641750 13 13 22.641750 9600
    430 13 13 22.651589 13 13 22.651589 9600
    431 13 13 22.661584 13 13 22.661584 9600
    432 13 13 22.671585 13 13 22.671585 9600
    433 13 13 22.681587 13 13 22.681587 9600
    434 13 13 22.691593 13 13 22.691593 9600
    435 13 13 22.701608 13 13 22.701608 9600
    436 13 13 22.711642 13 13 22.711642 9600
    437 13 13 22.721648 13 13 22.721648 9600
    438 13 13 22.731638 13 13 22.731638 9600
    439 13 13 22.741582 13 13 22.741582 9600
    440 13 13 22.751583 13 13 22.751583 9600
    441 13 13 22.761656 13 13 22.761656 9600
    442 13 13 22.771560 13 13 22.771560 9600
    443 13 13 22.781590 13 13 22.781590 9600
    444 13 13 22.791647 13 13 22.791647 9600
    445 13 13 22.801607 13 13 22.801607 9600
    446 13 13 22.811666 13 13 22.811666 9600
    447 13 13 22.821650 13 13 22.821650 9600
    448 13 13 22.831645 13 13 22.831645 9600
    449 13 13 22.841584 13 13 22.841584 9600
    450 13 13 22.851580 13 13 22.851580 9600
    451 13 13 22.861688 13 13 22.861688 9600
    452 13 13 22.871665 13 13 22.871665 9600
    453 13 13 22.881589 13 13 22.881589 9600
    454 13 13 22.891635 13 13 22.891635 9600
    455 13 13 22.901595 13 13 22.901595 9600
    456 13 13 22.911652 13 13 22.911652 9600
    457 13 13 22.921676 13 13 22.921676 9600
    458 13 13 22.931658 13 13 22.931658 9600
    459 13 13 22.941599 13 13 22.941599 9600
    460 13 13 22.951591 13 13 22.951591 9600
    461 13 13 22.961802 13 13 22.961802 9600
    462 13 13 22.971665 13 13 22.971665 9600
    463 13 13 22.981649 13 13 22.981649 9600
    464 13 13 22.991651 13 13 22.991651 9600
    465 13 13 23.001594 13 13 23.001594 9600
    466 13 13 23.011646 13 13 23.011646 9600
    467 13 13 23.021668 13 13 23.021668 9600
    468 13 13 23.031597 13 13 23.031597 9600
    469 13 13 23.041575 13 13 23.041575 9600
    470 13 13 23.051569 13 13 23.051569 9600
    471 13 13 23.061603 13 13 23.061603 9600
    472 13 13 23.071577 13 13 23.071577 9600
    473 13 13 23.081583 13 13 23.081583 9600
    474 13 13 23.091940 13 13 23.091940 9600
    475 13 13 23.101700 13 13 23.101700 9600
    476 13 13 23.111675 13 13 23.111675 9600
    477 13 13 23.121652 13 13 23.121652 9600
    478 13 13 23.131648 13 13 23.131648 9600
    479 13 13 23.141666 13 13 23.141666 9600
    480 13 13 23.151585 13 13 23.151585 9600
    481 13 13 23.161619 13 13 23.161619 9600
    482 13 13 23.171676 13 13 23.171676 9600
    483 13 13 23.181664 13 13 23.181664 9600
    484 13 13 23.191608 13 13 23.191608 9600
    485 13 13 23.201584 13 13 23.201584 9600
    486 13 13 23.211656 13 13 23.211656 9600
    487 13 13 23.221589 13 13 23.221589 9600
    488 13 13 23.231649 13 13 23.231649 9600
    489 13 13 23.241583 13 13 23.241583 9600
    490 13 13 23.251581 13 13 23.251581 9600
    491 13 13 23.261580 13 13 23.261580 9600
    492 13 13 23.271585 13 13 23.271585 9600
    493 13 13 23.281589 13 13 23.281589 9600
    494 13 13 23.291937 13 13 23.291937 9600
    495 13 13 23.301798 13 13 23.301798 9600
    496 13 13 23.311903 13 13 23.311903 9600
    497 13 13 23.321674 13 13 23.321674 9600
    498 13 13 23.331652 13 13 23.331652 9600
    499 13 13 23.341592 13 13 23.341592 9600
    500 13 13 23.351589 13 13 23.351589 9600
    501 13 13 23.362166 13 13 23.362166 9600
    502 13 13 23.371597 13 13 23.371597 9600
    503 13 13 23.381645 13 13 23.381645 9600
    504 13 13 23.391650 13 13 23.391650 9600
    505 13 13 23.401645 13 13 23.401645 9600
    506 13 13 23.411667 13 13 23.411667 9600
    507 13 13 23.421679 13 13 23.421679 9600
    508 13 13 23.431795 13 13 23.431795 9600
    509 13 13 23.442627 13 13 23.442627 9600
    510 13 13 23.451634 13 13 23.451634 9600
    511 13 13 23.461580 13 13 23.461580 9600
    512 13 13 23.471574 13 13 23.471574 9600
    513 13 13 23.481573 13 13 23.481573 9600
    514 13 13 23.491647 13 13 23.491647 9600
    515 13 13 23.501746 13 13 23.501746 9600
    516 13 13 23.511655 13 13 23.511655 9600
    517 13 13 23.521596 13 13 23.521596 9600
    518 13 13 23.531663 13 13 23.531663 9600
    519 13 13 23.541665 13 13 23.541665 9600
    520 13 13 23.551593 13 13 23.551593 9600
    521 13 13 23.562595 13 13 23.562595 9600
    522 13 13 23.571601 13 13 23.571601 9600
    523 13 13 23.581700 13 13 23.581700 9600
    524 13 13 23.591629 13 13 23.591629 9600
    525 13 13 23.601651 13 13 23.601651 9600
    526 13 13 23.611692 13 13 23.611692 9600
    527 13 13 23.621810 13 13 23.621810 9600
    528 13 13 23.631644 13 13 23.631644 9600
    529 13 13 23.641648 13 13 23.641648 9600
    530 13 13 23.651648 13 13 23.651648 9600
    531 13 13 23.661666 13 13 23.661666 9600
    532 13 13 23.671538 13 13 23.671538 9600
    533 13 13 23.681604 13 13 23.681604 9600
    534 13 13 23.691556 13 13 23.691556 9600
    535 13 13 23.701591 13 13 23.701591 9600
    536 13 13 23.711700 13 13 23.711700 9600
    537 13 13 23.721675 13 13 23.721675 9600
    538 13 13 23.731656 13 13 23.731656 9600
    539 13 13 23.741661 13 13 23.741661 9600
    540 13 13 23.751587 13 13 23.751587 9600
    541 13 13 23.761583 13 13 23.761583 9600
    542 13 13 23.771840 13 13 23.771840 9600
    543 13 13 23.781659 13 13 23.781659 9600
    544 13 13 23.791640 13 13 23.791640 9600
    545 13 13 23.801655 13 13 23.801655 9600
    546 13 13 23.811648 13 13 23.811648 9600
    547 13 13 23.821650 13 13 23.821650 9600
    548 13 13 23.831641 13 13 23.831641 9600
    549 13 13 23.841647 13 13 23.841647 9600
    550 13 13 23.851589 13 13 23.851589 9600
    551 13 13 23.861584 13 13 23.861584 9600
    552 13 13 23.872299 13 13 23.872299 9600
    553 13 13 23.881588 13 13 23.881588 9600
    554 13 13 23.891594 13 13 23.891594 9600
    555 13 13 23.901716 13 13 23.901716 9600
    556 13 13 23.911654 13 13 23.911654 9600
    557 13 13 23.921635 13 13 23.921635 9600
    558 13 13 23.931611 13 13 23.931611 9600
    559 13 13 23.942094 13 13 23.942094 9600
    560 13 13 23.951847 13 13 23.951847 9600
    561 13 13 23.961634 13 13 23.961634 9600
    562 13 13 23.971685 13 13 23.971685 9600
    563 13 13 23.981681 13 13 23.981681 9600
    564 13 13 23.991634 13 13 23.991634 9600
    565 13 13 24.002556 13 13 24.002556 9600
    566 13 13 24.011686 13 13 24.011686 9600
    567 13 13 24.021701 13 13 24.021701 9600
    568 13 13 24.031638 13 13 24.031638 9600
    569 13 13 24.041631 13 13 24.041631 9600
    570 13 13 24.051649 13 13 24.051649 9600
    571 13 13 24.061661 13 13 24.061661 9600
    572 13 13 24.074031 13 13 24.074031 9600
    573 13 13 24.081596 13 13 24.081596 9600
    574 13 13 24.091592 13 13 24.091592 9600
    575 13 13 24.101834 13 13 24.101834 9600
    576 13 13 24.111654 13 13 24.111654 9600
    577 13 13 24.121673 13 13 24.121673 9600
    578 13 13 24.131651 13 13 24.131651 9600
    579 13 13 24.141642 13 13 24.141642 9600
    580 13 13 24.151610 13 13 24.151610 9600
    581 13 13 24.161611 13 13 24.161611 9600
    582 13 13 24.171611 13 13 24.171611 9600
    583 13 13 24.181619 13 13 24.181619 9600
    584 13 13 24.191562 13 13 24.191562 9600
    585 13 13 24.201623 13 13 24.201623 9600
    586 13 13 24.211614 13 13 24.211614 9600
    587 13 13 24.221658 13 13 24.221658 9600
    588 13 13 24.231684 13 13 24.231684 9600
    589 13 13 24.241683 13 13 24.241683 9600
    590 13 13 24.251609 13 13 24.251609 9600
    591 13 13 24.261658 13 13 24.261658 9600
    592 13 13 24.271595 13 13 24.271595 9600
    593 13 13 24.281586 13 13 24.281586 9600
    594 13 13 24.292695 13 13 24.292695 9600
    595 13 13 24.301728 13 13 24.301728 9600
    596 13 13 24.311862 13 13 24.311862 9600
    597 13 13 24.321618 13 13 24.321618 9600
    598 13 13 24.331721 13 13 24.331721 9600
    599 13 13 24.341722 13 13 24.341722 9600
    600 13 13 24.351601 13 13 24.351601 9600
    601 13 13 24.361709 13 13 24.361709 9600
    602 13 13 24.371629 13 13 24.371629 9600
    603 13 13 24.381647 13 13 24.381647 9600
    604 13 13 24.392244 13 13 24.392244 9600
    605 13 13 24.401652 13 13 24.401652 9600
    606 13 13 24.411625 13 13 24.411625 9600
    607 13 13 24.421776 13 13 24.421776 9600
    608 13 13 24.431650 13 13 24.431650 9600
    609 13 13 24.441700 13 13 24.441700 9600
    610 13 13 24.451664 13 13 24.451664 9600
    611 13 13 24.461694 13 13 24.461694 9600
    612 13 13 24.471668 13 13 24.471668 9600
    613 13 13 24.481660 13 13 24.481660 9600
    614 13 13 24.491661 13 13 24.491661 9600
    615 13 13 24.501660 13 13 24.501660 9600
    616 13 13 24.511492 13 13 24.511492 9600
    617 13 13 24.521664 13 13 24.521664 9600
    618 13 13 24.531653 13 13 24.531653 9600
    619 13 13 24.541608 13 13 24.541608 9600
    620 13 13 24.551622 13 13 24.551622 9600
    621 13 13 24.561633 13 13 24.561633 9600
    622 13 13 24.571587 13 13 24.571587 9600
    623 13 13 24.581606 13 13 24.581606 9600
    624 13 13 24.591587 13 13 24.591587 9600
    625 13 13 24.601700 13 13 24.601700 9600
    626 13 13 24.611858 13 13 24.611858 9600
    627 13 13 24.621636 13 13 24.621636 9600
    628 13 13 24.631692 13 13 24.631692 9600
    629 13 13 24.641698 13 13 24.641698 9600
    630 13 13 24.651716 13 13 24.651716 9600
    631 13 13 24.661743 13 13 24.661743 9600
    632 13 13 24.671607 13 13 24.671607 9600
    633 13 13 24.681660 13 13 24.681660 9600
    634 13 13 24.691653 13 13 24.691653 9600
    635 13 13 24.701654 13 13 24.701654 9600
    636 13 13 24.711912 13 13 24.711912 9600
    637 13 13 24.721640 13 13 24.721640 9600
    638 13 13 24.731608 13 13 24.731608 9600
    639 13 13 24.741657 13 13 24.741657 9600
    640 13 13 24.751608 13 13 24.751608 9600
    641 13 13 24.761586 13 13 24.761586 9600
    642 13 13 24.771609 13 13 24.771609 9600
    643 13 13 24.781587 13 13 24.781587 9600
    644 13 13 24.791585 13 13 24.791585 9600
    645 13 13 24.801601 13 13 24.801601 9600
    646 13 13 24.811816 13 13 24.811816 9600
    647 13 13 24.821661 13 13 24.821661 9600
    648 13 13 24.831727 13 13 24.831727 9600
    649 13 13 24.841666 13 13 24.841666 9600
    650 13 13 24.851644 13 13 24.851644 9600
    651 13 13 24.861582 13 13 24.861582 9600
    652 13 13 24.871635 13 13 24.871635 9600
    653 13 13 24.881678 13 13 24.881678 9600
    654 13 13 24.891618 13 13 24.891618 9600
    655 13 13 24.901635 13 13 24.901635 9600
    656 13 13 24.911663 13 13 24.911663 9600
    657 13 13 24.921640 13 13 24.921640 9600
    658 13 13 24.931643 13 13 24.931643 9600
    659 13 13 24.941656 13 13 24.941656 9600
    660 13 13 24.951585 13 13 24.951585 9600
    661 13 13 24.961586 13 13 24.961586 9600
    662 13 13 24.971581 13 13 24.971581 9600
    663 13 13 24.981581 13 13 24.981581 9600
    664 13 13 24.991582 13 13 24.991582 9600
    665 13 13 25.001592 13 13 25.001592 9600
    666 13 13 25.011717 13 13 25.011717 9600
    667 13 13 25.021709 13 13 25.021709 9600
    668 13 13 25.031704 13 13 25.031704 9600
    669 13 13 25.041661 13 13 25.041661 9600
    670 13 13 25.051659 13 13 25.051659 9600
    671 13 13 25.061582 13 13 25.061582 9600
    672 13 13 25.071622 13 13 25.071622 9600
    673 13 13 25.081659 13 13 25.081659 9600
    674 13 13 25.091663 13 13 25.091663 9600
    675 13 13 25.101607 13 13 25.101607 9600
    676 13 13 25.111655 13 13 25.111655 9600
    677 13 13 25.121603 13 13 25.121603 9600
    678 13 13 25.131650 13 13 25.131650 9600
    679 13 13 25.141584 13 13 25.141584 9600
    680 13 13 25.151582 13 13 25.151582 9600
    681 13 13 25.161581 13 13 25.161581 9600
    682 13 13 25.171580 13 13 25.171580 9600
    683 13 13 25.181667 13 13 25.181667 9600
    684 13 13 25.191583 13 13 25.191583 9600
    685 13 13 25.201581 13 13 25.201581 9600
    686 13 13 25.211567 13 13 25.211567 9600
    687 13 13 25.221651 13 13 25.221651 9600
    688 13 13 25.231650 13 13 25.231650 9600
    689 13 13 25.241682 13 13 25.241682 9600
    690 13 13 25.251657 13 13 25.251657 9600
    691 13 13 25.261652 13 13 25.261652 9600
    692 13 13 25.271660 13 13 25.271660 9600
    693 13 13 25.281663 13 13 25.281663 9600
    694 13 13 25.291917 13 13 25.291917 9600
    695 13 13 25.303426 13 13 25.303426 9600
    696 13 13 25.311648 13 13 25.311648 9600
    697 13 13 25.321652 13 13 25.321652 9600
    698 13 13 25.331645 13 13 25.331645 9600
    699 13 13 25.341598 13 13 25.341598 9600
    700 13 13 25.351583 13 13 25.351583 9600
    701 13 13 25.361584 13 13 25.361584 9600
    702 13 13 25.371600 13 13 25.371600 9600
    703 13 13 25.381585 13 13 25.381585 9600
    704 13 13 25.391584 13 13 25.391584 9600
    705 13 13 25.401582 13 13 25.401582 9600
    706 13 13 25.411588 13 13 25.411588 9600
    707 13 13 25.421663 13 13 25.421663 9600
    708 13 13 25.431578 13 13 25.431578 9600
    709 13 13 25.441655 13 13 25.441655 9600
    710 13 13 25.451655 13 13 25.451655 9600
    711 13 13 25.461662 13 13 25.461662 9600
    712 13 13 25.471662 13 13 25.471662 9600
    713 13 13 25.481654 13 13 25.481654 9600
    714 13 13 25.491661 13 13 25.491661 9600
    715 13 13 25.502020 13 13 25.502020 9600
    716 13 13 25.511631 13 13 25.511631 9600
    717 13 13 25.521611 13 13 25.521611 9600
    718 13 13 25.531641 13 13 25.531641 9600
    719 13 13 25.541582 13 13 25.541582 9600
    720 13 13 25.551583 13 13 25.551583 9600
    721 13 13 25.561567 13 13 25.561567 9600
    722 13 13 25.571584 13 13 25.571584 9600
    723 13 13 25.581582 13 13 25.581582 9600
    724 13 13 25.591581 13 13 25.591581 9600
    725 13 13 25.601582 13 13 25.601582 9600
    726 13 13 25.612013 13 13 25.612013 9600
    727 13 13 25.621632 13 13 25.621632 9600
    728 13 13 25.632038 13 13 25.632038 9600
    729 13 13 25.641725 13 13 25.641725 9600
    730 13 13 25.651623 13 13 25.651623 9600
    731 13 13 25.661646 13 13 25.661646 9600
    732 13 13 25.671697 13 13 25.671697 9600
    733 13 13 25.681643 13 13 25.681643 9600
    734 13 13 25.691651 13 13 25.691651 9600
    735 13 13 25.701653 13 13 25.701653 9600
    736 13 13 25.711704 13 13 25.711704 9600
    737 13 13 25.721752 13 13 25.721752 9600
    738 13 13 25.731591 13 13 25.731591 9600
    739 13 13 25.741713 13 13 25.741713 9600
    740 13 13 25.751719 13 13 25.751719 9600
    741 13 13 25.761642 13 13 25.761642 9600
    742 13 13 25.771609 13 13 25.771609 9600
    743 13 13 25.781608 13 13 25.781608 9600
    744 13 13 25.791606 13 13 25.791606 9600
    745 13 13 25.801584 13 13 25.801584 9600
    746 13 13 25.811640 13 13 25.811640 9600
    747 13 13 25.821650 13 13 25.821650 9600
    748 13 13 25.831755 13 13 25.831755 9600
    749 13 13 25.841740 13 13 25.841740 9600
    750 13 13 25.851620 13 13 25.851620 9600
    751 13 13 25.861660 13 13 25.861660 9600
    752 13 13 25.871697 13 13 25.871697 9600
    753 13 13 25.881648 13 13 25.881648 9600
    754 13 13 25.891584 13 13 25.891584 9600
    755 13 13 25.901617 13 13 25.901617 9600
    756 13 13 25.911590 13 13 25.911590 9600
    757 13 13 25.921582 13 13 25.921582 9600
    758 13 13 25.931680 13 13 25.931680 9600
    759 13 13 25.941669 13 13 25.941669 9600
    760 13 13 25.951606 13 13 25.951606 9600
    761 13 13 25.962250 13 13 25.962250 9600
    762 13 13 25.971561 13 13 25.971561 9600
    763 13 13 25.981569 13 13 25.981569 9600
    764 13 13 25.991568 13 13 25.991568 9600
    765 13 13 26.001581 13 13 26.001581 9600
    766 13 13 26.011570 13 13 26.011570 9600
    767 13 13 26.021633 13 13 26.021633 9600
    768 13 13 26.031649 13 13 26.031649 9600
    769 13 13 26.041682 13 13 26.041682 9600
    770 13 13 26.051635 13 13 26.051635 9600
    771 13 13 26.061706 13 13 26.061706 9600
    772 13 13 26.071626 13 13 26.071626 9600
    773 13 13 26.081676 13 13 26.081676 9600
    774 13 13 26.091684 13 13 26.091684 9600
    775 13 13 26.101773 13 13 26.101773 9600
    776 13 13 26.111651 13 13 26.111651 9600
    777 13 13 26.121646 13 13 26.121646 9600
    778 13 13 26.131647 13 13 26.131647 9600
    779 13 13 26.141652 13 13 26.141652 9600
    780 13 13 26.151585 13 13 26.151585 9600
    781 13 13 26.161581 13 13 26.161581 9600
    782 13 13 26.171580 13 13 26.171580 9600
    783 13 13 26.181581 13 13 26.181581 9600
    784 13 13 26.191580 13 13 26.191580 9600
    785 13 13 26.201579 13 13 26.201579 9600
    786 13 13 26.211581 13 13 26.211581 9600
    787 13 13 26.221630 13 13 26.221630 9600
    788 13 13 26.231587 13 13 26.231587 9600
    789 13 13 26.241613 13 13 26.241613 9600
    790 13 13 26.251697 13 13 26.251697 9600
    791 13 13 26.261638 13 13 26.261638 9600
    792 13 13 26.271598 13 13 26.271598 9600
    793 13 13 26.281662 13 13 26.281662 9600
    794 13 13 26.291679 13 13 26.291679 9600
    795 13 13 26.301670 13 13 26.301670 9600
    796 13 13 26.311630 13 13 26.311630 9600
    797 13 13 26.321604 13 13 26.321604 9600
    798 13 13 26.331662 13 13 26.331662 9600
    799 13 13 26.341633 13 13 26.341633 9600
    800 13 13 26.351585 13 13 26.351585 9600
    801 13 13 26.361585 13 13 26.361585 9600
    802 13 13 26.371582 13 13 26.371582 9600
    803 13 13 26.381586 13 13 26.381586 9600
    804 13 13 26.391586 13 13 26.391586 9600
    805 13 13 26.401582 13 13 26.401582 9600
    806 13 13 26.411547 13 13 26.411547 9600
    807 13 13 26.421676 13 13 26.421676 9600
    808 13 13 26.431688 13 13 26.431688 9600
    809 13 13 26.441660 13 13 26.441660 9600
    810 13 13 26.451764 13 13 26.451764 9600
    811 13 13 26.461621 13 13 26.461621 9600
    812 13 13 26.471664 13 13 26.471664 9600
    813 13 13 26.481649 13 13 26.481649 9600
    814 13 13 26.491586 13 13 26.491586 9600
    815 13 13 26.501636 13 13 26.501636 9600
    816 13 13 26.511659 13 13 26.511659 9600
    817 13 13 26.522068 13 13 26.522068 9600
    818 13 13 26.531645 13 13 26.531645 9600
    819 13 13 26.542510 13 13 26.542510 9600
    820 13 13 26.551619 13 13 26.551619 9600
    821 13 13 26.561647 13 13 26.561647 9600
    822 13 13 26.571584 13 13 26.571584 9600
    823 13 13 26.581582 13 13 26.581582 9600
    824 13 13 26.591581 13 13 26.591581 9600
    825 13 13 26.601580 13 13 26.601580 9600
    826 13 13 26.611581 13 13 26.611581 9600
    827 13 13 26.621583 13 13 26.621583 9600
    828 13 13 26.631540 13 13 26.631540 9600
    829 13 13 26.641583 13 13 26.641583 9600
    830 13 13 26.651675 13 13 26.651675 9600
    831 13 13 26.661660 13 13 26.661660 9600
    832 13 13 26.671582 13 13 26.671582 9600
    833 13 13 26.681581 13 13 26.681581 9600
    834 13 13 26.691680 13 13 26.691680 9600
    835 13 13 26.702033 13 13 26.702033 9600
    836 13 13 26.711663 13 13 26.711663 9600
    837 13 13 26.721654 13 13 26.721654 9600
    838 13 13 26.731632 13 13 26.731632 9600
    839 13 13 26.741644 13 13 26.741644 9600
    840 13 13 26.751621 13 13 26.751621 9600
    841 13 13 26.761800 13 13 26.761800 9600
    842 13 13 26.771604 13 13 26.771604 9600
    843 13 13 26.781590 13 13 26.781590 9600
    844 13 13 26.791588 13 13 26.791588 9600
    845 13 13 26.801581 13 13 26.801581 9600
    846 13 13 26.811586 13 13 26.811586 9600
    847 13 13 26.821594 13 13 26.821594 9600
    848 13 13 26.831603 13 13 26.831603 9600
    849 13 13 26.841585 13 13 26.841585 9600
    850 13 13 26.851582 13 13 26.851582 9600
    851 13 13 26.861584 13 13 26.861584 9600
    852 13 13 26.871580 13 13 26.871580 9600
    853 13 13 26.881972 13 13 26.881972 9600
    854 13 13 26.891673 13 13 26.891673 9600
    855 13 13 26.901641 13 13 26.901641 9600
    856 13 13 26.911647 13 13 26.911647 9600
    857 13 13 26.921935 13 13 26.921935 9600
    858 13 13 26.932067 13 13 26.932067 9600
    859 13 13 26.941658 13 13 26.941658 9600
    860 13 13 26.951617 13 13 26.951617 9600
    861 13 13 26.961700 13 13 26.961700 9600
    862 13 13 26.971599 13 13 26.971599 9600
    863 13 13 26.981649 13 13 26.981649 9600
    864 13 13 26.991675 13 13 26.991675 9600
    865 13 13 27.001608 13 13 27.001608 9600
    866 13 13 27.011586 13 13 27.011586 9600
    867 13 13 27.021584 13 13 27.021584 9600
    868 13 13 27.031583 13 13 27.031583 9600
    869 13 13 27.041588 13 13 27.041588 9600
    870 13 13 27.051628 13 13 27.051628 9600
    871 13 13 27.061569 13 13 27.061569 9600
    872 13 13 27.071574 13 13 27.071574 9600
    873 13 13 27.081596 13 13 27.081596 9600
    874 13 13 27.091594 13 13 27.091594 9600
    875 13 13 27.101603 13 13 27.101603 9600
    876 13 13 27.112310 13 13 27.112310 9600
    877 13 13 27.121598 13 13 27.121598 9600
    878 13 13 27.132101 13 13 27.132101 9600
    879 13 13 27.141731 13 13 27.141731 9600
    880 13 13 27.151664 13 13 27.151664 9600
    881 13 13 27.161653 13 13 27.161653 9600
    882 13 13 27.171799 13 13 27.171799 9600
    883 13 13 27.181663 13 13 27.181663 9600
    884 13 13 27.191680 13 13 27.191680 9600
    885 13 13 27.201612 13 13 27.201612 9600
    886 13 13 27.211676 13 13 27.211676 9600
    887 13 13 27.221593 13 13 27.221593 9600
    888 13 13 27.231583 13 13 27.231583 9600
    889 13 13 27.241582 13 13 27.241582 9600
    890 13 13 27.251584 13 13 27.251584 9600
    891 13 13 27.261585 13 13 27.261585 9600
    892 13 13 27.271580 13 13 27.271580 9600
    893 13 13 27.281580 13 13 27.281580 9600
    894 13 13 27.293741 13 13 27.293741 9600
    895 13 13 27.301598 13 13 27.301598 9600
    896 13 13 27.311761 13 13 27.311761 9600
    897 13 13 27.322669 13 13 27.322669 9600
    898 13 13 27.331645 13 13 27.331645 9600
    899 13 13 27.341595 13 13 27.341595 9600
    900 13 13 27.351668 13 13 27.351668 9600
    901 13 13 27.361551 13 13 27.361551 9600
    902 13 13 27.371717 13 13 27.371717 9600
    903 13 13 27.381619 13 13 27.381619 9600
    904 13 13 27.391607 13 13 27.391607 9600
    905 13 13 27.401661 13 13 27.401661 9600
    906 13 13 27.411705 13 13 27.411705 9600
    907 13 13 27.421714 13 13 27.421714 9600
    908 13 13 27.431605 13 13 27.431605 9600
    909 13 13 27.441603 13 13 27.441603 9600
    910 13 13 27.451596 13 13 27.451596 9600
    911 13 13 27.461591 13 13 27.461591 9600
    912 13 13 27.471589 13 13 27.471589 9600
    913 13 13 27.481659 13 13 27.481659 9600
    914 13 13 27.491609 13 13 27.491609 9600
    915 13 13 27.502338 13 13 27.502338 9600
    916 13 13 27.511651 13 13 27.511651 9600
    917 13 13 27.521651 13 13 27.521651 9600
    918 13 13 27.531658 13 13 27.531658 9600
    919 13 13 27.541722 13 13 27.541722 9600
    920 13 13 27.551740 13 13 27.551740 9600
    921 13 13 27.561803 13 13 27.561803 9600
    922 13 13 27.571588 13 13 27.571588 9600
    923 13 13 27.581651 13 13 27.581651 9600
    924 13 13 27.591633 13 13 27.591633 9600
    925 13 13 27.601579 13 13 27.601579 9600
    926 13 13 27.611729 13 13 27.611729 9600
    927 13 13 27.621704 13 13 27.621704 9600
    928 13 13 27.631665 13 13 27.631665 9600
    929 13 13 27.641697 13 13 27.641697 9600
    930 13 13 27.651593 13 13 27.651593 9600
    931 13 13 27.661595 13 13 27.661595 9600
    932 13 13 27.671586 13 13 27.671586 9600
    933 13 13 27.681594 13 13 27.681594 9600
    934 13 13 27.691586 13 13 27.691586 9600
    935 13 13 27.701689 13 13 27.701689 9600
    936 13 13 27.711695 13 13 27.711695 9600
    937 13 13 27.721793 13 13 27.721793 9600
    938 13 13 27.731664 13 13 27.731664 9600
    939 13 13 27.741793 13 13 27.741793 9600
    940 13 13 27.751614 13 13 27.751614 9600
    941 13 13 27.761683 13 13 27.761683 9600
    942 13 13 27.771589 13 13 27.771589 9600
    943 13 13 27.781666 13 13 27.781666 9600
    944 13 13 27.791592 13 13 27.791592 9600
    945 13 13 27.801614 13 13 27.801614 9600
    946 13 13 27.811657 13 13 27.811657 9600
    947 13 13 27.821604 13 13 27.821604 9600
    948 13 13 27.831586 13 13 27.831586 9600
    949 13 13 27.841604 13 13 27.841604 9600
    950 13 13 27.851693 13 13 27.851693 9600
    951 13 13 27.861594 13 13 27.861594 9600
    952 13 13 27.871611 13 13 27.871611 9600
    953 13 13 27.881637 13 13 27.881637 9600
    954 13 13 27.891587 13 13 27.891587 9600
    955 13 13 27.901630 13 13 27.901630 9600
    956 13 13 27.911695 13 13 27.911695 9600
    957 13 13 27.921652 13 13 27.921652 9600
    958 13 13 27.931581 13 13 27.931581 9600
    959 13 13 27.941645 13 13 27.941645 9600
    960 13 13 27.951826 13 13 27.951826 9600
    961 13 13 27.962641 13 13 27.962641 9600
    962 13 13 27.971644 13 13 27.971644 9600
    963 13 13 27.981546 13 13 27.981546 9600
    964 13 13 27.991586 13 13 27.991586 9600
    965 13 13 28.001705 13 13 28.001705 9600
    966 13 13 28.011721 13 13 28.011721 9600
    967 13 13 28.021667 13 13 28.021667 9600
    968 13 13 28.031666 13 13 28.031666 9600
    969 13 13 28.041599 13 13 28.041599 9600
    970 13 13 28.051583 13 13 28.051583 9600
    971 13 13 28.061603 13 13 28.061603 9600
    972 13 13 28.071595 13 13 28.071595 9600
    973 13 13 28.081582 13 13 28.081582 9600
    974 13 13 28.091658 13 13 28.091658 9600
    975 13 13 28.101617 13 13 28.101617 9600
    976 13 13 28.111667 13 13 28.111667 9600
    977 13 13 28.121652 13 13 28.121652 9600
    978 13 13 28.131644 13 13 28.131644 9600
    979 13 13 28.141705 13 13 28.141705 9600
    980 13 13 28.151588 13 13 28.151588 9600
    981 13 13 28.161712 13 13 28.161712 9600
    982 13 13 28.171741 13 13 28.171741 9600
    983 13 13 28.181650 13 13 28.181650 9600
    984 13 13 28.191649 13 13 28.191649 9600
    985 13 13 28.201677 13 13 28.201677 9600
    986 13 13 28.211655 13 13 28.211655 9600
    987 13 13 28.221658 13 13 28.221658 9600
    988 13 13 28.231587 13 13 28.231587 9600
    989 13 13 28.241596 13 13 28.241596 9600
    990 13 13 28.251581 13 13 28.251581 9600
    991 13 13 28.261580 13 13 28.261580 9600
    992 13 13 28.271581 13 13 28.271581 9600
    993 13 13 28.281583 13 13 28.281583 9600
    994 13 13 28.291623 13 13 28.291623 9600
    995 13 13 28.301854 13 13 28.301854 9600
    996 13 13 28.311696 13 13 28.311696 9600
    997 13 13 28.321712 13 13 28.321712 9600
    998 13 13 28.331547 13 13 28.331547 9600
    999 13 13 28.341760 13 13 28.341760 9600
   1000 13 13 28.351554 13 13 28.351554 9600
