      1 13 5 24.566980 13 5 24.566980 9800
      2 13 5 24.577159 13 5 24.577159 9800
      3 13 5 24.587070 13 5 24.587070 9800
      4 13 5 24.597155 13 5 24.597155 9800
      5 13 5 24.607075 13 5 24.607075 9800
      6 13 5 24.617138 13 5 24.617138 9800
      7 13 5 24.627154 13 5 24.627154 9800
      8 13 5 24.637087 13 5 24.637087 9800
      9 13 5 24.647085 13 5 24.647085 9800
     10 13 5 24.657088 13 5 24.657088 9800
     11 13 5 24.667110 13 5 24.667110 9800
     12 13 5 24.677092 13 5 24.677092 9800
     13 13 5 24.687173 13 5 24.687173 9800
     14 13 5 24.697079 13 5 24.697079 9800
     15 13 5 24.707087 13 5 24.707087 9800
     16 13 5 24.717075 13 5 24.717075 9800
     17 13 5 24.727098 13 5 24.727098 9800
     18 13 5 24.737152 13 5 24.737152 9800
     19 13 5 24.748622 13 5 24.748622 9800
     20 13 5 24.757840 13 5 24.757840 9800
     21 13 5 24.767752 13 5 24.767752 9800
     22 13 5 24.777089 13 5 24.777089 9800
     23 13 5 24.787178 13 5 24.787178 9800
     24 13 5 24.797149 13 5 24.797149 9800
     25 13 5 24.807079 13 5 24.807079 9800
     26 13 5 24.817146 13 5 24.817146 9800
     27 13 5 24.827148 13 5 24.827148 9800
     28 13 5 24.837181 13 5 24.837181 9800
     29 13 5 24.847079 13 5 24.847079 9800
     30 13 5 24.857086 13 5 24.857086 9800
     31 13 5 24.867087 13 5 24.867087 9800
     32 13 5 24.877091 13 5 24.877091 9800
     33 13 5 24.887087 13 5 24.887087 9800
     34 13 5 24.897089 13 5 24.897089 9800
     35 13 5 24.907098 13 5 24.907098 9800
     36 13 5 24.917089 13 5 24.917089 9800
     37 13 5 24.927082 13 5 24.927082 9800
     38 13 5 24.937077 13 5 24.937077 9800
     39 13 5 24.947389 13 5 24.947389 9800
     40 13 5 24.957236 13 5 24.957236 9800
     41 13 5 24.967157 13 5 24.967157 9800
     42 13 5 24.977119 13 5 24.977119 9800
     43 13 5 24.987196 13 5 24.987196 9800
     44 13 5 24.997119 13 5 24.997119 9800
     45 13 5 25.007117 13 5 25.007117 9800
     46 13 5 25.017167 13 5 25.017167 9800
     47 13 5 25.027671 13 5 25.027671 9800
     48 13 5 25.037221 13 5 25.037221 9800
     49 13 5 25.047090 13 5 25.047090 9800
     50 13 5 25.057079 13 5 25.057079 9800
     51 13 5 25.067087 13 5 25.067087 9800
     52 13 5 25.077085 13 5 25.077085 9800
     53 13 5 25.087081 13 5 25.087081 9800
     54 13 5 25.097086 13 5 25.097086 9800
     55 13 5 25.107081 13 5 25.107081 9800
     56 13 5 25.117996 13 5 25.117996 9800
     57 13 5 25.127069 13 5 25.127069 9800
     58 13 5 25.137080 13 5 25.137080 9800
     59 13 5 25.147189 13 5 25.147189 9800
     60 13 5 25.157920 13 5 25.157920 9800
     61 13 5 25.167152 13 5 25.167152 9800
     62 13 5 25.177127 13 5 25.177127 9800
     63 13 5 25.187097 13 5 25.187097 9800
     64 13 5 25.197182 13 5 25.197182 9800
     65 13 5 25.207204 13 5 25.207204 9800
     66 13 5 25.217134 13 5 25.217134 9800
     67 13 5 25.227077 13 5 25.227077 9800
     68 13 5 25.237086 13 5 25.237086 9800
     69 13 5 25.247078 13 5 25.247078 9800
     70 13 5 25.257100 13 5 25.257100 9800
     71 13 5 25.267116 13 5 25.267116 9800
     72 13 5 25.277129 13 5 25.277129 9800
     73 13 5 25.287079 13 5 25.287079 9800
     74 13 5 25.297140 13 5 25.297140 9800
     75 13 5 25.307092 13 5 25.307092 9800
     76 13 5 25.317063 13 5 25.317063 9800
     77 13 5 25.327080 13 5 25.327080 9800
     78 13 5 25.337081 13 5 25.337081 9800
     79 13 5 25.347142 13 5 25.347142 9800
     80 13 5 25.357095 13 5 25.357095 9800
     81 13 5 25.367118 13 5 25.367118 9800
     82 13 5 25.377098 13 5 25.377098 9800
     83 13 5 25.387190 13 5 25.387190 9800
     84 13 5 25.397083 13 5 25.397083 9800
     85 13 5 25.407180 13 5 25.407180 9800
     86 13 5 25.417145 13 5 25.417145 9800
     87 13 5 25.427181 13 5 25.427181 9800
     88 13 5 25.437090 13 5 25.437090 9800
     89 13 5 25.447151 13 5 25.447151 9800
     90 13 5 25.457095 13 5 25.457095 9800
     91 13 5 25.467147 13 5 25.467147 9800
     92 13 5 25.477126 13 5 25.477126 9800
     93 13 5 25.487114 13 5 25.487114 9800
     94 13 5 25.497085 13 5 25.497085 9800
     95 13 5 25.507079 13 5 25.507079 9800
     96 13 5 25.517078 13 5 25.517078 9800
     97 13 5 25.527080 13 5 25.527080 9800
     98 13 5 25.537078 13 5 25.537078 9800
     99 13 5 25.547080 13 5 25.547080 9800
    100 13 5 25.557148 13 5 25.557148 9800
    101 13 5 25.567036 13 5 25.567036 9800
    102 13 5 25.577538 13 5 25.577538 9800
    103 13 5 25.587181 13 5 25.587181 9800
    104 13 5 25.597100 13 5 25.597100 9800
    105 13 5 25.607202 13 5 25.607202 9800
    106 13 5 25.617115 13 5 25.617115 9800
    107 13 5 25.627168 13 5 25.627168 9800
    108 13 5 25.637195 13 5 25.637195 9800
    109 13 5 25.647152 13 5 25.647152 9800
    110 13 5 25.657146 13 5 25.657146 9800
    111 13 5 25.667148 13 5 25.667148 9800
    112 13 5 25.677149 13 5 25.677149 9800
    113 13 5 25.687087 13 5 25.687087 9800
    114 13 5 25.697078 13 5 25.697078 9800
    115 13 5 25.707088 13 5 25.707088 9800
    116 13 5 25.717265 13 5 25.717265 9800
    117 13 5 25.727368 13 5 25.727368 9800
    118 13 5 25.737088 13 5 25.737088 9800
    119 13 5 25.747091 13 5 25.747091 9800
    120 13 5 25.757121 13 5 25.757121 9800
    121 13 5 25.767139 13 5 25.767139 9800
    122 13 5 25.777086 13 5 25.777086 9800
    123 13 5 25.787123 13 5 25.787123 9800
    124 13 5 25.797132 13 5 25.797132 9800
    125 13 5 25.807029 13 5 25.807029 9800
    126 13 5 25.817167 13 5 25.817167 9800
    127 13 5 25.827178 13 5 25.827178 9800
    128 13 5 25.837081 13 5 25.837081 9800
    129 13 5 25.847084 13 5 25.847084 9800
    130 13 5 25.857150 13 5 25.857150 9800
    131 13 5 25.867152 13 5 25.867152 9800
    132 13 5 25.877162 13 5 25.877162 9800
    133 13 5 25.887080 13 5 25.887080 9800
    134 13 5 25.897092 13 5 25.897092 9800
    135 13 5 25.907088 13 5 25.907088 9800
    136 13 5 25.917071 13 5 25.917071 9800
    137 13 5 25.927077 13 5 25.927077 9800
    138 13 5 25.937076 13 5 25.937076 9800
    139 13 5 25.947081 13 5 25.947081 9800
    140 13 5 25.957160 13 5 25.957160 9800
    141 13 5 25.967220 13 5 25.967220 9800
    142 13 5 25.977150 13 5 25.977150 9800
    143 13 5 25.987104 13 5 25.987104 9800
    144 13 5 25.997132 13 5 25.997132 9800
    145 13 5 26.007148 13 5 26.007148 9800
    146 13 5 26.017105 13 5 26.017105 9800
    147 13 5 26.027145 13 5 26.027145 9800
    148 13 5 26.037186 13 5 26.037186 9800
    149 13 5 26.047146 13 5 26.047146 9800
    150 13 5 26.057193 13 5 26.057193 9800
    151 13 5 26.067087 13 5 26.067087 9800
    152 13 5 26.077262 13 5 26.077262 9800
    153 13 5 26.087087 13 5 26.087087 9800
    154 13 5 26.097127 13 5 26.097127 9800
    155 13 5 26.107056 13 5 26.107056 9800
    156 13 5 26.117079 13 5 26.117079 9800
    157 13 5 26.127067 13 5 26.127067 9800
    158 13 5 26.137080 13 5 26.137080 9800
    159 13 5 26.147075 13 5 26.147075 9800
    160 13 5 26.157509 13 5 26.157509 9800
    161 13 5 26.167231 13 5 26.167231 9800
    162 13 5 26.177147 13 5 26.177147 9800
    163 13 5 26.187146 13 5 26.187146 9800
    164 13 5 26.197057 13 5 26.197057 9800
    165 13 5 26.207087 13 5 26.207087 9800
    166 13 5 26.217169 13 5 26.217169 9800
    167 13 5 26.227194 13 5 26.227194 9800
    168 13 5 26.237158 13 5 26.237158 9800
    169 13 5 26.247157 13 5 26.247157 9800
    170 13 5 26.257111 13 5 26.257111 9800
    171 13 5 26.267336 13 5 26.267336 9800
    172 13 5 26.277148 13 5 26.277148 9800
    173 13 5 26.287198 13 5 26.287198 9800
    174 13 5 26.297596 13 5 26.297596 9800
    175 13 5 26.307093 13 5 26.307093 9800
    176 13 5 26.317088 13 5 26.317088 9800
    177 13 5 26.327080 13 5 26.327080 9800
    178 13 5 26.337082 13 5 26.337082 9800
    179 13 5 26.347086 13 5 26.347086 9800
    180 13 5 26.357144 13 5 26.357144 9800
    181 13 5 26.367148 13 5 26.367148 9800
    182 13 5 26.377168 13 5 26.377168 9800
    183 13 5 26.387142 13 5 26.387142 9800
    184 13 5 26.397103 13 5 26.397103 9800
    185 13 5 26.407119 13 5 26.407119 9800
    186 13 5 26.417159 13 5 26.417159 9800
    187 13 5 26.427149 13 5 26.427149 9800
    188 13 5 26.437160 13 5 26.437160 9800
    189 13 5 26.447141 13 5 26.447141 9800
    190 13 5 26.457088 13 5 26.457088 9800
    191 13 5 26.467157 13 5 26.467157 9800
    192 13 5 26.477080 13 5 26.477080 9800
    193 13 5 26.487085 13 5 26.487085 9800
    194 13 5 26.497077 13 5 26.497077 9800
    195 13 5 26.507087 13 5 26.507087 9800
    196 13 5 26.517085 13 5 26.517085 9800
    197 13 5 26.527090 13 5 26.527090 9800
    198 13 5 26.537075 13 5 26.537075 9800
    199 13 5 26.547088 13 5 26.547088 9800
    200 13 5 26.557082 13 5 26.557082 9800
    201 13 5 26.567175 13 5 26.567175 9800
    202 13 5 26.577127 13 5 26.577127 9800
    203 13 5 26.587133 13 5 26.587133 9800
    204 13 5 26.597214 13 5 26.597214 9800
    205 13 5 26.607842 13 5 26.607842 9800
    206 13 5 26.617165 13 5 26.617165 9800
    207 13 5 26.627152 13 5 26.627152 9800
    208 13 5 26.637146 13 5 26.637146 9800
    209 13 5 26.647183 13 5 26.647183 9800
    210 13 5 26.657167 13 5 26.657167 9800
    211 13 5 26.667148 13 5 26.667148 9800
    212 13 5 26.677199 13 5 26.677199 9800
    213 13 5 26.687346 13 5 26.687346 9800
    214 13 5 26.697786 13 5 26.697786 9800
    215 13 5 26.707094 13 5 26.707094 9800
    216 13 5 26.717089 13 5 26.717089 9800
    217 13 5 26.727083 13 5 26.727083 9800
    218 13 5 26.737079 13 5 26.737079 9800
    219 13 5 26.747084 13 5 26.747084 9800
    220 13 5 26.757111 13 5 26.757111 9800
    221 13 5 26.767157 13 5 26.767157 9800
    222 13 5 26.777166 13 5 26.777166 9800
    223 13 5 26.787150 13 5 26.787150 9800
    224 13 5 26.797990 13 5 26.797990 9800
    225 13 5 26.807210 13 5 26.807210 9800
    226 13 5 26.817099 13 5 26.817099 9800
    227 13 5 26.827114 13 5 26.827114 9800
    228 13 5 26.837105 13 5 26.837105 9800
    229 13 5 26.847194 13 5 26.847194 9800
    230 13 5 26.857120 13 5 26.857120 9800
    231 13 5 26.867152 13 5 26.867152 9800
    232 13 5 26.877147 13 5 26.877147 9800
    233 13 5 26.887195 13 5 26.887195 9800
    234 13 5 26.897082 13 5 26.897082 9800
    235 13 5 26.907085 13 5 26.907085 9800
    236 13 5 26.917096 13 5 26.917096 9800
    237 13 5 26.927081 13 5 26.927081 9800
    238 13 5 26.937075 13 5 26.937075 9800
    239 13 5 26.947082 13 5 26.947082 9800
    240 13 5 26.957951 13 5 26.957951 9800
    241 13 5 26.967168 13 5 26.967168 9800
    242 13 5 26.977121 13 5 26.977121 9800
    243 13 5 26.987179 13 5 26.987179 9800
    244 13 5 26.997150 13 5 26.997150 9800
    245 13 5 27.007114 13 5 27.007114 9800
    246 13 5 27.017150 13 5 27.017150 9800
    247 13 5 27.027142 13 5 27.027142 9800
    248 13 5 27.037157 13 5 27.037157 9800
    249 13 5 27.047149 13 5 27.047149 9800
    250 13 5 27.057155 13 5 27.057155 9800
    251 13 5 27.067128 13 5 27.067128 9800
    252 13 5 27.077211 13 5 27.077211 9800
    253 13 5 27.087082 13 5 27.087082 9800
    254 13 5 27.097225 13 5 27.097225 9800
    255 13 5 27.107088 13 5 27.107088 9800
    256 13 5 27.117066 13 5 27.117066 9800
    257 13 5 27.127071 13 5 27.127071 9800
    258 13 5 27.137066 13 5 27.137066 9800
    259 13 5 27.147107 13 5 27.147107 9800
    260 13 5 27.157068 13 5 27.157068 9800
    261 13 5 27.167141 13 5 27.167141 9800
    262 13 5 27.177109 13 5 27.177109 9800
    263 13 5 27.187096 13 5 27.187096 9800
    264 13 5 27.197182 13 5 27.197182 9800
    265 13 5 27.207383 13 5 27.207383 9800
    266 13 5 27.217712 13 5 27.217712 9800
    267 13 5 27.227166 13 5 27.227166 9800
    268 13 5 27.237158 13 5 27.237158 9800
    269 13 5 27.247153 13 5 27.247153 9800
    270 13 5 27.257149 13 5 27.257149 9800
    271 13 5 27.267141 13 5 27.267141 9800
    272 13 5 27.277079 13 5 27.277079 9800
    273 13 5 27.287141 13 5 27.287141 9800
    274 13 5 27.297094 13 5 27.297094 9800
    275 13 5 27.307071 13 5 27.307071 9800
    276 13 5 27.317101 13 5 27.317101 9800
    277 13 5 27.327113 13 5 27.327113 9800
    278 13 5 27.337125 13 5 27.337125 9800
    279 13 5 27.347106 13 5 27.347106 9800
    280 13 5 27.357068 13 5 27.357068 9800
    281 13 5 27.367142 13 5 27.367142 9800
    282 13 5 27.377127 13 5 27.377127 9800
    283 13 5 27.387154 13 5 27.387154 9800
    284 13 5 27.397152 13 5 27.397152 9800
    285 13 5 27.407070 13 5 27.407070 9800
    286 13 5 27.417139 13 5 27.417139 9800
    287 13 5 27.427098 13 5 27.427098 9800
    288 13 5 27.437149 13 5 27.437149 9800
    289 13 5 27.447178 13 5 27.447178 9800
    290 13 5 27.457163 13 5 27.457163 9800
    291 13 5 27.467150 13 5 27.467150 9800
    292 13 5 27.477160 13 5 27.477160 9800
    293 13 5 27.487187 13 5 27.487187 9800
    294 13 5 27.497388 13 5 27.497388 9800
    295 13 5 27.507069 13 5 27.507069 9800
    296 13 5 27.517081 13 5 27.517081 9800
    297 13 5 27.527077 13 5 27.527077 9800
    298 13 5 27.537407 13 5 27.537407 9800
    299 13 5 27.547091 13 5 27.547091 9800
    300 13 5 27.557068 13 5 27.557068 9800
    301 13 5 27.567149 13 5 27.567149 9800
    302 13 5 27.577162 13 5 27.577162 9800
    303 13 5 27.587151 13 5 27.587151 9800
    304 13 5 27.597152 13 5 27.597152 9800
    305 13 5 27.607154 13 5 27.607154 9800
    306 13 5 27.617145 13 5 27.617145 9800
    307 13 5 27.627181 13 5 27.627181 9800
    308 13 5 27.637152 13 5 27.637152 9800
    309 13 5 27.647152 13 5 27.647152 9800
    310 13 5 27.657159 13 5 27.657159 9800
    311 13 5 27.667173 13 5 27.667173 9800
    312 13 5 27.677091 13 5 27.677091 9800
    313 13 5 27.687076 13 5 27.687076 9800
    314 13 5 27.697092 13 5 27.697092 9800
    315 13 5 27.707091 13 5 27.707091 9800
    316 13 5 27.717891 13 5 27.717891 9800
    317 13 5 27.727080 13 5 27.727080 9800
    318 13 5 27.737086 13 5 27.737086 9800
    319 13 5 27.747109 13 5 27.747109 9800
    320 13 5 27.757092 13 5 27.757092 9800
    321 13 5 27.767120 13 5 27.767120 9800
    322 13 5 27.777145 13 5 27.777145 9800
    323 13 5 27.787151 13 5 27.787151 9800
    324 13 5 27.797115 13 5 27.797115 9800
    325 13 5 27.807974 13 5 27.807974 9800
    326 13 5 27.817705 13 5 27.817705 9800
    327 13 5 27.827148 13 5 27.827148 9800
    328 13 5 27.837143 13 5 27.837143 9800
    329 13 5 27.847169 13 5 27.847169 9800
    330 13 5 27.857099 13 5 27.857099 9800
    331 13 5 27.867143 13 5 27.867143 9800
    332 13 5 27.877082 13 5 27.877082 9800
    333 13 5 27.887136 13 5 27.887136 9800
    334 13 5 27.897145 13 5 27.897145 9800
    335 13 5 27.907088 13 5 27.907088 9800
    336 13 5 27.917087 13 5 27.917087 9800
    337 13 5 27.927085 13 5 27.927085 9800
    338 13 5 27.937304 13 5 27.937304 9800
    339 13 5 27.947088 13 5 27.947088 9800
    340 13 5 27.957091 13 5 27.957091 9800
    341 13 5 27.967124 13 5 27.967124 9800
    342 13 5 27.977156 13 5 27.977156 9800
    343 13 5 27.987100 13 5 27.987100 9800
    344 13 5 27.997108 13 5 27.997108 9800
    345 13 5 28.007405 13 5 28.007405 9800
    346 13 5 28.017196 13 5 28.017196 9800
    347 13 5 28.027141 13 5 28.027141 9800
    348 13 5 28.037154 13 5 28.037154 9800
    349 13 5 28.047143 13 5 28.047143 9800
    350 13 5 28.057144 13 5 28.057144 9800
    351 13 5 28.067085 13 5 28.067085 9800
    352 13 5 28.077176 13 5 28.077176 9800
    353 13 5 28.087078 13 5 28.087078 9800
    354 13 5 28.097087 13 5 28.097087 9800
    355 13 5 28.107071 13 5 28.107071 9800
    356 13 5 28.117083 13 5 28.117083 9800
    357 13 5 28.127078 13 5 28.127078 9800
    358 13 5 28.137077 13 5 28.137077 9800
    359 13 5 28.147079 13 5 28.147079 9800
    360 13 5 28.157088 13 5 28.157088 9800
    361 13 5 28.167716 13 5 28.167716 9800
    362 13 5 28.177181 13 5 28.177181 9800
    363 13 5 28.187100 13 5 28.187100 9800
    364 13 5 28.197144 13 5 28.197144 9800
    365 13 5 28.207188 13 5 28.207188 9800
    366 13 5 28.217258 13 5 28.217258 9800
    367 13 5 28.227143 13 5 28.227143 9800
    368 13 5 28.237176 13 5 28.237176 9800
    369 13 5 28.247351 13 5 28.247351 9800
    370 13 5 28.257152 13 5 28.257152 9800
    371 13 5 28.267158 13 5 28.267158 9800
    372 13 5 28.277146 13 5 28.277146 9800
    373 13 5 28.287081 13 5 28.287081 9800
    374 13 5 28.297077 13 5 28.297077 9800
    375 13 5 28.307106 13 5 28.307106 9800
    376 13 5 28.317101 13 5 28.317101 9800
    377 13 5 28.327083 13 5 28.327083 9800
    378 13 5 28.337104 13 5 28.337104 9800
    379 13 5 28.347090 13 5 28.347090 9800
    380 13 5 28.357092 13 5 28.357092 9800
    381 13 5 28.367408 13 5 28.367408 9800
    382 13 5 28.377190 13 5 28.377190 9800
    383 13 5 28.387145 13 5 28.387145 9800
    384 13 5 28.397141 13 5 28.397141 9800
    385 13 5 28.407144 13 5 28.407144 9800
    386 13 5 28.417100 13 5 28.417100 9800
    387 13 5 28.427141 13 5 28.427141 9800
    388 13 5 28.437149 13 5 28.437149 9800
    389 13 5 28.447143 13 5 28.447143 9800
    390 13 5 28.457139 13 5 28.457139 9800
    391 13 5 28.467093 13 5 28.467093 9800
    392 13 5 28.477191 13 5 28.477191 9800
    393 13 5 28.487079 13 5 28.487079 9800
    394 13 5 28.497482 13 5 28.497482 9800
    395 13 5 28.507080 13 5 28.507080 9800
    396 13 5 28.517098 13 5 28.517098 9800
    397 13 5 28.527080 13 5 28.527080 9800
    398 13 5 28.537068 13 5 28.537068 9800
    399 13 5 28.547090 13 5 28.547090 9800
    400 13 5 28.557300 13 5 28.557300 9800
    401 13 5 28.567540 13 5 28.567540 9800
    402 13 5 28.577055 13 5 28.577055 9800
    403 13 5 28.587962 13 5 28.587962 9800
    404 13 5 28.597146 13 5 28.597146 9800
    405 13 5 28.607094 13 5 28.607094 9800
    406 13 5 28.617107 13 5 28.617107 9800
    407 13 5 28.627082 13 5 28.627082 9800
    408 13 5 28.637160 13 5 28.637160 9800
    409 13 5 28.647152 13 5 28.647152 9800
    410 13 5 28.657144 13 5 28.657144 9800
    411 13 5 28.667159 13 5 28.667159 9800
    412 13 5 28.677134 13 5 28.677134 9800
    413 13 5 28.687146 13 5 28.687146 9800
    414 13 5 28.697092 13 5 28.697092 9800
    415 13 5 28.707114 13 5 28.707114 9800
    416 13 5 28.717083 13 5 28.717083 9800
    417 13 5 28.727076 13 5 28.727076 9800
    418 13 5 28.737096 13 5 28.737096 9800
    419 13 5 28.747180 13 5 28.747180 9800
    420 13 5 28.757100 13 5 28.757100 9800
    421 13 5 28.767969 13 5 28.767969 9800
    422 13 5 28.777070 13 5 28.777070 9800
    423 13 5 28.787147 13 5 28.787147 9800
    424 13 5 28.797101 13 5 28.797101 9800
    425 13 5 28.807109 13 5 28.807109 9800
    426 13 5 28.817143 13 5 28.817143 9800
    427 13 5 28.827144 13 5 28.827144 9800
    428 13 5 28.837157 13 5 28.837157 9800
    429 13 5 28.847128 13 5 28.847128 9800
    430 13 5 28.857088 13 5 28.857088 9800
    431 13 5 28.867149 13 5 28.867149 9800
    432 13 5 28.877143 13 5 28.877143 9800
    433 13 5 28.887087 13 5 28.887087 9800
    434 13 5 28.897088 13 5 28.897088 9800
    435 13 5 28.907077 13 5 28.907077 9800
    436 13 5 28.917101 13 5 28.917101 9800
    437 13 5 28.927060 13 5 28.927060 9800
    438 13 5 28.937077 13 5 28.937077 9800
    439 13 5 28.947095 13 5 28.947095 9800
    440 13 5 28.957142 13 5 28.957142 9800
    441 13 5 28.967358 13 5 28.967358 9800
    442 13 5 28.977180 13 5 28.977180 9800
    443 13 5 28.987126 13 5 28.987126 9800
    444 13 5 28.997139 13 5 28.997139 9800
    445 13 5 29.007111 13 5 29.007111 9800
    446 13 5 29.017682 13 5 29.017682 9800
    447 13 5 29.027259 13 5 29.027259 9800
    448 13 5 29.037085 13 5 29.037085 9800
    449 13 5 29.047209 13 5 29.047209 9800
    450 13 5 29.057155 13 5 29.057155 9800
    451 13 5 29.067143 13 5 29.067143 9800
    452 13 5 29.077099 13 5 29.077099 9800
    453 13 5 29.087133 13 5 29.087133 9800
    454 13 5 29.097055 13 5 29.097055 9800
    455 13 5 29.107085 13 5 29.107085 9800
    456 13 5 29.117090 13 5 29.117090 9800
    457 13 5 29.127076 13 5 29.127076 9800
    458 13 5 29.137029 13 5 29.137029 9800
    459 13 5 29.147095 13 5 29.147095 9800
    460 13 5 29.157078 13 5 29.157078 9800
    461 13 5 29.167239 13 5 29.167239 9800
    462 13 5 29.177092 13 5 29.177092 9800
    463 13 5 29.187097 13 5 29.187097 9800
    464 13 5 29.197214 13 5 29.197214 9800
    465 13 5 29.207543 13 5 29.207543 9800
    466 13 5 29.217133 13 5 29.217133 9800
    467 13 5 29.227109 13 5 29.227109 9800
    468 13 5 29.237185 13 5 29.237185 9800
    469 13 5 29.247163 13 5 29.247163 9800
    470 13 5 29.257142 13 5 29.257142 9800
    471 13 5 29.267154 13 5 29.267154 9800
    472 13 5 29.277150 13 5 29.277150 9800
    473 13 5 29.287151 13 5 29.287151 9800
    474 13 5 29.297221 13 5 29.297221 9800
    475 13 5 29.307092 13 5 29.307092 9800
    476 13 5 29.317112 13 5 29.317112 9800
    477 13 5 29.327099 13 5 29.327099 9800
    478 13 5 29.337104 13 5 29.337104 9800
    479 13 5 29.347111 13 5 29.347111 9800
    480 13 5 29.357105 13 5 29.357105 9800
    481 13 5 29.367377 13 5 29.367377 9800
    482 13 5 29.377193 13 5 29.377193 9800
    483 13 5 29.387104 13 5 29.387104 9800
    484 13 5 29.397149 13 5 29.397149 9800
    485 13 5 29.407101 13 5 29.407101 9800
    486 13 5 29.417114 13 5 29.417114 9800
    487 13 5 29.427143 13 5 29.427143 9800
    488 13 5 29.437196 13 5 29.437196 9800
    489 13 5 29.447223 13 5 29.447223 9800
    490 13 5 29.457153 13 5 29.457153 9800
    491 13 5 29.467154 13 5 29.467154 9800
    492 13 5 29.477142 13 5 29.477142 9800
    493 13 5 29.487104 13 5 29.487104 9800
    494 13 5 29.497613 13 5 29.497613 9800
    495 13 5 29.507090 13 5 29.507090 9800
    496 13 5 29.517084 13 5 29.517084 9800
    497 13 5 29.527160 13 5 29.527160 9800
    498 13 5 29.537082 13 5 29.537082 9800
    499 13 5 29.547080 13 5 29.547080 9800
    500 13 5 29.557085 13 5 29.557085 9800
    501 13 5 29.567703 13 5 29.567703 9800
    502 13 5 29.577152 13 5 29.577152 9800
    503 13 5 29.587189 13 5 29.587189 9800
    504 13 5 29.597149 13 5 29.597149 9800
    505 13 5 29.607154 13 5 29.607154 9800
    506 13 5 29.617079 13 5 29.617079 9800
    507 13 5 29.627171 13 5 29.627171 9800
    508 13 5 29.637197 13 5 29.637197 9800
    509 13 5 29.647166 13 5 29.647166 9800
    510 13 5 29.657094 13 5 29.657094 9800
    511 13 5 29.667172 13 5 29.667172 9800
    512 13 5 29.677099 13 5 29.677099 9800
    513 13 5 29.687080 13 5 29.687080 9800
    514 13 5 29.697151 13 5 29.697151 9800
    515 13 5 29.707076 13 5 29.707076 9800
    516 13 5 29.717140 13 5 29.717140 9800
    517 13 5 29.727129 13 5 29.727129 9800
    518 13 5 29.737079 13 5 29.737079 9800
    519 13 5 29.747216 13 5 29.747216 9800
    520 13 5 29.757103 13 5 29.757103 9800
    521 13 5 29.767105 13 5 29.767105 9800
    522 13 5 29.777266 13 5 29.777266 9800
    523 13 5 29.787855 13 5 29.787855 9800
    524 13 5 29.797171 13 5 29.797171 9800
    525 13 5 29.807150 13 5 29.807150 9800
    526 13 5 29.817091 13 5 29.817091 9800
    527 13 5 29.827083 13 5 29.827083 9800
    528 13 5 29.837507 13 5 29.837507 9800
    529 13 5 29.847146 13 5 29.847146 9800
    530 13 5 29.857103 13 5 29.857103 9800
    531 13 5 29.867173 13 5 29.867173 9800
    532 13 5 29.877145 13 5 29.877145 9800
    533 13 5 29.887145 13 5 29.887145 9800
    534 13 5 29.897159 13 5 29.897159 9800
    535 13 5 29.907143 13 5 29.907143 9800
    536 13 5 29.917093 13 5 29.917093 9800
    537 13 5 29.927080 13 5 29.927080 9800
    538 13 5 29.937091 13 5 29.937091 9800
    539 13 5 29.947117 13 5 29.947117 9800
    540 13 5 29.957108 13 5 29.957108 9800
    541 13 5 29.967093 13 5 29.967093 9800
    542 13 5 29.977928 13 5 29.977928 9800
    543 13 5 29.987189 13 5 29.987189 9800
    544 13 5 29.997164 13 5 29.997164 9800
    545 13 5 30.007159 13 5 30.007159 9800
    546 13 5 30.017092 13 5 30.017092 9800
    547 13 5 30.027843 13 5 30.027843 9800
    548 13 5 30.037134 13 5 30.037134 9800
    549 13 5 30.047194 13 5 30.047194 9800
    550 13 5 30.057745 13 5 30.057745 9800
    551 13 5 30.067202 13 5 30.067202 9800
    552 13 5 30.077155 13 5 30.077155 9800
    553 13 5 30.087085 13 5 30.087085 9800
    554 13 5 30.097152 13 5 30.097152 9800
    555 13 5 30.107245 13 5 30.107245 9800
    556 13 5 30.117184 13 5 30.117184 9800
    557 13 5 30.127131 13 5 30.127131 9800
    558 13 5 30.137107 13 5 30.137107 9800
    559 13 5 30.147148 13 5 30.147148 9800
    560 13 5 30.157381 13 5 30.157381 9800
    561 13 5 30.167048 13 5 30.167048 9800
    562 13 5 30.177111 13 5 30.177111 9800
    563 13 5 30.187166 13 5 30.187166 9800
    564 13 5 30.197176 13 5 30.197176 9800
    565 13 5 30.207366 13 5 30.207366 9800
    566 13 5 30.217200 13 5 30.217200 9800
    567 13 5 30.227040 13 5 30.227040 9800
    568 13 5 30.237154 13 5 30.237154 9800
    569 13 5 30.247157 13 5 30.247157 9800
    570 13 5 30.257117 13 5 30.257117 9800
    571 13 5 30.267193 13 5 30.267193 9800
    572 13 5 30.277152 13 5 30.277152 9800
    573 13 5 30.287155 13 5 30.287155 9800
    574 13 5 30.297121 13 5 30.297121 9800
    575 13 5 30.307145 13 5 30.307145 9800
    576 13 5 30.317080 13 5 30.317080 9800
    577 13 5 30.327414 13 5 30.327414 9800
    578 13 5 30.337106 13 5 30.337106 9800
    579 13 5 30.347086 13 5 30.347086 9800
    580 13 5 30.357085 13 5 30.357085 9800
    581 13 5 30.367186 13 5 30.367186 9800
    582 13 5 30.377189 13 5 30.377189 9800
    583 13 5 30.387671 13 5 30.387671 9800
    584 13 5 30.397155 13 5 30.397155 9800
    585 13 5 30.407116 13 5 30.407116 9800
    586 13 5 30.417946 13 5 30.417946 9800
    587 13 5 30.427082 13 5 30.427082 9800
    588 13 5 30.437155 13 5 30.437155 9800
    589 13 5 30.447117 13 5 30.447117 9800
    590 13 5 30.457093 13 5 30.457093 9800
    591 13 5 30.467089 13 5 30.467089 9800
    592 13 5 30.477114 13 5 30.477114 9800
    593 13 5 30.487100 13 5 30.487100 9800
    594 13 5 30.497156 13 5 30.497156 9800
    595 13 5 30.507152 13 5 30.507152 9800
    596 13 5 30.517147 13 5 30.517147 9800
    597 13 5 30.527087 13 5 30.527087 9800
    598 13 5 30.537081 13 5 30.537081 9800
    599 13 5 30.547088 13 5 30.547088 9800
    600 13 5 30.557082 13 5 30.557082 9800
    601 13 5 30.567235 13 5 30.567235 9800
    602 13 5 30.577286 13 5 30.577286 9800
    603 13 5 30.587174 13 5 30.587174 9800
    604 13 5 30.597086 13 5 30.597086 9800
    605 13 5 30.607202 13 5 30.607202 9800
    606 13 5 30.617086 13 5 30.617086 9800
    607 13 5 30.627092 13 5 30.627092 9800
    608 13 5 30.637174 13 5 30.637174 9800
    609 13 5 30.647216 13 5 30.647216 9800
    610 13 5 30.657167 13 5 30.657167 9800
    611 13 5 30.667103 13 5 30.667103 9800
    612 13 5 30.677141 13 5 30.677141 9800
    613 13 5 30.687139 13 5 30.687139 9800
    614 13 5 30.697154 13 5 30.697154 9800
    615 13 5 30.707163 13 5 30.707163 9800
    616 13 5 30.717365 13 5 30.717365 9800
    617 13 5 30.727083 13 5 30.727083 9800
    618 13 5 30.737076 13 5 30.737076 9800
    619 13 5 30.747085 13 5 30.747085 9800
    620 13 5 30.757089 13 5 30.757089 9800
    621 13 5 30.767209 13 5 30.767209 9800
    622 13 5 30.777483 13 5 30.777483 9800
    623 13 5 30.787707 13 5 30.787707 9800
    624 13 5 30.797111 13 5 30.797111 9800
    625 13 5 30.807306 13 5 30.807306 9800
    626 13 5 30.817177 13 5 30.817177 9800
    627 13 5 30.827201 13 5 30.827201 9800
    628 13 5 30.837154 13 5 30.837154 9800
    629 13 5 30.847356 13 5 30.847356 9800
    630 13 5 30.857203 13 5 30.857203 9800
    631 13 5 30.867183 13 5 30.867183 9800
    632 13 5 30.877148 13 5 30.877148 9800
    633 13 5 30.887146 13 5 30.887146 9800
    634 13 5 30.897164 13 5 30.897164 9800
    635 13 5 30.907188 13 5 30.907188 9800
    636 13 5 30.917169 13 5 30.917169 9800
    637 13 5 30.927085 13 5 30.927085 9800
    638 13 5 30.937118 13 5 30.937118 9800
    639 13 5 30.947081 13 5 30.947081 9800
    640 13 5 30.957090 13 5 30.957090 9800
    641 13 5 30.967128 13 5 30.967128 9800
    642 13 5 30.977177 13 5 30.977177 9800
    643 13 5 30.987185 13 5 30.987185 9800
    644 13 5 30.997166 13 5 30.997166 9800
    645 13 5 31.007148 13 5 31.007148 9800
    646 13 5 31.017835 13 5 31.017835 9800
    647 13 5 31.027108 13 5 31.027108 9800
    648 13 5 31.037160 13 5 31.037160 9800
    649 13 5 31.047146 13 5 31.047146 9800
    650 13 5 31.057155 13 5 31.057155 9800
    651 13 5 31.067157 13 5 31.067157 9800
    652 13 5 31.077169 13 5 31.077169 9800
    653 13 5 31.087134 13 5 31.087134 9800
    654 13 5 31.097158 13 5 31.097158 9800
    655 13 5 31.107155 13 5 31.107155 9800
    656 13 5 31.117089 13 5 31.117089 9800
    657 13 5 31.127081 13 5 31.127081 9800
    658 13 5 31.137080 13 5 31.137080 9800
    659 13 5 31.147093 13 5 31.147093 9800
    660 13 5 31.157104 13 5 31.157104 9800
    661 13 5 31.167154 13 5 31.167154 9800
    662 13 5 31.177102 13 5 31.177102 9800
    663 13 5 31.187145 13 5 31.187145 9800
    664 13 5 31.197086 13 5 31.197086 9800
    665 13 5 31.207155 13 5 31.207155 9800
    666 13 5 31.217083 13 5 31.217083 9800
    667 13 5 31.227069 13 5 31.227069 9800
    668 13 5 31.237085 13 5 31.237085 9800
    669 13 5 31.247143 13 5 31.247143 9800
    670 13 5 31.257874 13 5 31.257874 9800
    671 13 5 31.267148 13 5 31.267148 9800
    672 13 5 31.277098 13 5 31.277098 9800
    673 13 5 31.287099 13 5 31.287099 9800
    674 13 5 31.297156 13 5 31.297156 9800
    675 13 5 31.307151 13 5 31.307151 9800
    676 13 5 31.317167 13 5 31.317167 9800
    677 13 5 31.327100 13 5 31.327100 9800
    678 13 5 31.337078 13 5 31.337078 9800
    679 13 5 31.347083 13 5 31.347083 9800
    680 13 5 31.357103 13 5 31.357103 9800
    681 13 5 31.367128 13 5 31.367128 9800
    682 13 5 31.377203 13 5 31.377203 9800
    683 13 5 31.387162 13 5 31.387162 9800
    684 13 5 31.397214 13 5 31.397214 9800
    685 13 5 31.407652 13 5 31.407652 9800
    686 13 5 31.417253 13 5 31.417253 9800
    687 13 5 31.427096 13 5 31.427096 9800
    688 13 5 31.437093 13 5 31.437093 9800
    689 13 5 31.447154 13 5 31.447154 9800
    690 13 5 31.457263 13 5 31.457263 9800
    691 13 5 31.467172 13 5 31.467172 9800
    692 13 5 31.477147 13 5 31.477147 9800
    693 13 5 31.487180 13 5 31.487180 9800
    694 13 5 31.497146 13 5 31.497146 9800
    695 13 5 31.507100 13 5 31.507100 9800
    696 13 5 31.517091 13 5 31.517091 9800
    697 13 5 31.527080 13 5 31.527080 9800
    698 13 5 31.537082 13 5 31.537082 9800
    699 13 5 31.547102 13 5 31.547102 9800
    700 13 5 31.557089 13 5 31.557089 9800
    701 13 5 31.567143 13 5 31.567143 9800
    702 13 5 31.577151 13 5 31.577151 9800
    703 13 5 31.587206 13 5 31.587206 9800
    704 13 5 31.597152 13 5 31.597152 9800
    705 13 5 31.607144 13 5 31.607144 9800
    706 13 5 31.617152 13 5 31.617152 9800
    707 13 5 31.627062 13 5 31.627062 9800
    708 13 5 31.637111 13 5 31.637111 9800
    709 13 5 31.647154 13 5 31.647154 9800
    710 13 5 31.657150 13 5 31.657150 9800
    711 13 5 31.667151 13 5 31.667151 9800
    712 13 5 31.677291 13 5 31.677291 9800
    713 13 5 31.687138 13 5 31.687138 9800
    714 13 5 31.697112 13 5 31.697112 9800
    715 13 5 31.707153 13 5 31.707153 9800
    716 13 5 31.717227 13 5 31.717227 9800
    717 13 5 31.727094 13 5 31.727094 9800
    718 13 5 31.737104 13 5 31.737104 9800
    719 13 5 31.747122 13 5 31.747122 9800
    720 13 5 31.757090 13 5 31.757090 9800
    721 13 5 31.767237 13 5 31.767237 9800
    722 13 5 31.777205 13 5 31.777205 9800
    723 13 5 31.787586 13 5 31.787586 9800
    724 13 5 31.797160 13 5 31.797160 9800
    725 13 5 31.807151 13 5 31.807151 9800
    726 13 5 31.817091 13 5 31.817091 9800
    727 13 5 31.827097 13 5 31.827097 9800
    728 13 5 31.837097 13 5 31.837097 9800
    729 13 5 31.847084 13 5 31.847084 9800
    730 13 5 31.857144 13 5 31.857144 9800
    731 13 5 31.867141 13 5 31.867141 9800
    732 13 5 31.877150 13 5 31.877150 9800
    733 13 5 31.887160 13 5 31.887160 9800
    734 13 5 31.897147 13 5 31.897147 9800
    735 13 5 31.907159 13 5 31.907159 9800
    736 13 5 31.917090 13 5 31.917090 9800
    737 13 5 31.927350 13 5 31.927350 9800
    738 13 5 31.937090 13 5 31.937090 9800
    739 13 5 31.947092 13 5 31.947092 9800
    740 13 5 31.957087 13 5 31.957087 9800
    741 13 5 31.967082 13 5 31.967082 9800
    742 13 5 31.977104 13 5 31.977104 9800
    743 13 5 31.987131 13 5 31.987131 9800
    744 13 5 31.997227 13 5 31.997227 9800
    745 13 5 32.007159 13 5 32.007159 9800
    746 13 5 32.017105 13 5 32.017105 9800
    747 13 5 32.027081 13 5 32.027081 9800
    748 13 5 32.037086 13 5 32.037086 9800
    749 13 5 32.047162 13 5 32.047162 9800
    750 13 5 32.057160 13 5 32.057160 9800
    751 13 5 32.067144 13 5 32.067144 9800
    752 13 5 32.077041 13 5 32.077041 9800
    753 13 5 32.087156 13 5 32.087156 9800
    754 13 5 32.097149 13 5 32.097149 9800
    755 13 5 32.107162 13 5 32.107162 9800
    756 13 5 32.117060 13 5 32.117060 9800
    757 13 5 32.127080 13 5 32.127080 9800
    758 13 5 32.137078 13 5 32.137078 9800
    759 13 5 32.147084 13 5 32.147084 9800
    760 13 5 32.157088 13 5 32.157088 9800
    761 13 5 32.167082 13 5 32.167082 9800
    762 13 5 32.177086 13 5 32.177086 9800
    763 13 5 32.187159 13 5 32.187159 9800
    764 13 5 32.197142 13 5 32.197142 9800
    765 13 5 32.207137 13 5 32.207137 9800
    766 13 5 32.217098 13 5 32.217098 9800
    767 13 5 32.227100 13 5 32.227100 9800
    768 13 5 32.237073 13 5 32.237073 9800
    769 13 5 32.248423 13 5 32.248423 9800
    770 13 5 32.257241 13 5 32.257241 9800
    771 13 5 32.267175 13 5 32.267175 9800
    772 13 5 32.277101 13 5 32.277101 9800
    773 13 5 32.287140 13 5 32.287140 9800
    774 13 5 32.297173 13 5 32.297173 9800
    775 13 5 32.307146 13 5 32.307146 9800
    776 13 5 32.317154 13 5 32.317154 9800
    777 13 5 32.327159 13 5 32.327159 9800
    778 13 5 32.337085 13 5 32.337085 9800
    779 13 5 32.347088 13 5 32.347088 9800
    780 13 5 32.357107 13 5 32.357107 9800
    781 13 5 32.367086 13 5 32.367086 9800
    782 13 5 32.377214 13 5 32.377214 9800
    783 13 5 32.387151 13 5 32.387151 9800
    784 13 5 32.397137 13 5 32.397137 9800
    785 13 5 32.407195 13 5 32.407195 9800
    786 13 5 32.417090 13 5 32.417090 9800
    787 13 5 32.427084 13 5 32.427084 9800
    788 13 5 32.437081 13 5 32.437081 9800
    789 13 5 32.447166 13 5 32.447166 9800
    790 13 5 32.457127 13 5 32.457127 9800
    791 13 5 32.467199 13 5 32.467199 9800
    792 13 5 32.477153 13 5 32.477153 9800
    793 13 5 32.487157 13 5 32.487157 9800
    794 13 5 32.497157 13 5 32.497157 9800
    795 13 5 32.507153 13 5 32.507153 9800
    796 13 5 32.517158 13 5 32.517158 9800
    797 13 5 32.527084 13 5 32.527084 9800
    798 13 5 32.537078 13 5 32.537078 9800
    799 13 5 32.547088 13 5 32.547088 9800
    800 13 5 32.557090 13 5 32.557090 9800
    801 13 5 32.567055 13 5 32.567055 9800
    802 13 5 32.577136 13 5 32.577136 9800
    803 13 5 32.587153 13 5 32.587153 9800
    804 13 5 32.597141 13 5 32.597141 9800
    805 13 5 32.607148 13 5 32.607148 9800
    806 13 5 32.617082 13 5 32.617082 9800
    807 13 5 32.627079 13 5 32.627079 9800
    808 13 5 32.637087 13 5 32.637087 9800
    809 13 5 32.647153 13 5 32.647153 9800
    810 13 5 32.657150 13 5 32.657150 9800
    811 13 5 32.667085 13 5 32.667085 9800
    812 13 5 32.677157 13 5 32.677157 9800
    813 13 5 32.687148 13 5 32.687148 9800
    814 13 5 32.697153 13 5 32.697153 9800
    815 13 5 32.707163 13 5 32.707163 9800
    816 13 5 32.717154 13 5 32.717154 9800
    817 13 5 32.727083 13 5 32.727083 9800
    818 13 5 32.737115 13 5 32.737115 9800
    819 13 5 32.747095 13 5 32.747095 9800
    820 13 5 32.757083 13 5 32.757083 9800
    821 13 5 32.767082 13 5 32.767082 9800
    822 13 5 32.777160 13 5 32.777160 9800
    823 13 5 32.787177 13 5 32.787177 9800
    824 13 5 32.797139 13 5 32.797139 9800
    825 13 5 32.807096 13 5 32.807096 9800
    826 13 5 32.817186 13 5 32.817186 9800
    827 13 5 32.827078 13 5 32.827078 9800
    828 13 5 32.837086 13 5 32.837086 9800
    829 13 5 32.847155 13 5 32.847155 9800
    830 13 5 32.857143 13 5 32.857143 9800
    831 13 5 32.867144 13 5 32.867144 9800
    832 13 5 32.877139 13 5 32.877139 9800
    833 13 5 32.887113 13 5 32.887113 9800
    834 13 5 32.897081 13 5 32.897081 9800
    835 13 5 32.907139 13 5 32.907139 9800
    836 13 5 32.917174 13 5 32.917174 9800
    837 13 5 32.927461 13 5 32.927461 9800
    838 13 5 32.937095 13 5 32.937095 9800
    839 13 5 32.947085 13 5 32.947085 9800
    840 13 5 32.957096 13 5 32.957096 9800
    841 13 5 32.967083 13 5 32.967083 9800
    842 13 5 32.977516 13 5 32.977516 9800
    843 13 5 32.987161 13 5 32.987161 9800
    844 13 5 32.997203 13 5 32.997203 9800
    845 13 5 33.007213 13 5 33.007213 9800
    846 13 5 33.017161 13 5 33.017161 9800
    847 13 5 33.027158 13 5 33.027158 9800
    848 13 5 33.037202 13 5 33.037202 9800
    849 13 5 33.047123 13 5 33.047123 9800
    850 13 5 33.057160 13 5 33.057160 9800
    851 13 5 33.067151 13 5 33.067151 9800
    852 13 5 33.077285 13 5 33.077285 9800
    853 13 5 33.087142 13 5 33.087142 9800
    854 13 5 33.097160 13 5 33.097160 9800
    855 13 5 33.107086 13 5 33.107086 9800
    856 13 5 33.117153 13 5 33.117153 9800
    857 13 5 33.127097 13 5 33.127097 9800
    858 13 5 33.137078 13 5 33.137078 9800
    859 13 5 33.147106 13 5 33.147106 9800
    860 13 5 33.157088 13 5 33.157088 9800
    861 13 5 33.167088 13 5 33.167088 9800
    862 13 5 33.177128 13 5 33.177128 9800
    863 13 5 33.187156 13 5 33.187156 9800
    864 13 5 33.197150 13 5 33.197150 9800
    865 13 5 33.207101 13 5 33.207101 9800
    866 13 5 33.217135 13 5 33.217135 9800
    867 13 5 33.227111 13 5 33.227111 9800
    868 13 5 33.237084 13 5 33.237084 9800
    869 13 5 33.247379 13 5 33.247379 9800
    870 13 5 33.257154 13 5 33.257154 9800
    871 13 5 33.267147 13 5 33.267147 9800
    872 13 5 33.277138 13 5 33.277138 9800
    873 13 5 33.287078 13 5 33.287078 9800
    874 13 5 33.297153 13 5 33.297153 9800
    875 13 5 33.307135 13 5 33.307135 9800
    876 13 5 33.317107 13 5 33.317107 9800
    877 13 5 33.327083 13 5 33.327083 9800
    878 13 5 33.337099 13 5 33.337099 9800
    879 13 5 33.347956 13 5 33.347956 9800
    880 13 5 33.357095 13 5 33.357095 9800
    881 13 5 33.367176 13 5 33.367176 9800
    882 13 5 33.377271 13 5 33.377271 9800
    883 13 5 33.387140 13 5 33.387140 9800
    884 13 5 33.397151 13 5 33.397151 9800
    885 13 5 33.407158 13 5 33.407158 9800
    886 13 5 33.417095 13 5 33.417095 9800
    887 13 5 33.427495 13 5 33.427495 9800
    888 13 5 33.437081 13 5 33.437081 9800
    889 13 5 33.447659 13 5 33.447659 9800
    890 13 5 33.457163 13 5 33.457163 9800
    891 13 5 33.467154 13 5 33.467154 9800
    892 13 5 33.477151 13 5 33.477151 9800
    893 13 5 33.487147 13 5 33.487147 9800
    894 13 5 33.497145 13 5 33.497145 9800
    895 13 5 33.507179 13 5 33.507179 9800
    896 13 5 33.517144 13 5 33.517144 9800
    897 13 5 33.527079 13 5 33.527079 9800
    898 13 5 33.537075 13 5 33.537075 9800
    899 13 5 33.547080 13 5 33.547080 9800
    900 13 5 33.557082 13 5 33.557082 9800
    901 13 5 33.567078 13 5 33.567078 9800
    902 13 5 33.577365 13 5 33.577365 9800
    903 13 5 33.587150 13 5 33.587150 9800
    904 13 5 33.597146 13 5 33.597146 9800
    905 13 5 33.607151 13 5 33.607151 9800
    906 13 5 33.617114 13 5 33.617114 9800
    907 13 5 33.627135 13 5 33.627135 9800
    908 13 5 33.637146 13 5 33.637146 9800
    909 13 5 33.647106 13 5 33.647106 9800
    910 13 5 33.657158 13 5 33.657158 9800
    911 13 5 33.667177 13 5 33.667177 9800
    912 13 5 33.677132 13 5 33.677132 9800
    913 13 5 33.687142 13 5 33.687142 9800
    914 13 5 33.697142 13 5 33.697142 9800
    915 13 5 33.707138 13 5 33.707138 9800
    916 13 5 33.717078 13 5 33.717078 9800
    917 13 5 33.727080 13 5 33.727080 9800
    918 13 5 33.737423 13 5 33.737423 9800
    919 13 5 33.747081 13 5 33.747081 9800
    920 13 5 33.757123 13 5 33.757123 9800
    921 13 5 33.767085 13 5 33.767085 9800
    922 13 5 33.777380 13 5 33.777380 9800
    923 13 5 33.787123 13 5 33.787123 9800
    924 13 5 33.797209 13 5 33.797209 9800
    925 13 5 33.807234 13 5 33.807234 9800
    926 13 5 33.817132 13 5 33.817132 9800
    927 13 5 33.827154 13 5 33.827154 9800
    928 13 5 33.837090 13 5 33.837090 9800
    929 13 5 33.847113 13 5 33.847113 9800
    930 13 5 33.857151 13 5 33.857151 9800
    931 13 5 33.867100 13 5 33.867100 9800
    932 13 5 33.877152 13 5 33.877152 9800
    933 13 5 33.887141 13 5 33.887141 9800
    934 13 5 33.897156 13 5 33.897156 9800
    935 13 5 33.907181 13 5 33.907181 9800
    936 13 5 33.917243 13 5 33.917243 9800
    937 13 5 33.927078 13 5 33.927078 9800
    938 13 5 33.937080 13 5 33.937080 9800
    939 13 5 33.947080 13 5 33.947080 9800
    940 13 5 33.957143 13 5 33.957143 9800
    941 13 5 33.967089 13 5 33.967089 9800
    942 13 5 33.977105 13 5 33.977105 9800
    943 13 5 33.987096 13 5 33.987096 9800
    944 13 5 33.997149 13 5 33.997149 9800
    945 13 5 34.007151 13 5 34.007151 9800
    946 13 5 34.017201 13 5 34.017201 9800
    947 13 5 34.027085 13 5 34.027085 9800
    948 13 5 34.037078 13 5 34.037078 9800
    949 13 5 34.047057 13 5 34.047057 9800
    950 13 5 34.057152 13 5 34.057152 9800
    951 13 5 34.067092 13 5 34.067092 9800
    952 13 5 34.077191 13 5 34.077191 9800
    953 13 5 34.087079 13 5 34.087079 9800
    954 13 5 34.097152 13 5 34.097152 9800
    955 13 5 34.107173 13 5 34.107173 9800
    956 13 5 34.117181 13 5 34.117181 9800
    957 13 5 34.127091 13 5 34.127091 9800
    958 13 5 34.137079 13 5 34.137079 9800
    959 13 5 34.147077 13 5 34.147077 9800
    960 13 5 34.157127 13 5 34.157127 9800
    961 13 5 34.167087 13 5 34.167087 9800
    962 13 5 34.177093 13 5 34.177093 9800
    963 13 5 34.187164 13 5 34.187164 9800
    964 13 5 34.197150 13 5 34.197150 9800
    965 13 5 34.207152 13 5 34.207152 9800
    966 13 5 34.217154 13 5 34.217154 9800
    967 13 5 34.227080 13 5 34.227080 9800
    968 13 5 34.237090 13 5 34.237090 9800
    969 13 5 34.247090 13 5 34.247090 9800
    970 13 5 34.257098 13 5 34.257098 9800
    971 13 5 34.267080 13 5 34.267080 9800
    972 13 5 34.277878 13 5 34.277878 9800
    973 13 5 34.287143 13 5 34.287143 9800
    974 13 5 34.297147 13 5 34.297147 9800
    975 13 5 34.307107 13 5 34.307107 9800
    976 13 5 34.317081 13 5 34.317081 9800
    977 13 5 34.327078 13 5 34.327078 9800
    978 13 5 34.337080 13 5 34.337080 9800
    979 13 5 34.347084 13 5 34.347084 9800
    980 13 5 34.357109 13 5 34.357109 9800
    981 13 5 34.367088 13 5 34.367088 9800
    982 13 5 34.377380 13 5 34.377380 9800
    983 13 5 34.387193 13 5 34.387193 9800
    984 13 5 34.397156 13 5 34.397156 9800
    985 13 5 34.407144 13 5 34.407144 9800
    986 13 5 34.417186 13 5 34.417186 9800
    987 13 5 34.427081 13 5 34.427081 9800
    988 13 5 34.437089 13 5 34.437089 9800
    989 13 5 34.447290 13 5 34.447290 9800
    990 13 5 34.457161 13 5 34.457161 9800
    991 13 5 34.467146 13 5 34.467146 9800
    992 13 5 34.477139 13 5 34.477139 9800
    993 13 5 34.487155 13 5 34.487155 9800
    994 13 5 34.497149 13 5 34.497149 9800
    995 13 5 34.507148 13 5 34.507148 9800
    996 13 5 34.517096 13 5 34.517096 9800
    997 13 5 34.527099 13 5 34.527099 9800
    998 13 5 34.537080 13 5 34.537080 9800
    999 13 5 34.547091 13 5 34.547091 9800
   1000 13 5 34.557096 13 5 34.557096 9800
