      1 13 2 22.618261 13 2 22.618261 8300
      2 13 2 22.628461 13 2 22.628461 8300
      3 13 2 22.638428 13 2 22.638428 8300
      4 13 2 22.648445 13 2 22.648445 8300
      5 13 2 22.658412 13 2 22.658412 8300
      6 13 2 22.668447 13 2 22.668447 8300
      7 13 2 22.678471 13 2 22.678471 8300
      8 13 2 22.688425 13 2 22.688425 8300
      9 13 2 22.698426 13 2 22.698426 8300
     10 13 2 22.708462 13 2 22.708462 8300
     11 13 2 22.718430 13 2 22.718430 8300
     12 13 2 22.728404 13 2 22.728404 8300
     13 13 2 22.738365 13 2 22.738365 8300
     14 13 2 22.748445 13 2 22.748445 8300
     15 13 2 22.758465 13 2 22.758465 8300
     16 13 2 22.768412 13 2 22.768412 8300
     17 13 2 22.778372 13 2 22.778372 8300
     18 13 2 22.788416 13 2 22.788416 8300
     19 13 2 22.798421 13 2 22.798421 8300
     20 13 2 22.808422 13 2 22.808422 8300
     21 13 2 22.818460 13 2 22.818460 8300
     22 13 2 22.828372 13 2 22.828372 8300
     23 13 2 22.838439 13 2 22.838439 8300
     24 13 2 22.848392 13 2 22.848392 8300
     25 13 2 22.858423 13 2 22.858423 8300
     26 13 2 22.868415 13 2 22.868415 8300
     27 13 2 22.878440 13 2 22.878440 8300
     28 13 2 22.888431 13 2 22.888431 8300
     29 13 2 22.898510 13 2 22.898510 8300
     30 13 2 22.908493 13 2 22.908493 8300
     31 13 2 22.918369 13 2 22.918369 8300
     32 13 2 22.928443 13 2 22.928443 8300
     33 13 2 22.938451 13 2 22.938451 8300
     34 13 2 22.948443 13 2 22.948443 8300
     35 13 2 22.958362 13 2 22.958362 8300
     36 13 2 22.968378 13 2 22.968378 8300
     37 13 2 22.978370 13 2 22.978370 8300
     38 13 2 22.988371 13 2 22.988371 8300
     39 13 2 22.998398 13 2 22.998398 8300
     40 13 2 23.008379 13 2 23.008379 8300
     41 13 2 23.018443 13 2 23.018443 8300
     42 13 2 23.028506 13 2 23.028506 8300
     43 13 2 23.038380 13 2 23.038380 8300
     44 13 2 23.048443 13 2 23.048443 8300
     45 13 2 23.058420 13 2 23.058420 8300
     46 13 2 23.068501 13 2 23.068501 8300
     47 13 2 23.078464 13 2 23.078464 8300
     48 13 2 23.088401 13 2 23.088401 8300
     49 13 2 23.098451 13 2 23.098451 8300
     50 13 2 23.108450 13 2 23.108450 8300
     51 13 2 23.118521 13 2 23.118521 8300
     52 13 2 23.128529 13 2 23.128529 8300
     53 13 2 23.138474 13 2 23.138474 8300
     54 13 2 23.148472 13 2 23.148472 8300
     55 13 2 23.158431 13 2 23.158431 8300
     56 13 2 23.168364 13 2 23.168364 8300
     57 13 2 23.178369 13 2 23.178369 8300
     58 13 2 23.188359 13 2 23.188359 8300
     59 13 2 23.198368 13 2 23.198368 8300
     60 13 2 23.208368 13 2 23.208368 8300
     61 13 2 23.218378 13 2 23.218378 8300
     62 13 2 23.228442 13 2 23.228442 8300
     63 13 2 23.238434 13 2 23.238434 8300
     64 13 2 23.248350 13 2 23.248350 8300
     65 13 2 23.258382 13 2 23.258382 8300
     66 13 2 23.268363 13 2 23.268363 8300
     67 13 2 23.278496 13 2 23.278496 8300
     68 13 2 23.288423 13 2 23.288423 8300
     69 13 2 23.298438 13 2 23.298438 8300
     70 13 2 23.308426 13 2 23.308426 8300
     71 13 2 23.318429 13 2 23.318429 8300
     72 13 2 23.328358 13 2 23.328358 8300
     73 13 2 23.338619 13 2 23.338619 8300
     74 13 2 23.348386 13 2 23.348386 8300
     75 13 2 23.358350 13 2 23.358350 8300
     76 13 2 23.368372 13 2 23.368372 8300
     77 13 2 23.379069 13 2 23.379069 8300
     78 13 2 23.388366 13 2 23.388366 8300
     79 13 2 23.398385 13 2 23.398385 8300
     80 13 2 23.408377 13 2 23.408377 8300
     81 13 2 23.418374 13 2 23.418374 8300
     82 13 2 23.428404 13 2 23.428404 8300
     83 13 2 23.438455 13 2 23.438455 8300
     84 13 2 23.448420 13 2 23.448420 8300
     85 13 2 23.458438 13 2 23.458438 8300
     86 13 2 23.468464 13 2 23.468464 8300
     87 13 2 23.479099 13 2 23.479099 8300
     88 13 2 23.488689 13 2 23.488689 8300
     89 13 2 23.498491 13 2 23.498491 8300
     90 13 2 23.508416 13 2 23.508416 8300
     91 13 2 23.518397 13 2 23.518397 8300
     92 13 2 23.528401 13 2 23.528401 8300
     93 13 2 23.538457 13 2 23.538457 8300
     94 13 2 23.548465 13 2 23.548465 8300
     95 13 2 23.558533 13 2 23.558533 8300
     96 13 2 23.568373 13 2 23.568373 8300
     97 13 2 23.578468 13 2 23.578468 8300
     98 13 2 23.588363 13 2 23.588363 8300
     99 13 2 23.598383 13 2 23.598383 8300
    100 13 2 23.608388 13 2 23.608388 8300
    101 13 2 23.618363 13 2 23.618363 8300
    102 13 2 23.628464 13 2 23.628464 8300
    103 13 2 23.638487 13 2 23.638487 8300
    104 13 2 23.648360 13 2 23.648360 8300
    105 13 2 23.658429 13 2 23.658429 8300
    106 13 2 23.668427 13 2 23.668427 8300
    107 13 2 23.678356 13 2 23.678356 8300
    108 13 2 23.688479 13 2 23.688479 8300
    109 13 2 23.698371 13 2 23.698371 8300
    110 13 2 23.708421 13 2 23.708421 8300
    111 13 2 23.718437 13 2 23.718437 8300
    112 13 2 23.729161 13 2 23.729161 8300
    113 13 2 23.738474 13 2 23.738474 8300
    114 13 2 23.748366 13 2 23.748366 8300
    115 13 2 23.758427 13 2 23.758427 8300
    116 13 2 23.768368 13 2 23.768368 8300
    117 13 2 23.778385 13 2 23.778385 8300
    118 13 2 23.788388 13 2 23.788388 8300
    119 13 2 23.798377 13 2 23.798377 8300
    120 13 2 23.808367 13 2 23.808367 8300
    121 13 2 23.818356 13 2 23.818356 8300
    122 13 2 23.828465 13 2 23.828465 8300
    123 13 2 23.838376 13 2 23.838376 8300
    124 13 2 23.848431 13 2 23.848431 8300
    125 13 2 23.858526 13 2 23.858526 8300
    126 13 2 23.868400 13 2 23.868400 8300
    127 13 2 23.878389 13 2 23.878389 8300
    128 13 2 23.888397 13 2 23.888397 8300
    129 13 2 23.898423 13 2 23.898423 8300
    130 13 2 23.908436 13 2 23.908436 8300
    131 13 2 23.918435 13 2 23.918435 8300
    132 13 2 23.928464 13 2 23.928464 8300
    133 13 2 23.938368 13 2 23.938368 8300
    134 13 2 23.948423 13 2 23.948423 8300
    135 13 2 23.958418 13 2 23.958418 8300
    136 13 2 23.968361 13 2 23.968361 8300
    137 13 2 23.978715 13 2 23.978715 8300
    138 13 2 23.989163 13 2 23.989163 8300
    139 13 2 23.998377 13 2 23.998377 8300
    140 13 2 24.008375 13 2 24.008375 8300
    141 13 2 24.018361 13 2 24.018361 8300
    142 13 2 24.028466 13 2 24.028466 8300
    143 13 2 24.038446 13 2 24.038446 8300
    144 13 2 24.048390 13 2 24.048390 8300
    145 13 2 24.058362 13 2 24.058362 8300
    146 13 2 24.068429 13 2 24.068429 8300
    147 13 2 24.078549 13 2 24.078549 8300
    148 13 2 24.088384 13 2 24.088384 8300
    149 13 2 24.098424 13 2 24.098424 8300
    150 13 2 24.108435 13 2 24.108435 8300
    151 13 2 24.118428 13 2 24.118428 8300
    152 13 2 24.128465 13 2 24.128465 8300
    153 13 2 24.138460 13 2 24.138460 8300
    154 13 2 24.148512 13 2 24.148512 8300
    155 13 2 24.158425 13 2 24.158425 8300
    156 13 2 24.168495 13 2 24.168495 8300
    157 13 2 24.178755 13 2 24.178755 8300
    158 13 2 24.188445 13 2 24.188445 8300
    159 13 2 24.198364 13 2 24.198364 8300
    160 13 2 24.208521 13 2 24.208521 8300
    161 13 2 24.218378 13 2 24.218378 8300
    162 13 2 24.228743 13 2 24.228743 8300
    163 13 2 24.238458 13 2 24.238458 8300
    164 13 2 24.248443 13 2 24.248443 8300
    165 13 2 24.258420 13 2 24.258420 8300
    166 13 2 24.268419 13 2 24.268419 8300
    167 13 2 24.278372 13 2 24.278372 8300
    168 13 2 24.288363 13 2 24.288363 8300
    169 13 2 24.298362 13 2 24.298362 8300
    170 13 2 24.309135 13 2 24.309135 8300
    171 13 2 24.318445 13 2 24.318445 8300
    172 13 2 24.328445 13 2 24.328445 8300
    173 13 2 24.338449 13 2 24.338449 8300
    174 13 2 24.348425 13 2 24.348425 8300
    175 13 2 24.358432 13 2 24.358432 8300
    176 13 2 24.368437 13 2 24.368437 8300
    177 13 2 24.378381 13 2 24.378381 8300
    178 13 2 24.388369 13 2 24.388369 8300
    179 13 2 24.398364 13 2 24.398364 8300
    180 13 2 24.408577 13 2 24.408577 8300
    181 13 2 24.418379 13 2 24.418379 8300
    182 13 2 24.428384 13 2 24.428384 8300
    183 13 2 24.438441 13 2 24.438441 8300
    184 13 2 24.448427 13 2 24.448427 8300
    185 13 2 24.458418 13 2 24.458418 8300
    186 13 2 24.468478 13 2 24.468478 8300
    187 13 2 24.478460 13 2 24.478460 8300
    188 13 2 24.488382 13 2 24.488382 8300
    189 13 2 24.498446 13 2 24.498446 8300
    190 13 2 24.508373 13 2 24.508373 8300
    191 13 2 24.518377 13 2 24.518377 8300
    192 13 2 24.528432 13 2 24.528432 8300
    193 13 2 24.538437 13 2 24.538437 8300
    194 13 2 24.548428 13 2 24.548428 8300
    195 13 2 24.558427 13 2 24.558427 8300
    196 13 2 24.568355 13 2 24.568355 8300
    197 13 2 24.578381 13 2 24.578381 8300
    198 13 2 24.588380 13 2 24.588380 8300
    199 13 2 24.598366 13 2 24.598366 8300
    200 13 2 24.608564 13 2 24.608564 8300
    201 13 2 24.618316 13 2 24.618316 8300
    202 13 2 24.628387 13 2 24.628387 8300
    203 13 2 24.638550 13 2 24.638550 8300
    204 13 2 24.648443 13 2 24.648443 8300
    205 13 2 24.658366 13 2 24.658366 8300
    206 13 2 24.668421 13 2 24.668421 8300
    207 13 2 24.678364 13 2 24.678364 8300
    208 13 2 24.689216 13 2 24.689216 8300
    209 13 2 24.698367 13 2 24.698367 8300
    210 13 2 24.710505 13 2 24.710505 8300
    211 13 2 24.718458 13 2 24.718458 8300
    212 13 2 24.728360 13 2 24.728360 8300
    213 13 2 24.738278 13 2 24.738278 8300
    214 13 2 24.748663 13 2 24.748663 8300
    215 13 2 24.758355 13 2 24.758355 8300
    216 13 2 24.768422 13 2 24.768422 8300
    217 13 2 24.778428 13 2 24.778428 8300
    218 13 2 24.788458 13 2 24.788458 8300
    219 13 2 24.798394 13 2 24.798394 8300
    220 13 2 24.808355 13 2 24.808355 8300
    221 13 2 24.818377 13 2 24.818377 8300
    222 13 2 24.828365 13 2 24.828365 8300
    223 13 2 24.838844 13 2 24.838844 8300
    224 13 2 24.848438 13 2 24.848438 8300
    225 13 2 24.858429 13 2 24.858429 8300
    226 13 2 24.868352 13 2 24.868352 8300
    227 13 2 24.878384 13 2 24.878384 8300
    228 13 2 24.888384 13 2 24.888384 8300
    229 13 2 24.898440 13 2 24.898440 8300
    230 13 2 24.908702 13 2 24.908702 8300
    231 13 2 24.918451 13 2 24.918451 8300
    232 13 2 24.928515 13 2 24.928515 8300
    233 13 2 24.938431 13 2 24.938431 8300
    234 13 2 24.948425 13 2 24.948425 8300
    235 13 2 24.958420 13 2 24.958420 8300
    236 13 2 24.968433 13 2 24.968433 8300
    237 13 2 24.978425 13 2 24.978425 8300
    238 13 2 24.988362 13 2 24.988362 8300
    239 13 2 24.998381 13 2 24.998381 8300
    240 13 2 25.008369 13 2 25.008369 8300
    241 13 2 25.018357 13 2 25.018357 8300
    242 13 2 25.028484 13 2 25.028484 8300
    243 13 2 25.038565 13 2 25.038565 8300
    244 13 2 25.048427 13 2 25.048427 8300
    245 13 2 25.058420 13 2 25.058420 8300
    246 13 2 25.068405 13 2 25.068405 8300
    247 13 2 25.078362 13 2 25.078362 8300
    248 13 2 25.088362 13 2 25.088362 8300
    249 13 2 25.098389 13 2 25.098389 8300
    250 13 2 25.108496 13 2 25.108496 8300
    251 13 2 25.118363 13 2 25.118363 8300
    252 13 2 25.128399 13 2 25.128399 8300
    253 13 2 25.138434 13 2 25.138434 8300
    254 13 2 25.148358 13 2 25.148358 8300
    255 13 2 25.158341 13 2 25.158341 8300
    256 13 2 25.168424 13 2 25.168424 8300
    257 13 2 25.178421 13 2 25.178421 8300
    258 13 2 25.188371 13 2 25.188371 8300
    259 13 2 25.198349 13 2 25.198349 8300
    260 13 2 25.208373 13 2 25.208373 8300
    261 13 2 25.218354 13 2 25.218354 8300
    262 13 2 25.228542 13 2 25.228542 8300
    263 13 2 25.238416 13 2 25.238416 8300
    264 13 2 25.248488 13 2 25.248488 8300
    265 13 2 25.258846 13 2 25.258846 8300
    266 13 2 25.268443 13 2 25.268443 8300
    267 13 2 25.278919 13 2 25.278919 8300
    268 13 2 25.288510 13 2 25.288510 8300
    269 13 2 25.298422 13 2 25.298422 8300
    270 13 2 25.308513 13 2 25.308513 8300
    271 13 2 25.318912 13 2 25.318912 8300
    272 13 2 25.328465 13 2 25.328465 8300
    273 13 2 25.338439 13 2 25.338439 8300
    274 13 2 25.348423 13 2 25.348423 8300
    275 13 2 25.359000 13 2 25.359000 8300
    276 13 2 25.368421 13 2 25.368421 8300
    277 13 2 25.378433 13 2 25.378433 8300
    278 13 2 25.388360 13 2 25.388360 8300
    279 13 2 25.398371 13 2 25.398371 8300
    280 13 2 25.408363 13 2 25.408363 8300
    281 13 2 25.418351 13 2 25.418351 8300
    282 13 2 25.428366 13 2 25.428366 8300
    283 13 2 25.438424 13 2 25.438424 8300
    284 13 2 25.448437 13 2 25.448437 8300
    285 13 2 25.458427 13 2 25.458427 8300
    286 13 2 25.468515 13 2 25.468515 8300
    287 13 2 25.478374 13 2 25.478374 8300
    288 13 2 25.489208 13 2 25.489208 8300
    289 13 2 25.498456 13 2 25.498456 8300
    290 13 2 25.508430 13 2 25.508430 8300
    291 13 2 25.518433 13 2 25.518433 8300
    292 13 2 25.528483 13 2 25.528483 8300
    293 13 2 25.538422 13 2 25.538422 8300
    294 13 2 25.548421 13 2 25.548421 8300
    295 13 2 25.558392 13 2 25.558392 8300
    296 13 2 25.568559 13 2 25.568559 8300
    297 13 2 25.578427 13 2 25.578427 8300
    298 13 2 25.589262 13 2 25.589262 8300
    299 13 2 25.598369 13 2 25.598369 8300
    300 13 2 25.608368 13 2 25.608368 8300
    301 13 2 25.618359 13 2 25.618359 8300
    302 13 2 25.628365 13 2 25.628365 8300
    303 13 2 25.638434 13 2 25.638434 8300
    304 13 2 25.648434 13 2 25.648434 8300
    305 13 2 25.658695 13 2 25.658695 8300
    306 13 2 25.668423 13 2 25.668423 8300
    307 13 2 25.678366 13 2 25.678366 8300
    308 13 2 25.688383 13 2 25.688383 8300
    309 13 2 25.698370 13 2 25.698370 8300
    310 13 2 25.708442 13 2 25.708442 8300
    311 13 2 25.718433 13 2 25.718433 8300
    312 13 2 25.728398 13 2 25.728398 8300
    313 13 2 25.738475 13 2 25.738475 8300
    314 13 2 25.748408 13 2 25.748408 8300
    315 13 2 25.758427 13 2 25.758427 8300
    316 13 2 25.768412 13 2 25.768412 8300
    317 13 2 25.778451 13 2 25.778451 8300
    318 13 2 25.788374 13 2 25.788374 8300
    319 13 2 25.798372 13 2 25.798372 8300
    320 13 2 25.809188 13 2 25.809188 8300
    321 13 2 25.818394 13 2 25.818394 8300
    322 13 2 25.828386 13 2 25.828386 8300
    323 13 2 25.838435 13 2 25.838435 8300
    324 13 2 25.848369 13 2 25.848369 8300
    325 13 2 25.858433 13 2 25.858433 8300
    326 13 2 25.868362 13 2 25.868362 8300
    327 13 2 25.878392 13 2 25.878392 8300
    328 13 2 25.888476 13 2 25.888476 8300
    329 13 2 25.898330 13 2 25.898330 8300
    330 13 2 25.908781 13 2 25.908781 8300
    331 13 2 25.918496 13 2 25.918496 8300
    332 13 2 25.928467 13 2 25.928467 8300
    333 13 2 25.939174 13 2 25.939174 8300
    334 13 2 25.948523 13 2 25.948523 8300
    335 13 2 25.958422 13 2 25.958422 8300
    336 13 2 25.968432 13 2 25.968432 8300
    337 13 2 25.978443 13 2 25.978443 8300
    338 13 2 25.988434 13 2 25.988434 8300
    339 13 2 25.998378 13 2 25.998378 8300
    340 13 2 26.009011 13 2 26.009011 8300
    341 13 2 26.019234 13 2 26.019234 8300
    342 13 2 26.028618 13 2 26.028618 8300
    343 13 2 26.038595 13 2 26.038595 8300
    344 13 2 26.048436 13 2 26.048436 8300
    345 13 2 26.058523 13 2 26.058523 8300
    346 13 2 26.068429 13 2 26.068429 8300
    347 13 2 26.078445 13 2 26.078445 8300
    348 13 2 26.088385 13 2 26.088385 8300
    349 13 2 26.098371 13 2 26.098371 8300
    350 13 2 26.108447 13 2 26.108447 8300
    351 13 2 26.119167 13 2 26.119167 8300
    352 13 2 26.128364 13 2 26.128364 8300
    353 13 2 26.138716 13 2 26.138716 8300
    354 13 2 26.148433 13 2 26.148433 8300
    355 13 2 26.158581 13 2 26.158581 8300
    356 13 2 26.168424 13 2 26.168424 8300
    357 13 2 26.178432 13 2 26.178432 8300
    358 13 2 26.188355 13 2 26.188355 8300
    359 13 2 26.198474 13 2 26.198474 8300
    360 13 2 26.208365 13 2 26.208365 8300
    361 13 2 26.218368 13 2 26.218368 8300
    362 13 2 26.228709 13 2 26.228709 8300
    363 13 2 26.238596 13 2 26.238596 8300
    364 13 2 26.248509 13 2 26.248509 8300
    365 13 2 26.258424 13 2 26.258424 8300
    366 13 2 26.268685 13 2 26.268685 8300
    367 13 2 26.278593 13 2 26.278593 8300
    368 13 2 26.288374 13 2 26.288374 8300
    369 13 2 26.298367 13 2 26.298367 8300
    370 13 2 26.308296 13 2 26.308296 8300
    371 13 2 26.318386 13 2 26.318386 8300
    372 13 2 26.328390 13 2 26.328390 8300
    373 13 2 26.338457 13 2 26.338457 8300
    374 13 2 26.348418 13 2 26.348418 8300
    375 13 2 26.358390 13 2 26.358390 8300
    376 13 2 26.368428 13 2 26.368428 8300
    377 13 2 26.378441 13 2 26.378441 8300
    378 13 2 26.388370 13 2 26.388370 8300
    379 13 2 26.398362 13 2 26.398362 8300
    380 13 2 26.408391 13 2 26.408391 8300
    381 13 2 26.418364 13 2 26.418364 8300
    382 13 2 26.428377 13 2 26.428377 8300
    383 13 2 26.438431 13 2 26.438431 8300
    384 13 2 26.448446 13 2 26.448446 8300
    385 13 2 26.458434 13 2 26.458434 8300
    386 13 2 26.468426 13 2 26.468426 8300
    387 13 2 26.478379 13 2 26.478379 8300
    388 13 2 26.488385 13 2 26.488385 8300
    389 13 2 26.499248 13 2 26.499248 8300
    390 13 2 26.508382 13 2 26.508382 8300
    391 13 2 26.518437 13 2 26.518437 8300
    392 13 2 26.528354 13 2 26.528354 8300
    393 13 2 26.538418 13 2 26.538418 8300
    394 13 2 26.548413 13 2 26.548413 8300
    395 13 2 26.558429 13 2 26.558429 8300
    396 13 2 26.568422 13 2 26.568422 8300
    397 13 2 26.578364 13 2 26.578364 8300
    398 13 2 26.588357 13 2 26.588357 8300
    399 13 2 26.599216 13 2 26.599216 8300
    400 13 2 26.608373 13 2 26.608373 8300
    401 13 2 26.618393 13 2 26.618393 8300
    402 13 2 26.628419 13 2 26.628419 8300
    403 13 2 26.638338 13 2 26.638338 8300
    404 13 2 26.648354 13 2 26.648354 8300
    405 13 2 26.658429 13 2 26.658429 8300
    406 13 2 26.668430 13 2 26.668430 8300
    407 13 2 26.678370 13 2 26.678370 8300
    408 13 2 26.688355 13 2 26.688355 8300
    409 13 2 26.698357 13 2 26.698357 8300
    410 13 2 26.708375 13 2 26.708375 8300
    411 13 2 26.718433 13 2 26.718433 8300
    412 13 2 26.728356 13 2 26.728356 8300
    413 13 2 26.738421 13 2 26.738421 8300
    414 13 2 26.748476 13 2 26.748476 8300
    415 13 2 26.758421 13 2 26.758421 8300
    416 13 2 26.768488 13 2 26.768488 8300
    417 13 2 26.778466 13 2 26.778466 8300
    418 13 2 26.788419 13 2 26.788419 8300
    419 13 2 26.798401 13 2 26.798401 8300
    420 13 2 26.808372 13 2 26.808372 8300
    421 13 2 26.818428 13 2 26.818428 8300
    422 13 2 26.828641 13 2 26.828641 8300
    423 13 2 26.838460 13 2 26.838460 8300
    424 13 2 26.848416 13 2 26.848416 8300
    425 13 2 26.858432 13 2 26.858432 8300
    426 13 2 26.868421 13 2 26.868421 8300
    427 13 2 26.878370 13 2 26.878370 8300
    428 13 2 26.888386 13 2 26.888386 8300
    429 13 2 26.898364 13 2 26.898364 8300
    430 13 2 26.908394 13 2 26.908394 8300
    431 13 2 26.918452 13 2 26.918452 8300
    432 13 2 26.928520 13 2 26.928520 8300
    433 13 2 26.938441 13 2 26.938441 8300
    434 13 2 26.948419 13 2 26.948419 8300
    435 13 2 26.958411 13 2 26.958411 8300
    436 13 2 26.968424 13 2 26.968424 8300
    437 13 2 26.978419 13 2 26.978419 8300
    438 13 2 26.988369 13 2 26.988369 8300
    439 13 2 26.999123 13 2 26.999123 8300
    440 13 2 27.008388 13 2 27.008388 8300
    441 13 2 27.018388 13 2 27.018388 8300
    442 13 2 27.028760 13 2 27.028760 8300
    443 13 2 27.038392 13 2 27.038392 8300
    444 13 2 27.048407 13 2 27.048407 8300
    445 13 2 27.058503 13 2 27.058503 8300
    446 13 2 27.068518 13 2 27.068518 8300
    447 13 2 27.078382 13 2 27.078382 8300
    448 13 2 27.088374 13 2 27.088374 8300
    449 13 2 27.098392 13 2 27.098392 8300
    450 13 2 27.109255 13 2 27.109255 8300
    451 13 2 27.118510 13 2 27.118510 8300
    452 13 2 27.128540 13 2 27.128540 8300
    453 13 2 27.138450 13 2 27.138450 8300
    454 13 2 27.148414 13 2 27.148414 8300
    455 13 2 27.158363 13 2 27.158363 8300
    456 13 2 27.168430 13 2 27.168430 8300
    457 13 2 27.178432 13 2 27.178432 8300
    458 13 2 27.188359 13 2 27.188359 8300
    459 13 2 27.198370 13 2 27.198370 8300
    460 13 2 27.208373 13 2 27.208373 8300
    461 13 2 27.218358 13 2 27.218358 8300
    462 13 2 27.228442 13 2 27.228442 8300
    463 13 2 27.238376 13 2 27.238376 8300
    464 13 2 27.248371 13 2 27.248371 8300
    465 13 2 27.258444 13 2 27.258444 8300
    466 13 2 27.268353 13 2 27.268353 8300
    467 13 2 27.278354 13 2 27.278354 8300
    468 13 2 27.288377 13 2 27.288377 8300
    469 13 2 27.298362 13 2 27.298362 8300
    470 13 2 27.309136 13 2 27.309136 8300
    471 13 2 27.318394 13 2 27.318394 8300
    472 13 2 27.328444 13 2 27.328444 8300
    473 13 2 27.338436 13 2 27.338436 8300
    474 13 2 27.348462 13 2 27.348462 8300
    475 13 2 27.358447 13 2 27.358447 8300
    476 13 2 27.368418 13 2 27.368418 8300
    477 13 2 27.378363 13 2 27.378363 8300
    478 13 2 27.388367 13 2 27.388367 8300
    479 13 2 27.398375 13 2 27.398375 8300
    480 13 2 27.408370 13 2 27.408370 8300
    481 13 2 27.419122 13 2 27.419122 8300
    482 13 2 27.428401 13 2 27.428401 8300
    483 13 2 27.438455 13 2 27.438455 8300
    484 13 2 27.448432 13 2 27.448432 8300
    485 13 2 27.458432 13 2 27.458432 8300
    486 13 2 27.468422 13 2 27.468422 8300
    487 13 2 27.478397 13 2 27.478397 8300
    488 13 2 27.488398 13 2 27.488398 8300
    489 13 2 27.498384 13 2 27.498384 8300
    490 13 2 27.508915 13 2 27.508915 8300
    491 13 2 27.518809 13 2 27.518809 8300
    492 13 2 27.528472 13 2 27.528472 8300
    493 13 2 27.538492 13 2 27.538492 8300
    494 13 2 27.548425 13 2 27.548425 8300
    495 13 2 27.558427 13 2 27.558427 8300
    496 13 2 27.568428 13 2 27.568428 8300
    497 13 2 27.578385 13 2 27.578385 8300
    498 13 2 27.588405 13 2 27.588405 8300
    499 13 2 27.598368 13 2 27.598368 8300
    500 13 2 27.608367 13 2 27.608367 8300
    501 13 2 27.618331 13 2 27.618331 8300
    502 13 2 27.628388 13 2 27.628388 8300
    503 13 2 27.638507 13 2 27.638507 8300
    504 13 2 27.648422 13 2 27.648422 8300
    505 13 2 27.658494 13 2 27.658494 8300
    506 13 2 27.668475 13 2 27.668475 8300
    507 13 2 27.678430 13 2 27.678430 8300
    508 13 2 27.688340 13 2 27.688340 8300
    509 13 2 27.698351 13 2 27.698351 8300
    510 13 2 27.709127 13 2 27.709127 8300
    511 13 2 27.718381 13 2 27.718381 8300
    512 13 2 27.728529 13 2 27.728529 8300
    513 13 2 27.738391 13 2 27.738391 8300
    514 13 2 27.748416 13 2 27.748416 8300
    515 13 2 27.758421 13 2 27.758421 8300
    516 13 2 27.768429 13 2 27.768429 8300
    517 13 2 27.778435 13 2 27.778435 8300
    518 13 2 27.788447 13 2 27.788447 8300
    519 13 2 27.798390 13 2 27.798390 8300
    520 13 2 27.808399 13 2 27.808399 8300
    521 13 2 27.819109 13 2 27.819109 8300
    522 13 2 27.828541 13 2 27.828541 8300
    523 13 2 27.838477 13 2 27.838477 8300
    524 13 2 27.848447 13 2 27.848447 8300
    525 13 2 27.858374 13 2 27.858374 8300
    526 13 2 27.868435 13 2 27.868435 8300
    527 13 2 27.878342 13 2 27.878342 8300
    528 13 2 27.889435 13 2 27.889435 8300
    529 13 2 27.898375 13 2 27.898375 8300
    530 13 2 27.908525 13 2 27.908525 8300
    531 13 2 27.918465 13 2 27.918465 8300
    532 13 2 27.928584 13 2 27.928584 8300
    533 13 2 27.938492 13 2 27.938492 8300
    534 13 2 27.948409 13 2 27.948409 8300
    535 13 2 27.958407 13 2 27.958407 8300
    536 13 2 27.968351 13 2 27.968351 8300
    537 13 2 27.978379 13 2 27.978379 8300
    538 13 2 27.988429 13 2 27.988429 8300
    539 13 2 27.998443 13 2 27.998443 8300
    540 13 2 28.008371 13 2 28.008371 8300
    541 13 2 28.018368 13 2 28.018368 8300
    542 13 2 28.028363 13 2 28.028363 8300
    543 13 2 28.038439 13 2 28.038439 8300
    544 13 2 28.048421 13 2 28.048421 8300
    545 13 2 28.058422 13 2 28.058422 8300
    546 13 2 28.068431 13 2 28.068431 8300
    547 13 2 28.078386 13 2 28.078386 8300
    548 13 2 28.088360 13 2 28.088360 8300
    549 13 2 28.098382 13 2 28.098382 8300
    550 13 2 28.108370 13 2 28.108370 8300
    551 13 2 28.118361 13 2 28.118361 8300
    552 13 2 28.128482 13 2 28.128482 8300
    553 13 2 28.138487 13 2 28.138487 8300
    554 13 2 28.148351 13 2 28.148351 8300
    555 13 2 28.158435 13 2 28.158435 8300
    556 13 2 28.168472 13 2 28.168472 8300
    557 13 2 28.178426 13 2 28.178426 8300
    558 13 2 28.188439 13 2 28.188439 8300
    559 13 2 28.198696 13 2 28.198696 8300
    560 13 2 28.208384 13 2 28.208384 8300
    561 13 2 28.219279 13 2 28.219279 8300
    562 13 2 28.228390 13 2 28.228390 8300
    563 13 2 28.238469 13 2 28.238469 8300
    564 13 2 28.248456 13 2 28.248456 8300
    565 13 2 28.258426 13 2 28.258426 8300
    566 13 2 28.268419 13 2 28.268419 8300
    567 13 2 28.278358 13 2 28.278358 8300
    568 13 2 28.288371 13 2 28.288371 8300
    569 13 2 28.298376 13 2 28.298376 8300
    570 13 2 28.308413 13 2 28.308413 8300
    571 13 2 28.318438 13 2 28.318438 8300
    572 13 2 28.328461 13 2 28.328461 8300
    573 13 2 28.338450 13 2 28.338450 8300
    574 13 2 28.348434 13 2 28.348434 8300
    575 13 2 28.358453 13 2 28.358453 8300
    576 13 2 28.368359 13 2 28.368359 8300
    577 13 2 28.378472 13 2 28.378472 8300
    578 13 2 28.388358 13 2 28.388358 8300
    579 13 2 28.398391 13 2 28.398391 8300
    580 13 2 28.408370 13 2 28.408370 8300
    581 13 2 28.418372 13 2 28.418372 8300
    582 13 2 28.428436 13 2 28.428436 8300
    583 13 2 28.438438 13 2 28.438438 8300
    584 13 2 28.448405 13 2 28.448405 8300
    585 13 2 28.458446 13 2 28.458446 8300
    586 13 2 28.468477 13 2 28.468477 8300
    587 13 2 28.478453 13 2 28.478453 8300
    588 13 2 28.488341 13 2 28.488341 8300
    589 13 2 28.498391 13 2 28.498391 8300
    590 13 2 28.508379 13 2 28.508379 8300
    591 13 2 28.518435 13 2 28.518435 8300
    592 13 2 28.528466 13 2 28.528466 8300
    593 13 2 28.538461 13 2 28.538461 8300
    594 13 2 28.548393 13 2 28.548393 8300
    595 13 2 28.558558 13 2 28.558558 8300
    596 13 2 28.568428 13 2 28.568428 8300
    597 13 2 28.578447 13 2 28.578447 8300
    598 13 2 28.588355 13 2 28.588355 8300
    599 13 2 28.598379 13 2 28.598379 8300
    600 13 2 28.608360 13 2 28.608360 8300
    601 13 2 28.618362 13 2 28.618362 8300
    602 13 2 28.628415 13 2 28.628415 8300
    603 13 2 28.638428 13 2 28.638428 8300
    604 13 2 28.648434 13 2 28.648434 8300
    605 13 2 28.658453 13 2 28.658453 8300
    606 13 2 28.668421 13 2 28.668421 8300
    607 13 2 28.678440 13 2 28.678440 8300
    608 13 2 28.689333 13 2 28.689333 8300
    609 13 2 28.698387 13 2 28.698387 8300
    610 13 2 28.708438 13 2 28.708438 8300
    611 13 2 28.718482 13 2 28.718482 8300
    612 13 2 28.728441 13 2 28.728441 8300
    613 13 2 28.738430 13 2 28.738430 8300
    614 13 2 28.748428 13 2 28.748428 8300
    615 13 2 28.758442 13 2 28.758442 8300
    616 13 2 28.768432 13 2 28.768432 8300
    617 13 2 28.778434 13 2 28.778434 8300
    618 13 2 28.788347 13 2 28.788347 8300
    619 13 2 28.798390 13 2 28.798390 8300
    620 13 2 28.808370 13 2 28.808370 8300
    621 13 2 28.818365 13 2 28.818365 8300
    622 13 2 28.828372 13 2 28.828372 8300
    623 13 2 28.838394 13 2 28.838394 8300
    624 13 2 28.848420 13 2 28.848420 8300
    625 13 2 28.858420 13 2 28.858420 8300
    626 13 2 28.868369 13 2 28.868369 8300
    627 13 2 28.878378 13 2 28.878378 8300
    628 13 2 28.888370 13 2 28.888370 8300
    629 13 2 28.898368 13 2 28.898368 8300
    630 13 2 28.908639 13 2 28.908639 8300
    631 13 2 28.918427 13 2 28.918427 8300
    632 13 2 28.928446 13 2 28.928446 8300
    633 13 2 28.938439 13 2 28.938439 8300
    634 13 2 28.948413 13 2 28.948413 8300
    635 13 2 28.958442 13 2 28.958442 8300
    636 13 2 28.968430 13 2 28.968430 8300
    637 13 2 28.978459 13 2 28.978459 8300
    638 13 2 28.988375 13 2 28.988375 8300
    639 13 2 28.998383 13 2 28.998383 8300
    640 13 2 29.009035 13 2 29.009035 8300
    641 13 2 29.018394 13 2 29.018394 8300
    642 13 2 29.028461 13 2 29.028461 8300
    643 13 2 29.038363 13 2 29.038363 8300
    644 13 2 29.048420 13 2 29.048420 8300
    645 13 2 29.058406 13 2 29.058406 8300
    646 13 2 29.068417 13 2 29.068417 8300
    647 13 2 29.078375 13 2 29.078375 8300
    648 13 2 29.088363 13 2 29.088363 8300
    649 13 2 29.098362 13 2 29.098362 8300
    650 13 2 29.108391 13 2 29.108391 8300
    651 13 2 29.118480 13 2 29.118480 8300
    652 13 2 29.128402 13 2 29.128402 8300
    653 13 2 29.138436 13 2 29.138436 8300
    654 13 2 29.148351 13 2 29.148351 8300
    655 13 2 29.158439 13 2 29.158439 8300
    656 13 2 29.168435 13 2 29.168435 8300
    657 13 2 29.178401 13 2 29.178401 8300
    658 13 2 29.188369 13 2 29.188369 8300
    659 13 2 29.198384 13 2 29.198384 8300
    660 13 2 29.208376 13 2 29.208376 8300
    661 13 2 29.219142 13 2 29.219142 8300
    662 13 2 29.228498 13 2 29.228498 8300
    663 13 2 29.238431 13 2 29.238431 8300
    664 13 2 29.248423 13 2 29.248423 8300
    665 13 2 29.258428 13 2 29.258428 8300
    666 13 2 29.268421 13 2 29.268421 8300
    667 13 2 29.278363 13 2 29.278363 8300
    668 13 2 29.288385 13 2 29.288385 8300
    669 13 2 29.298366 13 2 29.298366 8300
    670 13 2 29.308469 13 2 29.308469 8300
    671 13 2 29.319055 13 2 29.319055 8300
    672 13 2 29.328483 13 2 29.328483 8300
    673 13 2 29.338435 13 2 29.338435 8300
    674 13 2 29.348468 13 2 29.348468 8300
    675 13 2 29.358454 13 2 29.358454 8300
    676 13 2 29.368437 13 2 29.368437 8300
    677 13 2 29.378441 13 2 29.378441 8300
    678 13 2 29.388356 13 2 29.388356 8300
    679 13 2 29.398368 13 2 29.398368 8300
    680 13 2 29.408373 13 2 29.408373 8300
    681 13 2 29.418362 13 2 29.418362 8300
    682 13 2 29.428519 13 2 29.428519 8300
    683 13 2 29.438383 13 2 29.438383 8300
    684 13 2 29.448416 13 2 29.448416 8300
    685 13 2 29.458424 13 2 29.458424 8300
    686 13 2 29.468420 13 2 29.468420 8300
    687 13 2 29.478455 13 2 29.478455 8300
    688 13 2 29.488379 13 2 29.488379 8300
    689 13 2 29.498370 13 2 29.498370 8300
    690 13 2 29.508351 13 2 29.508351 8300
    691 13 2 29.518385 13 2 29.518385 8300
    692 13 2 29.528351 13 2 29.528351 8300
    693 13 2 29.538451 13 2 29.538451 8300
    694 13 2 29.548465 13 2 29.548465 8300
    695 13 2 29.558398 13 2 29.558398 8300
    696 13 2 29.568429 13 2 29.568429 8300
    697 13 2 29.578436 13 2 29.578436 8300
    698 13 2 29.588435 13 2 29.588435 8300
    699 13 2 29.598358 13 2 29.598358 8300
    700 13 2 29.608371 13 2 29.608371 8300
    701 13 2 29.618363 13 2 29.618363 8300
    702 13 2 29.628477 13 2 29.628477 8300
    703 13 2 29.638435 13 2 29.638435 8300
    704 13 2 29.648430 13 2 29.648430 8300
    705 13 2 29.658359 13 2 29.658359 8300
    706 13 2 29.668378 13 2 29.668378 8300
    707 13 2 29.678367 13 2 29.678367 8300
    708 13 2 29.689139 13 2 29.689139 8300
    709 13 2 29.698381 13 2 29.698381 8300
    710 13 2 29.709447 13 2 29.709447 8300
    711 13 2 29.718437 13 2 29.718437 8300
    712 13 2 29.728442 13 2 29.728442 8300
    713 13 2 29.738447 13 2 29.738447 8300
    714 13 2 29.748462 13 2 29.748462 8300
    715 13 2 29.758427 13 2 29.758427 8300
    716 13 2 29.768429 13 2 29.768429 8300
    717 13 2 29.778459 13 2 29.778459 8300
    718 13 2 29.788415 13 2 29.788415 8300
    719 13 2 29.798618 13 2 29.798618 8300
    720 13 2 29.808375 13 2 29.808375 8300
    721 13 2 29.818370 13 2 29.818370 8300
    722 13 2 29.828551 13 2 29.828551 8300
    723 13 2 29.838471 13 2 29.838471 8300
    724 13 2 29.849046 13 2 29.849046 8300
    725 13 2 29.858394 13 2 29.858394 8300
    726 13 2 29.868437 13 2 29.868437 8300
    727 13 2 29.878378 13 2 29.878378 8300
    728 13 2 29.888705 13 2 29.888705 8300
    729 13 2 29.898395 13 2 29.898395 8300
    730 13 2 29.908425 13 2 29.908425 8300
    731 13 2 29.918659 13 2 29.918659 8300
    732 13 2 29.928474 13 2 29.928474 8300
    733 13 2 29.938818 13 2 29.938818 8300
    734 13 2 29.948464 13 2 29.948464 8300
    735 13 2 29.958363 13 2 29.958363 8300
    736 13 2 29.968448 13 2 29.968448 8300
    737 13 2 29.978446 13 2 29.978446 8300
    738 13 2 29.988461 13 2 29.988461 8300
    739 13 2 29.998369 13 2 29.998369 8300
    740 13 2 30.008385 13 2 30.008385 8300
    741 13 2 30.018370 13 2 30.018370 8300
    742 13 2 30.028368 13 2 30.028368 8300
    743 13 2 30.038454 13 2 30.038454 8300
    744 13 2 30.048432 13 2 30.048432 8300
    745 13 2 30.058392 13 2 30.058392 8300
    746 13 2 30.068480 13 2 30.068480 8300
    747 13 2 30.078473 13 2 30.078473 8300
    748 13 2 30.088371 13 2 30.088371 8300
    749 13 2 30.098406 13 2 30.098406 8300
    750 13 2 30.108426 13 2 30.108426 8300
    751 13 2 30.118455 13 2 30.118455 8300
    752 13 2 30.128491 13 2 30.128491 8300
    753 13 2 30.138418 13 2 30.138418 8300
    754 13 2 30.148445 13 2 30.148445 8300
    755 13 2 30.158435 13 2 30.158435 8300
    756 13 2 30.168350 13 2 30.168350 8300
    757 13 2 30.178390 13 2 30.178390 8300
    758 13 2 30.188355 13 2 30.188355 8300
    759 13 2 30.198326 13 2 30.198326 8300
    760 13 2 30.208370 13 2 30.208370 8300
    761 13 2 30.218393 13 2 30.218393 8300
    762 13 2 30.228535 13 2 30.228535 8300
    763 13 2 30.238396 13 2 30.238396 8300
    764 13 2 30.248533 13 2 30.248533 8300
    765 13 2 30.258448 13 2 30.258448 8300
    766 13 2 30.268428 13 2 30.268428 8300
    767 13 2 30.278445 13 2 30.278445 8300
    768 13 2 30.288412 13 2 30.288412 8300
    769 13 2 30.298393 13 2 30.298393 8300
    770 13 2 30.308420 13 2 30.308420 8300
    771 13 2 30.318411 13 2 30.318411 8300
    772 13 2 30.328361 13 2 30.328361 8300
    773 13 2 30.338398 13 2 30.338398 8300
    774 13 2 30.348425 13 2 30.348425 8300
    775 13 2 30.358560 13 2 30.358560 8300
    776 13 2 30.368438 13 2 30.368438 8300
    777 13 2 30.378437 13 2 30.378437 8300
    778 13 2 30.388477 13 2 30.388477 8300
    779 13 2 30.398526 13 2 30.398526 8300
    780 13 2 30.408363 13 2 30.408363 8300
    781 13 2 30.418359 13 2 30.418359 8300
    782 13 2 30.428377 13 2 30.428377 8300
    783 13 2 30.438538 13 2 30.438538 8300
    784 13 2 30.448464 13 2 30.448464 8300
    785 13 2 30.458528 13 2 30.458528 8300
    786 13 2 30.468436 13 2 30.468436 8300
    787 13 2 30.478439 13 2 30.478439 8300
    788 13 2 30.488399 13 2 30.488399 8300
    789 13 2 30.498418 13 2 30.498418 8300
    790 13 2 30.508433 13 2 30.508433 8300
    791 13 2 30.518436 13 2 30.518436 8300
    792 13 2 30.528445 13 2 30.528445 8300
    793 13 2 30.538461 13 2 30.538461 8300
    794 13 2 30.548431 13 2 30.548431 8300
    795 13 2 30.558440 13 2 30.558440 8300
    796 13 2 30.568424 13 2 30.568424 8300
    797 13 2 30.578441 13 2 30.578441 8300
    798 13 2 30.588357 13 2 30.588357 8300
    799 13 2 30.598375 13 2 30.598375 8300
    800 13 2 30.608370 13 2 30.608370 8300
    801 13 2 30.618423 13 2 30.618423 8300
    802 13 2 30.628377 13 2 30.628377 8300
    803 13 2 30.638711 13 2 30.638711 8300
    804 13 2 30.648430 13 2 30.648430 8300
    805 13 2 30.658435 13 2 30.658435 8300
    806 13 2 30.668488 13 2 30.668488 8300
    807 13 2 30.678439 13 2 30.678439 8300
    808 13 2 30.688352 13 2 30.688352 8300
    809 13 2 30.698382 13 2 30.698382 8300
    810 13 2 30.708453 13 2 30.708453 8300
    811 13 2 30.718423 13 2 30.718423 8300
    812 13 2 30.728349 13 2 30.728349 8300
    813 13 2 30.738455 13 2 30.738455 8300
    814 13 2 30.748446 13 2 30.748446 8300
    815 13 2 30.758434 13 2 30.758434 8300
    816 13 2 30.768429 13 2 30.768429 8300
    817 13 2 30.778430 13 2 30.778430 8300
    818 13 2 30.788385 13 2 30.788385 8300
    819 13 2 30.798369 13 2 30.798369 8300
    820 13 2 30.808371 13 2 30.808371 8300
    821 13 2 30.818373 13 2 30.818373 8300
    822 13 2 30.828358 13 2 30.828358 8300
    823 13 2 30.838514 13 2 30.838514 8300
    824 13 2 30.848393 13 2 30.848393 8300
    825 13 2 30.858423 13 2 30.858423 8300
    826 13 2 30.868501 13 2 30.868501 8300
    827 13 2 30.878394 13 2 30.878394 8300
    828 13 2 30.888380 13 2 30.888380 8300
    829 13 2 30.898392 13 2 30.898392 8300
    830 13 2 30.908411 13 2 30.908411 8300
    831 13 2 30.918440 13 2 30.918440 8300
    832 13 2 30.928511 13 2 30.928511 8300
    833 13 2 30.938524 13 2 30.938524 8300
    834 13 2 30.948467 13 2 30.948467 8300
    835 13 2 30.958542 13 2 30.958542 8300
    836 13 2 30.968361 13 2 30.968361 8300
    837 13 2 30.978435 13 2 30.978435 8300
    838 13 2 30.988426 13 2 30.988426 8300
    839 13 2 30.998374 13 2 30.998374 8300
    840 13 2 31.008397 13 2 31.008397 8300
    841 13 2 31.018377 13 2 31.018377 8300
    842 13 2 31.028369 13 2 31.028369 8300
    843 13 2 31.038606 13 2 31.038606 8300
    844 13 2 31.048452 13 2 31.048452 8300
    845 13 2 31.058536 13 2 31.058536 8300
    846 13 2 31.068493 13 2 31.068493 8300
    847 13 2 31.078427 13 2 31.078427 8300
    848 13 2 31.088366 13 2 31.088366 8300
    849 13 2 31.098389 13 2 31.098389 8300
    850 13 2 31.108389 13 2 31.108389 8300
    851 13 2 31.118760 13 2 31.118760 8300
    852 13 2 31.128470 13 2 31.128470 8300
    853 13 2 31.138429 13 2 31.138429 8300
    854 13 2 31.148414 13 2 31.148414 8300
    855 13 2 31.158432 13 2 31.158432 8300
    856 13 2 31.168381 13 2 31.168381 8300
    857 13 2 31.178428 13 2 31.178428 8300
    858 13 2 31.188356 13 2 31.188356 8300
    859 13 2 31.198367 13 2 31.198367 8300
    860 13 2 31.208389 13 2 31.208389 8300
    861 13 2 31.218378 13 2 31.218378 8300
    862 13 2 31.228369 13 2 31.228369 8300
    863 13 2 31.238389 13 2 31.238389 8300
    864 13 2 31.248426 13 2 31.248426 8300
    865 13 2 31.258426 13 2 31.258426 8300
    866 13 2 31.268422 13 2 31.268422 8300
    867 13 2 31.278444 13 2 31.278444 8300
    868 13 2 31.288363 13 2 31.288363 8300
    869 13 2 31.299272 13 2 31.299272 8300
    870 13 2 31.308368 13 2 31.308368 8300
    871 13 2 31.318442 13 2 31.318442 8300
    872 13 2 31.328423 13 2 31.328423 8300
    873 13 2 31.338443 13 2 31.338443 8300
    874 13 2 31.348452 13 2 31.348452 8300
    875 13 2 31.358370 13 2 31.358370 8300
    876 13 2 31.368384 13 2 31.368384 8300
    877 13 2 31.378506 13 2 31.378506 8300
    878 13 2 31.388867 13 2 31.388867 8300
    879 13 2 31.398375 13 2 31.398375 8300
    880 13 2 31.409162 13 2 31.409162 8300
    881 13 2 31.419160 13 2 31.419160 8300
    882 13 2 31.428374 13 2 31.428374 8300
    883 13 2 31.438438 13 2 31.438438 8300
    884 13 2 31.448378 13 2 31.448378 8300
    885 13 2 31.458421 13 2 31.458421 8300
    886 13 2 31.468433 13 2 31.468433 8300
    887 13 2 31.478442 13 2 31.478442 8300
    888 13 2 31.488392 13 2 31.488392 8300
    889 13 2 31.498380 13 2 31.498380 8300
    890 13 2 31.508417 13 2 31.508417 8300
    891 13 2 31.518563 13 2 31.518563 8300
    892 13 2 31.528468 13 2 31.528468 8300
    893 13 2 31.538420 13 2 31.538420 8300
    894 13 2 31.548421 13 2 31.548421 8300
    895 13 2 31.558382 13 2 31.558382 8300
    896 13 2 31.568346 13 2 31.568346 8300
    897 13 2 31.578390 13 2 31.578390 8300
    898 13 2 31.588366 13 2 31.588366 8300
    899 13 2 31.598365 13 2 31.598365 8300
    900 13 2 31.608367 13 2 31.608367 8300
    901 13 2 31.618369 13 2 31.618369 8300
    902 13 2 31.628381 13 2 31.628381 8300
    903 13 2 31.638632 13 2 31.638632 8300
    904 13 2 31.648398 13 2 31.648398 8300
    905 13 2 31.658425 13 2 31.658425 8300
    906 13 2 31.668423 13 2 31.668423 8300
    907 13 2 31.678346 13 2 31.678346 8300
    908 13 2 31.688364 13 2 31.688364 8300
    909 13 2 31.698359 13 2 31.698359 8300
    910 13 2 31.708358 13 2 31.708358 8300
    911 13 2 31.718378 13 2 31.718378 8300
    912 13 2 31.728490 13 2 31.728490 8300
    913 13 2 31.738368 13 2 31.738368 8300
    914 13 2 31.748453 13 2 31.748453 8300
    915 13 2 31.758427 13 2 31.758427 8300
    916 13 2 31.768436 13 2 31.768436 8300
    917 13 2 31.778448 13 2 31.778448 8300
    918 13 2 31.788432 13 2 31.788432 8300
    919 13 2 31.798490 13 2 31.798490 8300
    920 13 2 31.808375 13 2 31.808375 8300
    921 13 2 31.818369 13 2 31.818369 8300
    922 13 2 31.828371 13 2 31.828371 8300
    923 13 2 31.838400 13 2 31.838400 8300
    924 13 2 31.848431 13 2 31.848431 8300
    925 13 2 31.858449 13 2 31.858449 8300
    926 13 2 31.868455 13 2 31.868455 8300
    927 13 2 31.878437 13 2 31.878437 8300
    928 13 2 31.888365 13 2 31.888365 8300
    929 13 2 31.898378 13 2 31.898378 8300
    930 13 2 31.908370 13 2 31.908370 8300
    931 13 2 31.918448 13 2 31.918448 8300
    932 13 2 31.928449 13 2 31.928449 8300
    933 13 2 31.938410 13 2 31.938410 8300
    934 13 2 31.948484 13 2 31.948484 8300
    935 13 2 31.958428 13 2 31.958428 8300
    936 13 2 31.968427 13 2 31.968427 8300
    937 13 2 31.978563 13 2 31.978563 8300
    938 13 2 31.989170 13 2 31.989170 8300
    939 13 2 31.998378 13 2 31.998378 8300
    940 13 2 32.008375 13 2 32.008375 8300
    941 13 2 32.018366 13 2 32.018366 8300
    942 13 2 32.028365 13 2 32.028365 8300
    943 13 2 32.038432 13 2 32.038432 8300
    944 13 2 32.048395 13 2 32.048395 8300
    945 13 2 32.058405 13 2 32.058405 8300
    946 13 2 32.068420 13 2 32.068420 8300
    947 13 2 32.078426 13 2 32.078426 8300
    948 13 2 32.088377 13 2 32.088377 8300
    949 13 2 32.098371 13 2 32.098371 8300
    950 13 2 32.108364 13 2 32.108364 8300
    951 13 2 32.118423 13 2 32.118423 8300
    952 13 2 32.128456 13 2 32.128456 8300
    953 13 2 32.138437 13 2 32.138437 8300
    954 13 2 32.148490 13 2 32.148490 8300
    955 13 2 32.158433 13 2 32.158433 8300
    956 13 2 32.168435 13 2 32.168435 8300
    957 13 2 32.178437 13 2 32.178437 8300
    958 13 2 32.188474 13 2 32.188474 8300
    959 13 2 32.198371 13 2 32.198371 8300
    960 13 2 32.208367 13 2 32.208367 8300
    961 13 2 32.219098 13 2 32.219098 8300
    962 13 2 32.229238 13 2 32.229238 8300
    963 13 2 32.238411 13 2 32.238411 8300
    964 13 2 32.248418 13 2 32.248418 8300
    965 13 2 32.258426 13 2 32.258426 8300
    966 13 2 32.268450 13 2 32.268450 8300
    967 13 2 32.278530 13 2 32.278530 8300
    968 13 2 32.288370 13 2 32.288370 8300
    969 13 2 32.299109 13 2 32.299109 8300
    970 13 2 32.308383 13 2 32.308383 8300
    971 13 2 32.318418 13 2 32.318418 8300
    972 13 2 32.328719 13 2 32.328719 8300
    973 13 2 32.338459 13 2 32.338459 8300
    974 13 2 32.348478 13 2 32.348478 8300
    975 13 2 32.358441 13 2 32.358441 8300
    976 13 2 32.368422 13 2 32.368422 8300
    977 13 2 32.378428 13 2 32.378428 8300
    978 13 2 32.388359 13 2 32.388359 8300
    979 13 2 32.399025 13 2 32.399025 8300
    980 13 2 32.408374 13 2 32.408374 8300
    981 13 2 32.418365 13 2 32.418365 8300
    982 13 2 32.428362 13 2 32.428362 8300
    983 13 2 32.438383 13 2 32.438383 8300
    984 13 2 32.448374 13 2 32.448374 8300
    985 13 2 32.458565 13 2 32.458565 8300
    986 13 2 32.468437 13 2 32.468437 8300
    987 13 2 32.478485 13 2 32.478485 8300
    988 13 2 32.488399 13 2 32.488399 8300
    989 13 2 32.498364 13 2 32.498364 8300
    990 13 2 32.508389 13 2 32.508389 8300
    991 13 2 32.518659 13 2 32.518659 8300
    992 13 2 32.528466 13 2 32.528466 8300
    993 13 2 32.538387 13 2 32.538387 8300
    994 13 2 32.548476 13 2 32.548476 8300
    995 13 2 32.558526 13 2 32.558526 8300
    996 13 2 32.568432 13 2 32.568432 8300
    997 13 2 32.578462 13 2 32.578462 8300
    998 13 2 32.588431 13 2 32.588431 8300
    999 13 2 32.598407 13 2 32.598407 8300
   1000 13 2 32.609200 13 2 32.609200 8300
