      1 13 14 7.062946 13 14 7.073184 10000
      2 13 14 7.073032 13 14 7.082358 10000
      3 13 14 7.083037 13 14 7.092248 10000
      4 13 14 7.093033 13 14 7.102299 10000
      5 13 14 7.103042 13 14 7.112231 10000
      6 13 14 7.113044 13 14 7.123207 10000
      7 13 14 7.123039 13 14 7.132321 10000
      8 13 14 7.133048 13 14 7.142231 10000
      9 13 14 7.143046 13 14 7.152251 10000
     10 13 14 7.153045 13 14 7.162258 10000
     11 13 14 7.163045 13 14 7.172226 10000
     12 13 14 7.173028 13 14 7.182236 10000
     13 13 14 7.183042 13 14 7.192239 10000
     14 13 14 7.193024 13 14 7.203205 10000
     15 13 14 7.203047 13 14 7.212324 10000
     16 13 14 7.213044 13 14 7.222228 10000
     17 13 14 7.223043 13 14 7.233126 10000
     18 13 14 7.233069 13 14 7.242262 10000
     19 13 14 7.243043 13 14 7.252229 10000
     20 13 14 7.253044 13 14 7.262240 10000
     21 13 14 7.263043 13 14 7.272236 10000
     22 13 14 7.273043 13 14 7.282244 10000
     23 13 14 7.283044 13 14 7.292243 10000
     24 13 14 7.293042 13 14 7.302299 10000
     25 13 14 7.303054 13 14 7.312265 10000
     26 13 14 7.313044 13 14 7.322231 10000
     27 13 14 7.323044 13 14 7.332315 10000
     28 13 14 7.333069 13 14 7.342323 10000
     29 13 14 7.343068 13 14 7.352346 10000
     30 13 14 7.353074 13 14 7.362326 10000
     31 13 14 7.363050 13 14 7.372334 10000
     32 13 14 7.373057 13 14 7.382340 10000
     33 13 14 7.383092 13 14 7.392381 10000
     34 13 14 7.393069 13 14 7.402353 10000
     35 13 14 7.403065 13 14 7.412455 10000
     36 13 14 7.413058 13 14 7.422250 10000
     37 13 14 7.423045 13 14 7.432261 10000
     38 13 14 7.433044 13 14 7.442232 10000
     39 13 14 7.443050 13 14 7.453412 10000
     40 13 14 7.453065 13 14 7.462258 10000
     41 13 14 7.463060 13 14 7.472269 10000
     42 13 14 7.473042 13 14 7.482197 10000
     43 13 14 7.483037 13 14 7.492619 10000
     44 13 14 7.493055 13 14 7.502254 10000
     45 13 14 7.503054 13 14 7.513298 10000
     46 13 14 7.513048 13 14 7.522238 10000
     47 13 14 7.523054 13 14 7.532294 10000
     48 13 14 7.533057 13 14 7.542222 10000
     49 13 14 7.543063 13 14 7.552316 10000
     50 13 14 7.553064 13 14 7.568215 10000
     51 13 14 7.563048 13 14 7.576670 10000
     52 13 14 7.573069 13 14 7.584982 10000
     53 13 14 7.583034 13 14 7.593568 10000
     54 13 14 7.593062 13 14 7.602284 10000
     55 13 14 7.603065 13 14 7.612254 10000
     56 13 14 7.613030 13 14 7.622208 10000
     57 13 14 7.623039 13 14 7.632242 10000
     58 13 14 7.633029 13 14 7.642210 10000
     59 13 14 7.643067 13 14 7.652321 10000
     60 13 14 7.653031 13 14 7.662240 10000
     61 13 14 7.663037 13 14 7.672226 10000
     62 13 14 7.673028 13 14 7.682235 10000
     63 13 14 7.683030 13 14 7.692342 10000
     64 13 14 7.693030 13 14 7.702270 10000
     65 13 14 7.703045 13 14 7.712253 10000
     66 13 14 7.713117 13 14 7.722315 10000
     67 13 14 7.723030 13 14 7.732224 10000
     68 13 14 7.733031 13 14 7.742257 10000
     69 13 14 7.743030 13 14 7.752199 10000
     70 13 14 7.753052 13 14 7.762286 10000
     71 13 14 7.763042 13 14 7.772243 10000
     72 13 14 7.773043 13 14 7.782257 10000
     73 13 14 7.783048 13 14 7.792257 10000
     74 13 14 7.793050 13 14 7.802263 10000
     75 13 14 7.803043 13 14 7.812212 10000
     76 13 14 7.813051 13 14 7.823420 10000
     77 13 14 7.823044 13 14 7.832257 10000
     78 13 14 7.833045 13 14 7.842250 10000
     79 13 14 7.843047 13 14 7.852244 10000
     80 13 14 7.853044 13 14 7.862245 10000
     81 13 14 7.863068 13 14 7.873692 10000
     82 13 14 7.873040 13 14 7.882260 10000
     83 13 14 7.883045 13 14 7.892255 10000
     84 13 14 7.893049 13 14 7.902241 10000
     85 13 14 7.903044 13 14 7.912252 10000
     86 13 14 7.913044 13 14 7.922278 10000
     87 13 14 7.923045 13 14 7.932229 10000
     88 13 14 7.933042 13 14 7.942249 10000
     89 13 14 7.943044 13 14 7.952271 10000
     90 13 14 7.953044 13 14 7.962240 10000
     91 13 14 7.963042 13 14 7.972246 10000
     92 13 14 7.973043 13 14 7.983514 10000
     93 13 14 7.983005 13 14 7.992207 10000
     94 13 14 7.993083 13 14 8.002302 10000
     95 13 14 8.003045 13 14 8.012231 10000
     96 13 14 8.013054 13 14 8.022287 10000
     97 13 14 8.023030 13 14 8.032171 10000
     98 13 14 8.033072 13 14 8.043234 10000
     99 13 14 8.043158 13 14 8.053556 10000
    100 13 14 8.053043 13 14 8.069034 10000
    101 13 14 8.063045 13 14 8.076565 10000
    102 13 14 8.073050 13 14 8.084975 10000
    103 13 14 8.083047 13 14 8.093387 10000
    104 13 14 8.093047 13 14 8.102235 10000
    105 13 14 8.103042 13 14 8.112284 10000
    106 13 14 8.113046 13 14 8.122213 10000
    107 13 14 8.123032 13 14 8.133214 10000
    108 13 14 8.133039 13 14 8.143181 10000
    109 13 14 8.142996 13 14 8.152207 10000
    110 13 14 8.153078 13 14 8.163202 10000
    111 13 14 8.163035 13 14 8.172250 10000
    112 13 14 8.173047 13 14 8.182285 10000
    113 13 14 8.183061 13 14 8.192242 10000
    114 13 14 8.193139 13 14 8.203224 10000
    115 13 14 8.202991 13 14 8.212229 10000
    116 13 14 8.213043 13 14 8.223209 10000
    117 13 14 8.223036 13 14 8.232324 10000
    118 13 14 8.233043 13 14 8.242226 10000
    119 13 14 8.243043 13 14 8.253266 10000
    120 13 14 8.253054 13 14 8.262230 10000
    121 13 14 8.263042 13 14 8.272249 10000
    122 13 14 8.273044 13 14 8.282263 10000
    123 13 14 8.283046 13 14 8.292286 10000
    124 13 14 8.293044 13 14 8.302239 10000
    125 13 14 8.303043 13 14 8.312260 10000
    126 13 14 8.313053 13 14 8.322234 10000
    127 13 14 8.323069 13 14 8.333301 10000
    128 13 14 8.333043 13 14 8.342233 10000
    129 13 14 8.343044 13 14 8.353272 10000
    130 13 14 8.353073 13 14 8.362348 10000
    131 13 14 8.363044 13 14 8.372215 10000
    132 13 14 8.373042 13 14 8.382239 10000
    133 13 14 8.383043 13 14 8.392303 10000
    134 13 14 8.393093 13 14 8.402350 10000
    135 13 14 8.403057 13 14 8.412290 10000
    136 13 14 8.413055 13 14 8.422292 10000
    137 13 14 8.423071 13 14 8.432404 10000
    138 13 14 8.433066 13 14 8.442263 10000
    139 13 14 8.443046 13 14 8.452232 10000
    140 13 14 8.453044 13 14 8.462265 10000
    141 13 14 8.463044 13 14 8.472224 10000
    142 13 14 8.473043 13 14 8.482260 10000
    143 13 14 8.483045 13 14 8.492373 10000
    144 13 14 8.493121 13 14 8.502304 10000
    145 13 14 8.503056 13 14 8.512653 10000
    146 13 14 8.513054 13 14 8.522237 10000
    147 13 14 8.523080 13 14 8.532303 10000
    148 13 14 8.533042 13 14 8.543697 10000
    149 13 14 8.543072 13 14 8.553331 10000
    150 13 14 8.553048 13 14 8.568276 10000
    151 13 14 8.563121 13 14 8.576606 10000
    152 13 14 8.573017 13 14 8.584984 10000
    153 13 14 8.583038 13 14 8.593609 10000
    154 13 14 8.593061 13 14 8.602268 10000
    155 13 14 8.603044 13 14 8.612247 10000
    156 13 14 8.613030 13 14 8.622182 10000
    157 13 14 8.623017 13 14 8.633281 10000
    158 13 14 8.633186 13 14 8.643169 10000
    159 13 14 8.642989 13 14 8.652176 10000
    160 13 14 8.653022 13 14 8.662202 10000
    161 13 14 8.663036 13 14 8.672254 10000
    162 13 14 8.673030 13 14 8.682188 10000
    163 13 14 8.683090 13 14 8.692481 10000
    164 13 14 8.693047 13 14 8.702232 10000
    165 13 14 8.703044 13 14 8.713399 10000
    166 13 14 8.713048 13 14 8.722217 10000
    167 13 14 8.723069 13 14 8.732293 10000
    168 13 14 8.733059 13 14 8.742257 10000
    169 13 14 8.743043 13 14 8.752323 10000
    170 13 14 8.753043 13 14 8.762232 10000
    171 13 14 8.763042 13 14 8.773574 10000
    172 13 14 8.773044 13 14 8.782368 10000
    173 13 14 8.783046 13 14 8.792244 10000
    174 13 14 8.793046 13 14 8.803114 10000
    175 13 14 8.803065 13 14 8.813060 10000
    176 13 14 8.813000 13 14 8.822262 10000
    177 13 14 8.823076 13 14 8.833441 10000
    178 13 14 8.833050 13 14 8.842302 10000
    179 13 14 8.843044 13 14 8.852228 10000
    180 13 14 8.853044 13 14 8.862239 10000
    181 13 14 8.863042 13 14 8.872239 10000
    182 13 14 8.873042 13 14 8.882265 10000
    183 13 14 8.883032 13 14 8.892208 10000
    184 13 14 8.893060 13 14 8.902238 10000
    185 13 14 8.903043 13 14 8.912219 10000
    186 13 14 8.913074 13 14 8.922304 10000
    187 13 14 8.923030 13 14 8.934535 10000
    188 13 14 8.933073 13 14 8.942958 10000
    189 13 14 8.943042 13 14 8.952194 10000
    190 13 14 8.953075 13 14 8.963594 10000
    191 13 14 8.963044 13 14 8.972367 10000
    192 13 14 8.973079 13 14 8.982334 10000
    193 13 14 8.983048 13 14 8.992247 10000
    194 13 14 8.993048 13 14 9.002252 10000
    195 13 14 9.003042 13 14 9.012226 10000
    196 13 14 9.013049 13 14 9.022256 10000
    197 13 14 9.023044 13 14 9.032254 10000
    198 13 14 9.033044 13 14 9.042229 10000
    199 13 14 9.043044 13 14 9.052274 10000
    200 13 14 9.053043 13 14 9.069169 10000
    201 13 14 9.063046 13 14 9.076575 10000
    202 13 14 9.073050 13 14 9.085096 10000
    203 13 14 9.083069 13 14 9.093514 10000
    204 13 14 9.093104 13 14 9.102491 10000
    205 13 14 9.103051 13 14 9.112320 10000
    206 13 14 9.113070 13 14 9.122320 10000
    207 13 14 9.123063 13 14 9.132270 10000
    208 13 14 9.133039 13 14 9.142201 10000
    209 13 14 9.143086 13 14 9.152388 10000
    210 13 14 9.153033 13 14 9.162183 10000
    211 13 14 9.163038 13 14 9.172233 10000
    212 13 14 9.173047 13 14 9.182209 10000
    213 13 14 9.183037 13 14 9.192327 10000
    214 13 14 9.193046 13 14 9.202370 10000
    215 13 14 9.203044 13 14 9.212227 10000
    216 13 14 9.213044 13 14 9.222231 10000
    217 13 14 9.223043 13 14 9.232243 10000
    218 13 14 9.233043 13 14 9.242238 10000
    219 13 14 9.243043 13 14 9.252230 10000
    220 13 14 9.253028 13 14 9.262176 10000
    221 13 14 9.263054 13 14 9.272285 10000
    222 13 14 9.273047 13 14 9.282225 10000
    223 13 14 9.283044 13 14 9.292284 10000
    224 13 14 9.293046 13 14 9.302237 10000
    225 13 14 9.303046 13 14 9.312661 10000
    226 13 14 9.313055 13 14 9.322248 10000
    227 13 14 9.323043 13 14 9.332245 10000
    228 13 14 9.333062 13 14 9.343289 10000
    229 13 14 9.343045 13 14 9.352271 10000
    230 13 14 9.353054 13 14 9.362256 10000
    231 13 14 9.363063 13 14 9.372279 10000
    232 13 14 9.373056 13 14 9.382253 10000
    233 13 14 9.383057 13 14 9.392291 10000
    234 13 14 9.393048 13 14 9.402259 10000
    235 13 14 9.403086 13 14 9.412295 10000
    236 13 14 9.413045 13 14 9.422249 10000
    237 13 14 9.423047 13 14 9.433550 10000
    238 13 14 9.433104 13 14 9.442297 10000
    239 13 14 9.443044 13 14 9.452254 10000
    240 13 14 9.453044 13 14 9.462244 10000
    241 13 14 9.463046 13 14 9.473299 10000
    242 13 14 9.473041 13 14 9.482274 10000
    243 13 14 9.483046 13 14 9.492243 10000
    244 13 14 9.493043 13 14 9.502273 10000
    245 13 14 9.503111 13 14 9.513360 10000
    246 13 14 9.513049 13 14 9.522247 10000
    247 13 14 9.523056 13 14 9.532273 10000
    248 13 14 9.533044 13 14 9.542242 10000
    249 13 14 9.543044 13 14 9.552284 10000
    250 13 14 9.553045 13 14 9.568215 10000
    251 13 14 9.563048 13 14 9.576581 10000
    252 13 14 9.573035 13 14 9.584967 10000
    253 13 14 9.583047 13 14 9.593360 10000
    254 13 14 9.593026 13 14 9.602252 10000
    255 13 14 9.603030 13 14 9.612273 10000
    256 13 14 9.613049 13 14 9.622360 10000
    257 13 14 9.623034 13 14 9.632253 10000
    258 13 14 9.633032 13 14 9.642279 10000
    259 13 14 9.643031 13 14 9.652228 10000
    260 13 14 9.653057 13 14 9.662236 10000
    261 13 14 9.663029 13 14 9.672181 10000
    262 13 14 9.673012 13 14 9.682280 10000
    263 13 14 9.683028 13 14 9.692192 10000
    264 13 14 9.693025 13 14 9.702261 10000
    265 13 14 9.703058 13 14 9.712244 10000
    266 13 14 9.713044 13 14 9.722258 10000
    267 13 14 9.723031 13 14 9.732210 10000
    268 13 14 9.733036 13 14 9.742300 10000
    269 13 14 9.743033 13 14 9.752171 10000
    270 13 14 9.753050 13 14 9.762316 10000
    271 13 14 9.763052 13 14 9.772323 10000
    272 13 14 9.773075 13 14 9.782322 10000
    273 13 14 9.783046 13 14 9.792248 10000
    274 13 14 9.793030 13 14 9.802225 10000
    275 13 14 9.803070 13 14 9.812371 10000
    276 13 14 9.813046 13 14 9.822241 10000
    277 13 14 9.823045 13 14 9.833258 10000
    278 13 14 9.833049 13 14 9.842247 10000
    279 13 14 9.843044 13 14 9.852257 10000
    280 13 14 9.853044 13 14 9.862246 10000
    281 13 14 9.863042 13 14 9.872365 10000
    282 13 14 9.873044 13 14 9.882227 10000
    283 13 14 9.883043 13 14 9.892260 10000
    284 13 14 9.893043 13 14 9.902245 10000
    285 13 14 9.903043 13 14 9.912240 10000
    286 13 14 9.913043 13 14 9.922295 10000
    287 13 14 9.923044 13 14 9.932228 10000
    288 13 14 9.933037 13 14 9.942308 10000
    289 13 14 9.943030 13 14 9.952500 10000
    290 13 14 9.953037 13 14 9.962241 10000
    291 13 14 9.963077 13 14 9.972248 10000
    292 13 14 9.973046 13 14 9.984657 10000
    293 13 14 9.984586 13 14 9.993816 10000
    294 13 14 9.993048 13 14 10.002250 10000
    295 13 14 10.003045 13 14 10.012257 10000
    296 13 14 10.013044 13 14 10.022424 10000
    297 13 14 10.023044 13 14 10.032232 10000
    298 13 14 10.033108 13 14 10.043174 10000
    299 13 14 10.043011 13 14 10.053217 10000
    300 13 14 10.053048 13 14 10.068167 10000
    301 13 14 10.063045 13 14 10.076565 10000
    302 13 14 10.073050 13 14 10.084968 10000
    303 13 14 10.083049 13 14 10.093386 10000
    304 13 14 10.093047 13 14 10.102228 10000
    305 13 14 10.103046 13 14 10.112232 10000
    306 13 14 10.113051 13 14 10.123198 10000
    307 13 14 10.123029 13 14 10.133255 10000
    308 13 14 10.133048 13 14 10.142258 10000
    309 13 14 10.143046 13 14 10.152224 10000
    310 13 14 10.153043 13 14 10.162255 10000
    311 13 14 10.163042 13 14 10.172231 10000
    312 13 14 10.173045 13 14 10.182221 10000
    313 13 14 10.183028 13 14 10.192182 10000
    314 13 14 10.193096 13 14 10.202315 10000
    315 13 14 10.203044 13 14 10.212184 10000
    316 13 14 10.213065 13 14 10.222239 10000
    317 13 14 10.223036 13 14 10.232203 10000
    318 13 14 10.233069 13 14 10.242279 10000
    319 13 14 10.243031 13 14 10.252202 10000
    320 13 14 10.253054 13 14 10.262278 10000
    321 13 14 10.263059 13 14 10.272223 10000
    322 13 14 10.273044 13 14 10.282280 10000
    323 13 14 10.283044 13 14 10.292234 10000
    324 13 14 10.293044 13 14 10.302288 10000
    325 13 14 10.303048 13 14 10.312252 10000
    326 13 14 10.313119 13 14 10.322298 10000
    327 13 14 10.323045 13 14 10.332219 10000
    328 13 14 10.333043 13 14 10.342244 10000
    329 13 14 10.343056 13 14 10.352268 10000
    330 13 14 10.353046 13 14 10.362239 10000
    331 13 14 10.363042 13 14 10.372337 10000
    332 13 14 10.373096 13 14 10.382431 10000
    333 13 14 10.383062 13 14 10.392264 10000
    334 13 14 10.393045 13 14 10.402227 10000
    335 13 14 10.403048 13 14 10.412235 10000
    336 13 14 10.413443 13 14 10.422625 10000
    337 13 14 10.423047 13 14 10.432238 10000
    338 13 14 10.433061 13 14 10.442304 10000
    339 13 14 10.443056 13 14 10.452282 10000
    340 13 14 10.453122 13 14 10.462329 10000
    341 13 14 10.463044 13 14 10.472248 10000
    342 13 14 10.473045 13 14 10.482234 10000
    343 13 14 10.483043 13 14 10.492247 10000
    344 13 14 10.493045 13 14 10.502224 10000
    345 13 14 10.503035 13 14 10.512221 10000
    346 13 14 10.513045 13 14 10.522225 10000
    347 13 14 10.523089 13 14 10.534527 10000
    348 13 14 10.534461 13 14 10.543661 10000
    349 13 14 10.543044 13 14 10.552250 10000
    350 13 14 10.553043 13 14 10.568253 10000
    351 13 14 10.563045 13 14 10.576570 10000
    352 13 14 10.573050 13 14 10.584972 10000
    353 13 14 10.583050 13 14 10.593372 10000
    354 13 14 10.593037 13 14 10.602223 10000
    355 13 14 10.603070 13 14 10.612396 10000
    356 13 14 10.613070 13 14 10.622287 10000
    357 13 14 10.623046 13 14 10.632231 10000
    358 13 14 10.633044 13 14 10.642260 10000
    359 13 14 10.643034 13 14 10.652210 10000
    360 13 14 10.653033 13 14 10.662254 10000
    361 13 14 10.663031 13 14 10.672223 10000
    362 13 14 10.673052 13 14 10.682254 10000
    363 13 14 10.683030 13 14 10.692202 10000
    364 13 14 10.693025 13 14 10.702327 10000
    365 13 14 10.703049 13 14 10.712234 10000
    366 13 14 10.713044 13 14 10.722239 10000
    367 13 14 10.723031 13 14 10.732217 10000
    368 13 14 10.733040 13 14 10.742271 10000
    369 13 14 10.743031 13 14 10.752186 10000
    370 13 14 10.753054 13 14 10.762313 10000
    371 13 14 10.763044 13 14 10.772280 10000
    372 13 14 10.773047 13 14 10.782230 10000
    373 13 14 10.783044 13 14 10.792239 10000
    374 13 14 10.793044 13 14 10.802243 10000
    375 13 14 10.803043 13 14 10.813537 10000
    376 13 14 10.813031 13 14 10.822221 10000
    377 13 14 10.823045 13 14 10.832347 10000
    378 13 14 10.833066 13 14 10.842394 10000
    379 13 14 10.843066 13 14 10.852375 10000
    380 13 14 10.853049 13 14 10.862320 10000
    381 13 14 10.863046 13 14 10.872232 10000
    382 13 14 10.873044 13 14 10.882272 10000
    383 13 14 10.883069 13 14 10.892319 10000
    384 13 14 10.893046 13 14 10.902248 10000
    385 13 14 10.903045 13 14 10.912228 10000
    386 13 14 10.913043 13 14 10.923228 10000
    387 13 14 10.923056 13 14 10.933225 10000
    388 13 14 10.933047 13 14 10.942261 10000
    389 13 14 10.943042 13 14 10.952223 10000
    390 13 14 10.953044 13 14 10.963900 10000
    391 13 14 10.963114 13 14 10.972312 10000
    392 13 14 10.973051 13 14 10.982238 10000
    393 13 14 10.983045 13 14 10.993197 10000
    394 13 14 10.993026 13 14 11.002283 10000
    395 13 14 11.003043 13 14 11.012187 10000
    396 13 14 11.013080 13 14 11.022353 10000
    397 13 14 11.023044 13 14 11.032227 10000
    398 13 14 11.033042 13 14 11.042279 10000
    399 13 14 11.043044 13 14 11.052237 10000
    400 13 14 11.053046 13 14 11.069053 10000
    401 13 14 11.063033 13 14 11.076577 10000
    402 13 14 11.073036 13 14 11.084977 10000
    403 13 14 11.083050 13 14 11.093429 10000
    404 13 14 11.093061 13 14 11.102360 10000
    405 13 14 11.103063 13 14 11.112396 10000
    406 13 14 11.113070 13 14 11.122322 10000
    407 13 14 11.123051 13 14 11.132211 10000
    408 13 14 11.133044 13 14 11.142283 10000
    409 13 14 11.143045 13 14 11.152233 10000
    410 13 14 11.153043 13 14 11.162262 10000
    411 13 14 11.163057 13 14 11.172261 10000
    412 13 14 11.173047 13 14 11.182240 10000
    413 13 14 11.183049 13 14 11.192246 10000
    414 13 14 11.193058 13 14 11.202334 10000
    415 13 14 11.203044 13 14 11.212303 10000
    416 13 14 11.213044 13 14 11.222227 10000
    417 13 14 11.223043 13 14 11.233290 10000
    418 13 14 11.233050 13 14 11.242250 10000
    419 13 14 11.243045 13 14 11.252261 10000
    420 13 14 11.253066 13 14 11.262273 10000
    421 13 14 11.263042 13 14 11.272225 10000
    422 13 14 11.273044 13 14 11.283364 10000
    423 13 14 11.283070 13 14 11.292272 10000
    424 13 14 11.293044 13 14 11.302314 10000
    425 13 14 11.303079 13 14 11.312366 10000
    426 13 14 11.313088 13 14 11.322271 10000
    427 13 14 11.323045 13 14 11.332240 10000
    428 13 14 11.333064 13 14 11.343351 10000
    429 13 14 11.343075 13 14 11.352304 10000
    430 13 14 11.353059 13 14 11.362251 10000
    431 13 14 11.363042 13 14 11.372339 10000
    432 13 14 11.373139 13 14 11.382412 10000
    433 13 14 11.383089 13 14 11.392367 10000
    434 13 14 11.393088 13 14 11.402386 10000
    435 13 14 11.403119 13 14 11.412413 10000
    436 13 14 11.413066 13 14 11.423339 10000
    437 13 14 11.423061 13 14 11.432306 10000
    438 13 14 11.433051 13 14 11.442273 10000
    439 13 14 11.443046 13 14 11.452320 10000
    440 13 14 11.453044 13 14 11.462256 10000
    441 13 14 11.463044 13 14 11.472331 10000
    442 13 14 11.473045 13 14 11.482258 10000
    443 13 14 11.483043 13 14 11.492245 10000
    444 13 14 11.493133 13 14 11.503496 10000
    445 13 14 11.503000 13 14 11.512206 10000
    446 13 14 11.513052 13 14 11.522323 10000
    447 13 14 11.523092 13 14 11.532358 10000
    448 13 14 11.533041 13 14 11.542310 10000
    449 13 14 11.543037 13 14 11.552277 10000
    450 13 14 11.553048 13 14 11.568391 10000
    451 13 14 11.563034 13 14 11.576831 10000
    452 13 14 11.573045 13 14 11.585456 10000
    453 13 14 11.583306 13 14 11.593597 10000
    454 13 14 11.593047 13 14 11.602278 10000
    455 13 14 11.602987 13 14 11.612296 10000
    456 13 14 11.613044 13 14 11.622225 10000
    457 13 14 11.623044 13 14 11.632291 10000
    458 13 14 11.633043 13 14 11.642224 10000
    459 13 14 11.643043 13 14 11.652234 10000
    460 13 14 11.653048 13 14 11.662252 10000
    461 13 14 11.663031 13 14 11.672219 10000
    462 13 14 11.673073 13 14 11.682245 10000
    463 13 14 11.683030 13 14 11.692208 10000
    464 13 14 11.693030 13 14 11.702222 10000
    465 13 14 11.703053 13 14 11.712230 10000
    466 13 14 11.713044 13 14 11.722308 10000
    467 13 14 11.723046 13 14 11.732310 10000
    468 13 14 11.733045 13 14 11.742281 10000
    469 13 14 11.743031 13 14 11.752181 10000
    470 13 14 11.753045 13 14 11.762238 10000
    471 13 14 11.763042 13 14 11.772235 10000
    472 13 14 11.773044 13 14 11.782358 10000
    473 13 14 11.783068 13 14 11.792377 10000
    474 13 14 11.793046 13 14 11.802229 10000
    475 13 14 11.803045 13 14 11.812253 10000
    476 13 14 11.813045 13 14 11.822226 10000
    477 13 14 11.823043 13 14 11.832257 10000
    478 13 14 11.833043 13 14 11.842226 10000
    479 13 14 11.843044 13 14 11.853203 10000
    480 13 14 11.853025 13 14 11.863244 10000
    481 13 14 11.863056 13 14 11.873393 10000
    482 13 14 11.873051 13 14 11.882244 10000
    483 13 14 11.883043 13 14 11.892488 10000
    484 13 14 11.893069 13 14 11.902326 10000
    485 13 14 11.903071 13 14 11.912421 10000
    486 13 14 11.913057 13 14 11.922252 10000
    487 13 14 11.923045 13 14 11.932230 10000
    488 13 14 11.933046 13 14 11.942256 10000
    489 13 14 11.943047 13 14 11.952353 10000
    490 13 14 11.953018 13 14 11.962218 10000
    491 13 14 11.963039 13 14 11.972255 10000
    492 13 14 11.973046 13 14 11.982238 10000
    493 13 14 11.983045 13 14 11.992245 10000
    494 13 14 11.993045 13 14 12.002250 10000
    495 13 14 12.003042 13 14 12.012233 10000
    496 13 14 12.013045 13 14 12.022237 10000
    497 13 14 12.023044 13 14 12.032242 10000
    498 13 14 12.033044 13 14 12.042267 10000
    499 13 14 12.043029 13 14 12.052174 10000
    500 13 14 12.053083 13 14 12.069969 10000
    501 13 14 12.063048 13 14 12.076850 10000
    502 13 14 12.073041 13 14 12.085402 10000
    503 13 14 12.083080 13 14 12.093683 10000
    504 13 14 12.093047 13 14 12.102240 10000
    505 13 14 12.103046 13 14 12.112261 10000
    506 13 14 12.113044 13 14 12.122277 10000
    507 13 14 12.123065 13 14 12.132274 10000
    508 13 14 12.133048 13 14 12.142227 10000
    509 13 14 12.143084 13 14 12.152281 10000
    510 13 14 12.153119 13 14 12.162496 10000
    511 13 14 12.163045 13 14 12.172271 10000
    512 13 14 12.173035 13 14 12.182240 10000
    513 13 14 12.183033 13 14 12.192296 10000
    514 13 14 12.193056 13 14 12.202363 10000
    515 13 14 12.203053 13 14 12.212296 10000
    516 13 14 12.213044 13 14 12.222267 10000
    517 13 14 12.223153 13 14 12.233453 10000
    518 13 14 12.233038 13 14 12.242191 10000
    519 13 14 12.243043 13 14 12.252252 10000
    520 13 14 12.253073 13 14 12.262290 10000
    521 13 14 12.263044 13 14 12.272225 10000
    522 13 14 12.273044 13 14 12.283317 10000
    523 13 14 12.283044 13 14 12.292242 10000
    524 13 14 12.293048 13 14 12.303236 10000
    525 13 14 12.303081 13 14 12.312281 10000
    526 13 14 12.313045 13 14 12.322229 10000
    527 13 14 12.323043 13 14 12.332252 10000
    528 13 14 12.333055 13 14 12.342254 10000
    529 13 14 12.343042 13 14 12.352237 10000
    530 13 14 12.353058 13 14 12.362272 10000
    531 13 14 12.363042 13 14 12.372227 10000
    532 13 14 12.373058 13 14 12.382265 10000
    533 13 14 12.383077 13 14 12.392350 10000
    534 13 14 12.393048 13 14 12.402314 10000
    535 13 14 12.403067 13 14 12.412380 10000
    536 13 14 12.413130 13 14 12.422380 10000
    537 13 14 12.423047 13 14 12.432266 10000
    538 13 14 12.433044 13 14 12.442244 10000
    539 13 14 12.443046 13 14 12.452256 10000
    540 13 14 12.453044 13 14 12.462358 10000
    541 13 14 12.463044 13 14 12.472227 10000
    542 13 14 12.473043 13 14 12.482250 10000
    543 13 14 12.483045 13 14 12.492266 10000
    544 13 14 12.492976 13 14 12.502254 10000
    545 13 14 12.503052 13 14 12.512387 10000
    546 13 14 12.513045 13 14 12.522230 10000
    547 13 14 12.523042 13 14 12.532285 10000
    548 13 14 12.533044 13 14 12.542225 10000
    549 13 14 12.543043 13 14 12.552293 10000
    550 13 14 12.553045 13 14 12.569568 10000
    551 13 14 12.563043 13 14 12.579668 10000
    552 13 14 12.573430 13 14 12.588169 10000
    553 13 14 12.583033 13 14 12.597220 10000
    554 13 14 12.593754 13 14 12.605613 10000
    555 13 14 12.603033 13 14 12.614407 10000
    556 13 14 12.613485 13 14 12.622688 10000
    557 13 14 12.623048 13 14 12.632239 10000
    558 13 14 12.633043 13 14 12.642224 10000
    559 13 14 12.643043 13 14 12.652279 10000
    560 13 14 12.653043 13 14 12.662240 10000
    561 13 14 12.663043 13 14 12.672257 10000
    562 13 14 12.673044 13 14 12.682228 10000
    563 13 14 12.683042 13 14 12.692266 10000
    564 13 14 12.693044 13 14 12.702232 10000
    565 13 14 12.703042 13 14 12.712246 10000
    566 13 14 12.713041 13 14 12.722248 10000
    567 13 14 12.723043 13 14 12.732233 10000
    568 13 14 12.733029 13 14 12.742305 10000
    569 13 14 12.743045 13 14 12.753510 10000
    570 13 14 12.753016 13 14 12.762218 10000
    571 13 14 12.763028 13 14 12.772285 10000
    572 13 14 12.773044 13 14 12.782234 10000
    573 13 14 12.783048 13 14 12.792344 10000
    574 13 14 12.793046 13 14 12.802291 10000
    575 13 14 12.803041 13 14 12.812269 10000
    576 13 14 12.813043 13 14 12.822307 10000
    577 13 14 12.823069 13 14 12.832314 10000
    578 13 14 12.833049 13 14 12.842304 10000
    579 13 14 12.843070 13 14 12.852454 10000
    580 13 14 12.853056 13 14 12.862266 10000
    581 13 14 12.863046 13 14 12.872272 10000
    582 13 14 12.873044 13 14 12.882265 10000
    583 13 14 12.883067 13 14 12.892319 10000
    584 13 14 12.893052 13 14 12.902274 10000
    585 13 14 12.903045 13 14 12.912233 10000
    586 13 14 12.913043 13 14 12.922266 10000
    587 13 14 12.923044 13 14 12.932226 10000
    588 13 14 12.933042 13 14 12.942268 10000
    589 13 14 12.943044 13 14 12.952225 10000
    590 13 14 12.953042 13 14 12.962251 10000
    591 13 14 12.963041 13 14 12.972308 10000
    592 13 14 12.973058 13 14 12.982253 10000
    593 13 14 12.983048 13 14 12.992245 10000
    594 13 14 12.993043 13 14 13.002273 10000
    595 13 14 13.003045 13 14 13.012335 10000
    596 13 14 13.013044 13 14 13.022230 10000
    597 13 14 13.023042 13 14 13.033308 10000
    598 13 14 13.033049 13 14 13.042213 10000
    599 13 14 13.043063 13 14 13.053307 10000
    600 13 14 13.053041 13 14 13.068225 10000
    601 13 14 13.063045 13 14 13.076580 10000
    602 13 14 13.073043 13 14 13.084986 10000
    603 13 14 13.083047 13 14 13.095708 10000
    604 13 14 13.093049 13 14 13.103730 10000
    605 13 14 13.103044 13 14 13.112327 10000
    606 13 14 13.113046 13 14 13.122242 10000
    607 13 14 13.123048 13 14 13.133207 10000
    608 13 14 13.133057 13 14 13.142248 10000
    609 13 14 13.143064 13 14 13.152243 10000
    610 13 14 13.153029 13 14 13.162231 10000
    611 13 14 13.163078 13 14 13.172254 10000
    612 13 14 13.173042 13 14 13.182228 10000
    613 13 14 13.183044 13 14 13.192246 10000
    614 13 14 13.193044 13 14 13.202232 10000
    615 13 14 13.203042 13 14 13.212239 10000
    616 13 14 13.213055 13 14 13.222253 10000
    617 13 14 13.223043 13 14 13.232203 10000
    618 13 14 13.233034 13 14 13.242240 10000
    619 13 14 13.243043 13 14 13.252288 10000
    620 13 14 13.253030 13 14 13.262185 10000
    621 13 14 13.263078 13 14 13.273255 10000
    622 13 14 13.273042 13 14 13.282258 10000
    623 13 14 13.283044 13 14 13.292244 10000
    624 13 14 13.293044 13 14 13.302281 10000
    625 13 14 13.303046 13 14 13.312241 10000
    626 13 14 13.313050 13 14 13.322240 10000
    627 13 14 13.323043 13 14 13.332231 10000
    628 13 14 13.333045 13 14 13.342273 10000
    629 13 14 13.343045 13 14 13.352221 10000
    630 13 14 13.353047 13 14 13.362294 10000
    631 13 14 13.363042 13 14 13.372291 10000
    632 13 14 13.373044 13 14 13.382244 10000
    633 13 14 13.383046 13 14 13.392326 10000
    634 13 14 13.393046 13 14 13.402281 10000
    635 13 14 13.403045 13 14 13.412319 10000
    636 13 14 13.413050 13 14 13.422221 10000
    637 13 14 13.423042 13 14 13.432299 10000
    638 13 14 13.433044 13 14 13.442259 10000
    639 13 14 13.443044 13 14 13.452234 10000
    640 13 14 13.453044 13 14 13.462265 10000
    641 13 14 13.463044 13 14 13.472239 10000
    642 13 14 13.473043 13 14 13.482236 10000
    643 13 14 13.483045 13 14 13.492255 10000
    644 13 14 13.493043 13 14 13.502252 10000
    645 13 14 13.503028 13 14 13.512166 10000
    646 13 14 13.513016 13 14 13.522263 10000
    647 13 14 13.523032 13 14 13.532265 10000
    648 13 14 13.533039 13 14 13.542197 10000
    649 13 14 13.543037 13 14 13.553463 10000
    650 13 14 13.553029 13 14 13.568213 10000
    651 13 14 13.563024 13 14 13.576529 10000
    652 13 14 13.573064 13 14 13.584953 10000
    653 13 14 13.583000 13 14 13.593358 10000
    654 13 14 13.593059 13 14 13.602214 10000
    655 13 14 13.603030 13 14 13.612206 10000
    656 13 14 13.613029 13 14 13.622277 10000
    657 13 14 13.623044 13 14 13.632236 10000
    658 13 14 13.633032 13 14 13.642177 10000
    659 13 14 13.643072 13 14 13.652295 10000
    660 13 14 13.653033 13 14 13.662266 10000
    661 13 14 13.663036 13 14 13.672271 10000
    662 13 14 13.673033 13 14 13.682181 10000
    663 13 14 13.683021 13 14 13.692244 10000
    664 13 14 13.693035 13 14 13.702289 10000
    665 13 14 13.703034 13 14 13.712206 10000
    666 13 14 13.713043 13 14 13.722319 10000
    667 13 14 13.723031 13 14 13.732210 10000
    668 13 14 13.733117 13 14 13.742371 10000
    669 13 14 13.743045 13 14 13.752235 10000
    670 13 14 13.754777 13 14 13.764011 10000
    671 13 14 13.763047 13 14 13.772415 10000
    672 13 14 13.773047 13 14 13.782260 10000
    673 13 14 13.783046 13 14 13.792249 10000
    674 13 14 13.793046 13 14 13.802243 10000
    675 13 14 13.803043 13 14 13.812288 10000
    676 13 14 13.813045 13 14 13.822226 10000
    677 13 14 13.823043 13 14 13.832231 10000
    678 13 14 13.833043 13 14 13.842235 10000
    679 13 14 13.843044 13 14 13.852266 10000
    680 13 14 13.853044 13 14 13.862308 10000
    681 13 14 13.863046 13 14 13.872232 10000
    682 13 14 13.873042 13 14 13.882289 10000
    683 13 14 13.883070 13 14 13.892440 10000
    684 13 14 13.893067 13 14 13.903105 10000
    685 13 14 13.903045 13 14 13.912297 10000
    686 13 14 13.913047 13 14 13.922242 10000
    687 13 14 13.923045 13 14 13.932296 10000
    688 13 14 13.933044 13 14 13.942228 10000
    689 13 14 13.943042 13 14 13.953264 10000
    690 13 14 13.953065 13 14 13.962344 10000
    691 13 14 13.963046 13 14 13.972229 10000
    692 13 14 13.973045 13 14 13.983295 10000
    693 13 14 13.983045 13 14 13.992241 10000
    694 13 14 13.993043 13 14 14.002280 10000
    695 13 14 14.003049 13 14 14.012190 10000
    696 13 14 14.013073 13 14 14.022249 10000
    697 13 14 14.023054 13 14 14.032234 10000
    698 13 14 14.033042 13 14 14.042312 10000
    699 13 14 14.043075 13 14 14.052293 10000
    700 13 14 14.053063 13 14 14.069330 10000
    701 13 14 14.063053 13 14 14.076791 10000
    702 13 14 14.073060 13 14 14.085010 10000
    703 13 14 14.083102 13 14 14.093515 10000
    704 13 14 14.093028 13 14 14.102363 10000
    705 13 14 14.103056 13 14 14.112396 10000
    706 13 14 14.113080 13 14 14.122375 10000
    707 13 14 14.123079 13 14 14.132362 10000
    708 13 14 14.133070 13 14 14.142319 10000
    709 13 14 14.143048 13 14 14.152264 10000
    710 13 14 14.153150 13 14 14.162387 10000
    711 13 14 14.163088 13 14 14.172325 10000
    712 13 14 14.173054 13 14 14.182389 10000
    713 13 14 14.183078 13 14 14.192491 10000
    714 13 14 14.193065 13 14 14.202349 10000
    715 13 14 14.203053 13 14 14.212367 10000
    716 13 14 14.213069 13 14 14.222341 10000
    717 13 14 14.223065 13 14 14.232276 10000
    718 13 14 14.233055 13 14 14.242243 10000
    719 13 14 14.243050 13 14 14.252262 10000
    720 13 14 14.253043 13 14 14.262233 10000
    721 13 14 14.263042 13 14 14.273341 10000
    722 13 14 14.273047 13 14 14.282234 10000
    723 13 14 14.283061 13 14 14.292280 10000
    724 13 14 14.293048 13 14 14.302272 10000
    725 13 14 14.303045 13 14 14.312879 10000
    726 13 14 14.313053 13 14 14.322290 10000
    727 13 14 14.323047 13 14 14.332292 10000
    728 13 14 14.333071 13 14 14.342297 10000
    729 13 14 14.343139 13 14 14.353471 10000
    730 13 14 14.353049 13 14 14.362258 10000
    731 13 14 14.363044 13 14 14.372244 10000
    732 13 14 14.373046 13 14 14.383350 10000
    733 13 14 14.383046 13 14 14.392248 10000
    734 13 14 14.393055 13 14 14.402283 10000
    735 13 14 14.403050 13 14 14.412376 10000
    736 13 14 14.413069 13 14 14.422615 10000
    737 13 14 14.423049 13 14 14.432323 10000
    738 13 14 14.433128 13 14 14.442420 10000
    739 13 14 14.443072 13 14 14.452379 10000
    740 13 14 14.453079 13 14 14.462370 10000
    741 13 14 14.463048 13 14 14.472243 10000
    742 13 14 14.473050 13 14 14.482293 10000
    743 13 14 14.483038 13 14 14.492248 10000
    744 13 14 14.493057 13 14 14.502414 10000
    745 13 14 14.503140 13 14 14.512505 10000
    746 13 14 14.513109 13 14 14.522522 10000
    747 13 14 14.523218 13 14 14.532488 10000
    748 13 14 14.533060 13 14 14.542305 10000
    749 13 14 14.543068 13 14 14.552372 10000
    750 13 14 14.553046 13 14 14.568206 10000
    751 13 14 14.563053 13 14 14.576603 10000
    752 13 14 14.573048 13 14 14.585053 10000
    753 13 14 14.583081 13 14 14.593477 10000
    754 13 14 14.593082 13 14 14.602358 10000
    755 13 14 14.603075 13 14 14.612353 10000
    756 13 14 14.613049 13 14 14.622242 10000
    757 13 14 14.623042 13 14 14.632255 10000
    758 13 14 14.633043 13 14 14.642262 10000
    759 13 14 14.643048 13 14 14.652241 10000
    760 13 14 14.653116 13 14 14.662331 10000
    761 13 14 14.663045 13 14 14.672263 10000
    762 13 14 14.673044 13 14 14.682263 10000
    763 13 14 14.683044 13 14 14.692232 10000
    764 13 14 14.693046 13 14 14.702249 10000
    765 13 14 14.703042 13 14 14.712284 10000
    766 13 14 14.713032 13 14 14.722250 10000
    767 13 14 14.723034 13 14 14.732258 10000
    768 13 14 14.733031 13 14 14.742235 10000
    769 13 14 14.743035 13 14 14.752247 10000
    770 13 14 14.753033 13 14 14.762283 10000
    771 13 14 14.763035 13 14 14.772252 10000
    772 13 14 14.773046 13 14 14.782282 10000
    773 13 14 14.783049 13 14 14.792249 10000
    774 13 14 14.793046 13 14 14.802367 10000
    775 13 14 14.803046 13 14 14.812243 10000
    776 13 14 14.813048 13 14 14.823250 10000
    777 13 14 14.823067 13 14 14.832435 10000
    778 13 14 14.833055 13 14 14.842276 10000
    779 13 14 14.843056 13 14 14.852277 10000
    780 13 14 14.853056 13 14 14.862282 10000
    781 13 14 14.863053 13 14 14.872275 10000
    782 13 14 14.873053 13 14 14.882307 10000
    783 13 14 14.883069 13 14 14.892341 10000
    784 13 14 14.892977 13 14 14.902226 10000
    785 13 14 14.903088 13 14 14.912333 10000
    786 13 14 14.913055 13 14 14.922283 10000
    787 13 14 14.923054 13 14 14.932275 10000
    788 13 14 14.933054 13 14 14.942259 10000
    789 13 14 14.943044 13 14 14.952223 10000
    790 13 14 14.953042 13 14 14.962260 10000
    791 13 14 14.963044 13 14 14.972241 10000
    792 13 14 14.973048 13 14 14.983363 10000
    793 13 14 14.983067 13 14 14.992338 10000
    794 13 14 14.993045 13 14 15.002231 10000
    795 13 14 15.003045 13 14 15.012247 10000
    796 13 14 15.013063 13 14 15.022313 10000
    797 13 14 15.023054 13 14 15.032242 10000
    798 13 14 15.033044 13 14 15.043286 10000
    799 13 14 15.043041 13 14 15.052237 10000
    800 13 14 15.053046 13 14 15.069210 10000
    801 13 14 15.063052 13 14 15.076577 10000
    802 13 14 15.073095 13 14 15.084977 10000
    803 13 14 15.083052 13 14 15.093396 10000
    804 13 14 15.093049 13 14 15.102251 10000
    805 13 14 15.103044 13 14 15.112242 10000
    806 13 14 15.113068 13 14 15.123616 10000
    807 13 14 15.123058 13 14 15.132315 10000
    808 13 14 15.133079 13 14 15.142343 10000
    809 13 14 15.143076 13 14 15.152399 10000
    810 13 14 15.153062 13 14 15.162281 10000
    811 13 14 15.163045 13 14 15.172242 10000
    812 13 14 15.173052 13 14 15.182309 10000
    813 13 14 15.183070 13 14 15.192282 10000
    814 13 14 15.193047 13 14 15.202256 10000
    815 13 14 15.203125 13 14 15.212422 10000
    816 13 14 15.213063 13 14 15.222257 10000
    817 13 14 15.223043 13 14 15.232253 10000
    818 13 14 15.233102 13 14 15.243233 10000
    819 13 14 15.243052 13 14 15.252354 10000
    820 13 14 15.253050 13 14 15.262245 10000
    821 13 14 15.263049 13 14 15.272252 10000
    822 13 14 15.273054 13 14 15.282303 10000
    823 13 14 15.283053 13 14 15.292244 10000
    824 13 14 15.293049 13 14 15.302308 10000
    825 13 14 15.303046 13 14 15.312276 10000
    826 13 14 15.313048 13 14 15.322250 10000
    827 13 14 15.323045 13 14 15.332269 10000
    828 13 14 15.333045 13 14 15.342237 10000
    829 13 14 15.343047 13 14 15.352323 10000
    830 13 14 15.353049 13 14 15.362287 10000
    831 13 14 15.363046 13 14 15.372294 10000
    832 13 14 15.373058 13 14 15.382289 10000
    833 13 14 15.383060 13 14 15.392319 10000
    834 13 14 15.393079 13 14 15.402383 10000
    835 13 14 15.403200 13 14 15.412464 10000
    836 13 14 15.413062 13 14 15.422321 10000
    837 13 14 15.423047 13 14 15.432240 10000
    838 13 14 15.433045 13 14 15.442253 10000
    839 13 14 15.443044 13 14 15.452232 10000
    840 13 14 15.453044 13 14 15.462243 10000
    841 13 14 15.463044 13 14 15.472251 10000
    842 13 14 15.473043 13 14 15.482234 10000
    843 13 14 15.483043 13 14 15.492257 10000
    844 13 14 15.493050 13 14 15.502340 10000
    845 13 14 15.503045 13 14 15.512230 10000
    846 13 14 15.513044 13 14 15.522918 10000
    847 13 14 15.523049 13 14 15.532275 10000
    848 13 14 15.533046 13 14 15.542244 10000
    849 13 14 15.543046 13 14 15.552279 10000
    850 13 14 15.553053 13 14 15.568248 10000
    851 13 14 15.563076 13 14 15.576727 10000
    852 13 14 15.573073 13 14 15.585020 10000
    853 13 14 15.583062 13 14 15.593424 10000
    854 13 14 15.593061 13 14 15.602344 10000
    855 13 14 15.603075 13 14 15.612299 10000
    856 13 14 15.613068 13 14 15.622280 10000
    857 13 14 15.623046 13 14 15.632244 10000
    858 13 14 15.633048 13 14 15.642298 10000
    859 13 14 15.643070 13 14 15.652286 10000
    860 13 14 15.653045 13 14 15.662235 10000
    861 13 14 15.663043 13 14 15.672269 10000
    862 13 14 15.673047 13 14 15.682235 10000
    863 13 14 15.683049 13 14 15.692278 10000
    864 13 14 15.693239 13 14 15.703620 10000
    865 13 14 15.703098 13 14 15.712298 10000
    866 13 14 15.713051 13 14 15.722253 10000
    867 13 14 15.723043 13 14 15.732234 10000
    868 13 14 15.733043 13 14 15.742224 10000
    869 13 14 15.743043 13 14 15.753195 10000
    870 13 14 15.753038 13 14 15.762209 10000
    871 13 14 15.763075 13 14 15.772299 10000
    872 13 14 15.773047 13 14 15.782234 10000
    873 13 14 15.783056 13 14 15.792294 10000
    874 13 14 15.793048 13 14 15.802402 10000
    875 13 14 15.803046 13 14 15.812234 10000
    876 13 14 15.813057 13 14 15.822281 10000
    877 13 14 15.823045 13 14 15.832228 10000
    878 13 14 15.833049 13 14 15.842268 10000
    879 13 14 15.843052 13 14 15.852239 10000
    880 13 14 15.853045 13 14 15.862263 10000
    881 13 14 15.863044 13 14 15.872244 10000
    882 13 14 15.873044 13 14 15.882260 10000
    883 13 14 15.883046 13 14 15.892236 10000
    884 13 14 15.893043 13 14 15.902246 10000
    885 13 14 15.903045 13 14 15.912248 10000
    886 13 14 15.913043 13 14 15.922295 10000
    887 13 14 15.923052 13 14 15.932372 10000
    888 13 14 15.933047 13 14 15.942287 10000
    889 13 14 15.943049 13 14 15.952369 10000
    890 13 14 15.953108 13 14 15.962448 10000
    891 13 14 15.963044 13 14 15.972236 10000
    892 13 14 15.973043 13 14 15.982279 10000
    893 13 14 15.983064 13 14 15.992247 10000
    894 13 14 15.993045 13 14 16.002257 10000
    895 13 14 16.003046 13 14 16.012212 10000
    896 13 14 16.013062 13 14 16.023306 10000
    897 13 14 16.023050 13 14 16.032236 10000
    898 13 14 16.033098 13 14 16.043368 10000
    899 13 14 16.043060 13 14 16.052240 10000
    900 13 14 16.053046 13 14 16.069261 10000
    901 13 14 16.063068 13 14 16.076592 10000
    902 13 14 16.073112 13 14 16.085118 10000
    903 13 14 16.083048 13 14 16.093408 10000
    904 13 14 16.093011 13 14 16.102208 10000
    905 13 14 16.103044 13 14 16.112249 10000
    906 13 14 16.113043 13 14 16.122253 10000
    907 13 14 16.123045 13 14 16.132232 10000
    908 13 14 16.133032 13 14 16.143291 10000
    909 13 14 16.143042 13 14 16.154848 10000
    910 13 14 16.153065 13 14 16.163284 10000
    911 13 14 16.163100 13 14 16.172408 10000
    912 13 14 16.173052 13 14 16.182244 10000
    913 13 14 16.183043 13 14 16.192247 10000
    914 13 14 16.193044 13 14 16.202300 10000
    915 13 14 16.203109 13 14 16.212319 10000
    916 13 14 16.213046 13 14 16.222242 10000
    917 13 14 16.223030 13 14 16.232217 10000
    918 13 14 16.233105 13 14 16.242264 10000
    919 13 14 16.243037 13 14 16.252248 10000
    920 13 14 16.253094 13 14 16.262266 10000
    921 13 14 16.263055 13 14 16.272248 10000
    922 13 14 16.273035 13 14 16.282247 10000
    923 13 14 16.283121 13 14 16.292391 10000
    924 13 14 16.293047 13 14 16.302250 10000
    925 13 14 16.303048 13 14 16.312280 10000
    926 13 14 16.313045 13 14 16.322230 10000
    927 13 14 16.323043 13 14 16.332329 10000
    928 13 14 16.333072 13 14 16.342399 10000
    929 13 14 16.343074 13 14 16.352389 10000
    930 13 14 16.353072 13 14 16.362334 10000
    931 13 14 16.363046 13 14 16.372329 10000
    932 13 14 16.373045 13 14 16.382235 10000
    933 13 14 16.383050 13 14 16.392264 10000
    934 13 14 16.393048 13 14 16.402335 10000
    935 13 14 16.403045 13 14 16.412240 10000
    936 13 14 16.413045 13 14 16.422298 10000
    937 13 14 16.423045 13 14 16.432248 10000
    938 13 14 16.433046 13 14 16.442258 10000
    939 13 14 16.443052 13 14 16.452259 10000
    940 13 14 16.453044 13 14 16.462233 10000
    941 13 14 16.463042 13 14 16.472256 10000
    942 13 14 16.473044 13 14 16.482230 10000
    943 13 14 16.483045 13 14 16.492245 10000
    944 13 14 16.493044 13 14 16.502244 10000
    945 13 14 16.503043 13 14 16.512232 10000
    946 13 14 16.513042 13 14 16.522256 10000
    947 13 14 16.523043 13 14 16.532260 10000
    948 13 14 16.533044 13 14 16.542242 10000
    949 13 14 16.543043 13 14 16.552233 10000
    950 13 14 16.553043 13 14 16.568214 10000
    951 13 14 16.563045 13 14 16.576595 10000
    952 13 14 16.573059 13 14 16.584953 10000
    953 13 14 16.583051 13 14 16.593448 10000
    954 13 14 16.593050 13 14 16.602221 10000
    955 13 14 16.603045 13 14 16.612297 10000
    956 13 14 16.613030 13 14 16.622205 10000
    957 13 14 16.623052 13 14 16.632314 10000
    958 13 14 16.633032 13 14 16.642186 10000
    959 13 14 16.643079 13 14 16.652347 10000
    960 13 14 16.653031 13 14 16.664258 10000
    961 13 14 16.663056 13 14 16.672257 10000
    962 13 14 16.673031 13 14 16.682164 10000
    963 13 14 16.683046 13 14 16.692382 10000
    964 13 14 16.693030 13 14 16.702175 10000
    965 13 14 16.703071 13 14 16.712288 10000
    966 13 14 16.713029 13 14 16.722198 10000
    967 13 14 16.723053 13 14 16.732323 10000
    968 13 14 16.733045 13 14 16.742225 10000
    969 13 14 16.743044 13 14 16.752257 10000
    970 13 14 16.753043 13 14 16.762232 10000
    971 13 14 16.763042 13 14 16.773331 10000
    972 13 14 16.773047 13 14 16.782233 10000
    973 13 14 16.783045 13 14 16.792287 10000
    974 13 14 16.793046 13 14 16.802378 10000
    975 13 14 16.803046 13 14 16.812241 10000
    976 13 14 16.813041 13 14 16.822247 10000
    977 13 14 16.823043 13 14 16.833261 10000
    978 13 14 16.833051 13 14 16.842348 10000
    979 13 14 16.843046 13 14 16.852252 10000
    980 13 14 16.853048 13 14 16.862351 10000
    981 13 14 16.863073 13 14 16.872317 10000
    982 13 14 16.873049 13 14 16.882239 10000
    983 13 14 16.883047 13 14 16.893256 10000
    984 13 14 16.893052 13 14 16.902274 10000
    985 13 14 16.903045 13 14 16.912272 10000
    986 13 14 16.913069 13 14 16.922353 10000
    987 13 14 16.923073 13 14 16.932289 10000
    988 13 14 16.933053 13 14 16.942292 10000
    989 13 14 16.943055 13 14 16.952245 10000
    990 13 14 16.953129 13 14 16.962402 10000
    991 13 14 16.963049 13 14 16.972248 10000
    992 13 14 16.973058 13 14 16.982292 10000
    993 13 14 16.983046 13 14 16.992267 10000
    994 13 14 16.993045 13 14 17.002230 10000
    995 13 14 17.003061 13 14 17.012274 10000
    996 13 14 17.013058 13 14 17.022328 10000
    997 13 14 17.023049 13 14 17.032239 10000
    998 13 14 17.033059 13 14 17.043330 10000
    999 13 14 17.043055 13 14 17.052258 10000
   1000 13 14 17.053074 13 14 17.068260 10000
