      1 13 5 48.855187 13 5 48.855187 10000
      2 13 5 48.865305 13 5 48.865305 10000
      3 13 5 48.875283 13 5 48.875283 10000
      4 13 5 48.885275 13 5 48.885275 10000
      5 13 5 48.895283 13 5 48.895283 10000
      6 13 5 48.905287 13 5 48.905287 10000
      7 13 5 48.915297 13 5 48.915297 10000
      8 13 5 48.925286 13 5 48.925286 10000
      9 13 5 48.935313 13 5 48.935313 10000
     10 13 5 48.945625 13 5 48.945625 10000
     11 13 5 48.955292 13 5 48.955292 10000
     12 13 5 48.965679 13 5 48.965679 10000
     13 13 5 48.975352 13 5 48.975352 10000
     14 13 5 48.985365 13 5 48.985365 10000
     15 13 5 48.995347 13 5 48.995347 10000
     16 13 5 49.005356 13 5 49.005356 10000
     17 13 5 49.015655 13 5 49.015655 10000
     18 13 5 49.025314 13 5 49.025314 10000
     19 13 5 49.035302 13 5 49.035302 10000
     20 13 5 49.045361 13 5 49.045361 10000
     21 13 5 49.055307 13 5 49.055307 10000
     22 13 5 49.065353 13 5 49.065353 10000
     23 13 5 49.075319 13 5 49.075319 10000
     24 13 5 49.085748 13 5 49.085748 10000
     25 13 5 49.095292 13 5 49.095292 10000
     26 13 5 49.105277 13 5 49.105277 10000
     27 13 5 49.115285 13 5 49.115285 10000
     28 13 5 49.125293 13 5 49.125293 10000
     29 13 5 49.135292 13 5 49.135292 10000
     30 13 5 49.145318 13 5 49.145318 10000
     31 13 5 49.155296 13 5 49.155296 10000
     32 13 5 49.165405 13 5 49.165405 10000
     33 13 5 49.175283 13 5 49.175283 10000
     34 13 5 49.185358 13 5 49.185358 10000
     35 13 5 49.195363 13 5 49.195363 10000
     36 13 5 49.205350 13 5 49.205350 10000
     37 13 5 49.215319 13 5 49.215319 10000
     38 13 5 49.225363 13 5 49.225363 10000
     39 13 5 49.235407 13 5 49.235407 10000
     40 13 5 49.245365 13 5 49.245365 10000
     41 13 5 49.255887 13 5 49.255887 10000
     42 13 5 49.265321 13 5 49.265321 10000
     43 13 5 49.275885 13 5 49.275885 10000
     44 13 5 49.285305 13 5 49.285305 10000
     45 13 5 49.295304 13 5 49.295304 10000
     46 13 5 49.305289 13 5 49.305289 10000
     47 13 5 49.315278 13 5 49.315278 10000
     48 13 5 49.325297 13 5 49.325297 10000
     49 13 5 49.335284 13 5 49.335284 10000
     50 13 5 49.345306 13 5 49.345306 10000
     51 13 5 49.355302 13 5 49.355302 10000
     52 13 5 49.365397 13 5 49.365397 10000
     53 13 5 49.375360 13 5 49.375360 10000
     54 13 5 49.385384 13 5 49.385384 10000
     55 13 5 49.395359 13 5 49.395359 10000
     56 13 5 49.405326 13 5 49.405326 10000
     57 13 5 49.415351 13 5 49.415351 10000
     58 13 5 49.425992 13 5 49.425992 10000
     59 13 5 49.435378 13 5 49.435378 10000
     60 13 5 49.445386 13 5 49.445386 10000
     61 13 5 49.455368 13 5 49.455368 10000
     62 13 5 49.465356 13 5 49.465356 10000
     63 13 5 49.475320 13 5 49.475320 10000
     64 13 5 49.485318 13 5 49.485318 10000
     65 13 5 49.495294 13 5 49.495294 10000
     66 13 5 49.505290 13 5 49.505290 10000
     67 13 5 49.515293 13 5 49.515293 10000
     68 13 5 49.525281 13 5 49.525281 10000
     69 13 5 49.535226 13 5 49.535226 10000
     70 13 5 49.545293 13 5 49.545293 10000
     71 13 5 49.555306 13 5 49.555306 10000
     72 13 5 49.565316 13 5 49.565316 10000
     73 13 5 49.575890 13 5 49.575890 10000
     74 13 5 49.585407 13 5 49.585407 10000
     75 13 5 49.595357 13 5 49.595357 10000
     76 13 5 49.605297 13 5 49.605297 10000
     77 13 5 49.615369 13 5 49.615369 10000
     78 13 5 49.625306 13 5 49.625306 10000
     79 13 5 49.635344 13 5 49.635344 10000
     80 13 5 49.645305 13 5 49.645305 10000
     81 13 5 49.655338 13 5 49.655338 10000
     82 13 5 49.665371 13 5 49.665371 10000
     83 13 5 49.675320 13 5 49.675320 10000
     84 13 5 49.685296 13 5 49.685296 10000
     85 13 5 49.695295 13 5 49.695295 10000
     86 13 5 49.705343 13 5 49.705343 10000
     87 13 5 49.715296 13 5 49.715296 10000
     88 13 5 49.725341 13 5 49.725341 10000
     89 13 5 49.735300 13 5 49.735300 10000
     90 13 5 49.747428 13 5 49.747428 10000
     91 13 5 49.755274 13 5 49.755274 10000
     92 13 5 49.765351 13 5 49.765351 10000
     93 13 5 49.775534 13 5 49.775534 10000
     94 13 5 49.785370 13 5 49.785370 10000
     95 13 5 49.795400 13 5 49.795400 10000
     96 13 5 49.805374 13 5 49.805374 10000
     97 13 5 49.815545 13 5 49.815545 10000
     98 13 5 49.825369 13 5 49.825369 10000
     99 13 5 49.835344 13 5 49.835344 10000
    100 13 5 49.845390 13 5 49.845390 10000
    101 13 5 49.855289 13 5 49.855289 10000
    102 13 5 49.865316 13 5 49.865316 10000
    103 13 5 49.875387 13 5 49.875387 10000
    104 13 5 49.885303 13 5 49.885303 10000
    105 13 5 49.895285 13 5 49.895285 10000
    106 13 5 49.905295 13 5 49.905295 10000
    107 13 5 49.915287 13 5 49.915287 10000
    108 13 5 49.925297 13 5 49.925297 10000
    109 13 5 49.935274 13 5 49.935274 10000
    110 13 5 49.945321 13 5 49.945321 10000
    111 13 5 49.955317 13 5 49.955317 10000
    112 13 5 49.965288 13 5 49.965288 10000
    113 13 5 49.975405 13 5 49.975405 10000
    114 13 5 49.985289 13 5 49.985289 10000
    115 13 5 49.995430 13 5 49.995430 10000
    116 13 5 50.005360 13 5 50.005360 10000
    117 13 5 50.016199 13 5 50.016199 10000
    118 13 5 50.025356 13 5 50.025356 10000
    119 13 5 50.035283 13 5 50.035283 10000
    120 13 5 50.045307 13 5 50.045307 10000
    121 13 5 50.055370 13 5 50.055370 10000
    122 13 5 50.065336 13 5 50.065336 10000
    123 13 5 50.075287 13 5 50.075287 10000
    124 13 5 50.085313 13 5 50.085313 10000
    125 13 5 50.095286 13 5 50.095286 10000
    126 13 5 50.105291 13 5 50.105291 10000
    127 13 5 50.115411 13 5 50.115411 10000
    128 13 5 50.125289 13 5 50.125289 10000
    129 13 5 50.135285 13 5 50.135285 10000
    130 13 5 50.145414 13 5 50.145414 10000
    131 13 5 50.155312 13 5 50.155312 10000
    132 13 5 50.165325 13 5 50.165325 10000
    133 13 5 50.175302 13 5 50.175302 10000
    134 13 5 50.185363 13 5 50.185363 10000
    135 13 5 50.195408 13 5 50.195408 10000
    136 13 5 50.205353 13 5 50.205353 10000
    137 13 5 50.215369 13 5 50.215369 10000
    138 13 5 50.225327 13 5 50.225327 10000
    139 13 5 50.235314 13 5 50.235314 10000
    140 13 5 50.245322 13 5 50.245322 10000
    141 13 5 50.255308 13 5 50.255308 10000
    142 13 5 50.265351 13 5 50.265351 10000
    143 13 5 50.275354 13 5 50.275354 10000
    144 13 5 50.285296 13 5 50.285296 10000
    145 13 5 50.295287 13 5 50.295287 10000
    146 13 5 50.305276 13 5 50.305276 10000
    147 13 5 50.315294 13 5 50.315294 10000
    148 13 5 50.325294 13 5 50.325294 10000
    149 13 5 50.335287 13 5 50.335287 10000
    150 13 5 50.345289 13 5 50.345289 10000
    151 13 5 50.355395 13 5 50.355395 10000
    152 13 5 50.365290 13 5 50.365290 10000
    153 13 5 50.375351 13 5 50.375351 10000
    154 13 5 50.385297 13 5 50.385297 10000
    155 13 5 50.395358 13 5 50.395358 10000
    156 13 5 50.405394 13 5 50.405394 10000
    157 13 5 50.415272 13 5 50.415272 10000
    158 13 5 50.425364 13 5 50.425364 10000
    159 13 5 50.435313 13 5 50.435313 10000
    160 13 5 50.445289 13 5 50.445289 10000
    161 13 5 50.455367 13 5 50.455367 10000
    162 13 5 50.465381 13 5 50.465381 10000
    163 13 5 50.475833 13 5 50.475833 10000
    164 13 5 50.485312 13 5 50.485312 10000
    165 13 5 50.495286 13 5 50.495286 10000
    166 13 5 50.505296 13 5 50.505296 10000
    167 13 5 50.515287 13 5 50.515287 10000
    168 13 5 50.525367 13 5 50.525367 10000
    169 13 5 50.535296 13 5 50.535296 10000
    170 13 5 50.545982 13 5 50.545982 10000
    171 13 5 50.555262 13 5 50.555262 10000
    172 13 5 50.565280 13 5 50.565280 10000
    173 13 5 50.575355 13 5 50.575355 10000
    174 13 5 50.585346 13 5 50.585346 10000
    175 13 5 50.595356 13 5 50.595356 10000
    176 13 5 50.605294 13 5 50.605294 10000
    177 13 5 50.615391 13 5 50.615391 10000
    178 13 5 50.625393 13 5 50.625393 10000
    179 13 5 50.635339 13 5 50.635339 10000
    180 13 5 50.645353 13 5 50.645353 10000
    181 13 5 50.655287 13 5 50.655287 10000
    182 13 5 50.665345 13 5 50.665345 10000
    183 13 5 50.675344 13 5 50.675344 10000
    184 13 5 50.685228 13 5 50.685228 10000
    185 13 5 50.695512 13 5 50.695512 10000
    186 13 5 50.705322 13 5 50.705322 10000
    187 13 5 50.715362 13 5 50.715362 10000
    188 13 5 50.725293 13 5 50.725293 10000
    189 13 5 50.735284 13 5 50.735284 10000
    190 13 5 50.745285 13 5 50.745285 10000
    191 13 5 50.755299 13 5 50.755299 10000
    192 13 5 50.765326 13 5 50.765326 10000
    193 13 5 50.775309 13 5 50.775309 10000
    194 13 5 50.785319 13 5 50.785319 10000
    195 13 5 50.795391 13 5 50.795391 10000
    196 13 5 50.805286 13 5 50.805286 10000
    197 13 5 50.815463 13 5 50.815463 10000
    198 13 5 50.825333 13 5 50.825333 10000
    199 13 5 50.835337 13 5 50.835337 10000
    200 13 5 50.845368 13 5 50.845368 10000
    201 13 5 50.855299 13 5 50.855299 10000
    202 13 5 50.865403 13 5 50.865403 10000
    203 13 5 50.875387 13 5 50.875387 10000
    204 13 5 50.885283 13 5 50.885283 10000
    205 13 5 50.895324 13 5 50.895324 10000
    206 13 5 50.905295 13 5 50.905295 10000
    207 13 5 50.915328 13 5 50.915328 10000
    208 13 5 50.925280 13 5 50.925280 10000
    209 13 5 50.935285 13 5 50.935285 10000
    210 13 5 50.945287 13 5 50.945287 10000
    211 13 5 50.955319 13 5 50.955319 10000
    212 13 5 50.965302 13 5 50.965302 10000
    213 13 5 50.975304 13 5 50.975304 10000
    214 13 5 50.985717 13 5 50.985717 10000
    215 13 5 50.995390 13 5 50.995390 10000
    216 13 5 51.005366 13 5 51.005366 10000
    217 13 5 51.015380 13 5 51.015380 10000
    218 13 5 51.025367 13 5 51.025367 10000
    219 13 5 51.035303 13 5 51.035303 10000
    220 13 5 51.045371 13 5 51.045371 10000
    221 13 5 51.055410 13 5 51.055410 10000
    222 13 5 51.065365 13 5 51.065365 10000
    223 13 5 51.075372 13 5 51.075372 10000
    224 13 5 51.085287 13 5 51.085287 10000
    225 13 5 51.095298 13 5 51.095298 10000
    226 13 5 51.105629 13 5 51.105629 10000
    227 13 5 51.115454 13 5 51.115454 10000
    228 13 5 51.125303 13 5 51.125303 10000
    229 13 5 51.135286 13 5 51.135286 10000
    230 13 5 51.145318 13 5 51.145318 10000
    231 13 5 51.155298 13 5 51.155298 10000
    232 13 5 51.165297 13 5 51.165297 10000
    233 13 5 51.175302 13 5 51.175302 10000
    234 13 5 51.185369 13 5 51.185369 10000
    235 13 5 51.195441 13 5 51.195441 10000
    236 13 5 51.205300 13 5 51.205300 10000
    237 13 5 51.215415 13 5 51.215415 10000
    238 13 5 51.225394 13 5 51.225394 10000
    239 13 5 51.235979 13 5 51.235979 10000
    240 13 5 51.245565 13 5 51.245565 10000
    241 13 5 51.255381 13 5 51.255381 10000
    242 13 5 51.265368 13 5 51.265368 10000
    243 13 5 51.275373 13 5 51.275373 10000
    244 13 5 51.285359 13 5 51.285359 10000
    245 13 5 51.295434 13 5 51.295434 10000
    246 13 5 51.305297 13 5 51.305297 10000
    247 13 5 51.315289 13 5 51.315289 10000
    248 13 5 51.325305 13 5 51.325305 10000
    249 13 5 51.335338 13 5 51.335338 10000
    250 13 5 51.345332 13 5 51.345332 10000
    251 13 5 51.355294 13 5 51.355294 10000
    252 13 5 51.365302 13 5 51.365302 10000
    253 13 5 51.375261 13 5 51.375261 10000
    254 13 5 51.385294 13 5 51.385294 10000
    255 13 5 51.395288 13 5 51.395288 10000
    256 13 5 51.405517 13 5 51.405517 10000
    257 13 5 51.415903 13 5 51.415903 10000
    258 13 5 51.425336 13 5 51.425336 10000
    259 13 5 51.435298 13 5 51.435298 10000
    260 13 5 51.445376 13 5 51.445376 10000
    261 13 5 51.455357 13 5 51.455357 10000
    262 13 5 51.465353 13 5 51.465353 10000
    263 13 5 51.475371 13 5 51.475371 10000
    264 13 5 51.485298 13 5 51.485298 10000
    265 13 5 51.495334 13 5 51.495334 10000
    266 13 5 51.505296 13 5 51.505296 10000
    267 13 5 51.515287 13 5 51.515287 10000
    268 13 5 51.525300 13 5 51.525300 10000
    269 13 5 51.535288 13 5 51.535288 10000
    270 13 5 51.545287 13 5 51.545287 10000
    271 13 5 51.555298 13 5 51.555298 10000
    272 13 5 51.565316 13 5 51.565316 10000
    273 13 5 51.575287 13 5 51.575287 10000
    274 13 5 51.585571 13 5 51.585571 10000
    275 13 5 51.595283 13 5 51.595283 10000
    276 13 5 51.605311 13 5 51.605311 10000
    277 13 5 51.615352 13 5 51.615352 10000
    278 13 5 51.625342 13 5 51.625342 10000
    279 13 5 51.635361 13 5 51.635361 10000
    280 13 5 51.645339 13 5 51.645339 10000
    281 13 5 51.655656 13 5 51.655656 10000
    282 13 5 51.665336 13 5 51.665336 10000
    283 13 5 51.675516 13 5 51.675516 10000
    284 13 5 51.685453 13 5 51.685453 10000
    285 13 5 51.695359 13 5 51.695359 10000
    286 13 5 51.705553 13 5 51.705553 10000
    287 13 5 51.715395 13 5 51.715395 10000
    288 13 5 51.725467 13 5 51.725467 10000
    289 13 5 51.735320 13 5 51.735320 10000
    290 13 5 51.745325 13 5 51.745325 10000
    291 13 5 51.755507 13 5 51.755507 10000
    292 13 5 51.765326 13 5 51.765326 10000
    293 13 5 51.775297 13 5 51.775297 10000
    294 13 5 51.785307 13 5 51.785307 10000
    295 13 5 51.795304 13 5 51.795304 10000
    296 13 5 51.805340 13 5 51.805340 10000
    297 13 5 51.815317 13 5 51.815317 10000
    298 13 5 51.825367 13 5 51.825367 10000
    299 13 5 51.835287 13 5 51.835287 10000
    300 13 5 51.845815 13 5 51.845815 10000
    301 13 5 51.855435 13 5 51.855435 10000
    302 13 5 51.865336 13 5 51.865336 10000
    303 13 5 51.875259 13 5 51.875259 10000
    304 13 5 51.885356 13 5 51.885356 10000
    305 13 5 51.895347 13 5 51.895347 10000
    306 13 5 51.905391 13 5 51.905391 10000
    307 13 5 51.915301 13 5 51.915301 10000
    308 13 5 51.925311 13 5 51.925311 10000
    309 13 5 51.935392 13 5 51.935392 10000
    310 13 5 51.945335 13 5 51.945335 10000
    311 13 5 51.955328 13 5 51.955328 10000
    312 13 5 51.965294 13 5 51.965294 10000
    313 13 5 51.975346 13 5 51.975346 10000
    314 13 5 51.985370 13 5 51.985370 10000
    315 13 5 51.995317 13 5 51.995317 10000
    316 13 5 52.005308 13 5 52.005308 10000
    317 13 5 52.015554 13 5 52.015554 10000
    318 13 5 52.025553 13 5 52.025553 10000
    319 13 5 52.035414 13 5 52.035414 10000
    320 13 5 52.045411 13 5 52.045411 10000
    321 13 5 52.055343 13 5 52.055343 10000
    322 13 5 52.065500 13 5 52.065500 10000
    323 13 5 52.075276 13 5 52.075276 10000
    324 13 5 52.085386 13 5 52.085386 10000
    325 13 5 52.095725 13 5 52.095725 10000
    326 13 5 52.105361 13 5 52.105361 10000
    327 13 5 52.115361 13 5 52.115361 10000
    328 13 5 52.125354 13 5 52.125354 10000
    329 13 5 52.135390 13 5 52.135390 10000
    330 13 5 52.145314 13 5 52.145314 10000
    331 13 5 52.155321 13 5 52.155321 10000
    332 13 5 52.165353 13 5 52.165353 10000
    333 13 5 52.175316 13 5 52.175316 10000
    334 13 5 52.185287 13 5 52.185287 10000
    335 13 5 52.195287 13 5 52.195287 10000
    336 13 5 52.205297 13 5 52.205297 10000
    337 13 5 52.215288 13 5 52.215288 10000
    338 13 5 52.225355 13 5 52.225355 10000
    339 13 5 52.235401 13 5 52.235401 10000
    340 13 5 52.245375 13 5 52.245375 10000
    341 13 5 52.255254 13 5 52.255254 10000
    342 13 5 52.265334 13 5 52.265334 10000
    343 13 5 52.275353 13 5 52.275353 10000
    344 13 5 52.285364 13 5 52.285364 10000
    345 13 5 52.295363 13 5 52.295363 10000
    346 13 5 52.305379 13 5 52.305379 10000
    347 13 5 52.315362 13 5 52.315362 10000
    348 13 5 52.325355 13 5 52.325355 10000
    349 13 5 52.335349 13 5 52.335349 10000
    350 13 5 52.345291 13 5 52.345291 10000
    351 13 5 52.355291 13 5 52.355291 10000
    352 13 5 52.365309 13 5 52.365309 10000
    353 13 5 52.375355 13 5 52.375355 10000
    354 13 5 52.385319 13 5 52.385319 10000
    355 13 5 52.395325 13 5 52.395325 10000
    356 13 5 52.405301 13 5 52.405301 10000
    357 13 5 52.415289 13 5 52.415289 10000
    358 13 5 52.425629 13 5 52.425629 10000
    359 13 5 52.435499 13 5 52.435499 10000
    360 13 5 52.445421 13 5 52.445421 10000
    361 13 5 52.455379 13 5 52.455379 10000
    362 13 5 52.465395 13 5 52.465395 10000
    363 13 5 52.475352 13 5 52.475352 10000
    364 13 5 52.485295 13 5 52.485295 10000
    365 13 5 52.495831 13 5 52.495831 10000
    366 13 5 52.505347 13 5 52.505347 10000
    367 13 5 52.515393 13 5 52.515393 10000
    368 13 5 52.525379 13 5 52.525379 10000
    369 13 5 52.535356 13 5 52.535356 10000
    370 13 5 52.545391 13 5 52.545391 10000
    371 13 5 52.555318 13 5 52.555318 10000
    372 13 5 52.565305 13 5 52.565305 10000
    373 13 5 52.575321 13 5 52.575321 10000
    374 13 5 52.585299 13 5 52.585299 10000
    375 13 5 52.595289 13 5 52.595289 10000
    376 13 5 52.605293 13 5 52.605293 10000
    377 13 5 52.615287 13 5 52.615287 10000
    378 13 5 52.625354 13 5 52.625354 10000
    379 13 5 52.635291 13 5 52.635291 10000
    380 13 5 52.645381 13 5 52.645381 10000
    381 13 5 52.655437 13 5 52.655437 10000
    382 13 5 52.665443 13 5 52.665443 10000
    383 13 5 52.675356 13 5 52.675356 10000
    384 13 5 52.685363 13 5 52.685363 10000
    385 13 5 52.695385 13 5 52.695385 10000
    386 13 5 52.705370 13 5 52.705370 10000
    387 13 5 52.715361 13 5 52.715361 10000
    388 13 5 52.725354 13 5 52.725354 10000
    389 13 5 52.735382 13 5 52.735382 10000
    390 13 5 52.745359 13 5 52.745359 10000
    391 13 5 52.755440 13 5 52.755440 10000
    392 13 5 52.765396 13 5 52.765396 10000
    393 13 5 52.775309 13 5 52.775309 10000
    394 13 5 52.785299 13 5 52.785299 10000
    395 13 5 52.795307 13 5 52.795307 10000
    396 13 5 52.805306 13 5 52.805306 10000
    397 13 5 52.815454 13 5 52.815454 10000
    398 13 5 52.825597 13 5 52.825597 10000
    399 13 5 52.835259 13 5 52.835259 10000
    400 13 5 52.845494 13 5 52.845494 10000
    401 13 5 52.855423 13 5 52.855423 10000
    402 13 5 52.865459 13 5 52.865459 10000
    403 13 5 52.875380 13 5 52.875380 10000
    404 13 5 52.885305 13 5 52.885305 10000
    405 13 5 52.895369 13 5 52.895369 10000
    406 13 5 52.905363 13 5 52.905363 10000
    407 13 5 52.915498 13 5 52.915498 10000
    408 13 5 52.925319 13 5 52.925319 10000
    409 13 5 52.935436 13 5 52.935436 10000
    410 13 5 52.945636 13 5 52.945636 10000
    411 13 5 52.955357 13 5 52.955357 10000
    412 13 5 52.965423 13 5 52.965423 10000
    413 13 5 52.975363 13 5 52.975363 10000
    414 13 5 52.985362 13 5 52.985362 10000
    415 13 5 52.995314 13 5 52.995314 10000
    416 13 5 53.005333 13 5 53.005333 10000
    417 13 5 53.015290 13 5 53.015290 10000
    418 13 5 53.025286 13 5 53.025286 10000
    419 13 5 53.035353 13 5 53.035353 10000
    420 13 5 53.045357 13 5 53.045357 10000
    421 13 5 53.055362 13 5 53.055362 10000
    422 13 5 53.065295 13 5 53.065295 10000
    423 13 5 53.075285 13 5 53.075285 10000
    424 13 5 53.085343 13 5 53.085343 10000
    425 13 5 53.095923 13 5 53.095923 10000
    426 13 5 53.105313 13 5 53.105313 10000
    427 13 5 53.115287 13 5 53.115287 10000
    428 13 5 53.125363 13 5 53.125363 10000
    429 13 5 53.136116 13 5 53.136116 10000
    430 13 5 53.145339 13 5 53.145339 10000
    431 13 5 53.155347 13 5 53.155347 10000
    432 13 5 53.165315 13 5 53.165315 10000
    433 13 5 53.175303 13 5 53.175303 10000
    434 13 5 53.185294 13 5 53.185294 10000
    435 13 5 53.195293 13 5 53.195293 10000
    436 13 5 53.205297 13 5 53.205297 10000
    437 13 5 53.215288 13 5 53.215288 10000
    438 13 5 53.225392 13 5 53.225392 10000
    439 13 5 53.235357 13 5 53.235357 10000
    440 13 5 53.245286 13 5 53.245286 10000
    441 13 5 53.255403 13 5 53.255403 10000
    442 13 5 53.265380 13 5 53.265380 10000
    443 13 5 53.275343 13 5 53.275343 10000
    444 13 5 53.285335 13 5 53.285335 10000
    445 13 5 53.295278 13 5 53.295278 10000
    446 13 5 53.305427 13 5 53.305427 10000
    447 13 5 53.315403 13 5 53.315403 10000
    448 13 5 53.325363 13 5 53.325363 10000
    449 13 5 53.335363 13 5 53.335363 10000
    450 13 5 53.345377 13 5 53.345377 10000
    451 13 5 53.355410 13 5 53.355410 10000
    452 13 5 53.365645 13 5 53.365645 10000
    453 13 5 53.375441 13 5 53.375441 10000
    454 13 5 53.385356 13 5 53.385356 10000
    455 13 5 53.395359 13 5 53.395359 10000
    456 13 5 53.405389 13 5 53.405389 10000
    457 13 5 53.415869 13 5 53.415869 10000
    458 13 5 53.425581 13 5 53.425581 10000
    459 13 5 53.435346 13 5 53.435346 10000
    460 13 5 53.445411 13 5 53.445411 10000
    461 13 5 53.455365 13 5 53.455365 10000
    462 13 5 53.465364 13 5 53.465364 10000
    463 13 5 53.475425 13 5 53.475425 10000
    464 13 5 53.485289 13 5 53.485289 10000
    465 13 5 53.495355 13 5 53.495355 10000
    466 13 5 53.505296 13 5 53.505296 10000
    467 13 5 53.515354 13 5 53.515354 10000
    468 13 5 53.525373 13 5 53.525373 10000
    469 13 5 53.535302 13 5 53.535302 10000
    470 13 5 53.545357 13 5 53.545357 10000
    471 13 5 53.555494 13 5 53.555494 10000
    472 13 5 53.565607 13 5 53.565607 10000
    473 13 5 53.575316 13 5 53.575316 10000
    474 13 5 53.585349 13 5 53.585349 10000
    475 13 5 53.595336 13 5 53.595336 10000
    476 13 5 53.605294 13 5 53.605294 10000
    477 13 5 53.615287 13 5 53.615287 10000
    478 13 5 53.625627 13 5 53.625627 10000
    479 13 5 53.635311 13 5 53.635311 10000
    480 13 5 53.645372 13 5 53.645372 10000
    481 13 5 53.655284 13 5 53.655284 10000
    482 13 5 53.665294 13 5 53.665294 10000
    483 13 5 53.675285 13 5 53.675285 10000
    484 13 5 53.685285 13 5 53.685285 10000
    485 13 5 53.695287 13 5 53.695287 10000
    486 13 5 53.705300 13 5 53.705300 10000
    487 13 5 53.715375 13 5 53.715375 10000
    488 13 5 53.725358 13 5 53.725358 10000
    489 13 5 53.735353 13 5 53.735353 10000
    490 13 5 53.745404 13 5 53.745404 10000
    491 13 5 53.755341 13 5 53.755341 10000
    492 13 5 53.765993 13 5 53.765993 10000
    493 13 5 53.775303 13 5 53.775303 10000
    494 13 5 53.785795 13 5 53.785795 10000
    495 13 5 53.795481 13 5 53.795481 10000
    496 13 5 53.805390 13 5 53.805390 10000
    497 13 5 53.815328 13 5 53.815328 10000
    498 13 5 53.825569 13 5 53.825569 10000
    499 13 5 53.835371 13 5 53.835371 10000
    500 13 5 53.845593 13 5 53.845593 10000
    501 13 5 53.855398 13 5 53.855398 10000
    502 13 5 53.865290 13 5 53.865290 10000
    503 13 5 53.875324 13 5 53.875324 10000
    504 13 5 53.885289 13 5 53.885289 10000
    505 13 5 53.895310 13 5 53.895310 10000
    506 13 5 53.905304 13 5 53.905304 10000
    507 13 5 53.915289 13 5 53.915289 10000
    508 13 5 53.925317 13 5 53.925317 10000
    509 13 5 53.935453 13 5 53.935453 10000
    510 13 5 53.945348 13 5 53.945348 10000
    511 13 5 53.955412 13 5 53.955412 10000
    512 13 5 53.965384 13 5 53.965384 10000
    513 13 5 53.975341 13 5 53.975341 10000
    514 13 5 53.985402 13 5 53.985402 10000
    515 13 5 53.995382 13 5 53.995382 10000
    516 13 5 54.005325 13 5 54.005325 10000
    517 13 5 54.015279 13 5 54.015279 10000
    518 13 5 54.026254 13 5 54.026254 10000
    519 13 5 54.035361 13 5 54.035361 10000
    520 13 5 54.045341 13 5 54.045341 10000
    521 13 5 54.055348 13 5 54.055348 10000
    522 13 5 54.065308 13 5 54.065308 10000
    523 13 5 54.075296 13 5 54.075296 10000
    524 13 5 54.085295 13 5 54.085295 10000
    525 13 5 54.095280 13 5 54.095280 10000
    526 13 5 54.105389 13 5 54.105389 10000
    527 13 5 54.115290 13 5 54.115290 10000
    528 13 5 54.125946 13 5 54.125946 10000
    529 13 5 54.135376 13 5 54.135376 10000
    530 13 5 54.145279 13 5 54.145279 10000
    531 13 5 54.155442 13 5 54.155442 10000
    532 13 5 54.165402 13 5 54.165402 10000
    533 13 5 54.175547 13 5 54.175547 10000
    534 13 5 54.185377 13 5 54.185377 10000
    535 13 5 54.195349 13 5 54.195349 10000
    536 13 5 54.205314 13 5 54.205314 10000
    537 13 5 54.215290 13 5 54.215290 10000
    538 13 5 54.225419 13 5 54.225419 10000
    539 13 5 54.235374 13 5 54.235374 10000
    540 13 5 54.245372 13 5 54.245372 10000
    541 13 5 54.255419 13 5 54.255419 10000
    542 13 5 54.265363 13 5 54.265363 10000
    543 13 5 54.275680 13 5 54.275680 10000
    544 13 5 54.285302 13 5 54.285302 10000
    545 13 5 54.295284 13 5 54.295284 10000
    546 13 5 54.305311 13 5 54.305311 10000
    547 13 5 54.315296 13 5 54.315296 10000
    548 13 5 54.325619 13 5 54.325619 10000
    549 13 5 54.335385 13 5 54.335385 10000
    550 13 5 54.345348 13 5 54.345348 10000
    551 13 5 54.355358 13 5 54.355358 10000
    552 13 5 54.365296 13 5 54.365296 10000
    553 13 5 54.375289 13 5 54.375289 10000
    554 13 5 54.385292 13 5 54.385292 10000
    555 13 5 54.395305 13 5 54.395305 10000
    556 13 5 54.405315 13 5 54.405315 10000
    557 13 5 54.415295 13 5 54.415295 10000
    558 13 5 54.425668 13 5 54.425668 10000
    559 13 5 54.435431 13 5 54.435431 10000
    560 13 5 54.445365 13 5 54.445365 10000
    561 13 5 54.455446 13 5 54.455446 10000
    562 13 5 54.465400 13 5 54.465400 10000
    563 13 5 54.475292 13 5 54.475292 10000
    564 13 5 54.485292 13 5 54.485292 10000
    565 13 5 54.495286 13 5 54.495286 10000
    566 13 5 54.505285 13 5 54.505285 10000
    567 13 5 54.515295 13 5 54.515295 10000
    568 13 5 54.525436 13 5 54.525436 10000
    569 13 5 54.535370 13 5 54.535370 10000
    570 13 5 54.545268 13 5 54.545268 10000
    571 13 5 54.555284 13 5 54.555284 10000
    572 13 5 54.565344 13 5 54.565344 10000
    573 13 5 54.575290 13 5 54.575290 10000
    574 13 5 54.585385 13 5 54.585385 10000
    575 13 5 54.595368 13 5 54.595368 10000
    576 13 5 54.605285 13 5 54.605285 10000
    577 13 5 54.615287 13 5 54.615287 10000
    578 13 5 54.625514 13 5 54.625514 10000
    579 13 5 54.635297 13 5 54.635297 10000
    580 13 5 54.645364 13 5 54.645364 10000
    581 13 5 54.655341 13 5 54.655341 10000
    582 13 5 54.665297 13 5 54.665297 10000
    583 13 5 54.675286 13 5 54.675286 10000
    584 13 5 54.685557 13 5 54.685557 10000
    585 13 5 54.695287 13 5 54.695287 10000
    586 13 5 54.705295 13 5 54.705295 10000
    587 13 5 54.715290 13 5 54.715290 10000
    588 13 5 54.725538 13 5 54.725538 10000
    589 13 5 54.735309 13 5 54.735309 10000
    590 13 5 54.748277 13 5 54.748277 10000
    591 13 5 54.755355 13 5 54.755355 10000
    592 13 5 54.765388 13 5 54.765388 10000
    593 13 5 54.775331 13 5 54.775331 10000
    594 13 5 54.785389 13 5 54.785389 10000
    595 13 5 54.795355 13 5 54.795355 10000
    596 13 5 54.805295 13 5 54.805295 10000
    597 13 5 54.815303 13 5 54.815303 10000
    598 13 5 54.825392 13 5 54.825392 10000
    599 13 5 54.835521 13 5 54.835521 10000
    600 13 5 54.845438 13 5 54.845438 10000
    601 13 5 54.856082 13 5 54.856082 10000
    602 13 5 54.865383 13 5 54.865383 10000
    603 13 5 54.875400 13 5 54.875400 10000
    604 13 5 54.885460 13 5 54.885460 10000
    605 13 5 54.895254 13 5 54.895254 10000
    606 13 5 54.905290 13 5 54.905290 10000
    607 13 5 54.915284 13 5 54.915284 10000
    608 13 5 54.925718 13 5 54.925718 10000
    609 13 5 54.935310 13 5 54.935310 10000
    610 13 5 54.945287 13 5 54.945287 10000
    611 13 5 54.955350 13 5 54.955350 10000
    612 13 5 54.965437 13 5 54.965437 10000
    613 13 5 54.975318 13 5 54.975318 10000
    614 13 5 54.985362 13 5 54.985362 10000
    615 13 5 54.995427 13 5 54.995427 10000
    616 13 5 55.005316 13 5 55.005316 10000
    617 13 5 55.015555 13 5 55.015555 10000
    618 13 5 55.025520 13 5 55.025520 10000
    619 13 5 55.035311 13 5 55.035311 10000
    620 13 5 55.045360 13 5 55.045360 10000
    621 13 5 55.055348 13 5 55.055348 10000
    622 13 5 55.065299 13 5 55.065299 10000
    623 13 5 55.075279 13 5 55.075279 10000
    624 13 5 55.085293 13 5 55.085293 10000
    625 13 5 55.095294 13 5 55.095294 10000
    626 13 5 55.105285 13 5 55.105285 10000
    627 13 5 55.115296 13 5 55.115296 10000
    628 13 5 55.125545 13 5 55.125545 10000
    629 13 5 55.135353 13 5 55.135353 10000
    630 13 5 55.145366 13 5 55.145366 10000
    631 13 5 55.155298 13 5 55.155298 10000
    632 13 5 55.165367 13 5 55.165367 10000
    633 13 5 55.175361 13 5 55.175361 10000
    634 13 5 55.185363 13 5 55.185363 10000
    635 13 5 55.195362 13 5 55.195362 10000
    636 13 5 55.205362 13 5 55.205362 10000
    637 13 5 55.215291 13 5 55.215291 10000
    638 13 5 55.226038 13 5 55.226038 10000
    639 13 5 55.235377 13 5 55.235377 10000
    640 13 5 55.245355 13 5 55.245355 10000
    641 13 5 55.255364 13 5 55.255364 10000
    642 13 5 55.265298 13 5 55.265298 10000
    643 13 5 55.275309 13 5 55.275309 10000
    644 13 5 55.285297 13 5 55.285297 10000
    645 13 5 55.295279 13 5 55.295279 10000
    646 13 5 55.305241 13 5 55.305241 10000
    647 13 5 55.315296 13 5 55.315296 10000
    648 13 5 55.325405 13 5 55.325405 10000
    649 13 5 55.335365 13 5 55.335365 10000
    650 13 5 55.345374 13 5 55.345374 10000
    651 13 5 55.355308 13 5 55.355308 10000
    652 13 5 55.365377 13 5 55.365377 10000
    653 13 5 55.375354 13 5 55.375354 10000
    654 13 5 55.385342 13 5 55.385342 10000
    655 13 5 55.395342 13 5 55.395342 10000
    656 13 5 55.405298 13 5 55.405298 10000
    657 13 5 55.415292 13 5 55.415292 10000
    658 13 5 55.425296 13 5 55.425296 10000
    659 13 5 55.435360 13 5 55.435360 10000
    660 13 5 55.445382 13 5 55.445382 10000
    661 13 5 55.455353 13 5 55.455353 10000
    662 13 5 55.465355 13 5 55.465355 10000
    663 13 5 55.475287 13 5 55.475287 10000
    664 13 5 55.485295 13 5 55.485295 10000
    665 13 5 55.495305 13 5 55.495305 10000
    666 13 5 55.505299 13 5 55.505299 10000
    667 13 5 55.515298 13 5 55.515298 10000
    668 13 5 55.525348 13 5 55.525348 10000
    669 13 5 55.535356 13 5 55.535356 10000
    670 13 5 55.545363 13 5 55.545363 10000
    671 13 5 55.555357 13 5 55.555357 10000
    672 13 5 55.565358 13 5 55.565358 10000
    673 13 5 55.575285 13 5 55.575285 10000
    674 13 5 55.585366 13 5 55.585366 10000
    675 13 5 55.595592 13 5 55.595592 10000
    676 13 5 55.605302 13 5 55.605302 10000
    677 13 5 55.615290 13 5 55.615290 10000
    678 13 5 55.625428 13 5 55.625428 10000
    679 13 5 55.635308 13 5 55.635308 10000
    680 13 5 55.645367 13 5 55.645367 10000
    681 13 5 55.655348 13 5 55.655348 10000
    682 13 5 55.665370 13 5 55.665370 10000
    683 13 5 55.675288 13 5 55.675288 10000
    684 13 5 55.685299 13 5 55.685299 10000
    685 13 5 55.695290 13 5 55.695290 10000
    686 13 5 55.706108 13 5 55.706108 10000
    687 13 5 55.715294 13 5 55.715294 10000
    688 13 5 55.725351 13 5 55.725351 10000
    689 13 5 55.735309 13 5 55.735309 10000
    690 13 5 55.746684 13 5 55.746684 10000
    691 13 5 55.755335 13 5 55.755335 10000
    692 13 5 55.765310 13 5 55.765310 10000
    693 13 5 55.775365 13 5 55.775365 10000
    694 13 5 55.785359 13 5 55.785359 10000
    695 13 5 55.795350 13 5 55.795350 10000
    696 13 5 55.805357 13 5 55.805357 10000
    697 13 5 55.815291 13 5 55.815291 10000
    698 13 5 55.825358 13 5 55.825358 10000
    699 13 5 55.835349 13 5 55.835349 10000
    700 13 5 55.845370 13 5 55.845370 10000
    701 13 5 55.855342 13 5 55.855342 10000
    702 13 5 55.865363 13 5 55.865363 10000
    703 13 5 55.875287 13 5 55.875287 10000
    704 13 5 55.885308 13 5 55.885308 10000
    705 13 5 55.895310 13 5 55.895310 10000
    706 13 5 55.905557 13 5 55.905557 10000
    707 13 5 55.915314 13 5 55.915314 10000
    708 13 5 55.925628 13 5 55.925628 10000
    709 13 5 55.935316 13 5 55.935316 10000
    710 13 5 55.945357 13 5 55.945357 10000
    711 13 5 55.955351 13 5 55.955351 10000
    712 13 5 55.965451 13 5 55.965451 10000
    713 13 5 55.975374 13 5 55.975374 10000
    714 13 5 55.985374 13 5 55.985374 10000
    715 13 5 55.995429 13 5 55.995429 10000
    716 13 5 56.005293 13 5 56.005293 10000
    717 13 5 56.015300 13 5 56.015300 10000
    718 13 5 56.025302 13 5 56.025302 10000
    719 13 5 56.035370 13 5 56.035370 10000
    720 13 5 56.045284 13 5 56.045284 10000
    721 13 5 56.055478 13 5 56.055478 10000
    722 13 5 56.065361 13 5 56.065361 10000
    723 13 5 56.075288 13 5 56.075288 10000
    724 13 5 56.085306 13 5 56.085306 10000
    725 13 5 56.095281 13 5 56.095281 10000
    726 13 5 56.105324 13 5 56.105324 10000
    727 13 5 56.115293 13 5 56.115293 10000
    728 13 5 56.125413 13 5 56.125413 10000
    729 13 5 56.135373 13 5 56.135373 10000
    730 13 5 56.145313 13 5 56.145313 10000
    731 13 5 56.155406 13 5 56.155406 10000
    732 13 5 56.165343 13 5 56.165343 10000
    733 13 5 56.175350 13 5 56.175350 10000
    734 13 5 56.185361 13 5 56.185361 10000
    735 13 5 56.195286 13 5 56.195286 10000
    736 13 5 56.205365 13 5 56.205365 10000
    737 13 5 56.215287 13 5 56.215287 10000
    738 13 5 56.225298 13 5 56.225298 10000
    739 13 5 56.235376 13 5 56.235376 10000
    740 13 5 56.245294 13 5 56.245294 10000
    741 13 5 56.255378 13 5 56.255378 10000
    742 13 5 56.265385 13 5 56.265385 10000
    743 13 5 56.275291 13 5 56.275291 10000
    744 13 5 56.286189 13 5 56.286189 10000
    745 13 5 56.295293 13 5 56.295293 10000
    746 13 5 56.305309 13 5 56.305309 10000
    747 13 5 56.315306 13 5 56.315306 10000
    748 13 5 56.325325 13 5 56.325325 10000
    749 13 5 56.335431 13 5 56.335431 10000
    750 13 5 56.345314 13 5 56.345314 10000
    751 13 5 56.355561 13 5 56.355561 10000
    752 13 5 56.365344 13 5 56.365344 10000
    753 13 5 56.375447 13 5 56.375447 10000
    754 13 5 56.385409 13 5 56.385409 10000
    755 13 5 56.395434 13 5 56.395434 10000
    756 13 5 56.405436 13 5 56.405436 10000
    757 13 5 56.415336 13 5 56.415336 10000
    758 13 5 56.425376 13 5 56.425376 10000
    759 13 5 56.435355 13 5 56.435355 10000
    760 13 5 56.445365 13 5 56.445365 10000
    761 13 5 56.455438 13 5 56.455438 10000
    762 13 5 56.465376 13 5 56.465376 10000
    763 13 5 56.475374 13 5 56.475374 10000
    764 13 5 56.485911 13 5 56.485911 10000
    765 13 5 56.496122 13 5 56.496122 10000
    766 13 5 56.505296 13 5 56.505296 10000
    767 13 5 56.515290 13 5 56.515290 10000
    768 13 5 56.525351 13 5 56.525351 10000
    769 13 5 56.535493 13 5 56.535493 10000
    770 13 5 56.545372 13 5 56.545372 10000
    771 13 5 56.555351 13 5 56.555351 10000
    772 13 5 56.565336 13 5 56.565336 10000
    773 13 5 56.575516 13 5 56.575516 10000
    774 13 5 56.585411 13 5 56.585411 10000
    775 13 5 56.595362 13 5 56.595362 10000
    776 13 5 56.605395 13 5 56.605395 10000
    777 13 5 56.615456 13 5 56.615456 10000
    778 13 5 56.625365 13 5 56.625365 10000
    779 13 5 56.635365 13 5 56.635365 10000
    780 13 5 56.645375 13 5 56.645375 10000
    781 13 5 56.655338 13 5 56.655338 10000
    782 13 5 56.665460 13 5 56.665460 10000
    783 13 5 56.675448 13 5 56.675448 10000
    784 13 5 56.685403 13 5 56.685403 10000
    785 13 5 56.695300 13 5 56.695300 10000
    786 13 5 56.705312 13 5 56.705312 10000
    787 13 5 56.715328 13 5 56.715328 10000
    788 13 5 56.725465 13 5 56.725465 10000
    789 13 5 56.735312 13 5 56.735312 10000
    790 13 5 56.745370 13 5 56.745370 10000
    791 13 5 56.755349 13 5 56.755349 10000
    792 13 5 56.765396 13 5 56.765396 10000
    793 13 5 56.775351 13 5 56.775351 10000
    794 13 5 56.785370 13 5 56.785370 10000
    795 13 5 56.795329 13 5 56.795329 10000
    796 13 5 56.805402 13 5 56.805402 10000
    797 13 5 56.815378 13 5 56.815378 10000
    798 13 5 56.826146 13 5 56.826146 10000
    799 13 5 56.835799 13 5 56.835799 10000
    800 13 5 56.845362 13 5 56.845362 10000
    801 13 5 56.855420 13 5 56.855420 10000
    802 13 5 56.865380 13 5 56.865380 10000
    803 13 5 56.875366 13 5 56.875366 10000
    804 13 5 56.885364 13 5 56.885364 10000
    805 13 5 56.895316 13 5 56.895316 10000
    806 13 5 56.905400 13 5 56.905400 10000
    807 13 5 56.915309 13 5 56.915309 10000
    808 13 5 56.925324 13 5 56.925324 10000
    809 13 5 56.935310 13 5 56.935310 10000
    810 13 5 56.945476 13 5 56.945476 10000
    811 13 5 56.955385 13 5 56.955385 10000
    812 13 5 56.965358 13 5 56.965358 10000
    813 13 5 56.975363 13 5 56.975363 10000
    814 13 5 56.985360 13 5 56.985360 10000
    815 13 5 56.995370 13 5 56.995370 10000
    816 13 5 57.005442 13 5 57.005442 10000
    817 13 5 57.015362 13 5 57.015362 10000
    818 13 5 57.025409 13 5 57.025409 10000
    819 13 5 57.035305 13 5 57.035305 10000
    820 13 5 57.045391 13 5 57.045391 10000
    821 13 5 57.055362 13 5 57.055362 10000
    822 13 5 57.065373 13 5 57.065373 10000
    823 13 5 57.075288 13 5 57.075288 10000
    824 13 5 57.085287 13 5 57.085287 10000
    825 13 5 57.095319 13 5 57.095319 10000
    826 13 5 57.105299 13 5 57.105299 10000
    827 13 5 57.115287 13 5 57.115287 10000
    828 13 5 57.125301 13 5 57.125301 10000
    829 13 5 57.135291 13 5 57.135291 10000
    830 13 5 57.145330 13 5 57.145330 10000
    831 13 5 57.155267 13 5 57.155267 10000
    832 13 5 57.165483 13 5 57.165483 10000
    833 13 5 57.175359 13 5 57.175359 10000
    834 13 5 57.185605 13 5 57.185605 10000
    835 13 5 57.195380 13 5 57.195380 10000
    836 13 5 57.205390 13 5 57.205390 10000
    837 13 5 57.215389 13 5 57.215389 10000
    838 13 5 57.225490 13 5 57.225490 10000
    839 13 5 57.235481 13 5 57.235481 10000
    840 13 5 57.245336 13 5 57.245336 10000
    841 13 5 57.255361 13 5 57.255361 10000
    842 13 5 57.265450 13 5 57.265450 10000
    843 13 5 57.275402 13 5 57.275402 10000
    844 13 5 57.285380 13 5 57.285380 10000
    845 13 5 57.295400 13 5 57.295400 10000
    846 13 5 57.305382 13 5 57.305382 10000
    847 13 5 57.315438 13 5 57.315438 10000
    848 13 5 57.325397 13 5 57.325397 10000
    849 13 5 57.335624 13 5 57.335624 10000
    850 13 5 57.345309 13 5 57.345309 10000
    851 13 5 57.355330 13 5 57.355330 10000
    852 13 5 57.365259 13 5 57.365259 10000
    853 13 5 57.375371 13 5 57.375371 10000
    854 13 5 57.385382 13 5 57.385382 10000
    855 13 5 57.395356 13 5 57.395356 10000
    856 13 5 57.405341 13 5 57.405341 10000
    857 13 5 57.415376 13 5 57.415376 10000
    858 13 5 57.425454 13 5 57.425454 10000
    859 13 5 57.435392 13 5 57.435392 10000
    860 13 5 57.445557 13 5 57.445557 10000
    861 13 5 57.455384 13 5 57.455384 10000
    862 13 5 57.465429 13 5 57.465429 10000
    863 13 5 57.475341 13 5 57.475341 10000
    864 13 5 57.485360 13 5 57.485360 10000
    865 13 5 57.495407 13 5 57.495407 10000
    866 13 5 57.505375 13 5 57.505375 10000
    867 13 5 57.515376 13 5 57.515376 10000
    868 13 5 57.525300 13 5 57.525300 10000
    869 13 5 57.535285 13 5 57.535285 10000
    870 13 5 57.545321 13 5 57.545321 10000
    871 13 5 57.555312 13 5 57.555312 10000
    872 13 5 57.565302 13 5 57.565302 10000
    873 13 5 57.575299 13 5 57.575299 10000
    874 13 5 57.585312 13 5 57.585312 10000
    875 13 5 57.595315 13 5 57.595315 10000
    876 13 5 57.605257 13 5 57.605257 10000
    877 13 5 57.615352 13 5 57.615352 10000
    878 13 5 57.625360 13 5 57.625360 10000
    879 13 5 57.635320 13 5 57.635320 10000
    880 13 5 57.645470 13 5 57.645470 10000
    881 13 5 57.655335 13 5 57.655335 10000
    882 13 5 57.665404 13 5 57.665404 10000
    883 13 5 57.675353 13 5 57.675353 10000
    884 13 5 57.685326 13 5 57.685326 10000
    885 13 5 57.695298 13 5 57.695298 10000
    886 13 5 57.705357 13 5 57.705357 10000
    887 13 5 57.715294 13 5 57.715294 10000
    888 13 5 57.725298 13 5 57.725298 10000
    889 13 5 57.735290 13 5 57.735290 10000
    890 13 5 57.745328 13 5 57.745328 10000
    891 13 5 57.755673 13 5 57.755673 10000
    892 13 5 57.765293 13 5 57.765293 10000
    893 13 5 57.775503 13 5 57.775503 10000
    894 13 5 57.785302 13 5 57.785302 10000
    895 13 5 57.795284 13 5 57.795284 10000
    896 13 5 57.805621 13 5 57.805621 10000
    897 13 5 57.815620 13 5 57.815620 10000
    898 13 5 57.825319 13 5 57.825319 10000
    899 13 5 57.835292 13 5 57.835292 10000
    900 13 5 57.845381 13 5 57.845381 10000
    901 13 5 57.855376 13 5 57.855376 10000
    902 13 5 57.865400 13 5 57.865400 10000
    903 13 5 57.875354 13 5 57.875354 10000
    904 13 5 57.885320 13 5 57.885320 10000
    905 13 5 57.895316 13 5 57.895316 10000
    906 13 5 57.905397 13 5 57.905397 10000
    907 13 5 57.915287 13 5 57.915287 10000
    908 13 5 57.925382 13 5 57.925382 10000
    909 13 5 57.935287 13 5 57.935287 10000
    910 13 5 57.945312 13 5 57.945312 10000
    911 13 5 57.955333 13 5 57.955333 10000
    912 13 5 57.965302 13 5 57.965302 10000
    913 13 5 57.975312 13 5 57.975312 10000
    914 13 5 57.985391 13 5 57.985391 10000
    915 13 5 57.995310 13 5 57.995310 10000
    916 13 5 58.005302 13 5 58.005302 10000
    917 13 5 58.015295 13 5 58.015295 10000
    918 13 5 58.025393 13 5 58.025393 10000
    919 13 5 58.035333 13 5 58.035333 10000
    920 13 5 58.045349 13 5 58.045349 10000
    921 13 5 58.055363 13 5 58.055363 10000
    922 13 5 58.065336 13 5 58.065336 10000
    923 13 5 58.075308 13 5 58.075308 10000
    924 13 5 58.085448 13 5 58.085448 10000
    925 13 5 58.095441 13 5 58.095441 10000
    926 13 5 58.105457 13 5 58.105457 10000
    927 13 5 58.115431 13 5 58.115431 10000
    928 13 5 58.125411 13 5 58.125411 10000
    929 13 5 58.135390 13 5 58.135390 10000
    930 13 5 58.145456 13 5 58.145456 10000
    931 13 5 58.155391 13 5 58.155391 10000
    932 13 5 58.165424 13 5 58.165424 10000
    933 13 5 58.175320 13 5 58.175320 10000
    934 13 5 58.185347 13 5 58.185347 10000
    935 13 5 58.195298 13 5 58.195298 10000
    936 13 5 58.205692 13 5 58.205692 10000
    937 13 5 58.215299 13 5 58.215299 10000
    938 13 5 58.225302 13 5 58.225302 10000
    939 13 5 58.235728 13 5 58.235728 10000
    940 13 5 58.245462 13 5 58.245462 10000
    941 13 5 58.255398 13 5 58.255398 10000
    942 13 5 58.265368 13 5 58.265368 10000
    943 13 5 58.275942 13 5 58.275942 10000
    944 13 5 58.285350 13 5 58.285350 10000
    945 13 5 58.296021 13 5 58.296021 10000
    946 13 5 58.305376 13 5 58.305376 10000
    947 13 5 58.315373 13 5 58.315373 10000
    948 13 5 58.325378 13 5 58.325378 10000
    949 13 5 58.335349 13 5 58.335349 10000
    950 13 5 58.345368 13 5 58.345368 10000
    951 13 5 58.355302 13 5 58.355302 10000
    952 13 5 58.365375 13 5 58.365375 10000
    953 13 5 58.375301 13 5 58.375301 10000
    954 13 5 58.385342 13 5 58.385342 10000
    955 13 5 58.395332 13 5 58.395332 10000
    956 13 5 58.405363 13 5 58.405363 10000
    957 13 5 58.415315 13 5 58.415315 10000
    958 13 5 58.425317 13 5 58.425317 10000
    959 13 5 58.435761 13 5 58.435761 10000
    960 13 5 58.445444 13 5 58.445444 10000
    961 13 5 58.455419 13 5 58.455419 10000
    962 13 5 58.465407 13 5 58.465407 10000
    963 13 5 58.475372 13 5 58.475372 10000
    964 13 5 58.485326 13 5 58.485326 10000
    965 13 5 58.495274 13 5 58.495274 10000
    966 13 5 58.505313 13 5 58.505313 10000
    967 13 5 58.515363 13 5 58.515363 10000
    968 13 5 58.525404 13 5 58.525404 10000
    969 13 5 58.535381 13 5 58.535381 10000
    970 13 5 58.545383 13 5 58.545383 10000
    971 13 5 58.555356 13 5 58.555356 10000
    972 13 5 58.565381 13 5 58.565381 10000
    973 13 5 58.575318 13 5 58.575318 10000
    974 13 5 58.585293 13 5 58.585293 10000
    975 13 5 58.595297 13 5 58.595297 10000
    976 13 5 58.605494 13 5 58.605494 10000
    977 13 5 58.615304 13 5 58.615304 10000
    978 13 5 58.625332 13 5 58.625332 10000
    979 13 5 58.636302 13 5 58.636302 10000
    980 13 5 58.645375 13 5 58.645375 10000
    981 13 5 58.655363 13 5 58.655363 10000
    982 13 5 58.665376 13 5 58.665376 10000
    983 13 5 58.675469 13 5 58.675469 10000
    984 13 5 58.685631 13 5 58.685631 10000
    985 13 5 58.695475 13 5 58.695475 10000
    986 13 5 58.705393 13 5 58.705393 10000
    987 13 5 58.715440 13 5 58.715440 10000
    988 13 5 58.725391 13 5 58.725391 10000
    989 13 5 58.735357 13 5 58.735357 10000
    990 13 5 58.745384 13 5 58.745384 10000
    991 13 5 58.755417 13 5 58.755417 10000
    992 13 5 58.765405 13 5 58.765405 10000
    993 13 5 58.775373 13 5 58.775373 10000
    994 13 5 58.785302 13 5 58.785302 10000
    995 13 5 58.795315 13 5 58.795315 10000
    996 13 5 58.805343 13 5 58.805343 10000
    997 13 5 58.815299 13 5 58.815299 10000
    998 13 5 58.825299 13 5 58.825299 10000
    999 13 5 58.835638 13 5 58.835638 10000
   1000 13 5 58.845350 13 5 58.845350 10000
