      1 13 15 19.904610 13 15 19.916053 10600
      2 13 15 19.914698 13 15 19.925125 10600
      3 13 15 19.924703 13 15 19.935137 10600
      4 13 15 19.934718 13 15 19.945226 10600
      5 13 15 19.944715 13 15 19.955201 10600
      6 13 15 19.954731 13 15 19.965167 10600
      7 13 15 19.964732 13 15 19.975318 10600
      8 13 15 19.974775 13 15 19.985257 10600
      9 13 15 19.984715 13 15 19.995174 10600
     10 13 15 19.994724 13 15 20.005220 10600
     11 13 15 20.004730 13 15 20.015252 10600
     12 13 15 20.014741 13 15 20.025247 10600
     13 13 15 20.024712 13 15 20.035229 10600
     14 13 15 20.034741 13 15 20.045275 10600
     15 13 15 20.044738 13 15 20.055261 10600
     16 13 15 20.054742 13 15 20.065274 10600
     17 13 15 20.064714 13 15 20.075164 10600
     18 13 15 20.074742 13 15 20.085408 10600
     19 13 15 20.084713 13 15 20.095123 10600
     20 13 15 20.094706 13 15 20.105136 10600
     21 13 15 20.104708 13 15 20.115131 10600
     22 13 15 20.114706 13 15 20.125130 10600
     23 13 15 20.124707 13 15 20.135114 10600
     24 13 15 20.134706 13 15 20.145147 10600
     25 13 15 20.144776 13 15 20.155297 10600
     26 13 15 20.154724 13 15 20.165169 10600
     27 13 15 20.164719 13 15 20.175132 10600
     28 13 15 20.174709 13 15 20.185127 10600
     29 13 15 20.184711 13 15 20.195177 10600
     30 13 15 20.194713 13 15 20.205125 10600
     31 13 15 20.204710 13 15 20.215116 10600
     32 13 15 20.214712 13 15 20.225159 10600
     33 13 15 20.224710 13 15 20.235193 10600
     34 13 15 20.234722 13 15 20.245170 10600
     35 13 15 20.244721 13 15 20.255155 10600
     36 13 15 20.254719 13 15 20.265185 10600
     37 13 15 20.264724 13 15 20.275175 10600
     38 13 15 20.274709 13 15 20.285146 10600
     39 13 15 20.284724 13 15 20.295152 10600
     40 13 15 20.294707 13 15 20.305156 10600
     41 13 15 20.304708 13 15 20.315117 10600
     42 13 15 20.314720 13 15 20.325134 10600
     43 13 15 20.324739 13 15 20.335149 10600
     44 13 15 20.334720 13 15 20.345151 10600
     45 13 15 20.344709 13 15 20.355167 10600
     46 13 15 20.354707 13 15 20.365113 10600
     47 13 15 20.364708 13 15 20.375112 10600
     48 13 15 20.374725 13 15 20.387472 10600
     49 13 15 20.384716 13 15 20.397262 10600
     50 13 15 20.394715 13 15 20.411464 10600
     51 13 15 20.404678 13 15 20.420428 10600
     52 13 15 20.414705 13 15 20.429370 10600
     53 13 15 20.424713 13 15 20.438286 10600
     54 13 15 20.434712 13 15 20.447317 10600
     55 13 15 20.444731 13 15 20.456158 10600
     56 13 15 20.454712 13 15 20.465154 10600
     57 13 15 20.464725 13 15 20.475204 10600
     58 13 15 20.474758 13 15 20.485269 10600
     59 13 15 20.484732 13 15 20.495191 10600
     60 13 15 20.494711 13 15 20.505168 10600
     61 13 15 20.504709 13 15 20.515171 10600
     62 13 15 20.514732 13 15 20.525178 10600
     63 13 15 20.524779 13 15 20.535184 10600
     64 13 15 20.534711 13 15 20.545145 10600
     65 13 15 20.544709 13 15 20.555116 10600
     66 13 15 20.554708 13 15 20.565113 10600
     67 13 15 20.564705 13 15 20.575122 10600
     68 13 15 20.574707 13 15 20.585155 10600
     69 13 15 20.584714 13 15 20.595223 10600
     70 13 15 20.594715 13 15 20.605139 10600
     71 13 15 20.604708 13 15 20.615124 10600
     72 13 15 20.614712 13 15 20.625271 10600
     73 13 15 20.624736 13 15 20.635193 10600
     74 13 15 20.634731 13 15 20.645241 10600
     75 13 15 20.644711 13 15 20.655196 10600
     76 13 15 20.654709 13 15 20.665137 10600
     77 13 15 20.664708 13 15 20.675125 10600
     78 13 15 20.674709 13 15 20.685145 10600
     79 13 15 20.684708 13 15 20.695116 10600
     80 13 15 20.694707 13 15 20.705123 10600
     81 13 15 20.704708 13 15 20.715115 10600
     82 13 15 20.714708 13 15 20.725125 10600
     83 13 15 20.724707 13 15 20.735109 10600
     84 13 15 20.734711 13 15 20.745139 10600
     85 13 15 20.744707 13 15 20.755115 10600
     86 13 15 20.754708 13 15 20.765111 10600
     87 13 15 20.764706 13 15 20.775120 10600
     88 13 15 20.774708 13 15 20.785122 10600
     89 13 15 20.784714 13 15 20.795131 10600
     90 13 15 20.794727 13 15 20.805116 10600
     91 13 15 20.804708 13 15 20.815117 10600
     92 13 15 20.814707 13 15 20.825130 10600
     93 13 15 20.824707 13 15 20.835111 10600
     94 13 15 20.834707 13 15 20.845120 10600
     95 13 15 20.844708 13 15 20.855108 10600
     96 13 15 20.854708 13 15 20.865124 10600
     97 13 15 20.864694 13 15 20.875084 10600
     98 13 15 20.874689 13 15 20.885152 10600
     99 13 15 20.884709 13 15 20.895123 10600
    100 13 15 20.894705 13 15 20.911090 10600
    101 13 15 20.904703 13 15 20.920051 10600
    102 13 15 20.914716 13 15 20.928960 10600
    103 13 15 20.924744 13 15 20.937895 10600
    104 13 15 20.934712 13 15 20.946795 10600
    105 13 15 20.944720 13 15 20.955971 10600
    106 13 15 20.954713 13 15 20.965246 10600
    107 13 15 20.964729 13 15 20.975301 10600
    108 13 15 20.974734 13 15 20.985212 10600
    109 13 15 20.984716 13 15 20.995149 10600
    110 13 15 20.994737 13 15 21.005248 10600
    111 13 15 21.004712 13 15 21.015190 10600
    112 13 15 21.014708 13 15 21.025142 10600
    113 13 15 21.024709 13 15 21.035164 10600
    114 13 15 21.034718 13 15 21.045207 10600
    115 13 15 21.044716 13 15 21.055213 10600
    116 13 15 21.054732 13 15 21.065235 10600
    117 13 15 21.064717 13 15 21.075177 10600
    118 13 15 21.074712 13 15 21.085184 10600
    119 13 15 21.084689 13 15 21.095182 10600
    120 13 15 21.094706 13 15 21.105139 10600
    121 13 15 21.104711 13 15 21.115190 10600
    122 13 15 21.114708 13 15 21.125206 10600
    123 13 15 21.124715 13 15 21.135224 10600
    124 13 15 21.134720 13 15 21.145288 10600
    125 13 15 21.144728 13 15 21.155208 10600
    126 13 15 21.154709 13 15 21.165157 10600
    127 13 15 21.164706 13 15 21.175208 10600
    128 13 15 21.174710 13 15 21.185316 10600
    129 13 15 21.184712 13 15 21.195195 10600
    130 13 15 21.194715 13 15 21.205307 10600
    131 13 15 21.204713 13 15 21.215319 10600
    132 13 15 21.214722 13 15 21.225210 10600
    133 13 15 21.224733 13 15 21.235237 10600
    134 13 15 21.234721 13 15 21.245218 10600
    135 13 15 21.244720 13 15 21.255140 10600
    136 13 15 21.254708 13 15 21.265132 10600
    137 13 15 21.264710 13 15 21.275120 10600
    138 13 15 21.274706 13 15 21.285122 10600
    139 13 15 21.284707 13 15 21.295134 10600
    140 13 15 21.294709 13 15 21.305227 10600
    141 13 15 21.304710 13 15 21.315121 10600
    142 13 15 21.314706 13 15 21.325133 10600
    143 13 15 21.324708 13 15 21.335180 10600
    144 13 15 21.334710 13 15 21.345205 10600
    145 13 15 21.344712 13 15 21.355205 10600
    146 13 15 21.354710 13 15 21.365256 10600
    147 13 15 21.364757 13 15 21.375236 10600
    148 13 15 21.374707 13 15 21.385933 10600
    149 13 15 21.385484 13 15 21.396094 10600
    150 13 15 21.394715 13 15 21.412109 10600
    151 13 15 21.404793 13 15 21.420190 10600
    152 13 15 21.414711 13 15 21.428574 10600
    153 13 15 21.424730 13 15 21.437885 10600
    154 13 15 21.434711 13 15 21.446795 10600
    155 13 15 21.444731 13 15 21.455746 10600
    156 13 15 21.454708 13 15 21.465222 10600
    157 13 15 21.464708 13 15 21.475121 10600
    158 13 15 21.474709 13 15 21.485134 10600
    159 13 15 21.484709 13 15 21.495131 10600
    160 13 15 21.494710 13 15 21.511334 10600
    161 13 15 21.504681 13 15 21.518236 10600
    162 13 15 21.514738 13 15 21.527350 10600
    163 13 15 21.526271 13 15 21.536759 10600
    164 13 15 21.534711 13 15 21.545698 10600
    165 13 15 21.544712 13 15 21.555144 10600
    166 13 15 21.554708 13 15 21.565262 10600
    167 13 15 21.564706 13 15 21.575175 10600
    168 13 15 21.574709 13 15 21.585193 10600
    169 13 15 21.584713 13 15 21.595143 10600
    170 13 15 21.594706 13 15 21.605118 10600
    171 13 15 21.604707 13 15 21.615102 10600
    172 13 15 21.614708 13 15 21.625202 10600
    173 13 15 21.624711 13 15 21.635141 10600
    174 13 15 21.634710 13 15 21.645161 10600
    175 13 15 21.644709 13 15 21.655121 10600
    176 13 15 21.654709 13 15 21.665181 10600
    177 13 15 21.664712 13 15 21.675128 10600
    178 13 15 21.674709 13 15 21.685134 10600
    179 13 15 21.684709 13 15 21.695125 10600
    180 13 15 21.694707 13 15 21.705289 10600
    181 13 15 21.704709 13 15 21.715118 10600
    182 13 15 21.714708 13 15 21.725162 10600
    183 13 15 21.724786 13 15 21.735224 10600
    184 13 15 21.734745 13 15 21.745176 10600
    185 13 15 21.744710 13 15 21.755120 10600
    186 13 15 21.754708 13 15 21.765108 10600
    187 13 15 21.764707 13 15 21.775176 10600
    188 13 15 21.774709 13 15 21.785150 10600
    189 13 15 21.784714 13 15 21.795207 10600
    190 13 15 21.794710 13 15 21.805133 10600
    191 13 15 21.804707 13 15 21.815115 10600
    192 13 15 21.814709 13 15 21.825140 10600
    193 13 15 21.824708 13 15 21.835124 10600
    194 13 15 21.834720 13 15 21.845093 10600
    195 13 15 21.844697 13 15 21.855131 10600
    196 13 15 21.854707 13 15 21.865123 10600
    197 13 15 21.864706 13 15 21.875114 10600
    198 13 15 21.874707 13 15 21.885118 10600
    199 13 15 21.884706 13 15 21.895116 10600
    200 13 15 21.894708 13 15 21.911056 10600
    201 13 15 21.904712 13 15 21.919959 10600
    202 13 15 21.914712 13 15 21.928920 10600
    203 13 15 21.924749 13 15 21.937891 10600
    204 13 15 21.934702 13 15 21.946798 10600
    205 13 15 21.944720 13 15 21.955838 10600
    206 13 15 21.954689 13 15 21.965144 10600
    207 13 15 21.964728 13 15 21.975152 10600
    208 13 15 21.974719 13 15 21.985234 10600
    209 13 15 21.984913 13 15 21.995412 10600
    210 13 15 21.994734 13 15 22.005250 10600
    211 13 15 22.004722 13 15 22.015229 10600
    212 13 15 22.014734 13 15 22.025265 10600
    213 13 15 22.024733 13 15 22.035319 10600
    214 13 15 22.034728 13 15 22.045159 10600
    215 13 15 22.044710 13 15 22.055136 10600
    216 13 15 22.054708 13 15 22.065197 10600
    217 13 15 22.064788 13 15 22.075172 10600
    218 13 15 22.074708 13 15 22.085128 10600
    219 13 15 22.084707 13 15 22.095155 10600
    220 13 15 22.094715 13 15 22.105181 10600
    221 13 15 22.104714 13 15 22.115144 10600
    222 13 15 22.114708 13 15 22.125125 10600
    223 13 15 22.124707 13 15 22.135125 10600
    224 13 15 22.134705 13 15 22.145125 10600
    225 13 15 22.144762 13 15 22.155184 10600
    226 13 15 22.154696 13 15 22.165062 10600
    227 13 15 22.164715 13 15 22.175170 10600
    228 13 15 22.174709 13 15 22.185147 10600
    229 13 15 22.184709 13 15 22.195115 10600
    230 13 15 22.194707 13 15 22.205113 10600
    231 13 15 22.204730 13 15 22.215229 10600
    232 13 15 22.214719 13 15 22.225162 10600
    233 13 15 22.224726 13 15 22.235150 10600
    234 13 15 22.234722 13 15 22.245152 10600
    235 13 15 22.244706 13 15 22.255113 10600
    236 13 15 22.254737 13 15 22.265132 10600
    237 13 15 22.264724 13 15 22.275151 10600
    238 13 15 22.274709 13 15 22.285219 10600
    239 13 15 22.284708 13 15 22.295121 10600
    240 13 15 22.294706 13 15 22.305105 10600
    241 13 15 22.304778 13 15 22.315179 10600
    242 13 15 22.314692 13 15 22.325123 10600
    243 13 15 22.324709 13 15 22.335218 10600
    244 13 15 22.334717 13 15 22.345221 10600
    245 13 15 22.344719 13 15 22.355129 10600
    246 13 15 22.354693 13 15 22.365103 10600
    247 13 15 22.364777 13 15 22.375216 10600
    248 13 15 22.374710 13 15 22.385245 10600
    249 13 15 22.384707 13 15 22.395108 10600
    250 13 15 22.394756 13 15 22.411080 10600
    251 13 15 22.404717 13 15 22.422525 10600
    252 13 15 22.414697 13 15 22.430030 10600
    253 13 15 22.424700 13 15 22.438541 10600
    254 13 15 22.434698 13 15 22.447852 10600
    255 13 15 22.444697 13 15 22.456817 10600
    256 13 15 22.454701 13 15 22.465751 10600
    257 13 15 22.464700 13 15 22.475165 10600
    258 13 15 22.474689 13 15 22.485201 10600
    259 13 15 22.484711 13 15 22.495187 10600
    260 13 15 22.494852 13 15 22.505281 10600
    261 13 15 22.504792 13 15 22.515297 10600
    262 13 15 22.514710 13 15 22.525120 10600
    263 13 15 22.524706 13 15 22.535125 10600
    264 13 15 22.534711 13 15 22.545269 10600
    265 13 15 22.544713 13 15 22.555187 10600
    266 13 15 22.554711 13 15 22.565180 10600
    267 13 15 22.564706 13 15 22.575140 10600
    268 13 15 22.574715 13 15 22.585571 10600
    269 13 15 22.584711 13 15 22.595228 10600
    270 13 15 22.594719 13 15 22.605160 10600
    271 13 15 22.604708 13 15 22.615204 10600
    272 13 15 22.614719 13 15 22.625237 10600
    273 13 15 22.624718 13 15 22.635168 10600
    274 13 15 22.634719 13 15 22.645168 10600
    275 13 15 22.644718 13 15 22.655257 10600
    276 13 15 22.654731 13 15 22.665399 10600
    277 13 15 22.664739 13 15 22.675274 10600
    278 13 15 22.674742 13 15 22.685296 10600
    279 13 15 22.684708 13 15 22.695214 10600
    280 13 15 22.694724 13 15 22.705261 10600
    281 13 15 22.704709 13 15 22.715120 10600
    282 13 15 22.714708 13 15 22.725146 10600
    283 13 15 22.724724 13 15 22.735164 10600
    284 13 15 22.734725 13 15 22.745186 10600
    285 13 15 22.744704 13 15 22.755107 10600
    286 13 15 22.754705 13 15 22.765205 10600
    287 13 15 22.764704 13 15 22.775165 10600
    288 13 15 22.774725 13 15 22.785166 10600
    289 13 15 22.784705 13 15 22.795116 10600
    290 13 15 22.794698 13 15 22.805095 10600
    291 13 15 22.804719 13 15 22.815072 10600
    292 13 15 22.814697 13 15 22.825133 10600
    293 13 15 22.824694 13 15 22.835087 10600
    294 13 15 22.834702 13 15 22.845129 10600
    295 13 15 22.844697 13 15 22.855081 10600
    296 13 15 22.854721 13 15 22.865165 10600
    297 13 15 22.864695 13 15 22.875074 10600
    298 13 15 22.874701 13 15 22.885131 10600
    299 13 15 22.884698 13 15 22.895133 10600
    300 13 15 22.894709 13 15 22.911190 10600
    301 13 15 22.904730 13 15 22.920000 10600
    302 13 15 22.914698 13 15 22.928938 10600
    303 13 15 22.924748 13 15 22.937885 10600
    304 13 15 22.934711 13 15 22.947876 10600
    305 13 15 22.945638 13 15 22.956786 10600
    306 13 15 22.954715 13 15 22.965727 10600
    307 13 15 22.964712 13 15 22.975142 10600
    308 13 15 22.974709 13 15 22.985150 10600
    309 13 15 22.984707 13 15 22.995224 10600
    310 13 15 22.994707 13 15 23.005127 10600
    311 13 15 23.004708 13 15 23.015121 10600
    312 13 15 23.014707 13 15 23.025133 10600
    313 13 15 23.024709 13 15 23.035121 10600
    314 13 15 23.034711 13 15 23.045238 10600
    315 13 15 23.044736 13 15 23.055230 10600
    316 13 15 23.054735 13 15 23.065218 10600
    317 13 15 23.064717 13 15 23.075137 10600
    318 13 15 23.074709 13 15 23.085163 10600
    319 13 15 23.084713 13 15 23.095152 10600
    320 13 15 23.094712 13 15 23.105118 10600
    321 13 15 23.104710 13 15 23.115182 10600
    322 13 15 23.114724 13 15 23.125256 10600
    323 13 15 23.124708 13 15 23.135135 10600
    324 13 15 23.134706 13 15 23.145143 10600
    325 13 15 23.144694 13 15 23.155113 10600
    326 13 15 23.154706 13 15 23.165109 10600
    327 13 15 23.164706 13 15 23.175139 10600
    328 13 15 23.174709 13 15 23.185144 10600
    329 13 15 23.184708 13 15 23.195111 10600
    330 13 15 23.194711 13 15 23.205141 10600
    331 13 15 23.204708 13 15 23.215116 10600
    332 13 15 23.214711 13 15 23.225132 10600
    333 13 15 23.224707 13 15 23.235116 10600
    334 13 15 23.234715 13 15 23.245152 10600
    335 13 15 23.244707 13 15 23.255154 10600
    336 13 15 23.254778 13 15 23.265243 10600
    337 13 15 23.264718 13 15 23.275294 10600
    338 13 15 23.274712 13 15 23.285119 10600
    339 13 15 23.284694 13 15 23.295154 10600
    340 13 15 23.294695 13 15 23.305146 10600
    341 13 15 23.304794 13 15 23.315179 10600
    342 13 15 23.314696 13 15 23.325241 10600
    343 13 15 23.324725 13 15 23.335149 10600
    344 13 15 23.334747 13 15 23.345161 10600
    345 13 15 23.344715 13 15 23.355205 10600
    346 13 15 23.354782 13 15 23.365158 10600
    347 13 15 23.364795 13 15 23.375206 10600
    348 13 15 23.374710 13 15 23.385201 10600
    349 13 15 23.384695 13 15 23.395168 10600
    350 13 15 23.394780 13 15 23.411204 10600
    351 13 15 23.404699 13 15 23.420083 10600
    352 13 15 23.414840 13 15 23.428999 10600
    353 13 15 23.424701 13 15 23.437977 10600
    354 13 15 23.434736 13 15 23.447572 10600
    355 13 15 23.444711 13 15 23.455898 10600
    356 13 15 23.454716 13 15 23.465154 10600
    357 13 15 23.464711 13 15 23.475114 10600
    358 13 15 23.474710 13 15 23.485133 10600
    359 13 15 23.484712 13 15 23.495120 10600
    360 13 15 23.494662 13 15 23.505081 10600
    361 13 15 23.504715 13 15 23.515191 10600
    362 13 15 23.514707 13 15 23.525137 10600
    363 13 15 23.524706 13 15 23.535115 10600
    364 13 15 23.534707 13 15 23.545138 10600
    365 13 15 23.544706 13 15 23.555126 10600
    366 13 15 23.554707 13 15 23.565107 10600
    367 13 15 23.564706 13 15 23.575258 10600
    368 13 15 23.574709 13 15 23.585134 10600
    369 13 15 23.584707 13 15 23.595126 10600
    370 13 15 23.594706 13 15 23.605125 10600
    371 13 15 23.604708 13 15 23.615128 10600
    372 13 15 23.614720 13 15 23.625357 10600
    373 13 15 23.624710 13 15 23.635179 10600
    374 13 15 23.634709 13 15 23.646200 10600
    375 13 15 23.644722 13 15 23.655262 10600
    376 13 15 23.654758 13 15 23.665298 10600
    377 13 15 23.664714 13 15 23.675163 10600
    378 13 15 23.674734 13 15 23.685172 10600
    379 13 15 23.684709 13 15 23.695118 10600
    380 13 15 23.694707 13 15 23.705124 10600
    381 13 15 23.704709 13 15 23.715116 10600
    382 13 15 23.714707 13 15 23.725118 10600
    383 13 15 23.724707 13 15 23.735110 10600
    384 13 15 23.734707 13 15 23.745537 10600
    385 13 15 23.744706 13 15 23.755126 10600
    386 13 15 23.754706 13 15 23.765110 10600
    387 13 15 23.764706 13 15 23.775116 10600
    388 13 15 23.774708 13 15 23.785195 10600
    389 13 15 23.784710 13 15 23.795130 10600
    390 13 15 23.794706 13 15 23.805097 10600
    391 13 15 23.804701 13 15 23.815128 10600
    392 13 15 23.814707 13 15 23.825193 10600
    393 13 15 23.824709 13 15 23.835183 10600
    394 13 15 23.834713 13 15 23.845185 10600
    395 13 15 23.844708 13 15 23.855187 10600
    396 13 15 23.854707 13 15 23.865104 10600
    397 13 15 23.864695 13 15 23.875150 10600
    398 13 15 23.874700 13 15 23.885200 10600
    399 13 15 23.884695 13 15 23.895095 10600
    400 13 15 23.894746 13 15 23.911114 10600
    401 13 15 23.904696 13 15 23.920010 10600
    402 13 15 23.914684 13 15 23.928965 10600
    403 13 15 23.924713 13 15 23.937902 10600
    404 13 15 23.934712 13 15 23.946858 10600
    405 13 15 23.944749 13 15 23.956054 10600
    406 13 15 23.954966 13 15 23.965413 10600
    407 13 15 23.964764 13 15 23.975245 10600
    408 13 15 23.974734 13 15 23.985243 10600
    409 13 15 23.984701 13 15 23.995156 10600
    410 13 15 23.994714 13 15 24.005266 10600
    411 13 15 24.004711 13 15 24.015126 10600
    412 13 15 24.014714 13 15 24.025182 10600
    413 13 15 24.024732 13 15 24.035187 10600
    414 13 15 24.034722 13 15 24.045239 10600
    415 13 15 24.044709 13 15 24.055251 10600
    416 13 15 24.054749 13 15 24.065314 10600
    417 13 15 24.064761 13 15 24.075258 10600
    418 13 15 24.074732 13 15 24.085238 10600
    419 13 15 24.084731 13 15 24.095261 10600
    420 13 15 24.094722 13 15 24.105205 10600
    421 13 15 24.104714 13 15 24.115131 10600
    422 13 15 24.114712 13 15 24.125174 10600
    423 13 15 24.124728 13 15 24.135159 10600
    424 13 15 24.134699 13 15 24.145129 10600
    425 13 15 24.144704 13 15 24.155100 10600
    426 13 15 24.154719 13 15 24.165141 10600
    427 13 15 24.164706 13 15 24.175145 10600
    428 13 15 24.174709 13 15 24.185127 10600
    429 13 15 24.184796 13 15 24.195246 10600
    430 13 15 24.194707 13 15 24.205133 10600
    431 13 15 24.204706 13 15 24.215140 10600
    432 13 15 24.214715 13 15 24.225142 10600
    433 13 15 24.224709 13 15 24.235202 10600
    434 13 15 24.234708 13 15 24.245134 10600
    435 13 15 24.244707 13 15 24.255227 10600
    436 13 15 24.254736 13 15 24.265149 10600
    437 13 15 24.264693 13 15 24.275155 10600
    438 13 15 24.274692 13 15 24.285129 10600
    439 13 15 24.284694 13 15 24.295318 10600
    440 13 15 24.294730 13 15 24.305129 10600
    441 13 15 24.304695 13 15 24.315097 10600
    442 13 15 24.314710 13 15 24.327086 10600
    443 13 15 24.324842 13 15 24.336244 10600
    444 13 15 24.334731 13 15 24.345224 10600
    445 13 15 24.344705 13 15 24.355208 10600
    446 13 15 24.354663 13 15 24.365028 10600
    447 13 15 24.364657 13 15 24.375166 10600
    448 13 15 24.374712 13 15 24.385186 10600
    449 13 15 24.384695 13 15 24.395164 10600
    450 13 15 24.394711 13 15 24.411121 10600
    451 13 15 24.404695 13 15 24.420020 10600
    452 13 15 24.414653 13 15 24.428971 10600
    453 13 15 24.424710 13 15 24.437892 10600
    454 13 15 24.434709 13 15 24.446828 10600
    455 13 15 24.444738 13 15 24.455766 10600
    456 13 15 24.454730 13 15 24.465219 10600
    457 13 15 24.464710 13 15 24.475193 10600
    458 13 15 24.474709 13 15 24.485175 10600
    459 13 15 24.484708 13 15 24.495120 10600
    460 13 15 24.494707 13 15 24.505137 10600
    461 13 15 24.504708 13 15 24.515163 10600
    462 13 15 24.514708 13 15 24.525128 10600
    463 13 15 24.524705 13 15 24.535115 10600
    464 13 15 24.534705 13 15 24.545124 10600
    465 13 15 24.544706 13 15 24.555178 10600
    466 13 15 24.554708 13 15 24.565117 10600
    467 13 15 24.564705 13 15 24.575117 10600
    468 13 15 24.574708 13 15 24.585142 10600
    469 13 15 24.584707 13 15 24.595123 10600
    470 13 15 24.594711 13 15 24.605135 10600
    471 13 15 24.604718 13 15 24.615127 10600
    472 13 15 24.614706 13 15 24.625135 10600
    473 13 15 24.624714 13 15 24.635120 10600
    474 13 15 24.634706 13 15 24.645133 10600
    475 13 15 24.644717 13 15 24.655127 10600
    476 13 15 24.654712 13 15 24.665144 10600
    477 13 15 24.664716 13 15 24.675156 10600
    478 13 15 24.674731 13 15 24.685209 10600
    479 13 15 24.684716 13 15 24.695136 10600
    480 13 15 24.694707 13 15 24.705134 10600
    481 13 15 24.704709 13 15 24.715135 10600
    482 13 15 24.714712 13 15 24.725152 10600
    483 13 15 24.724719 13 15 24.735150 10600
    484 13 15 24.734708 13 15 24.745132 10600
    485 13 15 24.744707 13 15 24.755099 10600
    486 13 15 24.754715 13 15 24.765157 10600
    487 13 15 24.764704 13 15 24.775134 10600
    488 13 15 24.774708 13 15 24.785975 10600
    489 13 15 24.785651 13 15 24.796331 10600
    490 13 15 24.794713 13 15 24.805285 10600
    491 13 15 24.804708 13 15 24.815135 10600
    492 13 15 24.814707 13 15 24.825133 10600
    493 13 15 24.824708 13 15 24.835132 10600
    494 13 15 24.834709 13 15 24.845192 10600
    495 13 15 24.844695 13 15 24.855084 10600
    496 13 15 24.854700 13 15 24.865220 10600
    497 13 15 24.864701 13 15 24.875087 10600
    498 13 15 24.874734 13 15 24.885235 10600
    499 13 15 24.884703 13 15 24.895105 10600
    500 13 15 24.894707 13 15 24.911017 10600
    501 13 15 24.904730 13 15 24.920083 10600
    502 13 15 24.914732 13 15 24.928906 10600
    503 13 15 24.924696 13 15 24.937879 10600
    504 13 15 24.934719 13 15 24.946795 10600
    505 13 15 24.944718 13 15 24.955752 10600
    506 13 15 24.954720 13 15 24.965196 10600
    507 13 15 24.964708 13 15 24.975115 10600
    508 13 15 24.974710 13 15 24.985137 10600
    509 13 15 24.984702 13 15 24.995243 10600
    510 13 15 24.994699 13 15 25.005154 10600
    511 13 15 25.004695 13 15 25.015121 10600
    512 13 15 25.014696 13 15 25.025127 10600
    513 13 15 25.024695 13 15 25.035114 10600
    514 13 15 25.034696 13 15 25.045131 10600
    515 13 15 25.044707 13 15 25.055101 10600
    516 13 15 25.054718 13 15 25.065128 10600
    517 13 15 25.064726 13 15 25.075133 10600
    518 13 15 25.074708 13 15 25.085126 10600
    519 13 15 25.084707 13 15 25.095113 10600
    520 13 15 25.094705 13 15 25.105118 10600
    521 13 15 25.104707 13 15 25.115100 10600
    522 13 15 25.114767 13 15 25.125146 10600
    523 13 15 25.124727 13 15 25.135101 10600
    524 13 15 25.134717 13 15 25.145140 10600
    525 13 15 25.144725 13 15 25.155125 10600
    526 13 15 25.154775 13 15 25.165269 10600
    527 13 15 25.164714 13 15 25.175122 10600
    528 13 15 25.174709 13 15 25.185135 10600
    529 13 15 25.184705 13 15 25.195132 10600
    530 13 15 25.194715 13 15 25.205109 10600
    531 13 15 25.204693 13 15 25.215111 10600
    532 13 15 25.214708 13 15 25.225273 10600
    533 13 15 25.224710 13 15 25.235157 10600
    534 13 15 25.234709 13 15 25.245139 10600
    535 13 15 25.244693 13 15 25.255085 10600
    536 13 15 25.254756 13 15 25.265178 10600
    537 13 15 25.264693 13 15 25.275113 10600
    538 13 15 25.274718 13 15 25.285143 10600
    539 13 15 25.284694 13 15 25.295107 10600
    540 13 15 25.294736 13 15 25.305171 10600
    541 13 15 25.304718 13 15 25.315122 10600
    542 13 15 25.314693 13 15 25.325078 10600
    543 13 15 25.324712 13 15 25.335194 10600
    544 13 15 25.334707 13 15 25.345099 10600
    545 13 15 25.344715 13 15 25.355086 10600
    546 13 15 25.354724 13 15 25.365082 10600
    547 13 15 25.364713 13 15 25.375153 10600
    548 13 15 25.374708 13 15 25.385108 10600
    549 13 15 25.384695 13 15 25.395071 10600
    550 13 15 25.394693 13 15 25.411083 10600
    551 13 15 25.404696 13 15 25.420020 10600
    552 13 15 25.414712 13 15 25.428952 10600
    553 13 15 25.424741 13 15 25.437847 10600
    554 13 15 25.434698 13 15 25.446760 10600
    555 13 15 25.444701 13 15 25.455742 10600
    556 13 15 25.454692 13 15 25.465195 10600
    557 13 15 25.464714 13 15 25.475128 10600
    558 13 15 25.474710 13 15 25.485133 10600
    559 13 15 25.484715 13 15 25.495125 10600
    560 13 15 25.494654 13 15 25.505109 10600
    561 13 15 25.504750 13 15 25.515457 10600
    562 13 15 25.514710 13 15 25.525180 10600
    563 13 15 25.524713 13 15 25.535121 10600
    564 13 15 25.534711 13 15 25.545125 10600
    565 13 15 25.544710 13 15 25.555181 10600
    566 13 15 25.554711 13 15 25.565214 10600
    567 13 15 25.564695 13 15 25.575132 10600
    568 13 15 25.574722 13 15 25.585205 10600
    569 13 15 25.584696 13 15 25.595141 10600
    570 13 15 25.594718 13 15 25.605353 10600
    571 13 15 25.604711 13 15 25.615127 10600
    572 13 15 25.614709 13 15 25.625115 10600
    573 13 15 25.624708 13 15 25.635100 10600
    574 13 15 25.634723 13 15 25.645098 10600
    575 13 15 25.644733 13 15 25.655214 10600
    576 13 15 25.654709 13 15 25.665130 10600
    577 13 15 25.664706 13 15 25.675117 10600
    578 13 15 25.674707 13 15 25.685128 10600
    579 13 15 25.684708 13 15 25.695115 10600
    580 13 15 25.694707 13 15 25.705127 10600
    581 13 15 25.704706 13 15 25.715226 10600
    582 13 15 25.714708 13 15 25.725135 10600
    583 13 15 25.724706 13 15 25.735119 10600
    584 13 15 25.734707 13 15 25.745128 10600
    585 13 15 25.744706 13 15 25.755112 10600
    586 13 15 25.754706 13 15 25.765110 10600
    587 13 15 25.764704 13 15 25.775109 10600
    588 13 15 25.774706 13 15 25.785126 10600
    589 13 15 25.784707 13 15 25.795338 10600
    590 13 15 25.794699 13 15 25.805095 10600
    591 13 15 25.804719 13 15 25.815100 10600
    592 13 15 25.814735 13 15 25.825178 10600
    593 13 15 25.824705 13 15 25.835073 10600
    594 13 15 25.834734 13 15 25.845145 10600
    595 13 15 25.844708 13 15 25.855109 10600
    596 13 15 25.854701 13 15 25.865100 10600
    597 13 15 25.864708 13 15 25.875099 10600
    598 13 15 25.874701 13 15 25.885110 10600
    599 13 15 25.884755 13 15 25.895194 10600
    600 13 15 25.894721 13 15 25.911142 10600
    601 13 15 25.904778 13 15 25.920009 10600
    602 13 15 25.914643 13 15 25.928923 10600
    603 13 15 25.924724 13 15 25.937885 10600
    604 13 15 25.934712 13 15 25.946798 10600
    605 13 15 25.944721 13 15 25.955781 10600
    606 13 15 25.954750 13 15 25.965326 10600
    607 13 15 25.964756 13 15 25.975255 10600
    608 13 15 25.974734 13 15 25.985206 10600
    609 13 15 25.984742 13 15 25.995217 10600
    610 13 15 25.994727 13 15 26.005182 10600
    611 13 15 26.004742 13 15 26.015164 10600
    612 13 15 26.014707 13 15 26.025126 10600
    613 13 15 26.024706 13 15 26.035101 10600
    614 13 15 26.034720 13 15 26.045142 10600
    615 13 15 26.044720 13 15 26.055133 10600
    616 13 15 26.054707 13 15 26.065128 10600
    617 13 15 26.064772 13 15 26.075247 10600
    618 13 15 26.074759 13 15 26.085177 10600
    619 13 15 26.084706 13 15 26.095110 10600
    620 13 15 26.094706 13 15 26.105119 10600
    621 13 15 26.104711 13 15 26.115118 10600
    622 13 15 26.114709 13 15 26.125122 10600
    623 13 15 26.124718 13 15 26.135114 10600
    624 13 15 26.134717 13 15 26.145141 10600
    625 13 15 26.144715 13 15 26.155128 10600
    626 13 15 26.154709 13 15 26.165105 10600
    627 13 15 26.164705 13 15 26.175173 10600
    628 13 15 26.174711 13 15 26.185148 10600
    629 13 15 26.184708 13 15 26.195125 10600
    630 13 15 26.194707 13 15 26.205199 10600
    631 13 15 26.204712 13 15 26.215147 10600
    632 13 15 26.214708 13 15 26.225128 10600
    633 13 15 26.224707 13 15 26.235126 10600
    634 13 15 26.234708 13 15 26.245127 10600
    635 13 15 26.244707 13 15 26.255112 10600
    636 13 15 26.254706 13 15 26.265162 10600
    637 13 15 26.264718 13 15 26.275175 10600
    638 13 15 26.274708 13 15 26.285150 10600
    639 13 15 26.284707 13 15 26.295117 10600
    640 13 15 26.294774 13 15 26.305195 10600
    641 13 15 26.304707 13 15 26.315128 10600
    642 13 15 26.314692 13 15 26.325082 10600
    643 13 15 26.324718 13 15 26.335149 10600
    644 13 15 26.334707 13 15 26.345245 10600
    645 13 15 26.344736 13 15 26.355181 10600
    646 13 15 26.354708 13 15 26.365133 10600
    647 13 15 26.364705 13 15 26.375119 10600
    648 13 15 26.374707 13 15 26.385114 10600
    649 13 15 26.384695 13 15 26.395074 10600
    650 13 15 26.394688 13 15 26.411155 10600
    651 13 15 26.404703 13 15 26.420085 10600
    652 13 15 26.414687 13 15 26.429033 10600
    653 13 15 26.424711 13 15 26.437982 10600
    654 13 15 26.434660 13 15 26.446933 10600
    655 13 15 26.444711 13 15 26.455891 10600
    656 13 15 26.454713 13 15 26.465167 10600
    657 13 15 26.464707 13 15 26.475114 10600
    658 13 15 26.474706 13 15 26.485125 10600
    659 13 15 26.484708 13 15 26.495104 10600
    660 13 15 26.494714 13 15 26.505213 10600
    661 13 15 26.504708 13 15 26.515135 10600
    662 13 15 26.514708 13 15 26.525147 10600
    663 13 15 26.524709 13 15 26.535129 10600
    664 13 15 26.534708 13 15 26.545131 10600
    665 13 15 26.544709 13 15 26.555130 10600
    666 13 15 26.554708 13 15 26.565139 10600
    667 13 15 26.564706 13 15 26.575116 10600
    668 13 15 26.574725 13 15 26.585177 10600
    669 13 15 26.584721 13 15 26.595155 10600
    670 13 15 26.594709 13 15 26.605207 10600
    671 13 15 26.604710 13 15 26.615296 10600
    672 13 15 26.614665 13 15 26.625123 10600
    673 13 15 26.624718 13 15 26.635227 10600
    674 13 15 26.634717 13 15 26.645172 10600
    675 13 15 26.644718 13 15 26.655132 10600
    676 13 15 26.654720 13 15 26.665119 10600
    677 13 15 26.664725 13 15 26.675133 10600
    678 13 15 26.674713 13 15 26.685335 10600
    679 13 15 26.684726 13 15 26.695143 10600
    680 13 15 26.694707 13 15 26.705127 10600
    681 13 15 26.704706 13 15 26.715192 10600
    682 13 15 26.714708 13 15 26.725138 10600
    683 13 15 26.724712 13 15 26.735119 10600
    684 13 15 26.734707 13 15 26.745125 10600
    685 13 15 26.744706 13 15 26.755106 10600
    686 13 15 26.754699 13 15 26.765145 10600
    687 13 15 26.764694 13 15 26.775082 10600
    688 13 15 26.774715 13 15 26.785205 10600
    689 13 15 26.784708 13 15 26.795230 10600
    690 13 15 26.794702 13 15 26.805108 10600
    691 13 15 26.804715 13 15 26.815151 10600
    692 13 15 26.814706 13 15 26.825146 10600
    693 13 15 26.824707 13 15 26.835118 10600
    694 13 15 26.834706 13 15 26.845121 10600
    695 13 15 26.844706 13 15 26.855121 10600
    696 13 15 26.854706 13 15 26.865117 10600
    697 13 15 26.864705 13 15 26.875157 10600
    698 13 15 26.874708 13 15 26.885214 10600
    699 13 15 26.884706 13 15 26.895105 10600
    700 13 15 26.894707 13 15 26.911031 10600
    701 13 15 26.904709 13 15 26.919965 10600
    702 13 15 26.914709 13 15 26.928898 10600
    703 13 15 26.924728 13 15 26.937856 10600
    704 13 15 26.934712 13 15 26.946798 10600
    705 13 15 26.944720 13 15 26.956061 10600
    706 13 15 26.954713 13 15 26.965264 10600
    707 13 15 26.964732 13 15 26.975335 10600
    708 13 15 26.974729 13 15 26.985163 10600
    709 13 15 26.984708 13 15 26.995242 10600
    710 13 15 26.994733 13 15 27.005451 10600
    711 13 15 27.004737 13 15 27.015174 10600
    712 13 15 27.014728 13 15 27.025240 10600
    713 13 15 27.024751 13 15 27.035267 10600
    714 13 15 27.034752 13 15 27.045252 10600
    715 13 15 27.044720 13 15 27.055181 10600
    716 13 15 27.054731 13 15 27.065211 10600
    717 13 15 27.064714 13 15 27.075192 10600
    718 13 15 27.074798 13 15 27.085200 10600
    719 13 15 27.084696 13 15 27.095088 10600
    720 13 15 27.094716 13 15 27.105194 10600
    721 13 15 27.104693 13 15 27.115096 10600
    722 13 15 27.114706 13 15 27.125105 10600
    723 13 15 27.124694 13 15 27.135065 10600
    724 13 15 27.134675 13 15 27.145118 10600
    725 13 15 27.144756 13 15 27.155184 10600
    726 13 15 27.154695 13 15 27.165074 10600
    727 13 15 27.164722 13 15 27.175240 10600
    728 13 15 27.174710 13 15 27.185137 10600
    729 13 15 27.184709 13 15 27.195122 10600
    730 13 15 27.194707 13 15 27.205330 10600
    731 13 15 27.204723 13 15 27.215203 10600
    732 13 15 27.214718 13 15 27.225281 10600
    733 13 15 27.224792 13 15 27.235208 10600
    734 13 15 27.234709 13 15 27.245197 10600
    735 13 15 27.244709 13 15 27.255244 10600
    736 13 15 27.254715 13 15 27.265159 10600
    737 13 15 27.264703 13 15 27.275086 10600
    738 13 15 27.274737 13 15 27.285142 10600
    739 13 15 27.284708 13 15 27.295121 10600
    740 13 15 27.294707 13 15 27.305147 10600
    741 13 15 27.304712 13 15 27.315129 10600
    742 13 15 27.314706 13 15 27.325130 10600
    743 13 15 27.324722 13 15 27.335212 10600
    744 13 15 27.334727 13 15 27.345307 10600
    745 13 15 27.344740 13 15 27.355268 10600
    746 13 15 27.354745 13 15 27.365268 10600
    747 13 15 27.364740 13 15 27.375247 10600
    748 13 15 27.374739 13 15 27.385206 10600
    749 13 15 27.384713 13 15 27.395174 10600
    750 13 15 27.394714 13 15 27.411111 10600
    751 13 15 27.404710 13 15 27.420065 10600
    752 13 15 27.414714 13 15 27.428978 10600
    753 13 15 27.424711 13 15 27.437913 10600
    754 13 15 27.434712 13 15 27.446861 10600
    755 13 15 27.444742 13 15 27.455762 10600
    756 13 15 27.454730 13 15 27.465263 10600
    757 13 15 27.464732 13 15 27.475159 10600
    758 13 15 27.474709 13 15 27.485125 10600
    759 13 15 27.484712 13 15 27.495125 10600
    760 13 15 27.494711 13 15 27.505141 10600
    761 13 15 27.504708 13 15 27.515118 10600
    762 13 15 27.514708 13 15 27.525119 10600
    763 13 15 27.524708 13 15 27.535115 10600
    764 13 15 27.534707 13 15 27.545117 10600
    765 13 15 27.544695 13 15 27.555116 10600
    766 13 15 27.554697 13 15 27.565115 10600
    767 13 15 27.564696 13 15 27.575141 10600
    768 13 15 27.574712 13 15 27.585201 10600
    769 13 15 27.584700 13 15 27.595126 10600
    770 13 15 27.594698 13 15 27.605138 10600
    771 13 15 27.604711 13 15 27.615123 10600
    772 13 15 27.614663 13 15 27.625091 10600
    773 13 15 27.624715 13 15 27.635193 10600
    774 13 15 27.634712 13 15 27.645168 10600
    775 13 15 27.644736 13 15 27.655200 10600
    776 13 15 27.654712 13 15 27.665147 10600
    777 13 15 27.664708 13 15 27.675114 10600
    778 13 15 27.674707 13 15 27.685121 10600
    779 13 15 27.684726 13 15 27.695219 10600
    780 13 15 27.694745 13 15 27.705259 10600
    781 13 15 27.704744 13 15 27.715274 10600
    782 13 15 27.714741 13 15 27.725272 10600
    783 13 15 27.724745 13 15 27.735230 10600
    784 13 15 27.734745 13 15 27.745239 10600
    785 13 15 27.744713 13 15 27.755486 10600
    786 13 15 27.754715 13 15 27.765132 10600
    787 13 15 27.764710 13 15 27.775231 10600
    788 13 15 27.774730 13 15 27.785229 10600
    789 13 15 27.784766 13 15 27.795206 10600
    790 13 15 27.794712 13 15 27.805239 10600
    791 13 15 27.804718 13 15 27.815159 10600
    792 13 15 27.814709 13 15 27.825147 10600
    793 13 15 27.824711 13 15 27.835117 10600
    794 13 15 27.834707 13 15 27.845148 10600
    795 13 15 27.844708 13 15 27.855118 10600
    796 13 15 27.854713 13 15 27.865148 10600
    797 13 15 27.864708 13 15 27.875121 10600
    798 13 15 27.874725 13 15 27.885173 10600
    799 13 15 27.884709 13 15 27.895150 10600
    800 13 15 27.894736 13 15 27.911146 10600
    801 13 15 27.904757 13 15 27.920044 10600
    802 13 15 27.914654 13 15 27.928990 10600
    803 13 15 27.924713 13 15 27.937940 10600
    804 13 15 27.934722 13 15 27.946888 10600
    805 13 15 27.944724 13 15 27.955836 10600
    806 13 15 27.954764 13 15 27.965194 10600
    807 13 15 27.964708 13 15 27.975121 10600
    808 13 15 27.974710 13 15 27.985157 10600
    809 13 15 27.984722 13 15 27.995132 10600
    810 13 15 27.994710 13 15 28.005140 10600
    811 13 15 28.004770 13 15 28.015263 10600
    812 13 15 28.014724 13 15 28.026234 10600
    813 13 15 28.024719 13 15 28.035187 10600
    814 13 15 28.034727 13 15 28.045208 10600
    815 13 15 28.044738 13 15 28.055180 10600
    816 13 15 28.054711 13 15 28.065166 10600
    817 13 15 28.064714 13 15 28.075192 10600
    818 13 15 28.074799 13 15 28.085273 10600
    819 13 15 28.084711 13 15 28.095134 10600
    820 13 15 28.094708 13 15 28.105160 10600
    821 13 15 28.104708 13 15 28.115145 10600
    822 13 15 28.114708 13 15 28.125220 10600
    823 13 15 28.124773 13 15 28.135179 10600
    824 13 15 28.134707 13 15 28.145206 10600
    825 13 15 28.144708 13 15 28.155225 10600
    826 13 15 28.154709 13 15 28.165189 10600
    827 13 15 28.164706 13 15 28.175198 10600
    828 13 15 28.174724 13 15 28.185176 10600
    829 13 15 28.184712 13 15 28.195136 10600
    830 13 15 28.194711 13 15 28.205192 10600
    831 13 15 28.204710 13 15 28.215227 10600
    832 13 15 28.214732 13 15 28.225363 10600
    833 13 15 28.224813 13 15 28.235254 10600
    834 13 15 28.234733 13 15 28.245232 10600
    835 13 15 28.244714 13 15 28.255130 10600
    836 13 15 28.254708 13 15 28.265194 10600
    837 13 15 28.264707 13 15 28.275171 10600
    838 13 15 28.274716 13 15 28.285185 10600
    839 13 15 28.284713 13 15 28.295231 10600
    840 13 15 28.294733 13 15 28.305379 10600
    841 13 15 28.304715 13 15 28.315235 10600
    842 13 15 28.314712 13 15 28.325576 10600
    843 13 15 28.324711 13 15 28.335159 10600
    844 13 15 28.334710 13 15 28.345134 10600
    845 13 15 28.344709 13 15 28.355129 10600
    846 13 15 28.354711 13 15 28.365124 10600
    847 13 15 28.364705 13 15 28.375119 10600
    848 13 15 28.374714 13 15 28.385170 10600
    849 13 15 28.384738 13 15 28.395251 10600
    850 13 15 28.394728 13 15 28.411360 10600
    851 13 15 28.404741 13 15 28.420035 10600
    852 13 15 28.414725 13 15 28.428996 10600
    853 13 15 28.424710 13 15 28.437940 10600
    854 13 15 28.434712 13 15 28.446844 10600
    855 13 15 28.444708 13 15 28.455762 10600
    856 13 15 28.454730 13 15 28.465215 10600
    857 13 15 28.464708 13 15 28.475183 10600
    858 13 15 28.474707 13 15 28.485129 10600
    859 13 15 28.484708 13 15 28.495190 10600
    860 13 15 28.494737 13 15 28.505258 10600
    861 13 15 28.504740 13 15 28.515231 10600
    862 13 15 28.514714 13 15 28.525148 10600
    863 13 15 28.524709 13 15 28.535228 10600
    864 13 15 28.534742 13 15 28.545286 10600
    865 13 15 28.544737 13 15 28.555261 10600
    866 13 15 28.554736 13 15 28.565245 10600
    867 13 15 28.564734 13 15 28.575245 10600
    868 13 15 28.574739 13 15 28.585249 10600
    869 13 15 28.584740 13 15 28.595168 10600
    870 13 15 28.594712 13 15 28.605139 10600
    871 13 15 28.604711 13 15 28.615138 10600
    872 13 15 28.614685 13 15 28.625219 10600
    873 13 15 28.624734 13 15 28.635232 10600
    874 13 15 28.634814 13 15 28.645261 10600
    875 13 15 28.644712 13 15 28.655149 10600
    876 13 15 28.654723 13 15 28.665189 10600
    877 13 15 28.664723 13 15 28.675171 10600
    878 13 15 28.674721 13 15 28.685183 10600
    879 13 15 28.684718 13 15 28.695163 10600
    880 13 15 28.694718 13 15 28.705171 10600
    881 13 15 28.704710 13 15 28.715143 10600
    882 13 15 28.714710 13 15 28.725128 10600
    883 13 15 28.724706 13 15 28.735117 10600
    884 13 15 28.734705 13 15 28.745120 10600
    885 13 15 28.744706 13 15 28.755127 10600
    886 13 15 28.754705 13 15 28.765107 10600
    887 13 15 28.764704 13 15 28.775113 10600
    888 13 15 28.774709 13 15 28.785132 10600
    889 13 15 28.784707 13 15 28.795387 10600
    890 13 15 28.794723 13 15 28.805375 10600
    891 13 15 28.804715 13 15 28.815217 10600
    892 13 15 28.814712 13 15 28.825220 10600
    893 13 15 28.824708 13 15 28.835121 10600
    894 13 15 28.834710 13 15 28.845140 10600
    895 13 15 28.844705 13 15 28.855109 10600
    896 13 15 28.854746 13 15 28.865179 10600
    897 13 15 28.864706 13 15 28.875160 10600
    898 13 15 28.874705 13 15 28.885123 10600
    899 13 15 28.884706 13 15 28.895119 10600
    900 13 15 28.894705 13 15 28.911068 10600
    901 13 15 28.904710 13 15 28.920048 10600
    902 13 15 28.914714 13 15 28.928975 10600
    903 13 15 28.924737 13 15 28.937922 10600
    904 13 15 28.934709 13 15 28.946875 10600
    905 13 15 28.944648 13 15 28.955771 10600
    906 13 15 28.954743 13 15 28.965274 10600
    907 13 15 28.964712 13 15 28.975131 10600
    908 13 15 28.974723 13 15 28.985141 10600
    909 13 15 28.984707 13 15 28.995135 10600
    910 13 15 28.994714 13 15 29.005147 10600
    911 13 15 29.004708 13 15 29.015160 10600
    912 13 15 29.014807 13 15 29.025218 10600
    913 13 15 29.024719 13 15 29.035168 10600
    914 13 15 29.034714 13 15 29.045169 10600
    915 13 15 29.044709 13 15 29.055247 10600
    916 13 15 29.054788 13 15 29.065228 10600
    917 13 15 29.064730 13 15 29.075155 10600
    918 13 15 29.074719 13 15 29.085180 10600
    919 13 15 29.084710 13 15 29.095130 10600
    920 13 15 29.094709 13 15 29.105143 10600
    921 13 15 29.104707 13 15 29.115128 10600
    922 13 15 29.114706 13 15 29.125106 10600
    923 13 15 29.124693 13 15 29.135066 10600
    924 13 15 29.134702 13 15 29.145137 10600
    925 13 15 29.144709 13 15 29.155210 10600
    926 13 15 29.154727 13 15 29.165227 10600
    927 13 15 29.164712 13 15 29.175463 10600
    928 13 15 29.174779 13 15 29.185417 10600
    929 13 15 29.184739 13 15 29.195350 10600
    930 13 15 29.194814 13 15 29.205456 10600
    931 13 15 29.204731 13 15 29.215337 10600
    932 13 15 29.214801 13 15 29.225297 10600
    933 13 15 29.224727 13 15 29.235309 10600
    934 13 15 29.234728 13 15 29.245235 10600
    935 13 15 29.244718 13 15 29.255310 10600
    936 13 15 29.254704 13 15 29.265150 10600
    937 13 15 29.264700 13 15 29.275173 10600
    938 13 15 29.274732 13 15 29.285146 10600
    939 13 15 29.284715 13 15 29.295139 10600
    940 13 15 29.294709 13 15 29.305181 10600
    941 13 15 29.304732 13 15 29.315201 10600
    942 13 15 29.314726 13 15 29.325858 10600
    943 13 15 29.324957 13 15 29.335936 10600
    944 13 15 29.334727 13 15 29.345168 10600
    945 13 15 29.344709 13 15 29.355122 10600
    946 13 15 29.354711 13 15 29.365366 10600
    947 13 15 29.364733 13 15 29.375226 10600
    948 13 15 29.374714 13 15 29.385170 10600
    949 13 15 29.384724 13 15 29.395216 10600
    950 13 15 29.394709 13 15 29.411325 10600
    951 13 15 29.404710 13 15 29.420166 10600
    952 13 15 29.414781 13 15 29.429014 10600
    953 13 15 29.424714 13 15 29.437940 10600
    954 13 15 29.434698 13 15 29.446874 10600
    955 13 15 29.444704 13 15 29.455877 10600
    956 13 15 29.454688 13 15 29.465192 10600
    957 13 15 29.464721 13 15 29.475155 10600
    958 13 15 29.474712 13 15 29.485132 10600
    959 13 15 29.484671 13 15 29.495253 10600
    960 13 15 29.494818 13 15 29.505361 10600
    961 13 15 29.504715 13 15 29.515146 10600
    962 13 15 29.514730 13 15 29.525221 10600
    963 13 15 29.524709 13 15 29.535221 10600
    964 13 15 29.534707 13 15 29.547852 10600
    965 13 15 29.544748 13 15 29.556124 10600
    966 13 15 29.554735 13 15 29.565225 10600
    967 13 15 29.564706 13 15 29.575116 10600
    968 13 15 29.574709 13 15 29.585132 10600
    969 13 15 29.584709 13 15 29.595189 10600
    970 13 15 29.594709 13 15 29.605135 10600
    971 13 15 29.604707 13 15 29.615127 10600
    972 13 15 29.614708 13 15 29.625132 10600
    973 13 15 29.624712 13 15 29.635117 10600
    974 13 15 29.634707 13 15 29.645130 10600
    975 13 15 29.644711 13 15 29.655135 10600
    976 13 15 29.654709 13 15 29.665134 10600
    977 13 15 29.664709 13 15 29.675292 10600
    978 13 15 29.674721 13 15 29.685195 10600
    979 13 15 29.684736 13 15 29.695154 10600
    980 13 15 29.694710 13 15 29.705239 10600
    981 13 15 29.704712 13 15 29.715129 10600
    982 13 15 29.714718 13 15 29.725159 10600
    983 13 15 29.724707 13 15 29.735234 10600
    984 13 15 29.734709 13 15 29.745148 10600
    985 13 15 29.744707 13 15 29.755113 10600
    986 13 15 29.754708 13 15 29.765107 10600
    987 13 15 29.764716 13 15 29.775131 10600
    988 13 15 29.774713 13 15 29.785119 10600
    989 13 15 29.784718 13 15 29.795131 10600
    990 13 15 29.794712 13 15 29.805146 10600
    991 13 15 29.804719 13 15 29.815090 10600
    992 13 15 29.814692 13 15 29.825140 10600
    993 13 15 29.824708 13 15 29.835170 10600
    994 13 15 29.834709 13 15 29.845144 10600
    995 13 15 29.844701 13 15 29.855136 10600
    996 13 15 29.854715 13 15 29.865299 10600
    997 13 15 29.864709 13 15 29.875133 10600
    998 13 15 29.874708 13 15 29.885107 10600
    999 13 15 29.884693 13 15 29.895109 10600
   1000 13 15 29.894724 13 15 29.911273 10600
