      1 13 17 57.826875 13 17 57.838968 11900
      2 13 17 57.836970 13 17 57.848981 11900
      3 13 17 57.846983 13 17 57.859032 11900
      4 13 17 57.856999 13 17 57.869005 11900
      5 13 17 57.866939 13 17 57.879038 11900
      6 13 17 57.876978 13 17 57.889071 11900
      7 13 17 57.886974 13 17 57.899107 11900
      8 13 17 57.896974 13 17 57.909137 11900
      9 13 17 57.906976 13 17 57.919189 11900
     10 13 17 57.916983 13 17 57.929239 11900
     11 13 17 57.927106 13 17 57.939351 11900
     12 13 17 57.937026 13 17 57.949370 11900
     13 13 17 57.946919 13 17 57.959378 11900
     14 13 17 57.957245 13 17 57.969402 11900
     15 13 17 57.967104 13 17 57.979398 11900
     16 13 17 57.976956 13 17 57.989437 11900
     17 13 17 57.987042 13 17 57.999465 11900
     18 13 17 57.997008 13 17 58.009503 11900
     19 13 17 58.006976 13 17 58.019590 11900
     20 13 17 58.016984 13 17 58.029572 11900
     21 13 17 58.026963 13 17 58.039605 11900
     22 13 17 58.036943 13 17 58.049644 11900
     23 13 17 58.047004 13 17 58.059682 11900
     24 13 17 58.057009 13 17 58.069712 11900
     25 13 17 58.066977 13 17 58.079746 11900
     26 13 17 58.076979 13 17 58.089781 11900
     27 13 17 58.086976 13 17 58.099815 11900
     28 13 17 58.096978 13 17 58.109896 11900
     29 13 17 58.106977 13 17 58.119888 11900
     30 13 17 58.116976 13 17 58.129941 11900
     31 13 17 58.126955 13 17 58.139974 11900
     32 13 17 58.136954 13 17 58.150024 11900
     33 13 17 58.146994 13 17 58.160071 11900
     34 13 17 58.156998 13 17 58.170107 11900
     35 13 17 58.166977 13 17 58.180101 11900
     36 13 17 58.176980 13 17 58.190322 11900
     37 13 17 58.186978 13 17 58.200184 11900
     38 13 17 58.196976 13 17 58.210267 11900
     39 13 17 58.206981 13 17 58.220229 11900
     40 13 17 58.216988 13 17 58.230262 11900
     41 13 17 58.227012 13 17 58.240417 11900
     42 13 17 58.237000 13 17 58.250438 11900
     43 13 17 58.246999 13 17 58.260378 11900
     44 13 17 58.256985 13 17 58.270439 11900
     45 13 17 58.266992 13 17 58.280593 11900
     46 13 17 58.277048 13 17 58.290509 11900
     47 13 17 58.286988 13 17 58.300569 11900
     48 13 17 58.296931 13 17 58.310566 11900
     49 13 17 58.307014 13 17 58.320585 11900
     50 13 17 58.317006 13 17 58.336224 11900
     51 13 17 58.326971 13 17 58.346259 11900
     52 13 17 58.336978 13 17 58.356020 11900
     53 13 17 58.346963 13 17 58.366292 11900
     54 13 17 58.356923 13 17 58.376049 11900
     55 13 17 58.366984 13 17 58.386316 11900
     56 13 17 58.376939 13 17 58.396057 11900
     57 13 17 58.386980 13 17 58.406323 11900
     58 13 17 58.396960 13 17 58.416060 11900
     59 13 17 58.406927 13 17 58.426341 11900
     60 13 17 58.416975 13 17 58.436087 11900
     61 13 17 58.426985 13 17 58.446368 11900
     62 13 17 58.436945 13 17 58.456113 11900
     63 13 17 58.447034 13 17 58.466379 11900
     64 13 17 58.457008 13 17 58.476134 11900
     65 13 17 58.466977 13 17 58.486392 11900
     66 13 17 58.476982 13 17 58.496146 11900
     67 13 17 58.486975 13 17 58.506419 11900
     68 13 17 58.496983 13 17 58.516173 11900
     69 13 17 58.506976 13 17 58.526437 11900
     70 13 17 58.516975 13 17 58.536338 11900
     71 13 17 58.526975 13 17 58.546458 11900
     72 13 17 58.536999 13 17 58.556306 11900
     73 13 17 58.546984 13 17 58.566727 11900
     74 13 17 58.556977 13 17 58.576281 11900
     75 13 17 58.567129 13 17 58.586495 11900
     76 13 17 58.576951 13 17 58.596483 11900
     77 13 17 58.587010 13 17 58.606484 11900
     78 13 17 58.597222 13 17 58.616250 11900
     79 13 17 58.606935 13 17 58.626530 11900
     80 13 17 58.616995 13 17 58.636305 11900
     81 13 17 58.626970 13 17 58.646543 11900
     82 13 17 58.636952 13 17 58.656357 11900
     83 13 17 58.646920 13 17 58.666716 11900
     84 13 17 58.656978 13 17 58.676358 11900
     85 13 17 58.666944 13 17 58.686553 11900
     86 13 17 58.676965 13 17 58.696426 11900
     87 13 17 58.686962 13 17 58.706578 11900
     88 13 17 58.696944 13 17 58.716366 11900
     89 13 17 58.706969 13 17 58.726612 11900
     90 13 17 58.716979 13 17 58.736361 11900
     91 13 17 58.726995 13 17 58.746757 11900
     92 13 17 58.736964 13 17 58.756433 11900
     93 13 17 58.747016 13 17 58.766736 11900
     94 13 17 58.756959 13 17 58.776372 11900
     95 13 17 58.766950 13 17 58.786774 11900
     96 13 17 58.776913 13 17 58.796565 11900
     97 13 17 58.786948 13 17 58.806677 11900
     98 13 17 58.797021 13 17 58.816422 11900
     99 13 17 58.806949 13 17 58.826686 11900
    100 13 17 58.816960 13 17 58.842396 11900
    101 13 17 58.826937 13 17 58.852662 11900
    102 13 17 58.836970 13 17 58.862476 11900
    103 13 17 58.846952 13 17 58.872729 11900
    104 13 17 58.856982 13 17 58.882438 11900
    105 13 17 58.866967 13 17 58.892702 11900
    106 13 17 58.876970 13 17 58.902450 11900
    107 13 17 58.886983 13 17 58.912723 11900
    108 13 17 58.896968 13 17 58.922469 11900
    109 13 17 58.906982 13 17 58.932752 11900
    110 13 17 58.916975 13 17 58.942487 11900
    111 13 17 58.926972 13 17 58.952773 11900
    112 13 17 58.936974 13 17 58.962529 11900
    113 13 17 58.946975 13 17 58.972790 11900
    114 13 17 58.956986 13 17 58.982536 11900
    115 13 17 58.966977 13 17 58.992839 11900
    116 13 17 58.976987 13 17 59.002554 11900
    117 13 17 58.986983 13 17 59.012836 11900
    118 13 17 58.996977 13 17 59.022573 11900
    119 13 17 59.006929 13 17 59.032932 11900
    120 13 17 59.016990 13 17 59.042622 11900
    121 13 17 59.026946 13 17 59.052858 11900
    122 13 17 59.037014 13 17 59.062604 11900
    123 13 17 59.046964 13 17 59.072878 11900
    124 13 17 59.056981 13 17 59.082625 11900
    125 13 17 59.066982 13 17 59.092975 11900
    126 13 17 59.076984 13 17 59.102702 11900
    127 13 17 59.086987 13 17 59.112935 11900
    128 13 17 59.096992 13 17 59.122698 11900
    129 13 17 59.107027 13 17 59.132959 11900
    130 13 17 59.116948 13 17 59.142712 11900
    131 13 17 59.126998 13 17 59.152949 11900
    132 13 17 59.137000 13 17 59.162694 11900
    133 13 17 59.146982 13 17 59.172994 11900
    134 13 17 59.156959 13 17 59.182763 11900
    135 13 17 59.166950 13 17 59.193021 11900
    136 13 17 59.176988 13 17 59.202739 11900
    137 13 17 59.186984 13 17 59.213028 11900
    138 13 17 59.197000 13 17 59.223281 11900
    139 13 17 59.207042 13 17 59.233038 11900
    140 13 17 59.216999 13 17 59.242778 11900
    141 13 17 59.227026 13 17 59.253084 11900
    142 13 17 59.236983 13 17 59.262807 11900
    143 13 17 59.246977 13 17 59.273080 11900
    144 13 17 59.256977 13 17 59.282927 11900
    145 13 17 59.266984 13 17 59.293111 11900
    146 13 17 59.276980 13 17 59.302894 11900
    147 13 17 59.287033 13 17 59.313152 11900
    148 13 17 59.297026 13 17 59.322906 11900
    149 13 17 59.306989 13 17 59.333134 11900
    150 13 17 59.317027 13 17 59.348787 11900
    151 13 17 59.326981 13 17 59.359074 11900
    152 13 17 59.336959 13 17 59.368876 11900
    153 13 17 59.346978 13 17 59.378588 11900
    154 13 17 59.356884 13 17 59.389282 11900
    155 13 17 59.366998 13 17 59.398848 11900
    156 13 17 59.376976 13 17 59.408703 11900
    157 13 17 59.387101 13 17 59.419074 11900
    158 13 17 59.396999 13 17 59.428789 11900
    159 13 17 59.406975 13 17 59.438546 11900
    160 13 17 59.416989 13 17 59.449057 11900
    161 13 17 59.426976 13 17 59.458786 11900
    162 13 17 59.436984 13 17 59.468558 11900
    163 13 17 59.446984 13 17 59.479067 11900
    164 13 17 59.456974 13 17 59.488778 11900
    165 13 17 59.466965 13 17 59.498527 11900
    166 13 17 59.477077 13 17 59.509047 11900
    167 13 17 59.486975 13 17 59.518777 11900
    168 13 17 59.496946 13 17 59.528522 11900
    169 13 17 59.506973 13 17 59.539048 11900
    170 13 17 59.516975 13 17 59.548769 11900
    171 13 17 59.526941 13 17 59.558517 11900
    172 13 17 59.536982 13 17 59.569045 11900
    173 13 17 59.546976 13 17 59.578792 11900
    174 13 17 59.556939 13 17 59.588537 11900
    175 13 17 59.567129 13 17 59.599038 11900
    176 13 17 59.576985 13 17 59.608800 11900
    177 13 17 59.586987 13 17 59.618471 11900
    178 13 17 59.596971 13 17 59.629105 11900
    179 13 17 59.606974 13 17 59.638761 11900
    180 13 17 59.616982 13 17 59.648505 11900
    181 13 17 59.626973 13 17 59.659027 11900
    182 13 17 59.636975 13 17 59.668753 11900
    183 13 17 59.646934 13 17 59.678502 11900
    184 13 17 59.656953 13 17 59.689022 11900
    185 13 17 59.666974 13 17 59.698748 11900
    186 13 17 59.676934 13 17 59.708500 11900
    187 13 17 59.686950 13 17 59.719019 11900
    188 13 17 59.696975 13 17 59.728743 11900
    189 13 17 59.706921 13 17 59.738568 11900
    190 13 17 59.716945 13 17 59.749034 11900
    191 13 17 59.726973 13 17 59.758754 11900
    192 13 17 59.737008 13 17 59.768501 11900
    193 13 17 59.746960 13 17 59.779010 11900
    194 13 17 59.756973 13 17 59.788738 11900
    195 13 17 59.766959 13 17 59.798489 11900
    196 13 17 59.776936 13 17 59.809013 11900
    197 13 17 59.786976 13 17 59.818759 11900
    198 13 17 59.797004 13 17 59.828484 11900
    199 13 17 59.806935 13 17 59.839005 11900
    200 13 17 59.816977 13 17 59.854694 11900
    201 13 17 59.826915 13 17 59.864404 11900
    202 13 17 59.836936 13 17 59.874932 11900
    203 13 17 59.846980 13 17 59.884650 11900
    204 13 17 59.856980 13 17 59.894388 11900
    205 13 17 59.867561 13 17 59.904918 11900
    206 13 17 59.876975 13 17 59.914645 11900
    207 13 17 59.887008 13 17 59.924391 11900
    208 13 17 59.896976 13 17 59.934109 11900
    209 13 17 59.906978 13 17 59.944901 11900
    210 13 17 59.916921 13 17 59.954616 11900
    211 13 17 59.926986 13 17 59.964370 11900
    212 13 17 59.936976 13 17 59.974088 11900
    213 13 17 59.946980 13 17 59.984890 11900
    214 13 17 59.956977 13 17 59.994596 11900
    215 13 17 59.966970 13 18 0.004338 11900
    216 13 17 59.976976 13 18 0.014071 11900
    217 13 17 59.986977 13 18 0.024857 11900
    218 13 17 59.996975 13 18 0.034563 11900
    219 13 18 0.006961 13 18 0.044292 11900
    220 13 18 0.016976 13 18 0.054051 11900
    221 13 18 0.026963 13 18 0.064840 11900
    222 13 18 0.037008 13 18 0.074598 11900
    223 13 18 0.046932 13 18 0.084322 11900
    224 13 18 0.056995 13 18 0.094084 11900
    225 13 18 0.066977 13 18 0.104869 11900
    226 13 18 0.077011 13 18 0.114546 11900
    227 13 18 0.086995 13 18 0.124295 11900
    228 13 18 0.097058 13 18 0.134041 11900
    229 13 18 0.107000 13 18 0.144800 11900
    230 13 18 0.117019 13 18 0.154544 11900
    231 13 18 0.127041 13 18 0.164316 11900
    232 13 18 0.137027 13 18 0.173996 11900
    233 13 18 0.146980 13 18 0.184784 11900
    234 13 18 0.157051 13 18 0.194525 11900
    235 13 18 0.166975 13 18 0.204235 11900
    236 13 18 0.176976 13 18 0.214001 11900
    237 13 18 0.186976 13 18 0.224756 11900
    238 13 18 0.197047 13 18 0.234498 11900
    239 13 18 0.206977 13 18 0.244212 11900
    240 13 18 0.216975 13 18 0.253948 11900
    241 13 18 0.226976 13 18 0.264736 11900
    242 13 18 0.236926 13 18 0.274502 11900
    243 13 18 0.246983 13 18 0.284215 11900
    244 13 18 0.256986 13 18 0.293964 11900
    245 13 18 0.267007 13 18 0.304868 11900
    246 13 18 0.276990 13 18 0.314522 11900
    247 13 18 0.286987 13 18 0.324205 11900
    248 13 18 0.296976 13 18 0.333912 11900
    249 13 18 0.306975 13 18 0.344736 11900
    250 13 18 0.316984 13 18 0.361539 11900
    251 13 18 0.326956 13 18 0.370121 11900
    252 13 18 0.336951 13 18 0.379820 11900
    253 13 18 0.346999 13 18 0.390773 11900
    254 13 18 0.356983 13 18 0.400400 11900
    255 13 18 0.366978 13 18 0.410171 11900
    256 13 18 0.376926 13 18 0.419931 11900
    257 13 18 0.386999 13 18 0.430711 11900
    258 13 18 0.397048 13 18 0.440340 11900
    259 13 18 0.407061 13 18 0.450084 11900
    260 13 18 0.417107 13 18 0.459844 11900
    261 13 18 0.427018 13 18 0.470630 11900
    262 13 18 0.437047 13 18 0.480300 11900
    263 13 18 0.446979 13 18 0.490020 11900
    264 13 18 0.457104 13 18 0.499760 11900
    265 13 18 0.467103 13 18 0.510574 11900
    266 13 18 0.476992 13 18 0.520445 11900
    267 13 18 0.486976 13 18 0.530001 11900
    268 13 18 0.496980 13 18 0.539736 11900
    269 13 18 0.506980 13 18 0.550526 11900
    270 13 18 0.516985 13 18 0.560253 11900
    271 13 18 0.526977 13 18 0.570057 11900
    272 13 18 0.536985 13 18 0.579720 11900
    273 13 18 0.546984 13 18 0.590619 11900
    274 13 18 0.556965 13 18 0.600271 11900
    275 13 18 0.566977 13 18 0.609985 11900
    276 13 18 0.577042 13 18 0.619701 11900
    277 13 18 0.586980 13 18 0.630587 11900
    278 13 18 0.596949 13 18 0.640247 11900
    279 13 18 0.606989 13 18 0.649955 11900
    280 13 18 0.617043 13 18 0.659688 11900
    281 13 18 0.627113 13 18 0.670528 11900
    282 13 18 0.636945 13 18 0.680300 11900
    283 13 18 0.647010 13 18 0.690000 11900
    284 13 18 0.657000 13 18 0.699658 11900
    285 13 18 0.666986 13 18 0.710480 11900
    286 13 18 0.676930 13 18 0.720173 11900
    287 13 18 0.687026 13 18 0.729910 11900
    288 13 18 0.696970 13 18 0.739638 11900
    289 13 18 0.706990 13 18 0.750421 11900
    290 13 18 0.716979 13 18 0.760151 11900
    291 13 18 0.726975 13 18 0.769908 11900
    292 13 18 0.736986 13 18 0.779639 11900
    293 13 18 0.746959 13 18 0.806515 11900
    294 13 18 0.756977 13 18 0.816206 11900
    295 13 18 0.767025 13 18 0.825921 11900
    296 13 18 0.776987 13 18 0.835662 11900
    297 13 18 0.803209 13 18 0.846458 11900
    298 13 18 0.803294 13 18 0.856252 11900
    299 13 18 0.813582 13 18 0.865913 11900
    300 13 18 0.816974 13 18 0.881278 11900
    301 13 18 0.835232 13 18 0.892195 11900
    302 13 18 0.837002 13 18 0.901935 11900
    303 13 18 0.855792 13 18 0.912018 11900
    304 13 18 0.856978 13 18 0.921759 11900
    305 13 18 0.877744 13 18 0.931486 11900
    306 13 18 0.878185 13 18 0.941215 11900
    307 13 18 0.903916 13 18 0.952194 11900
    308 13 18 0.903964 13 18 0.961950 11900
    309 13 18 0.923715 13 18 0.972128 11900
    310 13 18 0.923754 13 18 0.981767 11900
    311 13 18 0.945599 13 18 0.991538 11900
    312 13 18 0.945637 13 18 1.001273 11900
    313 13 18 0.966726 13 18 1.012040 11900
    314 13 18 0.966786 13 18 1.021724 11900
    315 13 18 0.966978 13 18 1.031570 11900
    316 13 18 0.986188 13 18 1.041158 11900
    317 13 18 0.986990 13 18 1.052141 11900
    318 13 18 1.006896 13 18 1.062095 11900
    319 13 18 1.006926 13 18 1.071757 11900
    320 13 18 1.028651 13 18 1.081488 11900
    321 13 18 1.028710 13 18 1.091207 11900
    322 13 18 1.050485 13 18 1.102160 11900
    323 13 18 1.050521 13 18 1.111923 11900
    324 13 18 1.071261 13 18 1.122039 11900
    325 13 18 1.071296 13 18 1.131753 11900
    326 13 18 1.093164 13 18 1.141570 11900
    327 13 18 1.093201 13 18 1.151210 11900
    328 13 18 1.096953 13 18 1.162192 11900
    329 13 18 1.116695 13 18 1.172052 11900
    330 13 18 1.116981 13 18 1.181770 11900
    331 13 18 1.138695 13 18 1.191497 11900
    332 13 18 1.138765 13 18 1.201243 11900
    333 13 18 1.160463 13 18 1.212221 11900
    334 13 18 1.160535 13 18 1.221926 11900
    335 13 18 1.181286 13 18 1.232097 11900
    336 13 18 1.181329 13 18 1.241798 11900
    337 13 18 1.203184 13 18 1.251524 11900
    338 13 18 1.203232 13 18 1.261247 11900
    339 13 18 1.207006 13 18 1.272203 11900
    340 13 18 1.227155 13 18 1.282060 11900
    341 13 18 1.227230 13 18 1.291790 11900
    342 13 18 1.248645 13 18 1.301515 11900
    343 13 18 1.248701 13 18 1.311304 11900
    344 13 18 1.272937 13 18 1.322192 11900
    345 13 18 1.272982 13 18 1.331993 11900
    346 13 18 1.276971 13 18 1.342171 11900
    347 13 18 1.301126 13 18 1.351858 11900
    348 13 18 1.301174 13 18 1.361583 11900
    349 13 18 1.306963 13 18 1.371272 11900
    350 13 18 1.327869 13 18 1.388933 11900
    351 13 18 1.327939 13 18 1.397864 11900
    352 13 18 1.351525 13 18 1.408881 11900
    353 13 18 1.351604 13 18 1.417708 11900
    354 13 18 1.357010 13 18 1.427437 11900
    355 13 18 1.378120 13 18 1.437262 11900
    356 13 18 1.378158 13 18 1.448113 11900
    357 13 18 1.386988 13 18 1.457854 11900
    358 13 18 1.412497 13 18 1.467981 11900
    359 13 18 1.412533 13 18 1.477711 11900
    360 13 18 1.436687 13 18 1.487444 11900
    361 13 18 1.436733 13 18 1.497165 11900
    362 13 18 1.436939 13 18 1.508254 11900
    363 13 18 1.461149 13 18 1.518000 11900
    364 13 18 1.461195 13 18 1.527724 11900
    365 13 18 1.484523 13 18 1.537453 11900
    366 13 18 1.484560 13 18 1.547206 11900
    367 13 18 1.486928 13 18 1.558173 11900
    368 13 18 1.512668 13 18 1.568014 11900
    369 13 18 1.512704 13 18 1.577747 11900
    370 13 18 1.516964 13 18 1.587482 11900
    371 13 18 1.539397 13 18 1.597256 11900
    372 13 18 1.539431 13 18 1.608207 11900
    373 13 18 1.546914 13 18 1.617894 11900
    374 13 18 1.572524 13 18 1.628007 11900
    375 13 18 1.572633 13 18 1.637832 11900
    376 13 18 1.576972 13 18 1.647508 11900
    377 13 18 1.599203 13 18 1.657207 11900
    378 13 18 1.599248 13 18 1.668137 11900
    379 13 18 1.606933 13 18 1.678065 11900
    380 13 18 1.632406 13 18 1.688023 11900
    381 13 18 1.632442 13 18 1.697738 11900
    382 13 18 1.636963 13 18 1.707536 11900
    383 13 18 1.661548 13 18 1.717194 11900
    384 13 18 1.661576 13 18 1.728129 11900
    385 13 18 1.666933 13 18 1.737927 11900
    386 13 18 1.676971 13 18 1.747618 11900
    387 13 18 1.686987 13 18 1.758017 11900
    388 13 18 1.712540 13 18 1.767693 11900
    389 13 18 1.712720 13 18 1.777600 11900
    390 13 18 1.716966 13 18 1.787302 11900
    391 13 18 1.726964 13 18 1.798137 11900
    392 13 18 1.736964 13 18 1.807984 11900
    393 13 18 1.746979 13 18 1.817628 11900
    394 13 18 1.756977 13 18 1.828034 11900
    395 13 18 1.766966 13 18 1.837714 11900
    396 13 18 1.776961 13 18 1.847483 11900
    397 13 18 1.786929 13 18 1.857167 11900
    398 13 18 1.796964 13 18 1.868150 11900
    399 13 18 1.806947 13 18 1.877870 11900
    400 13 18 1.816973 13 18 1.894574 11900
    401 13 18 1.827001 13 18 1.903982 11900
    402 13 18 1.836965 13 18 1.913695 11900
    403 13 18 1.846975 13 18 1.923502 11900
    404 13 18 1.856946 13 18 1.933158 11900
    405 13 18 1.866989 13 18 1.944108 11900
    406 13 18 1.876987 13 18 1.953892 11900
    407 13 18 1.886976 13 18 1.963532 11900
    408 13 18 1.896983 13 18 1.973239 11900
    409 13 18 1.916980 13 18 1.983956 11900
    410 13 18 1.917053 13 18 1.993656 11900
    411 13 18 1.927058 13 18 2.003314 11900
    412 13 18 1.936945 13 18 2.013024 11900
    413 13 18 1.946998 13 18 2.024002 11900
    414 13 18 1.956973 13 18 2.033732 11900
    415 13 18 1.966982 13 18 2.043480 11900
    416 13 18 1.976942 13 18 2.053819 11900
    417 13 18 1.987010 13 18 2.063588 11900
    418 13 18 1.996999 13 18 2.073301 11900
    419 13 18 2.006937 13 18 2.083029 11900
    420 13 18 2.016976 13 18 2.093963 11900
    421 13 18 2.026975 13 18 2.103709 11900
    422 13 18 2.036976 13 18 2.113456 11900
    423 13 18 2.046975 13 18 2.123822 11900
    424 13 18 2.056973 13 18 2.133551 11900
    425 13 18 2.066965 13 18 2.143308 11900
    426 13 18 2.076935 13 18 2.153023 11900
    427 13 18 2.086977 13 18 2.163978 11900
    428 13 18 2.096976 13 18 2.173706 11900
    429 13 18 2.106996 13 18 2.183434 11900
    430 13 18 2.116976 13 18 2.193801 11900
    431 13 18 2.126974 13 18 2.203548 11900
    432 13 18 2.136995 13 18 2.213255 11900
    433 13 18 2.147054 13 18 2.223037 11900
    434 13 18 2.157027 13 18 2.233932 11900
    435 13 18 2.166974 13 18 2.243691 11900
    436 13 18 2.176991 13 18 2.253422 11900
    437 13 18 2.186977 13 18 2.263783 11900
    438 13 18 2.196975 13 18 2.273569 11900
    439 13 18 2.206989 13 18 2.283253 11900
    440 13 18 2.217029 13 18 2.292961 11900
    441 13 18 2.226983 13 18 2.303910 11900
    442 13 18 2.236993 13 18 2.313641 11900
    443 13 18 2.246977 13 18 2.323376 11900
    444 13 18 2.256975 13 18 2.333753 11900
    445 13 18 2.266979 13 18 2.343532 11900
    446 13 18 2.277035 13 18 2.353264 11900
    447 13 18 2.287085 13 18 2.362940 11900
    448 13 18 2.296969 13 18 2.373889 11900
    449 13 18 2.307077 13 18 2.383617 11900
    450 13 18 2.316975 13 18 2.399325 11900
    451 13 18 2.326976 13 18 2.410432 11900
    452 13 18 2.336974 13 18 2.419427 11900
    453 13 18 2.347001 13 18 2.429158 11900
    454 13 18 2.356981 13 18 2.438883 11900
    455 13 18 2.366944 13 18 2.449844 11900
    456 13 18 2.377013 13 18 2.459518 11900
    457 13 18 2.386976 13 18 2.469231 11900
    458 13 18 2.396976 13 18 2.478991 11900
    459 13 18 2.407070 13 18 2.489628 11900
    460 13 18 2.423977 13 18 2.499353 11900
    461 13 18 2.426969 13 18 2.509063 11900
    462 13 18 2.437002 13 18 2.518816 11900
    463 13 18 2.446933 13 18 2.529752 11900
    464 13 18 2.456976 13 18 2.539474 11900
    465 13 18 2.466990 13 18 2.549186 11900
    466 13 18 2.476976 13 18 2.558946 11900
    467 13 18 2.486974 13 18 2.569793 11900
    468 13 18 2.496926 13 18 2.579311 11900
    469 13 18 2.506985 13 18 2.589045 11900
    470 13 18 2.516976 13 18 2.598771 11900
    471 13 18 2.526975 13 18 2.609722 11900
    472 13 18 2.536976 13 18 2.619441 11900
    473 13 18 2.546953 13 18 2.629147 11900
    474 13 18 2.556976 13 18 2.638923 11900
    475 13 18 2.566984 13 18 2.649541 11900
    476 13 18 2.576979 13 18 2.659250 11900
    477 13 18 2.586965 13 18 2.669011 11900
    478 13 18 2.596975 13 18 2.678723 11900
    479 13 18 2.606977 13 18 2.689674 11900
    480 13 18 2.616989 13 18 2.699400 11900
    481 13 18 2.626916 13 18 2.709115 11900
    482 13 18 2.636975 13 18 2.718898 11900
    483 13 18 2.646977 13 18 2.729518 11900
    484 13 18 2.657004 13 18 2.739217 11900
    485 13 18 2.666933 13 18 2.748978 11900
    486 13 18 2.676975 13 18 2.758684 11900
    487 13 18 2.686976 13 18 2.769638 11900
    488 13 18 2.696971 13 18 2.779367 11900
    489 13 18 2.706976 13 18 2.789101 11900
    490 13 18 2.716975 13 18 2.798827 11900
    491 13 18 2.726938 13 18 2.809467 11900
    492 13 18 2.736982 13 18 2.819157 11900
    493 13 18 2.746977 13 18 2.828936 11900
    494 13 18 2.756974 13 18 2.838692 11900
    495 13 18 2.766970 13 18 2.849580 11900
    496 13 18 2.776933 13 18 2.859316 11900
    497 13 18 2.787008 13 18 2.869060 11900
    498 13 18 2.796990 13 18 2.878771 11900
    499 13 18 2.806976 13 18 2.889459 11900
    500 13 18 2.817018 13 18 2.905107 11900
    501 13 18 2.826964 13 18 2.914807 11900
    502 13 18 2.836980 13 18 2.924535 11900
    503 13 18 2.846975 13 18 2.935481 11900
    504 13 18 2.857021 13 18 2.945212 11900
    505 13 18 2.866975 13 18 2.954950 11900
    506 13 18 2.876971 13 18 2.964672 11900
    507 13 18 2.886978 13 18 2.975309 11900
    508 13 18 2.896976 13 18 2.985044 11900
    509 13 18 2.906976 13 18 2.994778 11900
    510 13 18 2.916977 13 18 3.004509 11900
    511 13 18 2.926975 13 18 3.015458 11900
    512 13 18 2.936976 13 18 3.025166 11900
    513 13 18 2.946975 13 18 3.034902 11900
    514 13 18 2.956973 13 18 3.044623 11900
    515 13 18 2.966980 13 18 3.054358 11900
    516 13 18 2.976976 13 18 3.065253 11900
    517 13 18 3.001574 13 18 3.074987 11900
    518 13 18 3.001621 13 18 3.084708 11900
    519 13 18 3.006950 13 18 3.094438 11900
    520 13 18 3.017008 13 18 3.105408 11900
    521 13 18 3.026975 13 18 3.115113 11900
    522 13 18 3.036976 13 18 3.124842 11900
    523 13 18 3.046983 13 18 3.134565 11900
    524 13 18 3.056925 13 18 3.144296 11900
    525 13 18 3.066977 13 18 3.155190 11900
    526 13 18 3.076986 13 18 3.164915 11900
    527 13 18 3.086993 13 18 3.174643 11900
    528 13 18 3.096979 13 18 3.184380 11900
    529 13 18 3.106955 13 18 3.195323 11900
    530 13 18 3.116976 13 18 3.205099 11900
    531 13 18 3.126927 13 18 3.214777 11900
    532 13 18 3.136986 13 18 3.224505 11900
    533 13 18 3.146977 13 18 3.234287 11900
    534 13 18 3.156975 13 18 3.245128 11900
    535 13 18 3.166974 13 18 3.254853 11900
    536 13 18 3.176917 13 18 3.264578 11900
    537 13 18 3.186992 13 18 3.274328 11900
    538 13 18 3.196981 13 18 3.285258 11900
    539 13 18 3.206967 13 18 3.294972 11900
    540 13 18 3.216965 13 18 3.304710 11900
    541 13 18 3.226926 13 18 3.314439 11900
    542 13 18 3.236965 13 18 3.324183 11900
    543 13 18 3.246955 13 18 3.335070 11900
    544 13 18 3.256965 13 18 3.344800 11900
    545 13 18 3.266976 13 18 3.354527 11900
    546 13 18 3.276933 13 18 3.364255 11900
    547 13 18 3.287011 13 18 3.375194 11900
    548 13 18 3.296975 13 18 3.384922 11900
    549 13 18 3.306976 13 18 3.394702 11900
    550 13 18 3.316964 13 18 3.410397 11900
    551 13 18 3.326913 13 18 3.420040 11900
    552 13 18 3.336908 13 18 3.430946 11900
    553 13 18 3.346976 13 18 3.440658 11900
    554 13 18 3.356974 13 18 3.450388 11900
    555 13 18 3.366973 13 18 3.460137 11900
    556 13 18 3.376976 13 18 3.471068 11900
    557 13 18 3.387271 13 18 3.480828 11900
    558 13 18 3.396990 13 18 3.490488 11900
    559 13 18 3.406975 13 18 3.500328 11900
    560 13 18 3.416977 13 18 3.509978 11900
    561 13 18 3.445038 13 18 3.520894 11900
    562 13 18 3.445076 13 18 3.530578 11900
    563 13 18 3.446918 13 18 3.540373 11900
    564 13 18 3.456976 13 18 3.550060 11900
    565 13 18 3.467003 13 18 3.560998 11900
    566 13 18 3.476989 13 18 3.570933 11900
    567 13 18 3.486962 13 18 3.580454 11900
    568 13 18 3.497028 13 18 3.590215 11900
    569 13 18 3.506984 13 18 3.599917 11900
    570 13 18 3.516923 13 18 3.610821 11900
    571 13 18 3.526934 13 18 3.620550 11900
    572 13 18 3.536977 13 18 3.630345 11900
    573 13 18 3.546977 13 18 3.640175 11900
    574 13 18 3.556972 13 18 3.650952 11900
    575 13 18 3.566977 13 18 3.660793 11900
    576 13 18 3.576988 13 18 3.670402 11900
    577 13 18 3.586978 13 18 3.680124 11900
    578 13 18 3.597016 13 18 3.689938 11900
    579 13 18 3.606975 13 18 3.700763 11900
    580 13 18 3.616981 13 18 3.710480 11900
    581 13 18 3.627014 13 18 3.720308 11900
    582 13 18 3.637001 13 18 3.729984 11900
    583 13 18 3.646987 13 18 3.740882 11900
    584 13 18 3.657001 13 18 3.750614 11900
    585 13 18 3.666970 13 18 3.760435 11900
    586 13 18 3.676976 13 18 3.770042 11900
    587 13 18 3.686974 13 18 3.779844 11900
    588 13 18 3.696985 13 18 3.790687 11900
    589 13 18 3.706998 13 18 3.800425 11900
    590 13 18 3.716930 13 18 3.810141 11900
    591 13 18 3.726960 13 18 3.819880 11900
    592 13 18 3.736977 13 18 3.830819 11900
    593 13 18 3.746996 13 18 3.840625 11900
    594 13 18 3.756959 13 18 3.850331 11900
    595 13 18 3.766979 13 18 3.860014 11900
    596 13 18 3.776968 13 18 3.869734 11900
    597 13 18 3.786975 13 18 3.880625 11900
    598 13 18 3.796991 13 18 3.890334 11900
    599 13 18 3.806978 13 18 3.900084 11900
    600 13 18 3.816937 13 18 3.915760 11900
    601 13 18 3.826983 13 18 3.926683 11900
    602 13 18 3.836954 13 18 3.936398 11900
    603 13 18 3.846997 13 18 3.946139 11900
    604 13 18 3.856976 13 18 3.955861 11900
    605 13 18 3.866963 13 18 3.965732 11900
    606 13 18 3.876987 13 18 3.976493 11900
    607 13 18 3.886941 13 18 3.986275 11900
    608 13 18 3.896986 13 18 3.995950 11900
    609 13 18 3.906984 13 18 4.005673 11900
    610 13 18 3.916965 13 18 4.016629 11900
    611 13 18 3.926975 13 18 4.026354 11900
    612 13 18 3.956579 13 18 4.036080 11900
    613 13 18 3.956623 13 18 4.045806 11900
    614 13 18 3.956910 13 18 4.055540 11900
    615 13 18 3.966937 13 18 4.066504 11900
    616 13 18 3.976976 13 18 4.076471 11900
    617 13 18 3.986975 13 18 4.086253 11900
    618 13 18 3.996977 13 18 4.095978 11900
    619 13 18 4.006982 13 18 4.105739 11900
    620 13 18 4.016981 13 18 4.116723 11900
    621 13 18 4.026975 13 18 4.126371 11900
    622 13 18 4.036977 13 18 4.136134 11900
    623 13 18 4.046973 13 18 4.145820 11900
    624 13 18 4.056930 13 18 4.155624 11900
    625 13 18 4.066918 13 18 4.166501 11900
    626 13 18 4.076976 13 18 4.176448 11900
    627 13 18 4.086973 13 18 4.186243 11900
    628 13 18 4.096975 13 18 4.195927 11900
    629 13 18 4.106999 13 18 4.205765 11900
    630 13 18 4.117062 13 18 4.216660 11900
    631 13 18 4.126977 13 18 4.226486 11900
    632 13 18 4.137088 13 18 4.236029 11900
    633 13 18 4.147083 13 18 4.245758 11900
    634 13 18 4.156987 13 18 4.255460 11900
    635 13 18 4.166977 13 18 4.266430 11900
    636 13 18 4.176976 13 18 4.276419 11900
    637 13 18 4.186976 13 18 4.286165 11900
    638 13 18 4.196977 13 18 4.295879 11900
    639 13 18 4.206992 13 18 4.305621 11900
    640 13 18 4.216939 13 18 4.316592 11900
    641 13 18 4.226975 13 18 4.326265 11900
    642 13 18 4.236963 13 18 4.336020 11900
    643 13 18 4.246960 13 18 4.347573 11900
    644 13 18 4.256961 13 18 4.355996 11900
    645 13 18 4.266962 13 18 4.367142 11900
    646 13 18 4.276970 13 18 4.376900 11900
    647 13 18 4.286978 13 18 4.386643 11900
    648 13 18 4.296972 13 18 4.396369 11900
    649 13 18 4.307020 13 18 4.406100 11900
    650 13 18 4.316919 13 18 4.423384 11900
    651 13 18 4.326946 13 18 4.432208 11900
    652 13 18 4.336975 13 18 4.441932 11900
    653 13 18 4.347268 13 18 4.451653 11900
    654 13 18 4.356968 13 18 4.461386 11900
    655 13 18 4.366903 13 18 4.472363 11900
    656 13 18 4.376979 13 18 4.482364 11900
    657 13 18 4.386976 13 18 4.492042 11900
    658 13 18 4.396974 13 18 4.501789 11900
    659 13 18 4.407193 13 18 4.511773 11900
    660 13 18 4.416986 13 18 4.522523 11900
    661 13 18 4.426979 13 18 4.532218 11900
    662 13 18 4.436912 13 18 4.541927 11900
    663 13 18 4.446970 13 18 4.551637 11900
    664 13 18 4.456977 13 18 4.561390 11900
    665 13 18 4.466974 13 18 4.572334 11900
    666 13 18 4.476975 13 18 4.582308 11900
    667 13 18 4.486975 13 18 4.592034 11900
    668 13 18 4.496921 13 18 4.601753 11900
    669 13 18 4.506984 13 18 4.611483 11900
    670 13 18 4.516931 13 18 4.622430 11900
    671 13 18 4.526970 13 18 4.632159 11900
    672 13 18 4.536986 13 18 4.641887 11900
    673 13 18 4.546961 13 18 4.651614 11900
    674 13 18 4.556979 13 18 4.661356 11900
    675 13 18 4.566932 13 18 4.672259 11900
    676 13 18 4.576930 13 18 4.682285 11900
    677 13 18 4.587009 13 18 4.692002 11900
    678 13 18 4.596981 13 18 4.701727 11900
    679 13 18 4.606977 13 18 4.711470 11900
    680 13 18 4.616977 13 18 4.722424 11900
    681 13 18 4.626959 13 18 4.732136 11900
    682 13 18 4.637023 13 18 4.741884 11900
    683 13 18 4.646944 13 18 4.751592 11900
    684 13 18 4.656976 13 18 4.761345 11900
    685 13 18 4.666972 13 18 4.772363 11900
    686 13 18 4.676974 13 18 4.782255 11900
    687 13 18 4.686981 13 18 4.791987 11900
    688 13 18 4.696978 13 18 4.801755 11900
    689 13 18 4.706957 13 18 4.811450 11900
    690 13 18 4.716977 13 18 4.822389 11900
    691 13 18 4.726939 13 18 4.832124 11900
    692 13 18 4.736995 13 18 4.841858 11900
    693 13 18 4.746978 13 18 4.851582 11900
    694 13 18 4.756975 13 18 4.861314 11900
    695 13 18 4.766976 13 18 4.872259 11900
    696 13 18 4.776977 13 18 4.882320 11900
    697 13 18 4.786965 13 18 4.891975 11900
    698 13 18 4.796978 13 18 4.901691 11900
    699 13 18 4.806942 13 18 4.911420 11900
    700 13 18 4.816976 13 18 4.929182 11900
    701 13 18 4.826997 13 18 4.938023 11900
    702 13 18 4.837013 13 18 4.947751 11900
    703 13 18 4.846978 13 18 4.957487 11900
    704 13 18 4.856977 13 18 4.967182 11900
    705 13 18 4.866977 13 18 4.978175 11900
    706 13 18 4.876990 13 18 4.988157 11900
    707 13 18 4.886955 13 18 4.997879 11900
    708 13 18 4.896976 13 18 5.007784 11900
    709 13 18 4.906917 13 18 5.017341 11900
    710 13 18 4.916961 13 18 5.028285 11900
    711 13 18 4.927146 13 18 5.038026 11900
    712 13 18 4.958181 13 18 5.047752 11900
    713 13 18 4.958219 13 18 5.057546 11900
    714 13 18 4.958254 13 18 5.067192 11900
    715 13 18 4.966915 13 18 5.078133 11900
    716 13 18 4.976938 13 18 5.087936 11900
    717 13 18 4.986938 13 18 5.098162 11900
    718 13 18 4.997012 13 18 5.107832 11900
    719 13 18 5.006998 13 18 5.117602 11900
    720 13 18 5.016968 13 18 5.127284 11900
    721 13 18 5.026995 13 18 5.138220 11900
    722 13 18 5.036965 13 18 5.147963 11900
    723 13 18 5.046978 13 18 5.157764 11900
    724 13 18 5.057001 13 18 5.167416 11900
    725 13 18 5.067001 13 18 5.177164 11900
    726 13 18 5.076918 13 18 5.188137 11900
    727 13 18 5.087029 13 18 5.197837 11900
    728 13 18 5.096974 13 18 5.208120 11900
    729 13 18 5.106975 13 18 5.217843 11900
    730 13 18 5.117021 13 18 5.227535 11900
    731 13 18 5.126926 13 18 5.237264 11900
    732 13 18 5.136974 13 18 5.248301 11900
    733 13 18 5.146923 13 18 5.257922 11900
    734 13 18 5.156995 13 18 5.267654 11900
    735 13 18 5.166973 13 18 5.277366 11900
    736 13 18 5.176966 13 18 5.287113 11900
    737 13 18 5.186980 13 18 5.298034 11900
    738 13 18 5.196947 13 18 5.307828 11900
    739 13 18 5.207005 13 18 5.318012 11900
    740 13 18 5.216957 13 18 5.327745 11900
    741 13 18 5.226995 13 18 5.337473 11900
    742 13 18 5.236977 13 18 5.347196 11900
    743 13 18 5.246953 13 18 5.358188 11900
    744 13 18 5.256975 13 18 5.367875 11900
    745 13 18 5.266960 13 18 5.377642 11900
    746 13 18 5.276988 13 18 5.387336 11900
    747 13 18 5.286926 13 18 5.397218 11900
    748 13 18 5.296983 13 18 5.408250 11900
    749 13 18 5.306976 13 18 5.417760 11900
    750 13 18 5.316972 13 18 5.434927 11900
    751 13 18 5.326977 13 18 5.443703 11900
    752 13 18 5.336941 13 18 5.453376 11900
    753 13 18 5.346975 13 18 5.463148 11900
    754 13 18 5.356936 13 18 5.474173 11900
    755 13 18 5.367009 13 18 5.483831 11900
    756 13 18 5.376997 13 18 5.493491 11900
    757 13 18 5.386976 13 18 5.503218 11900
    758 13 18 5.396975 13 18 5.512947 11900
    759 13 18 5.406990 13 18 5.523890 11900
    760 13 18 5.416977 13 18 5.533636 11900
    761 13 18 5.426994 13 18 5.543910 11900
    762 13 18 5.436977 13 18 5.553585 11900
    763 13 18 5.446944 13 18 5.563324 11900
    764 13 18 5.456974 13 18 5.573045 11900
    765 13 18 5.466960 13 18 5.584132 11900
    766 13 18 5.477000 13 18 5.593720 11900
    767 13 18 5.487017 13 18 5.603466 11900
    768 13 18 5.496985 13 18 5.613139 11900
    769 13 18 5.506950 13 18 5.622920 11900
    770 13 18 5.516950 13 18 5.633835 11900
    771 13 18 5.527012 13 18 5.643605 11900
    772 13 18 5.536921 13 18 5.653830 11900
    773 13 18 5.546974 13 18 5.663543 11900
    774 13 18 5.557000 13 18 5.673275 11900
    775 13 18 5.566969 13 18 5.682998 11900
    776 13 18 5.576977 13 18 5.693958 11900
    777 13 18 5.586977 13 18 5.703676 11900
    778 13 18 5.596968 13 18 5.713417 11900
    779 13 18 5.606975 13 18 5.723124 11900
    780 13 18 5.616987 13 18 5.732860 11900
    781 13 18 5.626973 13 18 5.743800 11900
    782 13 18 5.636974 13 18 5.753563 11900
    783 13 18 5.646976 13 18 5.763773 11900
    784 13 18 5.656975 13 18 5.774028 11900
    785 13 18 5.666965 13 18 5.783197 11900
    786 13 18 5.676927 13 18 5.792958 11900
    787 13 18 5.686985 13 18 5.803909 11900
    788 13 18 5.696976 13 18 5.813635 11900
    789 13 18 5.706978 13 18 5.823373 11900
    790 13 18 5.716950 13 18 5.833090 11900
    791 13 18 5.726958 13 18 5.842819 11900
    792 13 18 5.736977 13 18 5.853759 11900
    793 13 18 5.746975 13 18 5.863512 11900
    794 13 18 5.756977 13 18 5.873731 11900
    795 13 18 5.766973 13 18 5.883492 11900
    796 13 18 5.776923 13 18 5.893193 11900
    797 13 18 5.786978 13 18 5.902931 11900
    798 13 18 5.796972 13 18 5.913871 11900
    799 13 18 5.806963 13 18 5.923642 11900
    800 13 18 5.816964 13 18 5.939280 11900
    801 13 18 5.826964 13 18 5.948972 11900
    802 13 18 5.836905 13 18 5.958710 11900
    803 13 18 5.846966 13 18 5.969703 11900
    804 13 18 5.856963 13 18 5.979402 11900
    805 13 18 5.866977 13 18 5.989659 11900
    806 13 18 5.876991 13 18 5.999343 11900
    807 13 18 5.887005 13 18 6.009063 11900
    808 13 18 5.897026 13 18 6.018798 11900
    809 13 18 5.906937 13 18 6.029766 11900
    810 13 18 5.917005 13 18 6.039480 11900
    811 13 18 5.926987 13 18 6.049184 11900
    812 13 18 5.937000 13 18 6.058931 11900
    813 13 18 5.946977 13 18 6.068662 11900
    814 13 18 5.976494 13 18 6.079613 11900
    815 13 18 5.976568 13 18 6.089343 11900
    816 13 18 5.976967 13 18 6.099092 11900
    817 13 18 5.987014 13 18 6.109569 11900
    818 13 18 5.996938 13 18 6.119283 11900
    819 13 18 6.006985 13 18 6.129082 11900
    820 13 18 6.016974 13 18 6.138746 11900
    821 13 18 6.026990 13 18 6.149701 11900
    822 13 18 6.036976 13 18 6.159457 11900
    823 13 18 6.046952 13 18 6.169169 11900
    824 13 18 6.056975 13 18 6.178876 11900
    825 13 18 6.066932 13 18 6.188633 11900
    826 13 18 6.077016 13 18 6.199552 11900
    827 13 18 6.086979 13 18 6.209286 11900
    828 13 18 6.096993 13 18 6.219045 11900
    829 13 18 6.106971 13 18 6.229502 11900
    830 13 18 6.116978 13 18 6.239237 11900
    831 13 18 6.127029 13 18 6.248960 11900
    832 13 18 6.136974 13 18 6.258707 11900
    833 13 18 6.146913 13 18 6.269656 11900
    834 13 18 6.157047 13 18 6.279371 11900
    835 13 18 6.166934 13 18 6.289105 11900
    836 13 18 6.176976 13 18 6.298821 11900
    837 13 18 6.186989 13 18 6.308544 11900
    838 13 18 6.196970 13 18 6.319482 11900
    839 13 18 6.206980 13 18 6.329275 11900
    840 13 18 6.216954 13 18 6.338955 11900
    841 13 18 6.226939 13 18 6.349446 11900
    842 13 18 6.236979 13 18 6.359138 11900
    843 13 18 6.246978 13 18 6.368915 11900
    844 13 18 6.256974 13 18 6.378610 11900
    845 13 18 6.266975 13 18 6.389574 11900
    846 13 18 6.276936 13 18 6.399299 11900
    847 13 18 6.287005 13 18 6.410675 11900
    848 13 18 6.296975 13 18 6.418782 11900
    849 13 18 6.306975 13 18 6.428505 11900
    850 13 18 6.316976 13 18 6.446547 11900
    851 13 18 6.326964 13 18 6.455077 11900
    852 13 18 6.336975 13 18 6.464895 11900
    853 13 18 6.347016 13 18 6.475316 11900
    854 13 18 6.356923 13 18 6.485036 11900
    855 13 18 6.366988 13 18 6.494848 11900
    856 13 18 6.376973 13 18 6.504490 11900
    857 13 18 6.386975 13 18 6.515444 11900
    858 13 18 6.396980 13 18 6.525209 11900
    859 13 18 6.406956 13 18 6.534895 11900
    860 13 18 6.416977 13 18 6.544628 11900
    861 13 18 6.426987 13 18 6.554432 11900
    862 13 18 6.437011 13 18 6.565294 11900
    863 13 18 6.446931 13 18 6.575237 11900
    864 13 18 6.456977 13 18 6.584784 11900
    865 13 18 6.466981 13 18 6.594482 11900
    866 13 18 6.476976 13 18 6.605236 11900
    867 13 18 6.486975 13 18 6.614954 11900
    868 13 18 6.496969 13 18 6.624683 11900
    869 13 18 6.507053 13 18 6.634395 11900
    870 13 18 6.516994 13 18 6.645375 11900
    871 13 18 6.526976 13 18 6.655122 11900
    872 13 18 6.536979 13 18 6.664814 11900
    873 13 18 6.546986 13 18 6.674557 11900
    874 13 18 6.556992 13 18 6.684269 11900
    875 13 18 6.566939 13 18 6.695211 11900
    876 13 18 6.576984 13 18 6.704942 11900
    877 13 18 6.586979 13 18 6.714665 11900
    878 13 18 6.596930 13 18 6.724408 11900
    879 13 18 6.606975 13 18 6.735146 11900
    880 13 18 6.616977 13 18 6.744933 11900
    881 13 18 6.626974 13 18 6.754609 11900
    882 13 18 6.636967 13 18 6.764350 11900
    883 13 18 6.646933 13 18 6.775310 11900
    884 13 18 6.656985 13 18 6.785044 11900
    885 13 18 6.666978 13 18 6.794806 11900
    886 13 18 6.677014 13 18 6.804522 11900
    887 13 18 6.686975 13 18 6.814194 11900
    888 13 18 6.696976 13 18 6.825186 11900
    889 13 18 6.706978 13 18 6.834859 11900
    890 13 18 6.716986 13 18 6.844591 11900
    891 13 18 6.726981 13 18 6.854534 11900
    892 13 18 6.736974 13 18 6.865089 11900
    893 13 18 6.746970 13 18 6.874914 11900
    894 13 18 6.756980 13 18 6.884514 11900
    895 13 18 6.766982 13 18 6.894277 11900
    896 13 18 6.776988 13 18 6.905199 11900
    897 13 18 6.786997 13 18 6.914941 11900
    898 13 18 6.796979 13 18 6.924658 11900
    899 13 18 6.807017 13 18 6.934383 11900
    900 13 18 6.817008 13 18 6.950097 11900
    901 13 18 6.826985 13 18 6.961023 11900
    902 13 18 6.836989 13 18 6.970717 11900
    903 13 18 6.846959 13 18 6.980438 11900
    904 13 18 6.857072 13 18 6.990173 11900
    905 13 18 6.866979 13 18 7.000917 11900
    906 13 18 6.877025 13 18 7.010660 11900
    907 13 18 6.887025 13 18 7.020370 11900
    908 13 18 6.897052 13 18 7.030180 11900
    909 13 18 6.907006 13 18 7.041052 11900
    910 13 18 6.916973 13 18 7.050784 11900
    911 13 18 6.927016 13 18 7.060503 11900
    912 13 18 6.936985 13 18 7.070287 11900
    913 13 18 6.947833 13 18 7.080016 11900
    914 13 18 6.956978 13 18 7.090945 11900
    915 13 18 6.992230 13 18 7.100678 11900
    916 13 18 6.992307 13 18 7.110362 11900
    917 13 18 6.992378 13 18 7.120085 11900
    918 13 18 6.996985 13 18 7.130859 11900
    919 13 18 7.006986 13 18 7.140613 11900
    920 13 18 7.016977 13 18 7.150318 11900
    921 13 18 7.026995 13 18 7.160019 11900
    922 13 18 7.036983 13 18 7.171033 11900
    923 13 18 7.046971 13 18 7.180774 11900
    924 13 18 7.056994 13 18 7.190503 11900
    925 13 18 7.066940 13 18 7.200263 11900
    926 13 18 7.076978 13 18 7.209957 11900
    927 13 18 7.086966 13 18 7.220876 11900
    928 13 18 7.097019 13 18 7.230559 11900
    929 13 18 7.107063 13 18 7.240296 11900
    930 13 18 7.116977 13 18 7.250002 11900
    931 13 18 7.126979 13 18 7.260756 11900
    932 13 18 7.136989 13 18 7.270482 11900
    933 13 18 7.147039 13 18 7.280224 11900
    934 13 18 7.156977 13 18 7.289941 11900
    935 13 18 7.166978 13 18 7.300893 11900
    936 13 18 7.177125 13 18 7.310613 11900
    937 13 18 7.187138 13 18 7.320360 11900
    938 13 18 7.197013 13 18 7.330074 11900
    939 13 18 7.207103 13 18 7.339856 11900
    940 13 18 7.217005 13 18 7.350760 11900
    941 13 18 7.226956 13 18 7.360466 11900
    942 13 18 7.236984 13 18 7.370260 11900
    943 13 18 7.246976 13 18 7.380009 11900
    944 13 18 7.256975 13 18 7.390677 11900
    945 13 18 7.267012 13 18 7.400438 11900
    946 13 18 7.276924 13 18 7.411381 11900
    947 13 18 7.286976 13 18 7.419896 11900
    948 13 18 7.296978 13 18 7.430850 11900
    949 13 18 7.306974 13 18 7.440535 11900
    950 13 18 7.316976 13 18 7.457377 11900
    951 13 18 7.326997 13 18 7.465940 11900
    952 13 18 7.336978 13 18 7.475679 11900
    953 13 18 7.346978 13 18 7.486724 11900
    954 13 18 7.356989 13 18 7.496355 11900
    955 13 18 7.366938 13 18 7.506050 11900
    956 13 18 7.376999 13 18 7.515768 11900
    957 13 18 7.386978 13 18 7.526593 11900
    958 13 18 7.397021 13 18 7.536317 11900
    959 13 18 7.407003 13 18 7.546045 11900
    960 13 18 7.416978 13 18 7.555774 11900
    961 13 18 7.427005 13 18 7.566726 11900
    962 13 18 7.436982 13 18 7.576530 11900
    963 13 18 7.446989 13 18 7.586456 11900
    964 13 18 7.456979 13 18 7.595958 11900
    965 13 18 7.466985 13 18 7.605572 11900
    966 13 18 7.476990 13 18 7.616507 11900
    967 13 18 7.486959 13 18 7.626240 11900
    968 13 18 7.497004 13 18 7.635976 11900
    969 13 18 7.506937 13 18 7.645700 11900
    970 13 18 7.516985 13 18 7.656729 11900
    971 13 18 7.527005 13 18 7.666483 11900
    972 13 18 7.537003 13 18 7.676229 11900
    973 13 18 7.546987 13 18 7.685945 11900
    974 13 18 7.557025 13 18 7.695717 11900
    975 13 18 7.567013 13 18 7.706622 11900
    976 13 18 7.577001 13 18 7.716391 11900
    977 13 18 7.587009 13 18 7.726097 11900
    978 13 18 7.597004 13 18 7.735800 11900
    979 13 18 7.606980 13 18 7.745550 11900
    980 13 18 7.616976 13 18 7.756490 11900
    981 13 18 7.626974 13 18 7.766199 11900
    982 13 18 7.636978 13 18 7.775922 11900
    983 13 18 7.646981 13 18 7.785650 11900
    984 13 18 7.656977 13 18 7.796655 11900
    985 13 18 7.666985 13 18 7.806442 11900
    986 13 18 7.676975 13 18 7.816179 11900
    987 13 18 7.686986 13 18 7.825898 11900
    988 13 18 7.696947 13 18 7.835627 11900
    989 13 18 7.706990 13 18 7.846607 11900
    990 13 18 7.716978 13 18 7.856334 11900
    991 13 18 7.726982 13 18 7.866063 11900
    992 13 18 7.736920 13 18 7.875788 11900
    993 13 18 7.747041 13 18 7.885491 11900
    994 13 18 7.756981 13 18 7.896422 11900
    995 13 18 7.766977 13 18 7.906165 11900
    996 13 18 7.777008 13 18 7.915893 11900
    997 13 18 7.786983 13 18 7.925654 11900
    998 13 18 7.796981 13 18 7.936604 11900
    999 13 18 7.807004 13 18 7.946405 11900
   1000 13 18 7.816980 13 18 7.962359 11900
