      1 13 6 37.404355 13 6 37.404355 10400
      2 13 6 37.414538 13 6 37.414538 10400
      3 13 6 37.424509 13 6 37.424509 10400
      4 13 6 37.434502 13 6 37.434502 10400
      5 13 6 37.444443 13 6 37.444443 10400
      6 13 6 37.454455 13 6 37.454455 10400
      7 13 6 37.464455 13 6 37.464455 10400
      8 13 6 37.474456 13 6 37.474456 10400
      9 13 6 37.484453 13 6 37.484453 10400
     10 13 6 37.494453 13 6 37.494453 10400
     11 13 6 37.504454 13 6 37.504454 10400
     12 13 6 37.514521 13 6 37.514521 10400
     13 13 6 37.524537 13 6 37.524537 10400
     14 13 6 37.534568 13 6 37.534568 10400
     15 13 6 37.544590 13 6 37.544590 10400
     16 13 6 37.554521 13 6 37.554521 10400
     17 13 6 37.564535 13 6 37.564535 10400
     18 13 6 37.574513 13 6 37.574513 10400
     19 13 6 37.584524 13 6 37.584524 10400
     20 13 6 37.594588 13 6 37.594588 10400
     21 13 6 37.604528 13 6 37.604528 10400
     22 13 6 37.614460 13 6 37.614460 10400
     23 13 6 37.624546 13 6 37.624546 10400
     24 13 6 37.634520 13 6 37.634520 10400
     25 13 6 37.644472 13 6 37.644472 10400
     26 13 6 37.654454 13 6 37.654454 10400
     27 13 6 37.664470 13 6 37.664470 10400
     28 13 6 37.674455 13 6 37.674455 10400
     29 13 6 37.684452 13 6 37.684452 10400
     30 13 6 37.694442 13 6 37.694442 10400
     31 13 6 37.704444 13 6 37.704444 10400
     32 13 6 37.714477 13 6 37.714477 10400
     33 13 6 37.724569 13 6 37.724569 10400
     34 13 6 37.734518 13 6 37.734518 10400
     35 13 6 37.744548 13 6 37.744548 10400
     36 13 6 37.754528 13 6 37.754528 10400
     37 13 6 37.764580 13 6 37.764580 10400
     38 13 6 37.775036 13 6 37.775036 10400
     39 13 6 37.784630 13 6 37.784630 10400
     40 13 6 37.794527 13 6 37.794527 10400
     41 13 6 37.804532 13 6 37.804532 10400
     42 13 6 37.814568 13 6 37.814568 10400
     43 13 6 37.824620 13 6 37.824620 10400
     44 13 6 37.834532 13 6 37.834532 10400
     45 13 6 37.844583 13 6 37.844583 10400
     46 13 6 37.854458 13 6 37.854458 10400
     47 13 6 37.864545 13 6 37.864545 10400
     48 13 6 37.875028 13 6 37.875028 10400
     49 13 6 37.884464 13 6 37.884464 10400
     50 13 6 37.894455 13 6 37.894455 10400
     51 13 6 37.904457 13 6 37.904457 10400
     52 13 6 37.914523 13 6 37.914523 10400
     53 13 6 37.924523 13 6 37.924523 10400
     54 13 6 37.934496 13 6 37.934496 10400
     55 13 6 37.944526 13 6 37.944526 10400
     56 13 6 37.954520 13 6 37.954520 10400
     57 13 6 37.964469 13 6 37.964469 10400
     58 13 6 37.974513 13 6 37.974513 10400
     59 13 6 37.984510 13 6 37.984510 10400
     60 13 6 37.994537 13 6 37.994537 10400
     61 13 6 38.004511 13 6 38.004511 10400
     62 13 6 38.014552 13 6 38.014552 10400
     63 13 6 38.024537 13 6 38.024537 10400
     64 13 6 38.034519 13 6 38.034519 10400
     65 13 6 38.044738 13 6 38.044738 10400
     66 13 6 38.054479 13 6 38.054479 10400
     67 13 6 38.064427 13 6 38.064427 10400
     68 13 6 38.074468 13 6 38.074468 10400
     69 13 6 38.084454 13 6 38.084454 10400
     70 13 6 38.094481 13 6 38.094481 10400
     71 13 6 38.104441 13 6 38.104441 10400
     72 13 6 38.114786 13 6 38.114786 10400
     73 13 6 38.124526 13 6 38.124526 10400
     74 13 6 38.134458 13 6 38.134458 10400
     75 13 6 38.144533 13 6 38.144533 10400
     76 13 6 38.154862 13 6 38.154862 10400
     77 13 6 38.164557 13 6 38.164557 10400
     78 13 6 38.174515 13 6 38.174515 10400
     79 13 6 38.184525 13 6 38.184525 10400
     80 13 6 38.194524 13 6 38.194524 10400
     81 13 6 38.204481 13 6 38.204481 10400
     82 13 6 38.214561 13 6 38.214561 10400
     83 13 6 38.224550 13 6 38.224550 10400
     84 13 6 38.234510 13 6 38.234510 10400
     85 13 6 38.245336 13 6 38.245336 10400
     86 13 6 38.254463 13 6 38.254463 10400
     87 13 6 38.264457 13 6 38.264457 10400
     88 13 6 38.274459 13 6 38.274459 10400
     89 13 6 38.284453 13 6 38.284453 10400
     90 13 6 38.294474 13 6 38.294474 10400
     91 13 6 38.304465 13 6 38.304465 10400
     92 13 6 38.314523 13 6 38.314523 10400
     93 13 6 38.324567 13 6 38.324567 10400
     94 13 6 38.334479 13 6 38.334479 10400
     95 13 6 38.344555 13 6 38.344555 10400
     96 13 6 38.354646 13 6 38.354646 10400
     97 13 6 38.364544 13 6 38.364544 10400
     98 13 6 38.375092 13 6 38.375092 10400
     99 13 6 38.384495 13 6 38.384495 10400
    100 13 6 38.394460 13 6 38.394460 10400
    101 13 6 38.404511 13 6 38.404511 10400
    102 13 6 38.414517 13 6 38.414517 10400
    103 13 6 38.424498 13 6 38.424498 10400
    104 13 6 38.434623 13 6 38.434623 10400
    105 13 6 38.444541 13 6 38.444541 10400
    106 13 6 38.454532 13 6 38.454532 10400
    107 13 6 38.464477 13 6 38.464477 10400
    108 13 6 38.474483 13 6 38.474483 10400
    109 13 6 38.484465 13 6 38.484465 10400
    110 13 6 38.494470 13 6 38.494470 10400
    111 13 6 38.504460 13 6 38.504460 10400
    112 13 6 38.514558 13 6 38.514558 10400
    113 13 6 38.524540 13 6 38.524540 10400
    114 13 6 38.534528 13 6 38.534528 10400
    115 13 6 38.544592 13 6 38.544592 10400
    116 13 6 38.554626 13 6 38.554626 10400
    117 13 6 38.564577 13 6 38.564577 10400
    118 13 6 38.574592 13 6 38.574592 10400
    119 13 6 38.584941 13 6 38.584941 10400
    120 13 6 38.594543 13 6 38.594543 10400
    121 13 6 38.604519 13 6 38.604519 10400
    122 13 6 38.614575 13 6 38.614575 10400
    123 13 6 38.624529 13 6 38.624529 10400
    124 13 6 38.634523 13 6 38.634523 10400
    125 13 6 38.644570 13 6 38.644570 10400
    126 13 6 38.654550 13 6 38.654550 10400
    127 13 6 38.664603 13 6 38.664603 10400
    128 13 6 38.674410 13 6 38.674410 10400
    129 13 6 38.684465 13 6 38.684465 10400
    130 13 6 38.694465 13 6 38.694465 10400
    131 13 6 38.704484 13 6 38.704484 10400
    132 13 6 38.714514 13 6 38.714514 10400
    133 13 6 38.724499 13 6 38.724499 10400
    134 13 6 38.734639 13 6 38.734639 10400
    135 13 6 38.744534 13 6 38.744534 10400
    136 13 6 38.754702 13 6 38.754702 10400
    137 13 6 38.764513 13 6 38.764513 10400
    138 13 6 38.774453 13 6 38.774453 10400
    139 13 6 38.784793 13 6 38.784793 10400
    140 13 6 38.794508 13 6 38.794508 10400
    141 13 6 38.804580 13 6 38.804580 10400
    142 13 6 38.814608 13 6 38.814608 10400
    143 13 6 38.824494 13 6 38.824494 10400
    144 13 6 38.834583 13 6 38.834583 10400
    145 13 6 38.844465 13 6 38.844465 10400
    146 13 6 38.854587 13 6 38.854587 10400
    147 13 6 38.864533 13 6 38.864533 10400
    148 13 6 38.874484 13 6 38.874484 10400
    149 13 6 38.884597 13 6 38.884597 10400
    150 13 6 38.894495 13 6 38.894495 10400
    151 13 6 38.904668 13 6 38.904668 10400
    152 13 6 38.914501 13 6 38.914501 10400
    153 13 6 38.924511 13 6 38.924511 10400
    154 13 6 38.934531 13 6 38.934531 10400
    155 13 6 38.944526 13 6 38.944526 10400
    156 13 6 38.954621 13 6 38.954621 10400
    157 13 6 38.964489 13 6 38.964489 10400
    158 13 6 38.974465 13 6 38.974465 10400
    159 13 6 38.984459 13 6 38.984459 10400
    160 13 6 38.994514 13 6 38.994514 10400
    161 13 6 39.004562 13 6 39.004562 10400
    162 13 6 39.014504 13 6 39.014504 10400
    163 13 6 39.024597 13 6 39.024597 10400
    164 13 6 39.034528 13 6 39.034528 10400
    165 13 6 39.044601 13 6 39.044601 10400
    166 13 6 39.054530 13 6 39.054530 10400
    167 13 6 39.064554 13 6 39.064554 10400
    168 13 6 39.074477 13 6 39.074477 10400
    169 13 6 39.084867 13 6 39.084867 10400
    170 13 6 39.094482 13 6 39.094482 10400
    171 13 6 39.104511 13 6 39.104511 10400
    172 13 6 39.114463 13 6 39.114463 10400
    173 13 6 39.124414 13 6 39.124414 10400
    174 13 6 39.134518 13 6 39.134518 10400
    175 13 6 39.144519 13 6 39.144519 10400
    176 13 6 39.154527 13 6 39.154527 10400
    177 13 6 39.164518 13 6 39.164518 10400
    178 13 6 39.174466 13 6 39.174466 10400
    179 13 6 39.184462 13 6 39.184462 10400
    180 13 6 39.194460 13 6 39.194460 10400
    181 13 6 39.204484 13 6 39.204484 10400
    182 13 6 39.214471 13 6 39.214471 10400
    183 13 6 39.224487 13 6 39.224487 10400
    184 13 6 39.234577 13 6 39.234577 10400
    185 13 6 39.244556 13 6 39.244556 10400
    186 13 6 39.254651 13 6 39.254651 10400
    187 13 6 39.264574 13 6 39.264574 10400
    188 13 6 39.274659 13 6 39.274659 10400
    189 13 6 39.284463 13 6 39.284463 10400
    190 13 6 39.294454 13 6 39.294454 10400
    191 13 6 39.304464 13 6 39.304464 10400
    192 13 6 39.314476 13 6 39.314476 10400
    193 13 6 39.324457 13 6 39.324457 10400
    194 13 6 39.334538 13 6 39.334538 10400
    195 13 6 39.344503 13 6 39.344503 10400
    196 13 6 39.354607 13 6 39.354607 10400
    197 13 6 39.364578 13 6 39.364578 10400
    198 13 6 39.374462 13 6 39.374462 10400
    199 13 6 39.384459 13 6 39.384459 10400
    200 13 6 39.394570 13 6 39.394570 10400
    201 13 6 39.404496 13 6 39.404496 10400
    202 13 6 39.414575 13 6 39.414575 10400
    203 13 6 39.424584 13 6 39.424584 10400
    204 13 6 39.434578 13 6 39.434578 10400
    205 13 6 39.444549 13 6 39.444549 10400
    206 13 6 39.454529 13 6 39.454529 10400
    207 13 6 39.464520 13 6 39.464520 10400
    208 13 6 39.474510 13 6 39.474510 10400
    209 13 6 39.484459 13 6 39.484459 10400
    210 13 6 39.494464 13 6 39.494464 10400
    211 13 6 39.504477 13 6 39.504477 10400
    212 13 6 39.514476 13 6 39.514476 10400
    213 13 6 39.524470 13 6 39.524470 10400
    214 13 6 39.534564 13 6 39.534564 10400
    215 13 6 39.544893 13 6 39.544893 10400
    216 13 6 39.554551 13 6 39.554551 10400
    217 13 6 39.564531 13 6 39.564531 10400
    218 13 6 39.574471 13 6 39.574471 10400
    219 13 6 39.584474 13 6 39.584474 10400
    220 13 6 39.595118 13 6 39.595118 10400
    221 13 6 39.604529 13 6 39.604529 10400
    222 13 6 39.614476 13 6 39.614476 10400
    223 13 6 39.624557 13 6 39.624557 10400
    224 13 6 39.634548 13 6 39.634548 10400
    225 13 6 39.644526 13 6 39.644526 10400
    226 13 6 39.654994 13 6 39.654994 10400
    227 13 6 39.664563 13 6 39.664563 10400
    228 13 6 39.674484 13 6 39.674484 10400
    229 13 6 39.684488 13 6 39.684488 10400
    230 13 6 39.694479 13 6 39.694479 10400
    231 13 6 39.704467 13 6 39.704467 10400
    232 13 6 39.714475 13 6 39.714475 10400
    233 13 6 39.724491 13 6 39.724491 10400
    234 13 6 39.734501 13 6 39.734501 10400
    235 13 6 39.744526 13 6 39.744526 10400
    236 13 6 39.754562 13 6 39.754562 10400
    237 13 6 39.764552 13 6 39.764552 10400
    238 13 6 39.774568 13 6 39.774568 10400
    239 13 6 39.784489 13 6 39.784489 10400
    240 13 6 39.794556 13 6 39.794556 10400
    241 13 6 39.804549 13 6 39.804549 10400
    242 13 6 39.814605 13 6 39.814605 10400
    243 13 6 39.824582 13 6 39.824582 10400
    244 13 6 39.834560 13 6 39.834560 10400
    245 13 6 39.844585 13 6 39.844585 10400
    246 13 6 39.854573 13 6 39.854573 10400
    247 13 6 39.864581 13 6 39.864581 10400
    248 13 6 39.874555 13 6 39.874555 10400
    249 13 6 39.884467 13 6 39.884467 10400
    250 13 6 39.894461 13 6 39.894461 10400
    251 13 6 39.904547 13 6 39.904547 10400
    252 13 6 39.914540 13 6 39.914540 10400
    253 13 6 39.924779 13 6 39.924779 10400
    254 13 6 39.934550 13 6 39.934550 10400
    255 13 6 39.944463 13 6 39.944463 10400
    256 13 6 39.954520 13 6 39.954520 10400
    257 13 6 39.964519 13 6 39.964519 10400
    258 13 6 39.974448 13 6 39.974448 10400
    259 13 6 39.984439 13 6 39.984439 10400
    260 13 6 39.994731 13 6 39.994731 10400
    261 13 6 40.004651 13 6 40.004651 10400
    262 13 6 40.014457 13 6 40.014457 10400
    263 13 6 40.024552 13 6 40.024552 10400
    264 13 6 40.034533 13 6 40.034533 10400
    265 13 6 40.044530 13 6 40.044530 10400
    266 13 6 40.054578 13 6 40.054578 10400
    267 13 6 40.064557 13 6 40.064557 10400
    268 13 6 40.074548 13 6 40.074548 10400
    269 13 6 40.084536 13 6 40.084536 10400
    270 13 6 40.094464 13 6 40.094464 10400
    271 13 6 40.104455 13 6 40.104455 10400
    272 13 6 40.114454 13 6 40.114454 10400
    273 13 6 40.124515 13 6 40.124515 10400
    274 13 6 40.134540 13 6 40.134540 10400
    275 13 6 40.144520 13 6 40.144520 10400
    276 13 6 40.154547 13 6 40.154547 10400
    277 13 6 40.164541 13 6 40.164541 10400
    278 13 6 40.174458 13 6 40.174458 10400
    279 13 6 40.184466 13 6 40.184466 10400
    280 13 6 40.194606 13 6 40.194606 10400
    281 13 6 40.204501 13 6 40.204501 10400
    282 13 6 40.214520 13 6 40.214520 10400
    283 13 6 40.224511 13 6 40.224511 10400
    284 13 6 40.234513 13 6 40.234513 10400
    285 13 6 40.244512 13 6 40.244512 10400
    286 13 6 40.255059 13 6 40.255059 10400
    287 13 6 40.264488 13 6 40.264488 10400
    288 13 6 40.274751 13 6 40.274751 10400
    289 13 6 40.284466 13 6 40.284466 10400
    290 13 6 40.294455 13 6 40.294455 10400
    291 13 6 40.304451 13 6 40.304451 10400
    292 13 6 40.314455 13 6 40.314455 10400
    293 13 6 40.324478 13 6 40.324478 10400
    294 13 6 40.334561 13 6 40.334561 10400
    295 13 6 40.344479 13 6 40.344479 10400
    296 13 6 40.354559 13 6 40.354559 10400
    297 13 6 40.364505 13 6 40.364505 10400
    298 13 6 40.374454 13 6 40.374454 10400
    299 13 6 40.384464 13 6 40.384464 10400
    300 13 6 40.394450 13 6 40.394450 10400
    301 13 6 40.404524 13 6 40.404524 10400
    302 13 6 40.414517 13 6 40.414517 10400
    303 13 6 40.424612 13 6 40.424612 10400
    304 13 6 40.434485 13 6 40.434485 10400
    305 13 6 40.444521 13 6 40.444521 10400
    306 13 6 40.454520 13 6 40.454520 10400
    307 13 6 40.464520 13 6 40.464520 10400
    308 13 6 40.474710 13 6 40.474710 10400
    309 13 6 40.484467 13 6 40.484467 10400
    310 13 6 40.494455 13 6 40.494455 10400
    311 13 6 40.504440 13 6 40.504440 10400
    312 13 6 40.514454 13 6 40.514454 10400
    313 13 6 40.524527 13 6 40.524527 10400
    314 13 6 40.534517 13 6 40.534517 10400
    315 13 6 40.544530 13 6 40.544530 10400
    316 13 6 40.554521 13 6 40.554521 10400
    317 13 6 40.564458 13 6 40.564458 10400
    318 13 6 40.574455 13 6 40.574455 10400
    319 13 6 40.584454 13 6 40.584454 10400
    320 13 6 40.594780 13 6 40.594780 10400
    321 13 6 40.604539 13 6 40.604539 10400
    322 13 6 40.614525 13 6 40.614525 10400
    323 13 6 40.624527 13 6 40.624527 10400
    324 13 6 40.634569 13 6 40.634569 10400
    325 13 6 40.644519 13 6 40.644519 10400
    326 13 6 40.654522 13 6 40.654522 10400
    327 13 6 40.664518 13 6 40.664518 10400
    328 13 6 40.674460 13 6 40.674460 10400
    329 13 6 40.684454 13 6 40.684454 10400
    330 13 6 40.694454 13 6 40.694454 10400
    331 13 6 40.704453 13 6 40.704453 10400
    332 13 6 40.714457 13 6 40.714457 10400
    333 13 6 40.724480 13 6 40.724480 10400
    334 13 6 40.734521 13 6 40.734521 10400
    335 13 6 40.744574 13 6 40.744574 10400
    336 13 6 40.754528 13 6 40.754528 10400
    337 13 6 40.764519 13 6 40.764519 10400
    338 13 6 40.774456 13 6 40.774456 10400
    339 13 6 40.784455 13 6 40.784455 10400
    340 13 6 40.794497 13 6 40.794497 10400
    341 13 6 40.804397 13 6 40.804397 10400
    342 13 6 40.814515 13 6 40.814515 10400
    343 13 6 40.824457 13 6 40.824457 10400
    344 13 6 40.834460 13 6 40.834460 10400
    345 13 6 40.844524 13 6 40.844524 10400
    346 13 6 40.854478 13 6 40.854478 10400
    347 13 6 40.864525 13 6 40.864525 10400
    348 13 6 40.874521 13 6 40.874521 10400
    349 13 6 40.884456 13 6 40.884456 10400
    350 13 6 40.894458 13 6 40.894458 10400
    351 13 6 40.904454 13 6 40.904454 10400
    352 13 6 40.914456 13 6 40.914456 10400
    353 13 6 40.924373 13 6 40.924373 10400
    354 13 6 40.934500 13 6 40.934500 10400
    355 13 6 40.944515 13 6 40.944515 10400
    356 13 6 40.954403 13 6 40.954403 10400
    357 13 6 40.964528 13 6 40.964528 10400
    358 13 6 40.974456 13 6 40.974456 10400
    359 13 6 40.984453 13 6 40.984453 10400
    360 13 6 40.994436 13 6 40.994436 10400
    361 13 6 41.004522 13 6 41.004522 10400
    362 13 6 41.015335 13 6 41.015335 10400
    363 13 6 41.024475 13 6 41.024475 10400
    364 13 6 41.034512 13 6 41.034512 10400
    365 13 6 41.044510 13 6 41.044510 10400
    366 13 6 41.054456 13 6 41.054456 10400
    367 13 6 41.064509 13 6 41.064509 10400
    368 13 6 41.074455 13 6 41.074455 10400
    369 13 6 41.084454 13 6 41.084454 10400
    370 13 6 41.094455 13 6 41.094455 10400
    371 13 6 41.104661 13 6 41.104661 10400
    372 13 6 41.114479 13 6 41.114479 10400
    373 13 6 41.124668 13 6 41.124668 10400
    374 13 6 41.134481 13 6 41.134481 10400
    375 13 6 41.144520 13 6 41.144520 10400
    376 13 6 41.154474 13 6 41.154474 10400
    377 13 6 41.164453 13 6 41.164453 10400
    378 13 6 41.174469 13 6 41.174469 10400
    379 13 6 41.184457 13 6 41.184457 10400
    380 13 6 41.194552 13 6 41.194552 10400
    381 13 6 41.204518 13 6 41.204518 10400
    382 13 6 41.214511 13 6 41.214511 10400
    383 13 6 41.224516 13 6 41.224516 10400
    384 13 6 41.234515 13 6 41.234515 10400
    385 13 6 41.244525 13 6 41.244525 10400
    386 13 6 41.254455 13 6 41.254455 10400
    387 13 6 41.264515 13 6 41.264515 10400
    388 13 6 41.274458 13 6 41.274458 10400
    389 13 6 41.284517 13 6 41.284517 10400
    390 13 6 41.294476 13 6 41.294476 10400
    391 13 6 41.304456 13 6 41.304456 10400
    392 13 6 41.314455 13 6 41.314455 10400
    393 13 6 41.324744 13 6 41.324744 10400
    394 13 6 41.335109 13 6 41.335109 10400
    395 13 6 41.344572 13 6 41.344572 10400
    396 13 6 41.354512 13 6 41.354512 10400
    397 13 6 41.364516 13 6 41.364516 10400
    398 13 6 41.374431 13 6 41.374431 10400
    399 13 6 41.384453 13 6 41.384453 10400
    400 13 6 41.394522 13 6 41.394522 10400
    401 13 6 41.405168 13 6 41.405168 10400
    402 13 6 41.414456 13 6 41.414456 10400
    403 13 6 41.424587 13 6 41.424587 10400
    404 13 6 41.434603 13 6 41.434603 10400
    405 13 6 41.444524 13 6 41.444524 10400
    406 13 6 41.454518 13 6 41.454518 10400
    407 13 6 41.464528 13 6 41.464528 10400
    408 13 6 41.474791 13 6 41.474791 10400
    409 13 6 41.484456 13 6 41.484456 10400
    410 13 6 41.494453 13 6 41.494453 10400
    411 13 6 41.504454 13 6 41.504454 10400
    412 13 6 41.514594 13 6 41.514594 10400
    413 13 6 41.524678 13 6 41.524678 10400
    414 13 6 41.534520 13 6 41.534520 10400
    415 13 6 41.544521 13 6 41.544521 10400
    416 13 6 41.554524 13 6 41.554524 10400
    417 13 6 41.564467 13 6 41.564467 10400
    418 13 6 41.574455 13 6 41.574455 10400
    419 13 6 41.584454 13 6 41.584454 10400
    420 13 6 41.594453 13 6 41.594453 10400
    421 13 6 41.604489 13 6 41.604489 10400
    422 13 6 41.614513 13 6 41.614513 10400
    423 13 6 41.624513 13 6 41.624513 10400
    424 13 6 41.634518 13 6 41.634518 10400
    425 13 6 41.644517 13 6 41.644517 10400
    426 13 6 41.654536 13 6 41.654536 10400
    427 13 6 41.664534 13 6 41.664534 10400
    428 13 6 41.674460 13 6 41.674460 10400
    429 13 6 41.684455 13 6 41.684455 10400
    430 13 6 41.694457 13 6 41.694457 10400
    431 13 6 41.704453 13 6 41.704453 10400
    432 13 6 41.714469 13 6 41.714469 10400
    433 13 6 41.724471 13 6 41.724471 10400
    434 13 6 41.734520 13 6 41.734520 10400
    435 13 6 41.744455 13 6 41.744455 10400
    436 13 6 41.754455 13 6 41.754455 10400
    437 13 6 41.764566 13 6 41.764566 10400
    438 13 6 41.774448 13 6 41.774448 10400
    439 13 6 41.784453 13 6 41.784453 10400
    440 13 6 41.794465 13 6 41.794465 10400
    441 13 6 41.804865 13 6 41.804865 10400
    442 13 6 41.814534 13 6 41.814534 10400
    443 13 6 41.824508 13 6 41.824508 10400
    444 13 6 41.834521 13 6 41.834521 10400
    445 13 6 41.844523 13 6 41.844523 10400
    446 13 6 41.854531 13 6 41.854531 10400
    447 13 6 41.864524 13 6 41.864524 10400
    448 13 6 41.874456 13 6 41.874456 10400
    449 13 6 41.884456 13 6 41.884456 10400
    450 13 6 41.894455 13 6 41.894455 10400
    451 13 6 41.904462 13 6 41.904462 10400
    452 13 6 41.914454 13 6 41.914454 10400
    453 13 6 41.925190 13 6 41.925190 10400
    454 13 6 41.935375 13 6 41.935375 10400
    455 13 6 41.944532 13 6 41.944532 10400
    456 13 6 41.954478 13 6 41.954478 10400
    457 13 6 41.964531 13 6 41.964531 10400
    458 13 6 41.974457 13 6 41.974457 10400
    459 13 6 41.984456 13 6 41.984456 10400
    460 13 6 41.994483 13 6 41.994483 10400
    461 13 6 42.004520 13 6 42.004520 10400
    462 13 6 42.014459 13 6 42.014459 10400
    463 13 6 42.024515 13 6 42.024515 10400
    464 13 6 42.034517 13 6 42.034517 10400
    465 13 6 42.044519 13 6 42.044519 10400
    466 13 6 42.054459 13 6 42.054459 10400
    467 13 6 42.064531 13 6 42.064531 10400
    468 13 6 42.075152 13 6 42.075152 10400
    469 13 6 42.084454 13 6 42.084454 10400
    470 13 6 42.094456 13 6 42.094456 10400
    471 13 6 42.104478 13 6 42.104478 10400
    472 13 6 42.114505 13 6 42.114505 10400
    473 13 6 42.124459 13 6 42.124459 10400
    474 13 6 42.134590 13 6 42.134590 10400
    475 13 6 42.144528 13 6 42.144528 10400
    476 13 6 42.154592 13 6 42.154592 10400
    477 13 6 42.164512 13 6 42.164512 10400
    478 13 6 42.174456 13 6 42.174456 10400
    479 13 6 42.184469 13 6 42.184469 10400
    480 13 6 42.194522 13 6 42.194522 10400
    481 13 6 42.204534 13 6 42.204534 10400
    482 13 6 42.214561 13 6 42.214561 10400
    483 13 6 42.224519 13 6 42.224519 10400
    484 13 6 42.234524 13 6 42.234524 10400
    485 13 6 42.244522 13 6 42.244522 10400
    486 13 6 42.254517 13 6 42.254517 10400
    487 13 6 42.264521 13 6 42.264521 10400
    488 13 6 42.274991 13 6 42.274991 10400
    489 13 6 42.284461 13 6 42.284461 10400
    490 13 6 42.294455 13 6 42.294455 10400
    491 13 6 42.304456 13 6 42.304456 10400
    492 13 6 42.314500 13 6 42.314500 10400
    493 13 6 42.324758 13 6 42.324758 10400
    494 13 6 42.334977 13 6 42.334977 10400
    495 13 6 42.344546 13 6 42.344546 10400
    496 13 6 42.354531 13 6 42.354531 10400
    497 13 6 42.364531 13 6 42.364531 10400
    498 13 6 42.374457 13 6 42.374457 10400
    499 13 6 42.384453 13 6 42.384453 10400
    500 13 6 42.394477 13 6 42.394477 10400
    501 13 6 42.404470 13 6 42.404470 10400
    502 13 6 42.414459 13 6 42.414459 10400
    503 13 6 42.424562 13 6 42.424562 10400
    504 13 6 42.434479 13 6 42.434479 10400
    505 13 6 42.444549 13 6 42.444549 10400
    506 13 6 42.454528 13 6 42.454528 10400
    507 13 6 42.464457 13 6 42.464457 10400
    508 13 6 42.474539 13 6 42.474539 10400
    509 13 6 42.484420 13 6 42.484420 10400
    510 13 6 42.494720 13 6 42.494720 10400
    511 13 6 42.504483 13 6 42.504483 10400
    512 13 6 42.514431 13 6 42.514431 10400
    513 13 6 42.524622 13 6 42.524622 10400
    514 13 6 42.534515 13 6 42.534515 10400
    515 13 6 42.544508 13 6 42.544508 10400
    516 13 6 42.554512 13 6 42.554512 10400
    517 13 6 42.564509 13 6 42.564509 10400
    518 13 6 42.574500 13 6 42.574500 10400
    519 13 6 42.584457 13 6 42.584457 10400
    520 13 6 42.594532 13 6 42.594532 10400
    521 13 6 42.604559 13 6 42.604559 10400
    522 13 6 42.614747 13 6 42.614747 10400
    523 13 6 42.624529 13 6 42.624529 10400
    524 13 6 42.634515 13 6 42.634515 10400
    525 13 6 42.644522 13 6 42.644522 10400
    526 13 6 42.654516 13 6 42.654516 10400
    527 13 6 42.664458 13 6 42.664458 10400
    528 13 6 42.674470 13 6 42.674470 10400
    529 13 6 42.684395 13 6 42.684395 10400
    530 13 6 42.694439 13 6 42.694439 10400
    531 13 6 42.704456 13 6 42.704456 10400
    532 13 6 42.714455 13 6 42.714455 10400
    533 13 6 42.725360 13 6 42.725360 10400
    534 13 6 42.734498 13 6 42.734498 10400
    535 13 6 42.744467 13 6 42.744467 10400
    536 13 6 42.754522 13 6 42.754522 10400
    537 13 6 42.764524 13 6 42.764524 10400
    538 13 6 42.774593 13 6 42.774593 10400
    539 13 6 42.784461 13 6 42.784461 10400
    540 13 6 42.794404 13 6 42.794404 10400
    541 13 6 42.804575 13 6 42.804575 10400
    542 13 6 42.814515 13 6 42.814515 10400
    543 13 6 42.824544 13 6 42.824544 10400
    544 13 6 42.834532 13 6 42.834532 10400
    545 13 6 42.844628 13 6 42.844628 10400
    546 13 6 42.854542 13 6 42.854542 10400
    547 13 6 42.864528 13 6 42.864528 10400
    548 13 6 42.874530 13 6 42.874530 10400
    549 13 6 42.884489 13 6 42.884489 10400
    550 13 6 42.894494 13 6 42.894494 10400
    551 13 6 42.904454 13 6 42.904454 10400
    552 13 6 42.914465 13 6 42.914465 10400
    553 13 6 42.925224 13 6 42.925224 10400
    554 13 6 42.934516 13 6 42.934516 10400
    555 13 6 42.944519 13 6 42.944519 10400
    556 13 6 42.954521 13 6 42.954521 10400
    557 13 6 42.964514 13 6 42.964514 10400
    558 13 6 42.974456 13 6 42.974456 10400
    559 13 6 42.984451 13 6 42.984451 10400
    560 13 6 42.994453 13 6 42.994453 10400
    561 13 6 43.004522 13 6 43.004522 10400
    562 13 6 43.014515 13 6 43.014515 10400
    563 13 6 43.024520 13 6 43.024520 10400
    564 13 6 43.034525 13 6 43.034525 10400
    565 13 6 43.044576 13 6 43.044576 10400
    566 13 6 43.054456 13 6 43.054456 10400
    567 13 6 43.064455 13 6 43.064455 10400
    568 13 6 43.074455 13 6 43.074455 10400
    569 13 6 43.084460 13 6 43.084460 10400
    570 13 6 43.094467 13 6 43.094467 10400
    571 13 6 43.104460 13 6 43.104460 10400
    572 13 6 43.114479 13 6 43.114479 10400
    573 13 6 43.124907 13 6 43.124907 10400
    574 13 6 43.134472 13 6 43.134472 10400
    575 13 6 43.144457 13 6 43.144457 10400
    576 13 6 43.154519 13 6 43.154519 10400
    577 13 6 43.164516 13 6 43.164516 10400
    578 13 6 43.175060 13 6 43.175060 10400
    579 13 6 43.184463 13 6 43.184463 10400
    580 13 6 43.194456 13 6 43.194456 10400
    581 13 6 43.204517 13 6 43.204517 10400
    582 13 6 43.214534 13 6 43.214534 10400
    583 13 6 43.224525 13 6 43.224525 10400
    584 13 6 43.234535 13 6 43.234535 10400
    585 13 6 43.244517 13 6 43.244517 10400
    586 13 6 43.254537 13 6 43.254537 10400
    587 13 6 43.264474 13 6 43.264474 10400
    588 13 6 43.274459 13 6 43.274459 10400
    589 13 6 43.284455 13 6 43.284455 10400
    590 13 6 43.294454 13 6 43.294454 10400
    591 13 6 43.304456 13 6 43.304456 10400
    592 13 6 43.314455 13 6 43.314455 10400
    593 13 6 43.324477 13 6 43.324477 10400
    594 13 6 43.334522 13 6 43.334522 10400
    595 13 6 43.344521 13 6 43.344521 10400
    596 13 6 43.354522 13 6 43.354522 10400
    597 13 6 43.364469 13 6 43.364469 10400
    598 13 6 43.374456 13 6 43.374456 10400
    599 13 6 43.384459 13 6 43.384459 10400
    600 13 6 43.394457 13 6 43.394457 10400
    601 13 6 43.404532 13 6 43.404532 10400
    602 13 6 43.414527 13 6 43.414527 10400
    603 13 6 43.424481 13 6 43.424481 10400
    604 13 6 43.434465 13 6 43.434465 10400
    605 13 6 43.444527 13 6 43.444527 10400
    606 13 6 43.454523 13 6 43.454523 10400
    607 13 6 43.464519 13 6 43.464519 10400
    608 13 6 43.474460 13 6 43.474460 10400
    609 13 6 43.484462 13 6 43.484462 10400
    610 13 6 43.494458 13 6 43.494458 10400
    611 13 6 43.504455 13 6 43.504455 10400
    612 13 6 43.514443 13 6 43.514443 10400
    613 13 6 43.524757 13 6 43.524757 10400
    614 13 6 43.534480 13 6 43.534480 10400
    615 13 6 43.544527 13 6 43.544527 10400
    616 13 6 43.554461 13 6 43.554461 10400
    617 13 6 43.564529 13 6 43.564529 10400
    618 13 6 43.574468 13 6 43.574468 10400
    619 13 6 43.584460 13 6 43.584460 10400
    620 13 6 43.594465 13 6 43.594465 10400
    621 13 6 43.604503 13 6 43.604503 10400
    622 13 6 43.614589 13 6 43.614589 10400
    623 13 6 43.624456 13 6 43.624456 10400
    624 13 6 43.634518 13 6 43.634518 10400
    625 13 6 43.644517 13 6 43.644517 10400
    626 13 6 43.654516 13 6 43.654516 10400
    627 13 6 43.664515 13 6 43.664515 10400
    628 13 6 43.674458 13 6 43.674458 10400
    629 13 6 43.684578 13 6 43.684578 10400
    630 13 6 43.694456 13 6 43.694456 10400
    631 13 6 43.704453 13 6 43.704453 10400
    632 13 6 43.714454 13 6 43.714454 10400
    633 13 6 43.724522 13 6 43.724522 10400
    634 13 6 43.734518 13 6 43.734518 10400
    635 13 6 43.744531 13 6 43.744531 10400
    636 13 6 43.754463 13 6 43.754463 10400
    637 13 6 43.764526 13 6 43.764526 10400
    638 13 6 43.774712 13 6 43.774712 10400
    639 13 6 43.784463 13 6 43.784463 10400
    640 13 6 43.794446 13 6 43.794446 10400
    641 13 6 43.804513 13 6 43.804513 10400
    642 13 6 43.814540 13 6 43.814540 10400
    643 13 6 43.824483 13 6 43.824483 10400
    644 13 6 43.834533 13 6 43.834533 10400
    645 13 6 43.844465 13 6 43.844465 10400
    646 13 6 43.854512 13 6 43.854512 10400
    647 13 6 43.864538 13 6 43.864538 10400
    648 13 6 43.874549 13 6 43.874549 10400
    649 13 6 43.884577 13 6 43.884577 10400
    650 13 6 43.894840 13 6 43.894840 10400
    651 13 6 43.905202 13 6 43.905202 10400
    652 13 6 43.914493 13 6 43.914493 10400
    653 13 6 43.924506 13 6 43.924506 10400
    654 13 6 43.934398 13 6 43.934398 10400
    655 13 6 43.944417 13 6 43.944417 10400
    656 13 6 43.954647 13 6 43.954647 10400
    657 13 6 43.964520 13 6 43.964520 10400
    658 13 6 43.974955 13 6 43.974955 10400
    659 13 6 43.984434 13 6 43.984434 10400
    660 13 6 43.994456 13 6 43.994456 10400
    661 13 6 44.004539 13 6 44.004539 10400
    662 13 6 44.014873 13 6 44.014873 10400
    663 13 6 44.024526 13 6 44.024526 10400
    664 13 6 44.034512 13 6 44.034512 10400
    665 13 6 44.044465 13 6 44.044465 10400
    666 13 6 44.054532 13 6 44.054532 10400
    667 13 6 44.064748 13 6 44.064748 10400
    668 13 6 44.074708 13 6 44.074708 10400
    669 13 6 44.084457 13 6 44.084457 10400
    670 13 6 44.094462 13 6 44.094462 10400
    671 13 6 44.104460 13 6 44.104460 10400
    672 13 6 44.114457 13 6 44.114457 10400
    673 13 6 44.124513 13 6 44.124513 10400
    674 13 6 44.134515 13 6 44.134515 10400
    675 13 6 44.144604 13 6 44.144604 10400
    676 13 6 44.154460 13 6 44.154460 10400
    677 13 6 44.164524 13 6 44.164524 10400
    678 13 6 44.174455 13 6 44.174455 10400
    679 13 6 44.184457 13 6 44.184457 10400
    680 13 6 44.194467 13 6 44.194467 10400
    681 13 6 44.204891 13 6 44.204891 10400
    682 13 6 44.214449 13 6 44.214449 10400
    683 13 6 44.224519 13 6 44.224519 10400
    684 13 6 44.234473 13 6 44.234473 10400
    685 13 6 44.244574 13 6 44.244574 10400
    686 13 6 44.254505 13 6 44.254505 10400
    687 13 6 44.264533 13 6 44.264533 10400
    688 13 6 44.274535 13 6 44.274535 10400
    689 13 6 44.284458 13 6 44.284458 10400
    690 13 6 44.294455 13 6 44.294455 10400
    691 13 6 44.304457 13 6 44.304457 10400
    692 13 6 44.314472 13 6 44.314472 10400
    693 13 6 44.324469 13 6 44.324469 10400
    694 13 6 44.334505 13 6 44.334505 10400
    695 13 6 44.344473 13 6 44.344473 10400
    696 13 6 44.354519 13 6 44.354519 10400
    697 13 6 44.364472 13 6 44.364472 10400
    698 13 6 44.374467 13 6 44.374467 10400
    699 13 6 44.384483 13 6 44.384483 10400
    700 13 6 44.394460 13 6 44.394460 10400
    701 13 6 44.404460 13 6 44.404460 10400
    702 13 6 44.414546 13 6 44.414546 10400
    703 13 6 44.424565 13 6 44.424565 10400
    704 13 6 44.434517 13 6 44.434517 10400
    705 13 6 44.444521 13 6 44.444521 10400
    706 13 6 44.454526 13 6 44.454526 10400
    707 13 6 44.464523 13 6 44.464523 10400
    708 13 6 44.474522 13 6 44.474522 10400
    709 13 6 44.484456 13 6 44.484456 10400
    710 13 6 44.494455 13 6 44.494455 10400
    711 13 6 44.504455 13 6 44.504455 10400
    712 13 6 44.514454 13 6 44.514454 10400
    713 13 6 44.524518 13 6 44.524518 10400
    714 13 6 44.534537 13 6 44.534537 10400
    715 13 6 44.544525 13 6 44.544525 10400
    716 13 6 44.554810 13 6 44.554810 10400
    717 13 6 44.564475 13 6 44.564475 10400
    718 13 6 44.574477 13 6 44.574477 10400
    719 13 6 44.584488 13 6 44.584488 10400
    720 13 6 44.594478 13 6 44.594478 10400
    721 13 6 44.604525 13 6 44.604525 10400
    722 13 6 44.614519 13 6 44.614519 10400
    723 13 6 44.624513 13 6 44.624513 10400
    724 13 6 44.634524 13 6 44.634524 10400
    725 13 6 44.644526 13 6 44.644526 10400
    726 13 6 44.654452 13 6 44.654452 10400
    727 13 6 44.664476 13 6 44.664476 10400
    728 13 6 44.674512 13 6 44.674512 10400
    729 13 6 44.684525 13 6 44.684525 10400
    730 13 6 44.694454 13 6 44.694454 10400
    731 13 6 44.704456 13 6 44.704456 10400
    732 13 6 44.714427 13 6 44.714427 10400
    733 13 6 44.724535 13 6 44.724535 10400
    734 13 6 44.735098 13 6 44.735098 10400
    735 13 6 44.744517 13 6 44.744517 10400
    736 13 6 44.756525 13 6 44.756525 10400
    737 13 6 44.764674 13 6 44.764674 10400
    738 13 6 44.775539 13 6 44.775539 10400
    739 13 6 44.784537 13 6 44.784537 10400
    740 13 6 44.794516 13 6 44.794516 10400
    741 13 6 44.804459 13 6 44.804459 10400
    742 13 6 44.814512 13 6 44.814512 10400
    743 13 6 44.824522 13 6 44.824522 10400
    744 13 6 44.834496 13 6 44.834496 10400
    745 13 6 44.844524 13 6 44.844524 10400
    746 13 6 44.854675 13 6 44.854675 10400
    747 13 6 44.864567 13 6 44.864567 10400
    748 13 6 44.874499 13 6 44.874499 10400
    749 13 6 44.884554 13 6 44.884554 10400
    750 13 6 44.894460 13 6 44.894460 10400
    751 13 6 44.904541 13 6 44.904541 10400
    752 13 6 44.914454 13 6 44.914454 10400
    753 13 6 44.924523 13 6 44.924523 10400
    754 13 6 44.934516 13 6 44.934516 10400
    755 13 6 44.944451 13 6 44.944451 10400
    756 13 6 44.954520 13 6 44.954520 10400
    757 13 6 44.964516 13 6 44.964516 10400
    758 13 6 44.975033 13 6 44.975033 10400
    759 13 6 44.984454 13 6 44.984454 10400
    760 13 6 44.994455 13 6 44.994455 10400
    761 13 6 45.005111 13 6 45.005111 10400
    762 13 6 45.014552 13 6 45.014552 10400
    763 13 6 45.024524 13 6 45.024524 10400
    764 13 6 45.034494 13 6 45.034494 10400
    765 13 6 45.044525 13 6 45.044525 10400
    766 13 6 45.054518 13 6 45.054518 10400
    767 13 6 45.064481 13 6 45.064481 10400
    768 13 6 45.074511 13 6 45.074511 10400
    769 13 6 45.084449 13 6 45.084449 10400
    770 13 6 45.094445 13 6 45.094445 10400
    771 13 6 45.104444 13 6 45.104444 10400
    772 13 6 45.114443 13 6 45.114443 10400
    773 13 6 45.124398 13 6 45.124398 10400
    774 13 6 45.134461 13 6 45.134461 10400
    775 13 6 45.144474 13 6 45.144474 10400
    776 13 6 45.154521 13 6 45.154521 10400
    777 13 6 45.164523 13 6 45.164523 10400
    778 13 6 45.174469 13 6 45.174469 10400
    779 13 6 45.184454 13 6 45.184454 10400
    780 13 6 45.194456 13 6 45.194456 10400
    781 13 6 45.204506 13 6 45.204506 10400
    782 13 6 45.214477 13 6 45.214477 10400
    783 13 6 45.224513 13 6 45.224513 10400
    784 13 6 45.234520 13 6 45.234520 10400
    785 13 6 45.244512 13 6 45.244512 10400
    786 13 6 45.254525 13 6 45.254525 10400
    787 13 6 45.264485 13 6 45.264485 10400
    788 13 6 45.274464 13 6 45.274464 10400
    789 13 6 45.284457 13 6 45.284457 10400
    790 13 6 45.294454 13 6 45.294454 10400
    791 13 6 45.304453 13 6 45.304453 10400
    792 13 6 45.314455 13 6 45.314455 10400
    793 13 6 45.324522 13 6 45.324522 10400
    794 13 6 45.334946 13 6 45.334946 10400
    795 13 6 45.344610 13 6 45.344610 10400
    796 13 6 45.354531 13 6 45.354531 10400
    797 13 6 45.364527 13 6 45.364527 10400
    798 13 6 45.374454 13 6 45.374454 10400
    799 13 6 45.384456 13 6 45.384456 10400
    800 13 6 45.394458 13 6 45.394458 10400
    801 13 6 45.404471 13 6 45.404471 10400
    802 13 6 45.414521 13 6 45.414521 10400
    803 13 6 45.424483 13 6 45.424483 10400
    804 13 6 45.434530 13 6 45.434530 10400
    805 13 6 45.444521 13 6 45.444521 10400
    806 13 6 45.454478 13 6 45.454478 10400
    807 13 6 45.464483 13 6 45.464483 10400
    808 13 6 45.474569 13 6 45.474569 10400
    809 13 6 45.484465 13 6 45.484465 10400
    810 13 6 45.494455 13 6 45.494455 10400
    811 13 6 45.504457 13 6 45.504457 10400
    812 13 6 45.514453 13 6 45.514453 10400
    813 13 6 45.524473 13 6 45.524473 10400
    814 13 6 45.534457 13 6 45.534457 10400
    815 13 6 45.544474 13 6 45.544474 10400
    816 13 6 45.554513 13 6 45.554513 10400
    817 13 6 45.564557 13 6 45.564557 10400
    818 13 6 45.574480 13 6 45.574480 10400
    819 13 6 45.584454 13 6 45.584454 10400
    820 13 6 45.594456 13 6 45.594456 10400
    821 13 6 45.605007 13 6 45.605007 10400
    822 13 6 45.614567 13 6 45.614567 10400
    823 13 6 45.624484 13 6 45.624484 10400
    824 13 6 45.634526 13 6 45.634526 10400
    825 13 6 45.644475 13 6 45.644475 10400
    826 13 6 45.654522 13 6 45.654522 10400
    827 13 6 45.664510 13 6 45.664510 10400
    828 13 6 45.674491 13 6 45.674491 10400
    829 13 6 45.684454 13 6 45.684454 10400
    830 13 6 45.694456 13 6 45.694456 10400
    831 13 6 45.704452 13 6 45.704452 10400
    832 13 6 45.714457 13 6 45.714457 10400
    833 13 6 45.724460 13 6 45.724460 10400
    834 13 6 45.734527 13 6 45.734527 10400
    835 13 6 45.744523 13 6 45.744523 10400
    836 13 6 45.754536 13 6 45.754536 10400
    837 13 6 45.764560 13 6 45.764560 10400
    838 13 6 45.774462 13 6 45.774462 10400
    839 13 6 45.784455 13 6 45.784455 10400
    840 13 6 45.794455 13 6 45.794455 10400
    841 13 6 45.804487 13 6 45.804487 10400
    842 13 6 45.814526 13 6 45.814526 10400
    843 13 6 45.824511 13 6 45.824511 10400
    844 13 6 45.834525 13 6 45.834525 10400
    845 13 6 45.844456 13 6 45.844456 10400
    846 13 6 45.854536 13 6 45.854536 10400
    847 13 6 45.864452 13 6 45.864452 10400
    848 13 6 45.874541 13 6 45.874541 10400
    849 13 6 45.884535 13 6 45.884535 10400
    850 13 6 45.894418 13 6 45.894418 10400
    851 13 6 45.904470 13 6 45.904470 10400
    852 13 6 45.914458 13 6 45.914458 10400
    853 13 6 45.924466 13 6 45.924466 10400
    854 13 6 45.934525 13 6 45.934525 10400
    855 13 6 45.944519 13 6 45.944519 10400
    856 13 6 45.954521 13 6 45.954521 10400
    857 13 6 45.964525 13 6 45.964525 10400
    858 13 6 45.974418 13 6 45.974418 10400
    859 13 6 45.984465 13 6 45.984465 10400
    860 13 6 45.994455 13 6 45.994455 10400
    861 13 6 46.004542 13 6 46.004542 10400
    862 13 6 46.014516 13 6 46.014516 10400
    863 13 6 46.024458 13 6 46.024458 10400
    864 13 6 46.034537 13 6 46.034537 10400
    865 13 6 46.044516 13 6 46.044516 10400
    866 13 6 46.054535 13 6 46.054535 10400
    867 13 6 46.064554 13 6 46.064554 10400
    868 13 6 46.074455 13 6 46.074455 10400
    869 13 6 46.084457 13 6 46.084457 10400
    870 13 6 46.094455 13 6 46.094455 10400
    871 13 6 46.104460 13 6 46.104460 10400
    872 13 6 46.114457 13 6 46.114457 10400
    873 13 6 46.124465 13 6 46.124465 10400
    874 13 6 46.134546 13 6 46.134546 10400
    875 13 6 46.144525 13 6 46.144525 10400
    876 13 6 46.154528 13 6 46.154528 10400
    877 13 6 46.164513 13 6 46.164513 10400
    878 13 6 46.174829 13 6 46.174829 10400
    879 13 6 46.184457 13 6 46.184457 10400
    880 13 6 46.194395 13 6 46.194395 10400
    881 13 6 46.204535 13 6 46.204535 10400
    882 13 6 46.214526 13 6 46.214526 10400
    883 13 6 46.224539 13 6 46.224539 10400
    884 13 6 46.234586 13 6 46.234586 10400
    885 13 6 46.244565 13 6 46.244565 10400
    886 13 6 46.254539 13 6 46.254539 10400
    887 13 6 46.264591 13 6 46.264591 10400
    888 13 6 46.274456 13 6 46.274456 10400
    889 13 6 46.284520 13 6 46.284520 10400
    890 13 6 46.294457 13 6 46.294457 10400
    891 13 6 46.304456 13 6 46.304456 10400
    892 13 6 46.314489 13 6 46.314489 10400
    893 13 6 46.324446 13 6 46.324446 10400
    894 13 6 46.334538 13 6 46.334538 10400
    895 13 6 46.344521 13 6 46.344521 10400
    896 13 6 46.354495 13 6 46.354495 10400
    897 13 6 46.364528 13 6 46.364528 10400
    898 13 6 46.374512 13 6 46.374512 10400
    899 13 6 46.384490 13 6 46.384490 10400
    900 13 6 46.394455 13 6 46.394455 10400
    901 13 6 46.405056 13 6 46.405056 10400
    902 13 6 46.414521 13 6 46.414521 10400
    903 13 6 46.424514 13 6 46.424514 10400
    904 13 6 46.434491 13 6 46.434491 10400
    905 13 6 46.444512 13 6 46.444512 10400
    906 13 6 46.454456 13 6 46.454456 10400
    907 13 6 46.464517 13 6 46.464517 10400
    908 13 6 46.474513 13 6 46.474513 10400
    909 13 6 46.484490 13 6 46.484490 10400
    910 13 6 46.494455 13 6 46.494455 10400
    911 13 6 46.504455 13 6 46.504455 10400
    912 13 6 46.514457 13 6 46.514457 10400
    913 13 6 46.524456 13 6 46.524456 10400
    914 13 6 46.534539 13 6 46.534539 10400
    915 13 6 46.544522 13 6 46.544522 10400
    916 13 6 46.554526 13 6 46.554526 10400
    917 13 6 46.564520 13 6 46.564520 10400
    918 13 6 46.574514 13 6 46.574514 10400
    919 13 6 46.584466 13 6 46.584466 10400
    920 13 6 46.594464 13 6 46.594464 10400
    921 13 6 46.605114 13 6 46.605114 10400
    922 13 6 46.614569 13 6 46.614569 10400
    923 13 6 46.624513 13 6 46.624513 10400
    924 13 6 46.634514 13 6 46.634514 10400
    925 13 6 46.644517 13 6 46.644517 10400
    926 13 6 46.654459 13 6 46.654459 10400
    927 13 6 46.664518 13 6 46.664518 10400
    928 13 6 46.674523 13 6 46.674523 10400
    929 13 6 46.684519 13 6 46.684519 10400
    930 13 6 46.694454 13 6 46.694454 10400
    931 13 6 46.704439 13 6 46.704439 10400
    932 13 6 46.714440 13 6 46.714440 10400
    933 13 6 46.724454 13 6 46.724454 10400
    934 13 6 46.734529 13 6 46.734529 10400
    935 13 6 46.744562 13 6 46.744562 10400
    936 13 6 46.754522 13 6 46.754522 10400
    937 13 6 46.764524 13 6 46.764524 10400
    938 13 6 46.774529 13 6 46.774529 10400
    939 13 6 46.784458 13 6 46.784458 10400
    940 13 6 46.794443 13 6 46.794443 10400
    941 13 6 46.805213 13 6 46.805213 10400
    942 13 6 46.814543 13 6 46.814543 10400
    943 13 6 46.824624 13 6 46.824624 10400
    944 13 6 46.834485 13 6 46.834485 10400
    945 13 6 46.844453 13 6 46.844453 10400
    946 13 6 46.854456 13 6 46.854456 10400
    947 13 6 46.864454 13 6 46.864454 10400
    948 13 6 46.874524 13 6 46.874524 10400
    949 13 6 46.884551 13 6 46.884551 10400
    950 13 6 46.894514 13 6 46.894514 10400
    951 13 6 46.904394 13 6 46.904394 10400
    952 13 6 46.914456 13 6 46.914456 10400
    953 13 6 46.924436 13 6 46.924436 10400
    954 13 6 46.934502 13 6 46.934502 10400
    955 13 6 46.944566 13 6 46.944566 10400
    956 13 6 46.954579 13 6 46.954579 10400
    957 13 6 46.964517 13 6 46.964517 10400
    958 13 6 46.974805 13 6 46.974805 10400
    959 13 6 46.985134 13 6 46.985134 10400
    960 13 6 46.994456 13 6 46.994456 10400
    961 13 6 47.005254 13 6 47.005254 10400
    962 13 6 47.014527 13 6 47.014527 10400
    963 13 6 47.024524 13 6 47.024524 10400
    964 13 6 47.034514 13 6 47.034514 10400
    965 13 6 47.044519 13 6 47.044519 10400
    966 13 6 47.054510 13 6 47.054510 10400
    967 13 6 47.064511 13 6 47.064511 10400
    968 13 6 47.074455 13 6 47.074455 10400
    969 13 6 47.084456 13 6 47.084456 10400
    970 13 6 47.094467 13 6 47.094467 10400
    971 13 6 47.104481 13 6 47.104481 10400
    972 13 6 47.114455 13 6 47.114455 10400
    973 13 6 47.124459 13 6 47.124459 10400
    974 13 6 47.135128 13 6 47.135128 10400
    975 13 6 47.144550 13 6 47.144550 10400
    976 13 6 47.154640 13 6 47.154640 10400
    977 13 6 47.164524 13 6 47.164524 10400
    978 13 6 47.174475 13 6 47.174475 10400
    979 13 6 47.184465 13 6 47.184465 10400
    980 13 6 47.194451 13 6 47.194451 10400
    981 13 6 47.205460 13 6 47.205460 10400
    982 13 6 47.214474 13 6 47.214474 10400
    983 13 6 47.224522 13 6 47.224522 10400
    984 13 6 47.234521 13 6 47.234521 10400
    985 13 6 47.244455 13 6 47.244455 10400
    986 13 6 47.254513 13 6 47.254513 10400
    987 13 6 47.264516 13 6 47.264516 10400
    988 13 6 47.274458 13 6 47.274458 10400
    989 13 6 47.284455 13 6 47.284455 10400
    990 13 6 47.294472 13 6 47.294472 10400
    991 13 6 47.304465 13 6 47.304465 10400
    992 13 6 47.314456 13 6 47.314456 10400
    993 13 6 47.324454 13 6 47.324454 10400
    994 13 6 47.334432 13 6 47.334432 10400
    995 13 6 47.344462 13 6 47.344462 10400
    996 13 6 47.354534 13 6 47.354534 10400
    997 13 6 47.364538 13 6 47.364538 10400
    998 13 6 47.374454 13 6 47.374454 10400
    999 13 6 47.384455 13 6 47.384455 10400
   1000 13 6 47.394458 13 6 47.394458 10400
