      1 13 16 56.997821 13 16 57.008594 11400
      2 13 16 57.007986 13 16 57.018442 11400
      3 13 16 57.017893 13 16 57.028421 11400
      4 13 16 57.027934 13 16 57.038350 11400
      5 13 16 57.037922 13 16 57.048329 11400
      6 13 16 57.047922 13 16 57.058326 11400
      7 13 16 57.057923 13 16 57.068331 11400
      8 13 16 57.067920 13 16 57.078330 11400
      9 13 16 57.077921 13 16 57.088385 11400
     10 13 16 57.087927 13 16 57.098387 11400
     11 13 16 57.098104 13 16 57.108553 11400
     12 13 16 57.107942 13 16 57.118355 11400
     13 13 16 57.117944 13 16 57.128359 11400
     14 13 16 57.127932 13 16 57.138367 11400
     15 13 16 57.137939 13 16 57.148358 11400
     16 13 16 57.147920 13 16 57.158354 11400
     17 13 16 57.157994 13 16 57.168413 11400
     18 13 16 57.167943 13 16 57.178313 11400
     19 13 16 57.177926 13 16 57.188357 11400
     20 13 16 57.187921 13 16 57.198368 11400
     21 13 16 57.197997 13 16 57.208545 11400
     22 13 16 57.207996 13 16 57.218499 11400
     23 13 16 57.217950 13 16 57.228448 11400
     24 13 16 57.227921 13 16 57.238472 11400
     25 13 16 57.237921 13 16 57.248409 11400
     26 13 16 57.247923 13 16 57.258397 11400
     27 13 16 57.257911 13 16 57.268405 11400
     28 13 16 57.267955 13 16 57.278438 11400
     29 13 16 57.277994 13 16 57.288426 11400
     30 13 16 57.287922 13 16 57.298350 11400
     31 13 16 57.297927 13 16 57.308371 11400
     32 13 16 57.307982 13 16 57.318413 11400
     33 13 16 57.317922 13 16 57.328347 11400
     34 13 16 57.327919 13 16 57.338312 11400
     35 13 16 57.337919 13 16 57.348458 11400
     36 13 16 57.347921 13 16 57.358325 11400
     37 13 16 57.357993 13 16 57.368470 11400
     38 13 16 57.367922 13 16 57.378343 11400
     39 13 16 57.377924 13 16 57.388326 11400
     40 13 16 57.387917 13 16 57.398488 11400
     41 13 16 57.397944 13 16 57.408633 11400
     42 13 16 57.408006 13 16 57.418466 11400
     43 13 16 57.417923 13 16 57.428361 11400
     44 13 16 57.427919 13 16 57.438349 11400
     45 13 16 57.437922 13 16 57.448349 11400
     46 13 16 57.447926 13 16 57.458347 11400
     47 13 16 57.457922 13 16 57.468327 11400
     48 13 16 57.467919 13 16 57.478323 11400
     49 13 16 57.477921 13 16 57.488491 11400
     50 13 16 57.487920 13 16 57.504410 11400
     51 13 16 57.497987 13 16 57.513843 11400
     52 13 16 57.507942 13 16 57.523552 11400
     53 13 16 57.517924 13 16 57.532997 11400
     54 13 16 57.527925 13 16 57.542577 11400
     55 13 16 57.537897 13 16 57.552171 11400
     56 13 16 57.547922 13 16 57.561763 11400
     57 13 16 57.557934 13 16 57.571320 11400
     58 13 16 57.567925 13 16 57.580934 11400
     59 13 16 57.577944 13 16 57.590507 11400
     60 13 16 57.587944 13 16 57.600037 11400
     61 13 16 57.597909 13 16 57.609678 11400
     62 13 16 57.607934 13 16 57.619230 11400
     63 13 16 57.617927 13 16 57.628835 11400
     64 13 16 57.627923 13 16 57.638491 11400
     65 13 16 57.637940 13 16 57.648353 11400
     66 13 16 57.647920 13 16 57.658354 11400
     67 13 16 57.657930 13 16 57.668469 11400
     68 13 16 57.667932 13 16 57.678350 11400
     69 13 16 57.677942 13 16 57.688312 11400
     70 13 16 57.687910 13 16 57.698276 11400
     71 13 16 57.697935 13 16 57.708801 11400
     72 13 16 57.707929 13 16 57.718389 11400
     73 13 16 57.717919 13 16 57.728402 11400
     74 13 16 57.728070 13 16 57.739651 11400
     75 13 16 57.737943 13 16 57.749225 11400
     76 13 16 57.747884 13 16 57.758823 11400
     77 13 16 57.757933 13 16 57.768374 11400
     78 13 16 57.767907 13 16 57.778359 11400
     79 13 16 57.777965 13 16 57.788378 11400
     80 13 16 57.787925 13 16 57.798425 11400
     81 13 16 57.797913 13 16 57.808376 11400
     82 13 16 57.807921 13 16 57.818396 11400
     83 13 16 57.817922 13 16 57.828350 11400
     84 13 16 57.827941 13 16 57.838548 11400
     85 13 16 57.837924 13 16 57.848385 11400
     86 13 16 57.847925 13 16 57.858359 11400
     87 13 16 57.857925 13 16 57.868353 11400
     88 13 16 57.867925 13 16 57.878346 11400
     89 13 16 57.877927 13 16 57.888347 11400
     90 13 16 57.887923 13 16 57.898361 11400
     91 13 16 57.897922 13 16 57.908338 11400
     92 13 16 57.907955 13 16 57.918455 11400
     93 13 16 57.917923 13 16 57.928370 11400
     94 13 16 57.927925 13 16 57.938374 11400
     95 13 16 57.937956 13 16 57.948346 11400
     96 13 16 57.947927 13 16 57.958433 11400
     97 13 16 57.957949 13 16 57.968366 11400
     98 13 16 57.967925 13 16 57.978518 11400
     99 13 16 57.977944 13 16 57.988391 11400
    100 13 16 57.987923 13 16 58.004485 11400
    101 13 16 57.997945 13 16 58.013899 11400
    102 13 16 58.007930 13 16 58.023749 11400
    103 13 16 58.017937 13 16 58.033065 11400
    104 13 16 58.027963 13 16 58.042608 11400
    105 13 16 58.038015 13 16 58.052196 11400
    106 13 16 58.047929 13 16 58.061785 11400
    107 13 16 58.057929 13 16 58.071328 11400
    108 13 16 58.067942 13 16 58.080913 11400
    109 13 16 58.077930 13 16 58.090544 11400
    110 13 16 58.087924 13 16 58.100053 11400
    111 13 16 58.097928 13 16 58.109735 11400
    112 13 16 58.107925 13 16 58.119236 11400
    113 13 16 58.117925 13 16 58.128808 11400
    114 13 16 58.127982 13 16 58.138396 11400
    115 13 16 58.137922 13 16 58.148347 11400
    116 13 16 58.147922 13 16 58.158346 11400
    117 13 16 58.157921 13 16 58.168326 11400
    118 13 16 58.167918 13 16 58.178311 11400
    119 13 16 58.177934 13 16 58.188386 11400
    120 13 16 58.187984 13 16 58.198529 11400
    121 13 16 58.197923 13 16 58.208359 11400
    122 13 16 58.207937 13 16 58.218524 11400
    123 13 16 58.217922 13 16 58.228332 11400
    124 13 16 58.227919 13 16 58.238314 11400
    125 13 16 58.237921 13 16 58.248323 11400
    126 13 16 58.247920 13 16 58.258338 11400
    127 13 16 58.257921 13 16 58.268346 11400
    128 13 16 58.267983 13 16 58.278531 11400
    129 13 16 58.278024 13 16 58.288485 11400
    130 13 16 58.287922 13 16 58.298330 11400
    131 13 16 58.297919 13 16 58.308858 11400
    132 13 16 58.307924 13 16 58.318358 11400
    133 13 16 58.317922 13 16 58.328327 11400
    134 13 16 58.327921 13 16 58.338332 11400
    135 13 16 58.337921 13 16 58.348351 11400
    136 13 16 58.347920 13 16 58.358370 11400
    137 13 16 58.357936 13 16 58.368372 11400
    138 13 16 58.367930 13 16 58.378377 11400
    139 13 16 58.377948 13 16 58.388562 11400
    140 13 16 58.387926 13 16 58.398341 11400
    141 13 16 58.397922 13 16 58.408499 11400
    142 13 16 58.408129 13 16 58.418604 11400
    143 13 16 58.417921 13 16 58.428333 11400
    144 13 16 58.427920 13 16 58.438363 11400
    145 13 16 58.437919 13 16 58.448324 11400
    146 13 16 58.447918 13 16 58.458325 11400
    147 13 16 58.457920 13 16 58.468333 11400
    148 13 16 58.467922 13 16 58.478332 11400
    149 13 16 58.477921 13 16 58.488421 11400
    150 13 16 58.487920 13 16 58.506385 11400
    151 13 16 58.497922 13 16 58.514425 11400
    152 13 16 58.507930 13 16 58.524602 11400
    153 13 16 58.517946 13 16 58.533465 11400
    154 13 16 58.527926 13 16 58.543073 11400
    155 13 16 58.537903 13 16 58.552675 11400
    156 13 16 58.547995 13 16 58.562238 11400
    157 13 16 58.557946 13 16 58.571784 11400
    158 13 16 58.567925 13 16 58.581375 11400
    159 13 16 58.577928 13 16 58.590944 11400
    160 13 16 58.587924 13 16 58.600529 11400
    161 13 16 58.597923 13 16 58.610292 11400
    162 13 16 58.607925 13 16 58.619681 11400
    163 13 16 58.617924 13 16 58.629277 11400
    164 13 16 58.627890 13 16 58.638846 11400
    165 13 16 58.637923 13 16 58.648425 11400
    166 13 16 58.647919 13 16 58.658326 11400
    167 13 16 58.657919 13 16 58.668329 11400
    168 13 16 58.667920 13 16 58.678319 11400
    169 13 16 58.677947 13 16 58.688420 11400
    170 13 16 58.687919 13 16 58.698331 11400
    171 13 16 58.697923 13 16 58.708359 11400
    172 13 16 58.707920 13 16 58.718333 11400
    173 13 16 58.717922 13 16 58.728329 11400
    174 13 16 58.727919 13 16 58.738315 11400
    175 13 16 58.737918 13 16 58.748323 11400
    176 13 16 58.747906 13 16 58.758294 11400
    177 13 16 58.757913 13 16 58.768340 11400
    178 13 16 58.767915 13 16 58.778300 11400
    179 13 16 58.777948 13 16 58.788335 11400
    180 13 16 58.787919 13 16 58.798324 11400
    181 13 16 58.797921 13 16 58.808343 11400
    182 13 16 58.807923 13 16 58.818333 11400
    183 13 16 58.817920 13 16 58.828350 11400
    184 13 16 58.827921 13 16 58.838332 11400
    185 13 16 58.837921 13 16 58.848332 11400
    186 13 16 58.847923 13 16 58.858435 11400
    187 13 16 58.857920 13 16 58.868319 11400
    188 13 16 58.867919 13 16 58.878337 11400
    189 13 16 58.877907 13 16 58.888281 11400
    190 13 16 58.887982 13 16 58.898372 11400
    191 13 16 58.897945 13 16 58.908481 11400
    192 13 16 58.907944 13 16 58.918335 11400
    193 13 16 58.917924 13 16 58.928328 11400
    194 13 16 58.927931 13 16 58.938313 11400
    195 13 16 58.937964 13 16 58.948372 11400
    196 13 16 58.947934 13 16 58.958333 11400
    197 13 16 58.957909 13 16 58.968311 11400
    198 13 16 58.967955 13 16 58.978405 11400
    199 13 16 58.977949 13 16 58.988427 11400
    200 13 16 58.987926 13 16 59.005195 11400
    201 13 16 58.997965 13 16 59.013944 11400
    202 13 16 59.007939 13 16 59.023636 11400
    203 13 16 59.017927 13 16 59.032992 11400
    204 13 16 59.027925 13 16 59.042580 11400
    205 13 16 59.037908 13 16 59.052221 11400
    206 13 16 59.047961 13 16 59.061781 11400
    207 13 16 59.057971 13 16 59.071390 11400
    208 13 16 59.067900 13 16 59.080944 11400
    209 13 16 59.077944 13 16 59.090497 11400
    210 13 16 59.087885 13 16 59.100219 11400
    211 13 16 59.097929 13 16 59.109737 11400
    212 13 16 59.107990 13 16 59.119270 11400
    213 13 16 59.117890 13 16 59.128850 11400
    214 13 16 59.127968 13 16 59.138641 11400
    215 13 16 59.138449 13 16 59.148932 11400
    216 13 16 59.147959 13 16 59.158484 11400
    217 13 16 59.157929 13 16 59.168391 11400
    218 13 16 59.167926 13 16 59.178477 11400
    219 13 16 59.177961 13 16 59.188462 11400
    220 13 16 59.187955 13 16 59.198439 11400
    221 13 16 59.197943 13 16 59.208562 11400
    222 13 16 59.207949 13 16 59.218446 11400
    223 13 16 59.217953 13 16 59.228444 11400
    224 13 16 59.227924 13 16 59.238402 11400
    225 13 16 59.237926 13 16 59.248384 11400
    226 13 16 59.247936 13 16 59.258398 11400
    227 13 16 59.257925 13 16 59.268399 11400
    228 13 16 59.267924 13 16 59.278359 11400
    229 13 16 59.277921 13 16 59.288336 11400
    230 13 16 59.287925 13 16 59.298436 11400
    231 13 16 59.297966 13 16 59.308498 11400
    232 13 16 59.308016 13 16 59.318658 11400
    233 13 16 59.317943 13 16 59.331856 11400
    234 13 16 59.328333 13 16 59.339433 11400
    235 13 16 59.337932 13 16 59.348941 11400
    236 13 16 59.347951 13 16 59.358502 11400
    237 13 16 59.357926 13 16 59.368358 11400
    238 13 16 59.367932 13 16 59.378386 11400
    239 13 16 59.377943 13 16 59.388429 11400
    240 13 16 59.387954 13 16 59.398471 11400
    241 13 16 59.397950 13 16 59.408422 11400
    242 13 16 59.407924 13 16 59.418393 11400
    243 13 16 59.417928 13 16 59.428348 11400
    244 13 16 59.427922 13 16 59.438344 11400
    245 13 16 59.437930 13 16 59.448368 11400
    246 13 16 59.447932 13 16 59.458385 11400
    247 13 16 59.457931 13 16 59.468345 11400
    248 13 16 59.467922 13 16 59.478395 11400
    249 13 16 59.477964 13 16 59.488452 11400
    250 13 16 59.487949 13 16 59.505490 11400
    251 13 16 59.497933 13 16 59.513888 11400
    252 13 16 59.507928 13 16 59.523614 11400
    253 13 16 59.517870 13 16 59.533084 11400
    254 13 16 59.527912 13 16 59.542639 11400
    255 13 16 59.537923 13 16 59.552270 11400
    256 13 16 59.547916 13 16 59.561864 11400
    257 13 16 59.557921 13 16 59.571364 11400
    258 13 16 59.567919 13 16 59.580981 11400
    259 13 16 59.577942 13 16 59.590552 11400
    260 13 16 59.587983 13 16 59.600082 11400
    261 13 16 59.597928 13 16 59.609684 11400
    262 13 16 59.607940 13 16 59.619349 11400
    263 13 16 59.617998 13 16 59.628847 11400
    264 13 16 59.627926 13 16 59.638533 11400
    265 13 16 59.637901 13 16 59.648367 11400
    266 13 16 59.647919 13 16 59.658386 11400
    267 13 16 59.657930 13 16 59.668367 11400
    268 13 16 59.667924 13 16 59.678361 11400
    269 13 16 59.677948 13 16 59.688405 11400
    270 13 16 59.687933 13 16 59.698399 11400
    271 13 16 59.697924 13 16 59.708477 11400
    272 13 16 59.707962 13 16 59.718414 11400
    273 13 16 59.717953 13 16 59.728417 11400
    274 13 16 59.727930 13 16 59.738503 11400
    275 13 16 59.737932 13 16 59.748384 11400
    276 13 16 59.747931 13 16 59.758358 11400
    277 13 16 59.757936 13 16 59.768653 11400
    278 13 16 59.767944 13 16 59.778398 11400
    279 13 16 59.777932 13 16 59.788359 11400
    280 13 16 59.787928 13 16 59.798332 11400
    281 13 16 59.797927 13 16 59.808352 11400
    282 13 16 59.807921 13 16 59.818356 11400
    283 13 16 59.817923 13 16 59.828333 11400
    284 13 16 59.827930 13 16 59.838346 11400
    285 13 16 59.837924 13 16 59.848350 11400
    286 13 16 59.847932 13 16 59.858344 11400
    287 13 16 59.857920 13 16 59.868335 11400
    288 13 16 59.867921 13 16 59.878346 11400
    289 13 16 59.877923 13 16 59.888331 11400
    290 13 16 59.887918 13 16 59.898308 11400
    291 13 16 59.897920 13 16 59.908313 11400
    292 13 16 59.907919 13 16 59.918329 11400
    293 13 16 59.917921 13 16 59.928322 11400
    294 13 16 59.927920 13 16 59.938417 11400
    295 13 16 59.937922 13 16 59.948303 11400
    296 13 16 59.947920 13 16 59.958339 11400
    297 13 16 59.957920 13 16 59.968297 11400
    298 13 16 59.967951 13 16 59.978344 11400
    299 13 16 59.977927 13 16 59.988436 11400
    300 13 16 59.987921 13 17 0.005217 11400
    301 13 16 59.997925 13 17 0.013872 11400
    302 13 17 0.007964 13 17 0.023714 11400
    303 13 17 0.017939 13 17 0.033042 11400
    304 13 17 0.028008 13 17 0.042633 11400
    305 13 17 0.037920 13 17 0.052197 11400
    306 13 17 0.047934 13 17 0.061810 11400
    307 13 17 0.057946 13 17 0.071323 11400
    308 13 17 0.067944 13 17 0.080902 11400
    309 13 17 0.077923 13 17 0.090464 11400
    310 13 17 0.087887 13 17 0.100061 11400
    311 13 17 0.097924 13 17 0.109654 11400
    312 13 17 0.107910 13 17 0.119229 11400
    313 13 17 0.117924 13 17 0.128801 11400
    314 13 17 0.127924 13 17 0.138386 11400
    315 13 17 0.137921 13 17 0.148331 11400
    316 13 17 0.147919 13 17 0.158310 11400
    317 13 17 0.157932 13 17 0.168427 11400
    318 13 17 0.167920 13 17 0.178327 11400
    319 13 17 0.177923 13 17 0.188329 11400
    320 13 17 0.187923 13 17 0.198334 11400
    321 13 17 0.197927 13 17 0.208381 11400
    322 13 17 0.207943 13 17 0.218419 11400
    323 13 17 0.217933 13 17 0.228383 11400
    324 13 17 0.227922 13 17 0.238317 11400
    325 13 17 0.238094 13 17 0.249430 11400
    326 13 17 0.247925 13 17 0.259002 11400
    327 13 17 0.257926 13 17 0.268597 11400
    328 13 17 0.267929 13 17 0.278339 11400
    329 13 17 0.277921 13 17 0.288322 11400
    330 13 17 0.287919 13 17 0.298298 11400
    331 13 17 0.297921 13 17 0.308320 11400
    332 13 17 0.307920 13 17 0.318466 11400
    333 13 17 0.317925 13 17 0.328367 11400
    334 13 17 0.327922 13 17 0.338368 11400
    335 13 17 0.337945 13 17 0.348435 11400
    336 13 17 0.347945 13 17 0.358412 11400
    337 13 17 0.357923 13 17 0.368340 11400
    338 13 17 0.367943 13 17 0.378378 11400
    339 13 17 0.377951 13 17 0.388413 11400
    340 13 17 0.387921 13 17 0.398331 11400
    341 13 17 0.397921 13 17 0.408591 11400
    342 13 17 0.407932 13 17 0.418345 11400
    343 13 17 0.417922 13 17 0.428328 11400
    344 13 17 0.427919 13 17 0.438305 11400
    345 13 17 0.437907 13 17 0.448272 11400
    346 13 17 0.447932 13 17 0.458339 11400
    347 13 17 0.457920 13 17 0.468331 11400
    348 13 17 0.467933 13 17 0.478340 11400
    349 13 17 0.477922 13 17 0.488424 11400
    350 13 17 0.487920 13 17 0.504855 11400
    351 13 17 0.498195 13 17 0.514345 11400
    352 13 17 0.507884 13 17 0.524076 11400
    353 13 17 0.517910 13 17 0.533514 11400
    354 13 17 0.527911 13 17 0.543096 11400
    355 13 17 0.537891 13 17 0.552670 11400
    356 13 17 0.547926 13 17 0.562252 11400
    357 13 17 0.557924 13 17 0.571831 11400
    358 13 17 0.567924 13 17 0.581424 11400
    359 13 17 0.577936 13 17 0.591015 11400
    360 13 17 0.587948 13 17 0.600610 11400
    361 13 17 0.597927 13 17 0.610135 11400
    362 13 17 0.607904 13 17 0.619756 11400
    363 13 17 0.617927 13 17 0.629330 11400
    364 13 17 0.627930 13 17 0.638915 11400
    365 13 17 0.637884 13 17 0.648470 11400
    366 13 17 0.647922 13 17 0.658342 11400
    367 13 17 0.657921 13 17 0.668336 11400
    368 13 17 0.667920 13 17 0.678340 11400
    369 13 17 0.677921 13 17 0.688357 11400
    370 13 17 0.687908 13 17 0.698353 11400
    371 13 17 0.697931 13 17 0.708363 11400
    372 13 17 0.707922 13 17 0.718325 11400
    373 13 17 0.717922 13 17 0.728326 11400
    374 13 17 0.727921 13 17 0.738321 11400
    375 13 17 0.737920 13 17 0.748347 11400
    376 13 17 0.747920 13 17 0.758326 11400
    377 13 17 0.757932 13 17 0.768335 11400
    378 13 17 0.767907 13 17 0.778290 11400
    379 13 17 0.777923 13 17 0.788447 11400
    380 13 17 0.787923 13 17 0.798378 11400
    381 13 17 0.797930 13 17 0.808483 11400
    382 13 17 0.807929 13 17 0.818437 11400
    383 13 17 0.817944 13 17 0.828503 11400
    384 13 17 0.827949 13 17 0.838524 11400
    385 13 17 0.838025 13 17 0.848616 11400
    386 13 17 0.847935 13 17 0.858536 11400
    387 13 17 0.857893 13 17 0.868337 11400
    388 13 17 0.867921 13 17 0.878338 11400
    389 13 17 0.877922 13 17 0.888322 11400
    390 13 17 0.887937 13 17 0.898336 11400
    391 13 17 0.897970 13 17 0.908390 11400
    392 13 17 0.907929 13 17 0.918348 11400
    393 13 17 0.917934 13 17 0.928337 11400
    394 13 17 0.927919 13 17 0.938338 11400
    395 13 17 0.937982 13 17 0.948461 11400
    396 13 17 0.947931 13 17 0.958338 11400
    397 13 17 0.957920 13 17 0.968322 11400
    398 13 17 0.967933 13 17 0.978338 11400
    399 13 17 0.977926 13 17 0.988404 11400
    400 13 17 0.987923 13 17 1.004302 11400
    401 13 17 0.997924 13 17 1.014005 11400
    402 13 17 1.008013 13 17 1.023439 11400
    403 13 17 1.017948 13 17 1.033157 11400
    404 13 17 1.027927 13 17 1.042605 11400
    405 13 17 1.037903 13 17 1.052165 11400
    406 13 17 1.047924 13 17 1.061752 11400
    407 13 17 1.057954 13 17 1.071398 11400
    408 13 17 1.067906 13 17 1.080907 11400
    409 13 17 1.077927 13 17 1.090587 11400
    410 13 17 1.087924 13 17 1.100114 11400
    411 13 17 1.097927 13 17 1.109650 11400
    412 13 17 1.107922 13 17 1.119210 11400
    413 13 17 1.117933 13 17 1.128803 11400
    414 13 17 1.127923 13 17 1.138396 11400
    415 13 17 1.137922 13 17 1.148395 11400
    416 13 17 1.147920 13 17 1.158358 11400
    417 13 17 1.157907 13 17 1.168358 11400
    418 13 17 1.167905 13 17 1.178380 11400
    419 13 17 1.177921 13 17 1.188363 11400
    420 13 17 1.187986 13 17 1.198453 11400
    421 13 17 1.197907 13 17 1.208452 11400
    422 13 17 1.207978 13 17 1.218386 11400
    423 13 17 1.217923 13 17 1.228345 11400
    424 13 17 1.227918 13 17 1.238351 11400
    425 13 17 1.237922 13 17 1.248415 11400
    426 13 17 1.247919 13 17 1.258386 11400
    427 13 17 1.257908 13 17 1.268308 11400
    428 13 17 1.267954 13 17 1.278338 11400
    429 13 17 1.277932 13 17 1.288333 11400
    430 13 17 1.287919 13 17 1.298340 11400
    431 13 17 1.297922 13 17 1.308345 11400
    432 13 17 1.307998 13 17 1.318649 11400
    433 13 17 1.317995 13 17 1.328635 11400
    434 13 17 1.327948 13 17 1.338484 11400
    435 13 17 1.337927 13 17 1.348346 11400
    436 13 17 1.347920 13 17 1.358314 11400
    437 13 17 1.357914 13 17 1.368303 11400
    438 13 17 1.367920 13 17 1.378330 11400
    439 13 17 1.377923 13 17 1.388390 11400
    440 13 17 1.387920 13 17 1.398334 11400
    441 13 17 1.397920 13 17 1.408323 11400
    442 13 17 1.407923 13 17 1.418330 11400
    443 13 17 1.417921 13 17 1.428325 11400
    444 13 17 1.427918 13 17 1.438321 11400
    445 13 17 1.437924 13 17 1.448326 11400
    446 13 17 1.447918 13 17 1.458318 11400
    447 13 17 1.457924 13 17 1.468326 11400
    448 13 17 1.467919 13 17 1.478315 11400
    449 13 17 1.477921 13 17 1.488388 11400
    450 13 17 1.487908 13 17 1.504229 11400
    451 13 17 1.497922 13 17 1.513852 11400
    452 13 17 1.507927 13 17 1.527892 11400
    453 13 17 1.517926 13 17 1.533029 11400
    454 13 17 1.529911 13 17 1.542888 11400
    455 13 17 1.537927 13 17 1.552109 11400
    456 13 17 1.547925 13 17 1.561715 11400
    457 13 17 1.557917 13 17 1.571327 11400
    458 13 17 1.567927 13 17 1.581008 11400
    459 13 17 1.577925 13 17 1.590457 11400
    460 13 17 1.587924 13 17 1.600049 11400
    461 13 17 1.597954 13 17 1.609614 11400
    462 13 17 1.607928 13 17 1.619200 11400
    463 13 17 1.617926 13 17 1.628782 11400
    464 13 17 1.627924 13 17 1.638342 11400
    465 13 17 1.637921 13 17 1.648391 11400
    466 13 17 1.647921 13 17 1.658334 11400
    467 13 17 1.657910 13 17 1.668435 11400
    468 13 17 1.667942 13 17 1.678434 11400
    469 13 17 1.677909 13 17 1.688362 11400
    470 13 17 1.687916 13 17 1.698872 11400
    471 13 17 1.698021 13 17 1.708425 11400
    472 13 17 1.707967 13 17 1.718380 11400
    473 13 17 1.717941 13 17 1.728367 11400
    474 13 17 1.727919 13 17 1.738452 11400
    475 13 17 1.737981 13 17 1.748476 11400
    476 13 17 1.747927 13 17 1.758310 11400
    477 13 17 1.757941 13 17 1.768437 11400
    478 13 17 1.767933 13 17 1.778424 11400
    479 13 17 1.777928 13 17 1.788326 11400
    480 13 17 1.787949 13 17 1.798407 11400
    481 13 17 1.797925 13 17 1.808376 11400
    482 13 17 1.807926 13 17 1.818416 11400
    483 13 17 1.817936 13 17 1.828352 11400
    484 13 17 1.827947 13 17 1.838360 11400
    485 13 17 1.837923 13 17 1.848327 11400
    486 13 17 1.847944 13 17 1.858387 11400
    487 13 17 1.857931 13 17 1.868462 11400
    488 13 17 1.867923 13 17 1.878368 11400
    489 13 17 1.878010 13 17 1.888439 11400
    490 13 17 1.887935 13 17 1.899030 11400
    491 13 17 1.897931 13 17 1.908517 11400
    492 13 17 1.907935 13 17 1.918358 11400
    493 13 17 1.918016 13 17 1.928510 11400
    494 13 17 1.927959 13 17 1.938350 11400
    495 13 17 1.937946 13 17 1.948335 11400
    496 13 17 1.948005 13 17 1.958474 11400
    497 13 17 1.957942 13 17 1.968337 11400
    498 13 17 1.967994 13 17 1.978377 11400
    499 13 17 1.977933 13 17 1.988636 11400
    500 13 17 1.987946 13 17 2.005237 11400
    501 13 17 1.997925 13 17 2.013939 11400
    502 13 17 2.007928 13 17 2.023731 11400
    503 13 17 2.017990 13 17 2.033176 11400
    504 13 17 2.028026 13 17 2.042661 11400
    505 13 17 2.037961 13 17 2.052233 11400
    506 13 17 2.047909 13 17 2.061811 11400
    507 13 17 2.057958 13 17 2.071441 11400
    508 13 17 2.067956 13 17 2.081096 11400
    509 13 17 2.077901 13 17 2.090695 11400
    510 13 17 2.087912 13 17 2.100172 11400
    511 13 17 2.097871 13 17 2.109713 11400
    512 13 17 2.107911 13 17 2.119292 11400
    513 13 17 2.117903 13 17 2.128931 11400
    514 13 17 2.127911 13 17 2.138541 11400
    515 13 17 2.137925 13 17 2.148410 11400
    516 13 17 2.147921 13 17 2.158358 11400
    517 13 17 2.157907 13 17 2.168343 11400
    518 13 17 2.167905 13 17 2.178404 11400
    519 13 17 2.177922 13 17 2.188378 11400
    520 13 17 2.187905 13 17 2.198459 11400
    521 13 17 2.197941 13 17 2.208390 11400
    522 13 17 2.207920 13 17 2.218353 11400
    523 13 17 2.217935 13 17 2.228467 11400
    524 13 17 2.227910 13 17 2.238417 11400
    525 13 17 2.237927 13 17 2.248407 11400
    526 13 17 2.247913 13 17 2.258310 11400
    527 13 17 2.257932 13 17 2.268475 11400
    528 13 17 2.267946 13 17 2.278373 11400
    529 13 17 2.277924 13 17 2.288327 11400
    530 13 17 2.287923 13 17 2.298332 11400
    531 13 17 2.297877 13 17 2.308291 11400
    532 13 17 2.307929 13 17 2.319207 11400
    533 13 17 2.317922 13 17 2.328336 11400
    534 13 17 2.327919 13 17 2.338327 11400
    535 13 17 2.337921 13 17 2.348326 11400
    536 13 17 2.347919 13 17 2.358315 11400
    537 13 17 2.357920 13 17 2.368320 11400
    538 13 17 2.367907 13 17 2.378302 11400
    539 13 17 2.377921 13 17 2.388326 11400
    540 13 17 2.387919 13 17 2.398317 11400
    541 13 17 2.397921 13 17 2.408386 11400
    542 13 17 2.407922 13 17 2.418520 11400
    543 13 17 2.417924 13 17 2.428427 11400
    544 13 17 2.427922 13 17 2.438336 11400
    545 13 17 2.437921 13 17 2.448342 11400
    546 13 17 2.447929 13 17 2.458359 11400
    547 13 17 2.457921 13 17 2.468337 11400
    548 13 17 2.467921 13 17 2.478425 11400
    549 13 17 2.477923 13 17 2.488427 11400
    550 13 17 2.487927 13 17 2.505513 11400
    551 13 17 2.497955 13 17 2.514340 11400
    552 13 17 2.507892 13 17 2.524048 11400
    553 13 17 2.517964 13 17 2.533401 11400
    554 13 17 2.528058 13 17 2.542953 11400
    555 13 17 2.537926 13 17 2.552534 11400
    556 13 17 2.547927 13 17 2.562128 11400
    557 13 17 2.557909 13 17 2.571708 11400
    558 13 17 2.567925 13 17 2.581364 11400
    559 13 17 2.577948 13 17 2.590870 11400
    560 13 17 2.587969 13 17 2.600445 11400
    561 13 17 2.597925 13 17 2.610030 11400
    562 13 17 2.607926 13 17 2.619607 11400
    563 13 17 2.617896 13 17 2.629198 11400
    564 13 17 2.627920 13 17 2.638834 11400
    565 13 17 2.637926 13 17 2.648350 11400
    566 13 17 2.647920 13 17 2.658323 11400
    567 13 17 2.657906 13 17 2.668317 11400
    568 13 17 2.667939 13 17 2.678335 11400
    569 13 17 2.678017 13 17 2.688455 11400
    570 13 17 2.687907 13 17 2.698525 11400
    571 13 17 2.697944 13 17 2.708377 11400
    572 13 17 2.707920 13 17 2.718328 11400
    573 13 17 2.717921 13 17 2.728321 11400
    574 13 17 2.727921 13 17 2.738391 11400
    575 13 17 2.737922 13 17 2.748342 11400
    576 13 17 2.747920 13 17 2.758324 11400
    577 13 17 2.757919 13 17 2.768333 11400
    578 13 17 2.767920 13 17 2.778325 11400
    579 13 17 2.777924 13 17 2.788319 11400
    580 13 17 2.787932 13 17 2.798333 11400
    581 13 17 2.797933 13 17 2.808339 11400
    582 13 17 2.807920 13 17 2.818319 11400
    583 13 17 2.817921 13 17 2.828317 11400
    584 13 17 2.827923 13 17 2.838334 11400
    585 13 17 2.837921 13 17 2.848325 11400
    586 13 17 2.847919 13 17 2.858333 11400
    587 13 17 2.857921 13 17 2.868369 11400
    588 13 17 2.867921 13 17 2.878324 11400
    589 13 17 2.877920 13 17 2.888326 11400
    590 13 17 2.887920 13 17 2.898327 11400
    591 13 17 2.897921 13 17 2.908366 11400
    592 13 17 2.907925 13 17 2.918321 11400
    593 13 17 2.917924 13 17 2.928331 11400
    594 13 17 2.927918 13 17 2.938298 11400
    595 13 17 2.937905 13 17 2.948281 11400
    596 13 17 2.947919 13 17 2.958308 11400
    597 13 17 2.957920 13 17 2.968305 11400
    598 13 17 2.967918 13 17 2.978378 11400
    599 13 17 2.977935 13 17 2.988400 11400
    600 13 17 2.987937 13 17 3.004325 11400
    601 13 17 2.997924 13 17 3.013863 11400
    602 13 17 3.007972 13 17 3.023442 11400
    603 13 17 3.017926 13 17 3.033030 11400
    604 13 17 3.027924 13 17 3.042607 11400
    605 13 17 3.037929 13 17 3.052182 11400
    606 13 17 3.047925 13 17 3.061764 11400
    607 13 17 3.057922 13 17 3.071343 11400
    608 13 17 3.067877 13 17 3.080924 11400
    609 13 17 3.077929 13 17 3.090504 11400
    610 13 17 3.087922 13 17 3.100063 11400
    611 13 17 3.097923 13 17 3.109992 11400
    612 13 17 3.107921 13 17 3.119244 11400
    613 13 17 3.117868 13 17 3.128801 11400
    614 13 17 3.127909 13 17 3.138401 11400
    615 13 17 3.137920 13 17 3.148378 11400
    616 13 17 3.147923 13 17 3.158329 11400
    617 13 17 3.157920 13 17 3.168306 11400
    618 13 17 3.167926 13 17 3.178389 11400
    619 13 17 3.177921 13 17 3.188309 11400
    620 13 17 3.187913 13 17 3.198310 11400
    621 13 17 3.197906 13 17 3.208280 11400
    622 13 17 3.207905 13 17 3.218350 11400
    623 13 17 3.217921 13 17 3.228314 11400
    624 13 17 3.227926 13 17 3.238369 11400
    625 13 17 3.238016 13 17 3.248457 11400
    626 13 17 3.247958 13 17 3.258395 11400
    627 13 17 3.257922 13 17 3.268333 11400
    628 13 17 3.267920 13 17 3.278319 11400
    629 13 17 3.277919 13 17 3.288316 11400
    630 13 17 3.287920 13 17 3.298315 11400
    631 13 17 3.297921 13 17 3.308317 11400
    632 13 17 3.307922 13 17 3.318324 11400
    633 13 17 3.317924 13 17 3.328332 11400
    634 13 17 3.327923 13 17 3.338325 11400
    635 13 17 3.337923 13 17 3.348328 11400
    636 13 17 3.347919 13 17 3.358321 11400
    637 13 17 3.357920 13 17 3.368329 11400
    638 13 17 3.367919 13 17 3.378322 11400
    639 13 17 3.377921 13 17 3.388322 11400
    640 13 17 3.387919 13 17 3.398315 11400
    641 13 17 3.397921 13 17 3.408323 11400
    642 13 17 3.407922 13 17 3.418327 11400
    643 13 17 3.417920 13 17 3.428322 11400
    644 13 17 3.427871 13 17 3.438279 11400
    645 13 17 3.437927 13 17 3.448398 11400
    646 13 17 3.447919 13 17 3.458305 11400
    647 13 17 3.457920 13 17 3.468326 11400
    648 13 17 3.467919 13 17 3.478336 11400
    649 13 17 3.477920 13 17 3.488334 11400
    650 13 17 3.487928 13 17 3.505513 11400
    651 13 17 3.497923 13 17 3.514260 11400
    652 13 17 3.507900 13 17 3.523982 11400
    653 13 17 3.517911 13 17 3.533431 11400
    654 13 17 3.527922 13 17 3.543002 11400
    655 13 17 3.537895 13 17 3.552578 11400
    656 13 17 3.547927 13 17 3.562167 11400
    657 13 17 3.557946 13 17 3.571761 11400
    658 13 17 3.567931 13 17 3.581369 11400
    659 13 17 3.577945 13 17 3.590918 11400
    660 13 17 3.587944 13 17 3.600584 11400
    661 13 17 3.597926 13 17 3.610059 11400
    662 13 17 3.607886 13 17 3.619639 11400
    663 13 17 3.617925 13 17 3.629217 11400
    664 13 17 3.627901 13 17 3.638796 11400
    665 13 17 3.637925 13 17 3.648400 11400
    666 13 17 3.647926 13 17 3.658297 11400
    667 13 17 3.657935 13 17 3.668407 11400
    668 13 17 3.667916 13 17 3.678310 11400
    669 13 17 3.677921 13 17 3.688514 11400
    670 13 17 3.687921 13 17 3.698313 11400
    671 13 17 3.697943 13 17 3.708422 11400
    672 13 17 3.707932 13 17 3.718560 11400
    673 13 17 3.717951 13 17 3.728403 11400
    674 13 17 3.727959 13 17 3.738367 11400
    675 13 17 3.737938 13 17 3.748356 11400
    676 13 17 3.747932 13 17 3.758332 11400
    677 13 17 3.757953 13 17 3.768342 11400
    678 13 17 3.767922 13 17 3.778329 11400
    679 13 17 3.777920 13 17 3.788307 11400
    680 13 17 3.787939 13 17 3.798360 11400
    681 13 17 3.797921 13 17 3.808320 11400
    682 13 17 3.807947 13 17 3.818429 11400
    683 13 17 3.817915 13 17 3.828544 11400
    684 13 17 3.827920 13 17 3.838343 11400
    685 13 17 3.837923 13 17 3.848328 11400
    686 13 17 3.847920 13 17 3.858325 11400
    687 13 17 3.857921 13 17 3.868354 11400
    688 13 17 3.867922 13 17 3.878327 11400
    689 13 17 3.877978 13 17 3.888405 11400
    690 13 17 3.887928 13 17 3.898340 11400
    691 13 17 3.897907 13 17 3.908334 11400
    692 13 17 3.908001 13 17 3.918482 11400
    693 13 17 3.917942 13 17 3.928342 11400
    694 13 17 3.927906 13 17 3.938264 11400
    695 13 17 3.937905 13 17 3.948322 11400
    696 13 17 3.947922 13 17 3.958317 11400
    697 13 17 3.957908 13 17 3.968269 11400
    698 13 17 3.967896 13 17 3.978323 11400
    699 13 17 3.977959 13 17 3.988648 11400
    700 13 17 3.987925 13 17 4.005319 11400
    701 13 17 3.997926 13 17 4.013983 11400
    702 13 17 4.007926 13 17 4.023763 11400
    703 13 17 4.017896 13 17 4.033189 11400
    704 13 17 4.027951 13 17 4.042641 11400
    705 13 17 4.037904 13 17 4.052227 11400
    706 13 17 4.047943 13 17 4.061828 11400
    707 13 17 4.057894 13 17 4.071439 11400
    708 13 17 4.067910 13 17 4.081044 11400
    709 13 17 4.077945 13 17 4.090565 11400
    710 13 17 4.087925 13 17 4.100182 11400
    711 13 17 4.097910 13 17 4.109694 11400
    712 13 17 4.107927 13 17 4.119272 11400
    713 13 17 4.117911 13 17 4.128853 11400
    714 13 17 4.127924 13 17 4.138442 11400
    715 13 17 4.137925 13 17 4.148336 11400
    716 13 17 4.147921 13 17 4.158383 11400
    717 13 17 4.157906 13 17 4.168369 11400
    718 13 17 4.167906 13 17 4.178284 11400
    719 13 17 4.177929 13 17 4.188424 11400
    720 13 17 4.187909 13 17 4.198272 11400
    721 13 17 4.197905 13 17 4.208319 11400
    722 13 17 4.207906 13 17 4.218396 11400
    723 13 17 4.217925 13 17 4.228373 11400
    724 13 17 4.227926 13 17 4.238590 11400
    725 13 17 4.237923 13 17 4.248331 11400
    726 13 17 4.247921 13 17 4.258333 11400
    727 13 17 4.257908 13 17 4.268308 11400
    728 13 17 4.267959 13 17 4.278350 11400
    729 13 17 4.277922 13 17 4.288320 11400
    730 13 17 4.287911 13 17 4.298333 11400
    731 13 17 4.297934 13 17 4.308376 11400
    732 13 17 4.307922 13 17 4.318333 11400
    733 13 17 4.317866 13 17 4.332035 11400
    734 13 17 4.328274 13 17 4.339771 11400
    735 13 17 4.337909 13 17 4.349359 11400
    736 13 17 4.347908 13 17 4.358932 11400
    737 13 17 4.357910 13 17 4.368511 11400
    738 13 17 4.367923 13 17 4.378396 11400
    739 13 17 4.377924 13 17 4.388414 11400
    740 13 17 4.387990 13 17 4.398526 11400
    741 13 17 4.397923 13 17 4.408337 11400
    742 13 17 4.407894 13 17 4.418338 11400
    743 13 17 4.417891 13 17 4.428353 11400
    744 13 17 4.427922 13 17 4.438337 11400
    745 13 17 4.437921 13 17 4.448326 11400
    746 13 17 4.447919 13 17 4.458356 11400
    747 13 17 4.457919 13 17 4.468337 11400
    748 13 17 4.467919 13 17 4.478317 11400
    749 13 17 4.477920 13 17 4.488395 11400
    750 13 17 4.487921 13 17 4.504264 11400
    751 13 17 4.497923 13 17 4.513854 11400
    752 13 17 4.507949 13 17 4.523711 11400
    753 13 17 4.517923 13 17 4.532995 11400
    754 13 17 4.527918 13 17 4.542577 11400
    755 13 17 4.537903 13 17 4.552191 11400
    756 13 17 4.548726 13 17 4.561739 11400
    757 13 17 4.557959 13 17 4.571333 11400
    758 13 17 4.567930 13 17 4.580950 11400
    759 13 17 4.577936 13 17 4.590544 11400
    760 13 17 4.587937 13 17 4.600051 11400
    761 13 17 4.597921 13 17 4.609640 11400
    762 13 17 4.607909 13 17 4.619289 11400
    763 13 17 4.617936 13 17 4.628796 11400
    764 13 17 4.627923 13 17 4.638424 11400
    765 13 17 4.637910 13 17 4.648336 11400
    766 13 17 4.647917 13 17 4.658360 11400
    767 13 17 4.657907 13 17 4.668339 11400
    768 13 17 4.667906 13 17 4.678306 11400
    769 13 17 4.677924 13 17 4.688356 11400
    770 13 17 4.687908 13 17 4.698304 11400
    771 13 17 4.697921 13 17 4.708281 11400
    772 13 17 4.707927 13 17 4.718410 11400
    773 13 17 4.717921 13 17 4.728332 11400
    774 13 17 4.727929 13 17 4.738338 11400
    775 13 17 4.737921 13 17 4.748375 11400
    776 13 17 4.747923 13 17 4.758343 11400
    777 13 17 4.757932 13 17 4.768335 11400
    778 13 17 4.767921 13 17 4.783382 11400
    779 13 17 4.782414 13 17 4.792830 11400
    780 13 17 4.787963 13 17 4.802407 11400
    781 13 17 4.797914 13 17 4.812013 11400
    782 13 17 4.807926 13 17 4.821569 11400
    783 13 17 4.817927 13 17 4.831148 11400
    784 13 17 4.827925 13 17 4.840725 11400
    785 13 17 4.837958 13 17 4.850306 11400
    786 13 17 4.847878 13 17 4.859886 11400
    787 13 17 4.857922 13 17 4.869524 11400
    788 13 17 4.867924 13 17 4.879190 11400
    789 13 17 4.877926 13 17 4.888627 11400
    790 13 17 4.887921 13 17 4.898333 11400
    791 13 17 4.897921 13 17 4.908307 11400
    792 13 17 4.907904 13 17 4.918304 11400
    793 13 17 4.917919 13 17 4.928308 11400
    794 13 17 4.927919 13 17 4.938334 11400
    795 13 17 4.937921 13 17 4.948323 11400
    796 13 17 4.947919 13 17 4.958325 11400
    797 13 17 4.957919 13 17 4.968309 11400
    798 13 17 4.967919 13 17 4.978333 11400
    799 13 17 4.977921 13 17 4.988388 11400
    800 13 17 4.987923 13 17 5.005323 11400
    801 13 17 4.997924 13 17 5.013931 11400
    802 13 17 5.007933 13 17 5.023685 11400
    803 13 17 5.017920 13 17 5.033114 11400
    804 13 17 5.027910 13 17 5.042610 11400
    805 13 17 5.037919 13 17 5.052201 11400
    806 13 17 5.047925 13 17 5.061745 11400
    807 13 17 5.057872 13 17 5.071322 11400
    808 13 17 5.067923 13 17 5.080904 11400
    809 13 17 5.077924 13 17 5.090487 11400
    810 13 17 5.087925 13 17 5.100049 11400
    811 13 17 5.097927 13 17 5.109671 11400
    812 13 17 5.107909 13 17 5.119238 11400
    813 13 17 5.117954 13 17 5.128803 11400
    814 13 17 5.127923 13 17 5.138441 11400
    815 13 17 5.137933 13 17 5.148352 11400
    816 13 17 5.147917 13 17 5.158400 11400
    817 13 17 5.157922 13 17 5.168342 11400
    818 13 17 5.167919 13 17 5.178329 11400
    819 13 17 5.177899 13 17 5.188322 11400
    820 13 17 5.187924 13 17 5.198334 11400
    821 13 17 5.197921 13 17 5.208293 11400
    822 13 17 5.207913 13 17 5.218384 11400
    823 13 17 5.217916 13 17 5.228336 11400
    824 13 17 5.227924 13 17 5.238542 11400
    825 13 17 5.237923 13 17 5.248319 11400
    826 13 17 5.247920 13 17 5.258327 11400
    827 13 17 5.257928 13 17 5.268417 11400
    828 13 17 5.267945 13 17 5.278477 11400
    829 13 17 5.277944 13 17 5.288437 11400
    830 13 17 5.287950 13 17 5.298442 11400
    831 13 17 5.297945 13 17 5.308366 11400
    832 13 17 5.307922 13 17 5.319245 11400
    833 13 17 5.318006 13 17 5.328797 11400
    834 13 17 5.327945 13 17 5.338537 11400
    835 13 17 5.337921 13 17 5.348330 11400
    836 13 17 5.347921 13 17 5.358368 11400
    837 13 17 5.357923 13 17 5.368450 11400
    838 13 17 5.367924 13 17 5.378439 11400
    839 13 17 5.377924 13 17 5.388397 11400
    840 13 17 5.387890 13 17 5.398366 11400
    841 13 17 5.397958 13 17 5.408830 11400
    842 13 17 5.408127 13 17 5.418628 11400
    843 13 17 5.417923 13 17 5.428452 11400
    844 13 17 5.427919 13 17 5.438397 11400
    845 13 17 5.437924 13 17 5.448331 11400
    846 13 17 5.447919 13 17 5.458320 11400
    847 13 17 5.457920 13 17 5.468325 11400
    848 13 17 5.467920 13 17 5.478400 11400
    849 13 17 5.477922 13 17 5.488444 11400
    850 13 17 5.487921 13 17 5.505587 11400
    851 13 17 5.497923 13 17 5.513848 11400
    852 13 17 5.507941 13 17 5.523757 11400
    853 13 17 5.517930 13 17 5.533039 11400
    854 13 17 5.527930 13 17 5.542657 11400
    855 13 17 5.537898 13 17 5.552234 11400
    856 13 17 5.547921 13 17 5.561817 11400
    857 13 17 5.557935 13 17 5.571366 11400
    858 13 17 5.567872 13 17 5.580911 11400
    859 13 17 5.577925 13 17 5.590562 11400
    860 13 17 5.587957 13 17 5.600100 11400
    861 13 17 5.597934 13 17 5.609697 11400
    862 13 17 5.607905 13 17 5.619277 11400
    863 13 17 5.617964 13 17 5.628880 11400
    864 13 17 5.627923 13 17 5.638388 11400
    865 13 17 5.637883 13 17 5.648292 11400
    866 13 17 5.647947 13 17 5.658350 11400
    867 13 17 5.657921 13 17 5.668307 11400
    868 13 17 5.667918 13 17 5.678307 11400
    869 13 17 5.677941 13 17 5.688302 11400
    870 13 17 5.687940 13 17 5.698322 11400
    871 13 17 5.697923 13 17 5.708299 11400
    872 13 17 5.707906 13 17 5.718297 11400
    873 13 17 5.717962 13 17 5.728405 11400
    874 13 17 5.727934 13 17 5.738398 11400
    875 13 17 5.737921 13 17 5.748336 11400
    876 13 17 5.747918 13 17 5.758305 11400
    877 13 17 5.757920 13 17 5.768319 11400
    878 13 17 5.767921 13 17 5.778356 11400
    879 13 17 5.778007 13 17 5.788431 11400
    880 13 17 5.787924 13 17 5.798328 11400
    881 13 17 5.797919 13 17 5.808360 11400
    882 13 17 5.807921 13 17 5.818329 11400
    883 13 17 5.817923 13 17 5.828341 11400
    884 13 17 5.827920 13 17 5.838343 11400
    885 13 17 5.837921 13 17 5.848344 11400
    886 13 17 5.847921 13 17 5.858324 11400
    887 13 17 5.857959 13 17 5.868436 11400
    888 13 17 5.867919 13 17 5.878326 11400
    889 13 17 5.877923 13 17 5.888328 11400
    890 13 17 5.887921 13 17 5.898346 11400
    891 13 17 5.897921 13 17 5.908336 11400
    892 13 17 5.907922 13 17 5.918400 11400
    893 13 17 5.917924 13 17 5.928369 11400
    894 13 17 5.927921 13 17 5.938397 11400
    895 13 17 5.937924 13 17 5.948402 11400
    896 13 17 5.947921 13 17 5.958390 11400
    897 13 17 5.957924 13 17 5.968407 11400
    898 13 17 5.967908 13 17 5.978270 11400
    899 13 17 5.977898 13 17 5.988398 11400
    900 13 17 5.987923 13 17 6.005294 11400
    901 13 17 5.997924 13 17 6.013927 11400
    902 13 17 6.007933 13 17 6.023873 11400
    903 13 17 6.017928 13 17 6.033262 11400
    904 13 17 6.027915 13 17 6.042646 11400
    905 13 17 6.037925 13 17 6.052313 11400
    906 13 17 6.047945 13 17 6.061816 11400
    907 13 17 6.057881 13 17 6.071359 11400
    908 13 17 6.067874 13 17 6.080917 11400
    909 13 17 6.077937 13 17 6.090484 11400
    910 13 17 6.087925 13 17 6.100080 11400
    911 13 17 6.097982 13 17 6.109731 11400
    912 13 17 6.107963 13 17 6.119237 11400
    913 13 17 6.117932 13 17 6.128819 11400
    914 13 17 6.127926 13 17 6.138429 11400
    915 13 17 6.137921 13 17 6.148393 11400
    916 13 17 6.147921 13 17 6.158323 11400
    917 13 17 6.157920 13 17 6.168319 11400
    918 13 17 6.167911 13 17 6.178313 11400
    919 13 17 6.177925 13 17 6.188343 11400
    920 13 17 6.187923 13 17 6.198335 11400
    921 13 17 6.197923 13 17 6.208327 11400
    922 13 17 6.207920 13 17 6.218341 11400
    923 13 17 6.217922 13 17 6.228438 11400
    924 13 17 6.227928 13 17 6.238349 11400
    925 13 17 6.237923 13 17 6.248327 11400
    926 13 17 6.247910 13 17 6.258319 11400
    927 13 17 6.257958 13 17 6.268432 11400
    928 13 17 6.267922 13 17 6.278335 11400
    929 13 17 6.277922 13 17 6.288337 11400
    930 13 17 6.287919 13 17 6.298330 11400
    931 13 17 6.297925 13 17 6.308467 11400
    932 13 17 6.307921 13 17 6.318329 11400
    933 13 17 6.317921 13 17 6.328307 11400
    934 13 17 6.327956 13 17 6.338370 11400
    935 13 17 6.337921 13 17 6.348411 11400
    936 13 17 6.347922 13 17 6.358338 11400
    937 13 17 6.357928 13 17 6.368339 11400
    938 13 17 6.367919 13 17 6.378317 11400
    939 13 17 6.377937 13 17 6.388353 11400
    940 13 17 6.387923 13 17 6.398329 11400
    941 13 17 6.397922 13 17 6.408374 11400
    942 13 17 6.407919 13 17 6.418315 11400
    943 13 17 6.417923 13 17 6.428323 11400
    944 13 17 6.427920 13 17 6.438335 11400
    945 13 17 6.437922 13 17 6.448330 11400
    946 13 17 6.447918 13 17 6.458312 11400
    947 13 17 6.457908 13 17 6.468289 11400
    948 13 17 6.467914 13 17 6.478308 11400
    949 13 17 6.477933 13 17 6.488410 11400
    950 13 17 6.487941 13 17 6.504343 11400
    951 13 17 6.497929 13 17 6.513874 11400
    952 13 17 6.507888 13 17 6.523464 11400
    953 13 17 6.517924 13 17 6.533338 11400
    954 13 17 6.527929 13 17 6.542588 11400
    955 13 17 6.537936 13 17 6.552176 11400
    956 13 17 6.547921 13 17 6.561766 11400
    957 13 17 6.557957 13 17 6.571422 11400
    958 13 17 6.567884 13 17 6.581658 11400
    959 13 17 6.577947 13 17 6.594284 11400
    960 13 17 6.590992 13 17 6.603895 11400
    961 13 17 6.597972 13 17 6.613469 11400
    962 13 17 6.607929 13 17 6.623032 11400
    963 13 17 6.617930 13 17 6.632583 11400
    964 13 17 6.627976 13 17 6.642163 11400
    965 13 17 6.637933 13 17 6.651742 11400
    966 13 17 6.647949 13 17 6.661315 11400
    967 13 17 6.657930 13 17 6.670931 11400
    968 13 17 6.667958 13 17 6.680486 11400
    969 13 17 6.677963 13 17 6.690067 11400
    970 13 17 6.687948 13 17 6.699840 11400
    971 13 17 6.697931 13 17 6.709215 11400
    972 13 17 6.708014 13 17 6.718802 11400
    973 13 17 6.717952 13 17 6.728380 11400
    974 13 17 6.727921 13 17 6.738311 11400
    975 13 17 6.737923 13 17 6.748337 11400
    976 13 17 6.747922 13 17 6.758372 11400
    977 13 17 6.757932 13 17 6.768347 11400
    978 13 17 6.767921 13 17 6.778337 11400
    979 13 17 6.777923 13 17 6.788345 11400
    980 13 17 6.787919 13 17 6.798319 11400
    981 13 17 6.797933 13 17 6.808363 11400
    982 13 17 6.807921 13 17 6.818362 11400
    983 13 17 6.818000 13 17 6.828541 11400
    984 13 17 6.828013 13 17 6.838627 11400
    985 13 17 6.837926 13 17 6.848404 11400
    986 13 17 6.847922 13 17 6.858384 11400
    987 13 17 6.857934 13 17 6.868441 11400
    988 13 17 6.867925 13 17 6.878523 11400
    989 13 17 6.877985 13 17 6.888434 11400
    990 13 17 6.887925 13 17 6.898398 11400
    991 13 17 6.897908 13 17 6.908372 11400
    992 13 17 6.907905 13 17 6.918419 11400
    993 13 17 6.917913 13 17 6.928386 11400
    994 13 17 6.927908 13 17 6.938345 11400
    995 13 17 6.937908 13 17 6.948368 11400
    996 13 17 6.947910 13 17 6.958388 11400
    997 13 17 6.957926 13 17 6.968338 11400
    998 13 17 6.967952 13 17 6.978463 11400
    999 13 17 6.977909 13 17 6.988399 11400
   1000 13 17 6.987982 13 17 7.005584 11400
