      1 13 14 19.204540 13 14 19.215458 10100
      2 13 14 19.214645 13 14 19.223911 10100
      3 13 14 19.224692 13 14 19.233941 10100
      4 13 14 19.234629 13 14 19.243849 10100
      5 13 14 19.244638 13 14 19.253823 10100
      6 13 14 19.254637 13 14 19.263852 10100
      7 13 14 19.264638 13 14 19.273821 10100
      8 13 14 19.274640 13 14 19.283833 10100
      9 13 14 19.284638 13 14 19.293855 10100
     10 13 14 19.294640 13 14 19.303905 10100
     11 13 14 19.304641 13 14 19.314188 10100
     12 13 14 19.314644 13 14 19.323837 10100
     13 13 14 19.324643 13 14 19.333864 10100
     14 13 14 19.334638 13 14 19.343824 10100
     15 13 14 19.344639 13 14 19.353858 10100
     16 13 14 19.354641 13 14 19.363835 10100
     17 13 14 19.364637 13 14 19.373843 10100
     18 13 14 19.374644 13 14 19.383876 10100
     19 13 14 19.384643 13 14 19.393869 10100
     20 13 14 19.394650 13 14 19.403877 10100
     21 13 14 19.404640 13 14 19.413941 10100
     22 13 14 19.414639 13 14 19.423852 10100
     23 13 14 19.424640 13 14 19.433869 10100
     24 13 14 19.434664 13 14 19.443915 10100
     25 13 14 19.444718 13 14 19.453987 10100
     26 13 14 19.454664 13 14 19.463920 10100
     27 13 14 19.464642 13 14 19.473831 10100
     28 13 14 19.474640 13 14 19.483841 10100
     29 13 14 19.484640 13 14 19.493911 10100
     30 13 14 19.494645 13 14 19.503899 10100
     31 13 14 19.504640 13 14 19.513946 10100
     32 13 14 19.514641 13 14 19.523894 10100
     33 13 14 19.524642 13 14 19.533833 10100
     34 13 14 19.534600 13 14 19.543867 10100
     35 13 14 19.544647 13 14 19.553989 10100
     36 13 14 19.554641 13 14 19.563825 10100
     37 13 14 19.564634 13 14 19.573871 10100
     38 13 14 19.574643 13 14 19.583832 10100
     39 13 14 19.584642 13 14 19.593838 10100
     40 13 14 19.594639 13 14 19.603877 10100
     41 13 14 19.604638 13 14 19.613879 10100
     42 13 14 19.614640 13 14 19.623829 10100
     43 13 14 19.624638 13 14 19.633818 10100
     44 13 14 19.634623 13 14 19.643789 10100
     45 13 14 19.644677 13 14 19.653862 10100
     46 13 14 19.654638 13 14 19.663931 10100
     47 13 14 19.664639 13 14 19.673825 10100
     48 13 14 19.674642 13 14 19.683887 10100
     49 13 14 19.684640 13 14 19.693826 10100
     50 13 14 19.694638 13 14 19.709800 10100
     51 13 14 19.704654 13 14 19.718291 10100
     52 13 14 19.714908 13 14 19.726855 10100
     53 13 14 19.724647 13 14 19.735202 10100
     54 13 14 19.734639 13 14 19.743863 10100
     55 13 14 19.744638 13 14 19.753834 10100
     56 13 14 19.754642 13 14 19.763849 10100
     57 13 14 19.764638 13 14 19.773839 10100
     58 13 14 19.774646 13 14 19.783906 10100
     59 13 14 19.784655 13 14 19.793876 10100
     60 13 14 19.794651 13 14 19.803882 10100
     61 13 14 19.804642 13 14 19.813829 10100
     62 13 14 19.814641 13 14 19.823865 10100
     63 13 14 19.824640 13 14 19.833880 10100
     64 13 14 19.834641 13 14 19.843834 10100
     65 13 14 19.844670 13 14 19.853902 10100
     66 13 14 19.854642 13 14 19.863834 10100
     67 13 14 19.864639 13 14 19.873858 10100
     68 13 14 19.874642 13 14 19.883843 10100
     69 13 14 19.884640 13 14 19.893941 10100
     70 13 14 19.894649 13 14 19.903849 10100
     71 13 14 19.904647 13 14 19.914003 10100
     72 13 14 19.914642 13 14 19.923830 10100
     73 13 14 19.924640 13 14 19.933831 10100
     74 13 14 19.934650 13 14 19.943843 10100
     75 13 14 19.944638 13 14 19.953807 10100
     76 13 14 19.954637 13 14 19.963857 10100
     77 13 14 19.964638 13 14 19.973866 10100
     78 13 14 19.974665 13 14 19.983941 10100
     79 13 14 19.984663 13 14 19.993908 10100
     80 13 14 19.994648 13 14 20.003844 10100
     81 13 14 20.004643 13 14 20.013884 10100
     82 13 14 20.014652 13 14 20.023876 10100
     83 13 14 20.024647 13 14 20.033865 10100
     84 13 14 20.034652 13 14 20.043894 10100
     85 13 14 20.044637 13 14 20.053808 10100
     86 13 14 20.054636 13 14 20.063846 10100
     87 13 14 20.064655 13 14 20.074991 10100
     88 13 14 20.074636 13 14 20.083850 10100
     89 13 14 20.084641 13 14 20.093827 10100
     90 13 14 20.094637 13 14 20.105028 10100
     91 13 14 20.104642 13 14 20.113891 10100
     92 13 14 20.114637 13 14 20.123812 10100
     93 13 14 20.124638 13 14 20.133852 10100
     94 13 14 20.134640 13 14 20.143848 10100
     95 13 14 20.144642 13 14 20.153832 10100
     96 13 14 20.154624 13 14 20.163819 10100
     97 13 14 20.164660 13 14 20.173849 10100
     98 13 14 20.174640 13 14 20.183845 10100
     99 13 14 20.184630 13 14 20.193809 10100
    100 13 14 20.194676 13 14 20.209838 10100
    101 13 14 20.204634 13 14 20.218327 10100
    102 13 14 20.214679 13 14 20.226825 10100
    103 13 14 20.224644 13 14 20.236406 10100
    104 13 14 20.234680 13 14 20.244669 10100
    105 13 14 20.244592 13 14 20.253782 10100
    106 13 14 20.254671 13 14 20.263849 10100
    107 13 14 20.264654 13 14 20.273872 10100
    108 13 14 20.274623 13 14 20.283829 10100
    109 13 14 20.284683 13 14 20.293858 10100
    110 13 14 20.294637 13 14 20.303905 10100
    111 13 14 20.304638 13 14 20.313846 10100
    112 13 14 20.314641 13 14 20.323833 10100
    113 13 14 20.324639 13 14 20.333842 10100
    114 13 14 20.334637 13 14 20.343830 10100
    115 13 14 20.344637 13 14 20.353954 10100
    116 13 14 20.354644 13 14 20.363904 10100
    117 13 14 20.364636 13 14 20.373830 10100
    118 13 14 20.374638 13 14 20.383879 10100
    119 13 14 20.384641 13 14 20.393944 10100
    120 13 14 20.394639 13 14 20.403828 10100
    121 13 14 20.404641 13 14 20.413918 10100
    122 13 14 20.414640 13 14 20.423850 10100
    123 13 14 20.424641 13 14 20.433858 10100
    124 13 14 20.434657 13 14 20.443923 10100
    125 13 14 20.444642 13 14 20.453831 10100
    126 13 14 20.454641 13 14 20.463881 10100
    127 13 14 20.464639 13 14 20.473852 10100
    128 13 14 20.474638 13 14 20.483829 10100
    129 13 14 20.484638 13 14 20.493908 10100
    130 13 14 20.494638 13 14 20.503835 10100
    131 13 14 20.504640 13 14 20.513836 10100
    132 13 14 20.514642 13 14 20.523861 10100
    133 13 14 20.524637 13 14 20.533826 10100
    134 13 14 20.534637 13 14 20.543867 10100
    135 13 14 20.544639 13 14 20.553829 10100
    136 13 14 20.554638 13 14 20.563877 10100
    137 13 14 20.564636 13 14 20.573828 10100
    138 13 14 20.574639 13 14 20.583836 10100
    139 13 14 20.584638 13 14 20.593879 10100
    140 13 14 20.594640 13 14 20.603833 10100
    141 13 14 20.604638 13 14 20.613848 10100
    142 13 14 20.614625 13 14 20.623771 10100
    143 13 14 20.624638 13 14 20.635379 10100
    144 13 14 20.634643 13 14 20.643916 10100
    145 13 14 20.644642 13 14 20.653984 10100
    146 13 14 20.654638 13 14 20.663834 10100
    147 13 14 20.664639 13 14 20.674060 10100
    148 13 14 20.674661 13 14 20.683897 10100
    149 13 14 20.684640 13 14 20.693788 10100
    150 13 14 20.694690 13 14 20.711596 10100
    151 13 14 20.704646 13 14 20.719125 10100
    152 13 14 20.714645 13 14 20.727706 10100
    153 13 14 20.724643 13 14 20.736124 10100
    154 13 14 20.734598 13 14 20.746666 10100
    155 13 14 20.746522 13 14 20.756267 10100
    156 13 14 20.754636 13 14 20.764739 10100
    157 13 14 20.764587 13 14 20.774816 10100
    158 13 14 20.774647 13 14 20.783856 10100
    159 13 14 20.784637 13 14 20.794146 10100
    160 13 14 20.794643 13 14 20.803874 10100
    161 13 14 20.804649 13 14 20.813873 10100
    162 13 14 20.814647 13 14 20.824255 10100
    163 13 14 20.824664 13 14 20.833926 10100
    164 13 14 20.834665 13 14 20.843910 10100
    165 13 14 20.844639 13 14 20.853925 10100
    166 13 14 20.854662 13 14 20.863938 10100
    167 13 14 20.864663 13 14 20.873912 10100
    168 13 14 20.874639 13 14 20.883828 10100
    169 13 14 20.884639 13 14 20.893874 10100
    170 13 14 20.894660 13 14 20.903908 10100
    171 13 14 20.904647 13 14 20.914148 10100
    172 13 14 20.914767 13 14 20.924134 10100
    173 13 14 20.924658 13 14 20.933917 10100
    174 13 14 20.934708 13 14 20.943919 10100
    175 13 14 20.944644 13 14 20.953831 10100
    176 13 14 20.954636 13 14 20.963794 10100
    177 13 14 20.964642 13 14 20.974844 10100
    178 13 14 20.974650 13 14 20.983861 10100
    179 13 14 20.984642 13 14 20.993839 10100
    180 13 14 20.994637 13 14 21.003879 10100
    181 13 14 21.004637 13 14 21.013829 10100
    182 13 14 21.014637 13 14 21.023846 10100
    183 13 14 21.024636 13 14 21.033827 10100
    184 13 14 21.034637 13 14 21.043862 10100
    185 13 14 21.044637 13 14 21.053982 10100
    186 13 14 21.054639 13 14 21.063829 10100
    187 13 14 21.064647 13 14 21.074805 10100
    188 13 14 21.074632 13 14 21.083901 10100
    189 13 14 21.084638 13 14 21.093824 10100
    190 13 14 21.094636 13 14 21.103857 10100
    191 13 14 21.104638 13 14 21.115026 10100
    192 13 14 21.114703 13 14 21.123895 10100
    193 13 14 21.124638 13 14 21.133827 10100
    194 13 14 21.134637 13 14 21.143826 10100
    195 13 14 21.144638 13 14 21.153863 10100
    196 13 14 21.154641 13 14 21.163895 10100
    197 13 14 21.164639 13 14 21.173836 10100
    198 13 14 21.174637 13 14 21.183878 10100
    199 13 14 21.184640 13 14 21.193832 10100
    200 13 14 21.194637 13 14 21.210931 10100
    201 13 14 21.204634 13 14 21.218282 10100
    202 13 14 21.214674 13 14 21.226773 10100
    203 13 14 21.224647 13 14 21.235236 10100
    204 13 14 21.234643 13 14 21.244008 10100
    205 13 14 21.244641 13 14 21.253830 10100
    206 13 14 21.254637 13 14 21.263864 10100
    207 13 14 21.264645 13 14 21.273849 10100
    208 13 14 21.274636 13 14 21.283834 10100
    209 13 14 21.284639 13 14 21.293869 10100
    210 13 14 21.294639 13 14 21.303829 10100
    211 13 14 21.304636 13 14 21.313839 10100
    212 13 14 21.314637 13 14 21.323837 10100
    213 13 14 21.324638 13 14 21.333832 10100
    214 13 14 21.334640 13 14 21.343838 10100
    215 13 14 21.344698 13 14 21.353933 10100
    216 13 14 21.354642 13 14 21.363851 10100
    217 13 14 21.364641 13 14 21.373868 10100
    218 13 14 21.374610 13 14 21.383808 10100
    219 13 14 21.384676 13 14 21.395022 10100
    220 13 14 21.394643 13 14 21.403849 10100
    221 13 14 21.404641 13 14 21.413924 10100
    222 13 14 21.414639 13 14 21.423877 10100
    223 13 14 21.424645 13 14 21.433858 10100
    224 13 14 21.434639 13 14 21.443832 10100
    225 13 14 21.444641 13 14 21.453900 10100
    226 13 14 21.454647 13 14 21.464038 10100
    227 13 14 21.464643 13 14 21.473839 10100
    228 13 14 21.474637 13 14 21.483816 10100
    229 13 14 21.484635 13 14 21.493846 10100
    230 13 14 21.494637 13 14 21.503828 10100
    231 13 14 21.504636 13 14 21.513873 10100
    232 13 14 21.514638 13 14 21.523844 10100
    233 13 14 21.524625 13 14 21.533878 10100
    234 13 14 21.534638 13 14 21.543780 10100
    235 13 14 21.544655 13 14 21.553877 10100
    236 13 14 21.554624 13 14 21.563763 10100
    237 13 14 21.564623 13 14 21.573899 10100
    238 13 14 21.574704 13 14 21.583967 10100
    239 13 14 21.584644 13 14 21.593831 10100
    240 13 14 21.594625 13 14 21.603842 10100
    241 13 14 21.604638 13 14 21.613886 10100
    242 13 14 21.614626 13 14 21.623764 10100
    243 13 14 21.624631 13 14 21.633838 10100
    244 13 14 21.634624 13 14 21.643760 10100
    245 13 14 21.644608 13 14 21.653815 10100
    246 13 14 21.654675 13 14 21.663833 10100
    247 13 14 21.664640 13 14 21.673846 10100
    248 13 14 21.674638 13 14 21.683821 10100
    249 13 14 21.684640 13 14 21.693857 10100
    250 13 14 21.694638 13 14 21.709803 10100
    251 13 14 21.704625 13 14 21.718235 10100
    252 13 14 21.714663 13 14 21.726732 10100
    253 13 14 21.724669 13 14 21.735185 10100
    254 13 14 21.734628 13 14 21.743808 10100
    255 13 14 21.744627 13 14 21.753875 10100
    256 13 14 21.754628 13 14 21.763843 10100
    257 13 14 21.764627 13 14 21.773876 10100
    258 13 14 21.774632 13 14 21.783847 10100
    259 13 14 21.784629 13 14 21.793869 10100
    260 13 14 21.794640 13 14 21.803830 10100
    261 13 14 21.804639 13 14 21.814892 10100
    262 13 14 21.814641 13 14 21.823834 10100
    263 13 14 21.824639 13 14 21.833873 10100
    264 13 14 21.834648 13 14 21.843872 10100
    265 13 14 21.844660 13 14 21.853884 10100
    266 13 14 21.854651 13 14 21.863873 10100
    267 13 14 21.864653 13 14 21.873877 10100
    268 13 14 21.874649 13 14 21.883887 10100
    269 13 14 21.884650 13 14 21.893864 10100
    270 13 14 21.894650 13 14 21.903880 10100
    271 13 14 21.904638 13 14 21.913837 10100
    272 13 14 21.914639 13 14 21.923887 10100
    273 13 14 21.924679 13 14 21.933872 10100
    274 13 14 21.934657 13 14 21.944815 10100
    275 13 14 21.944631 13 14 21.953918 10100
    276 13 14 21.954639 13 14 21.963823 10100
    277 13 14 21.964641 13 14 21.973874 10100
    278 13 14 21.974641 13 14 21.983827 10100
    279 13 14 21.984639 13 14 21.993884 10100
    280 13 14 21.994638 13 14 22.003824 10100
    281 13 14 22.004637 13 14 22.013835 10100
    282 13 14 22.014642 13 14 22.023845 10100
    283 13 14 22.024636 13 14 22.033823 10100
    284 13 14 22.034639 13 14 22.043806 10100
    285 13 14 22.044693 13 14 22.053934 10100
    286 13 14 22.054653 13 14 22.063810 10100
    287 13 14 22.064659 13 14 22.073902 10100
    288 13 14 22.074638 13 14 22.083843 10100
    289 13 14 22.084659 13 14 22.093840 10100
    290 13 14 22.094640 13 14 22.103992 10100
    291 13 14 22.104634 13 14 22.113842 10100
    292 13 14 22.114636 13 14 22.124306 10100
    293 13 14 22.124645 13 14 22.133842 10100
    294 13 14 22.134637 13 14 22.143872 10100
    295 13 14 22.144639 13 14 22.153821 10100
    296 13 14 22.154637 13 14 22.164894 10100
    297 13 14 22.164636 13 14 22.173870 10100
    298 13 14 22.174672 13 14 22.183882 10100
    299 13 14 22.184654 13 14 22.193996 10100
    300 13 14 22.194693 13 14 22.209842 10100
    301 13 14 22.204643 13 14 22.218312 10100
    302 13 14 22.214617 13 14 22.226783 10100
    303 13 14 22.224627 13 14 22.235324 10100
    304 13 14 22.234635 13 14 22.243887 10100
    305 13 14 22.244727 13 14 22.253947 10100
    306 13 14 22.254639 13 14 22.263905 10100
    307 13 14 22.264642 13 14 22.273852 10100
    308 13 14 22.274642 13 14 22.283879 10100
    309 13 14 22.284642 13 14 22.293835 10100
    310 13 14 22.294639 13 14 22.303893 10100
    311 13 14 22.304666 13 14 22.314040 10100
    312 13 14 22.314647 13 14 22.323886 10100
    313 13 14 22.324639 13 14 22.333843 10100
    314 13 14 22.334638 13 14 22.343855 10100
    315 13 14 22.344636 13 14 22.353929 10100
    316 13 14 22.354638 13 14 22.363824 10100
    317 13 14 22.364640 13 14 22.373871 10100
    318 13 14 22.374645 13 14 22.383838 10100
    319 13 14 22.384643 13 14 22.393865 10100
    320 13 14 22.394642 13 14 22.403828 10100
    321 13 14 22.404644 13 14 22.413924 10100
    322 13 14 22.414598 13 14 22.423884 10100
    323 13 14 22.424638 13 14 22.433838 10100
    324 13 14 22.434640 13 14 22.443835 10100
    325 13 14 22.444638 13 14 22.453855 10100
    326 13 14 22.454640 13 14 22.463833 10100
    327 13 14 22.464638 13 14 22.473862 10100
    328 13 14 22.474637 13 14 22.483829 10100
    329 13 14 22.484636 13 14 22.493815 10100
    330 13 14 22.494637 13 14 22.503842 10100
    331 13 14 22.504636 13 14 22.513822 10100
    332 13 14 22.514624 13 14 22.524778 10100
    333 13 14 22.524627 13 14 22.533822 10100
    334 13 14 22.534622 13 14 22.543963 10100
    335 13 14 22.544627 13 14 22.553775 10100
    336 13 14 22.554670 13 14 22.565611 10100
    337 13 14 22.564655 13 14 22.573834 10100
    338 13 14 22.574642 13 14 22.583863 10100
    339 13 14 22.584641 13 14 22.593816 10100
    340 13 14 22.594671 13 14 22.603839 10100
    341 13 14 22.604638 13 14 22.613890 10100
    342 13 14 22.614637 13 14 22.623788 10100
    343 13 14 22.624662 13 14 22.633852 10100
    344 13 14 22.634623 13 14 22.643767 10100
    345 13 14 22.644652 13 14 22.653842 10100
    346 13 14 22.654645 13 14 22.663840 10100
    347 13 14 22.664639 13 14 22.673822 10100
    348 13 14 22.674645 13 14 22.683827 10100
    349 13 14 22.684622 13 14 22.693844 10100
    350 13 14 22.694624 13 14 22.709742 10100
    351 13 14 22.704647 13 14 22.718197 10100
    352 13 14 22.714645 13 14 22.726666 10100
    353 13 14 22.724599 13 14 22.735165 10100
    354 13 14 22.734631 13 14 22.743777 10100
    355 13 14 22.744658 13 14 22.753841 10100
    356 13 14 22.754623 13 14 22.763781 10100
    357 13 14 22.764659 13 14 22.773934 10100
    358 13 14 22.783841 13 14 22.795369 10100
    359 13 14 22.784648 13 14 22.803882 10100
    360 13 14 22.794646 13 14 22.812339 10100
    361 13 14 22.804590 13 14 22.820851 10100
    362 13 14 22.814641 13 14 22.829560 10100
    363 13 14 22.824700 13 14 22.837783 10100
    364 13 14 22.834641 13 14 22.846264 10100
    365 13 14 22.844644 13 14 22.854752 10100
    366 13 14 22.854590 13 14 22.863880 10100
    367 13 14 22.864643 13 14 22.873857 10100
    368 13 14 22.874639 13 14 22.883907 10100
    369 13 14 22.884651 13 14 22.893838 10100
    370 13 14 22.894639 13 14 22.903862 10100
    371 13 14 22.904648 13 14 22.913841 10100
    372 13 14 22.914638 13 14 22.923836 10100
    373 13 14 22.924638 13 14 22.933832 10100
    374 13 14 22.934636 13 14 22.943835 10100
    375 13 14 22.944638 13 14 22.953841 10100
    376 13 14 22.954637 13 14 22.963830 10100
    377 13 14 22.964636 13 14 22.973839 10100
    378 13 14 22.974669 13 14 22.983892 10100
    379 13 14 22.984642 13 14 22.993840 10100
    380 13 14 22.994640 13 14 23.003907 10100
    381 13 14 23.004652 13 14 23.013836 10100
    382 13 14 23.014641 13 14 23.023842 10100
    383 13 14 23.024650 13 14 23.033860 10100
    384 13 14 23.034638 13 14 23.043828 10100
    385 13 14 23.044637 13 14 23.053834 10100
    386 13 14 23.054636 13 14 23.063833 10100
    387 13 14 23.064643 13 14 23.073893 10100
    388 13 14 23.074639 13 14 23.083902 10100
    389 13 14 23.084640 13 14 23.093876 10100
    390 13 14 23.094639 13 14 23.103905 10100
    391 13 14 23.104638 13 14 23.113945 10100
    392 13 14 23.114639 13 14 23.124272 10100
    393 13 14 23.124643 13 14 23.133842 10100
    394 13 14 23.134636 13 14 23.143854 10100
    395 13 14 23.144625 13 14 23.153846 10100
    396 13 14 23.154623 13 14 23.163809 10100
    397 13 14 23.164712 13 14 23.173970 10100
    398 13 14 23.174638 13 14 23.183979 10100
    399 13 14 23.184640 13 14 23.193913 10100
    400 13 14 23.194641 13 14 23.209803 10100
    401 13 14 23.204633 13 14 23.218284 10100
    402 13 14 23.214634 13 14 23.226738 10100
    403 13 14 23.224651 13 14 23.235229 10100
    404 13 14 23.234639 13 14 23.243832 10100
    405 13 14 23.244640 13 14 23.253913 10100
    406 13 14 23.254626 13 14 23.263898 10100
    407 13 14 23.264655 13 14 23.273858 10100
    408 13 14 23.274640 13 14 23.283826 10100
    409 13 14 23.284638 13 14 23.295515 10100
    410 13 14 23.294644 13 14 23.303992 10100
    411 13 14 23.304639 13 14 23.313877 10100
    412 13 14 23.314640 13 14 23.323823 10100
    413 13 14 23.324638 13 14 23.333884 10100
    414 13 14 23.334637 13 14 23.343848 10100
    415 13 14 23.344639 13 14 23.353888 10100
    416 13 14 23.354641 13 14 23.363834 10100
    417 13 14 23.364637 13 14 23.373853 10100
    418 13 14 23.374638 13 14 23.383828 10100
    419 13 14 23.384716 13 14 23.393920 10100
    420 13 14 23.394642 13 14 23.403845 10100
    421 13 14 23.404638 13 14 23.413996 10100
    422 13 14 23.414691 13 14 23.423974 10100
    423 13 14 23.424638 13 14 23.433827 10100
    424 13 14 23.434636 13 14 23.443867 10100
    425 13 14 23.444638 13 14 23.453831 10100
    426 13 14 23.454640 13 14 23.463832 10100
    427 13 14 23.464636 13 14 23.473912 10100
    428 13 14 23.474637 13 14 23.483823 10100
    429 13 14 23.484638 13 14 23.493829 10100
    430 13 14 23.494637 13 14 23.503876 10100
    431 13 14 23.504637 13 14 23.513836 10100
    432 13 14 23.514638 13 14 23.523859 10100
    433 13 14 23.524637 13 14 23.533818 10100
    434 13 14 23.534638 13 14 23.543835 10100
    435 13 14 23.544639 13 14 23.553858 10100
    436 13 14 23.554636 13 14 23.564243 10100
    437 13 14 23.564636 13 14 23.573872 10100
    438 13 14 23.574622 13 14 23.583829 10100
    439 13 14 23.584640 13 14 23.593979 10100
    440 13 14 23.594646 13 14 23.603856 10100
    441 13 14 23.604639 13 14 23.613824 10100
    442 13 14 23.614632 13 14 23.623833 10100
    443 13 14 23.624638 13 14 23.633832 10100
    444 13 14 23.634624 13 14 23.643795 10100
    445 13 14 23.644650 13 14 23.653801 10100
    446 13 14 23.654623 13 14 23.663814 10100
    447 13 14 23.664638 13 14 23.673833 10100
    448 13 14 23.674640 13 14 23.683866 10100
    449 13 14 23.684643 13 14 23.693958 10100
    450 13 14 23.694641 13 14 23.709776 10100
    451 13 14 23.704626 13 14 23.718233 10100
    452 13 14 23.714589 13 14 23.726707 10100
    453 13 14 23.724641 13 14 23.735188 10100
    454 13 14 23.734626 13 14 23.743804 10100
    455 13 14 23.744678 13 14 23.753864 10100
    456 13 14 23.754639 13 14 23.763791 10100
    457 13 14 23.764645 13 14 23.773883 10100
    458 13 14 23.774651 13 14 23.783834 10100
    459 13 14 23.784641 13 14 23.793849 10100
    460 13 14 23.794641 13 14 23.804881 10100
    461 13 14 23.804660 13 14 23.813880 10100
    462 13 14 23.814644 13 14 23.823847 10100
    463 13 14 23.824673 13 14 23.833859 10100
    464 13 14 23.834620 13 14 23.843845 10100
    465 13 14 23.844695 13 14 23.854074 10100
    466 13 14 23.854663 13 14 23.863915 10100
    467 13 14 23.864641 13 14 23.873843 10100
    468 13 14 23.874644 13 14 23.883865 10100
    469 13 14 23.884640 13 14 23.893858 10100
    470 13 14 23.894645 13 14 23.904073 10100
    471 13 14 23.904644 13 14 23.913871 10100
    472 13 14 23.914657 13 14 23.924855 10100
    473 13 14 23.924671 13 14 23.933924 10100
    474 13 14 23.934658 13 14 23.943863 10100
    475 13 14 23.944631 13 14 23.953834 10100
    476 13 14 23.954643 13 14 23.963834 10100
    477 13 14 23.964638 13 14 23.973839 10100
    478 13 14 23.974640 13 14 23.983896 10100
    479 13 14 23.984646 13 14 23.993863 10100
    480 13 14 23.994666 13 14 24.003906 10100
    481 13 14 24.004663 13 14 24.013867 10100
    482 13 14 24.014638 13 14 24.023842 10100
    483 13 14 24.024637 13 14 24.033853 10100
    484 13 14 24.034639 13 14 24.043838 10100
    485 13 14 24.044641 13 14 24.053905 10100
    486 13 14 24.054635 13 14 24.063815 10100
    487 13 14 24.064643 13 14 24.073826 10100
    488 13 14 24.074676 13 14 24.083846 10100
    489 13 14 24.084638 13 14 24.093828 10100
    490 13 14 24.094667 13 14 24.103860 10100
    491 13 14 24.104625 13 14 24.113803 10100
    492 13 14 24.114630 13 14 24.123991 10100
    493 13 14 24.124641 13 14 24.133835 10100
    494 13 14 24.134641 13 14 24.143879 10100
    495 13 14 24.144639 13 14 24.153901 10100
    496 13 14 24.154638 13 14 24.163890 10100
    497 13 14 24.164636 13 14 24.173874 10100
    498 13 14 24.174638 13 14 24.183886 10100
    499 13 14 24.184642 13 14 24.193871 10100
    500 13 14 24.194645 13 14 24.209828 10100
    501 13 14 24.204629 13 14 24.218288 10100
    502 13 14 24.214604 13 14 24.226729 10100
    503 13 14 24.224650 13 14 24.235206 10100
    504 13 14 24.234670 13 14 24.243876 10100
    505 13 14 24.244637 13 14 24.253887 10100
    506 13 14 24.254625 13 14 24.263823 10100
    507 13 14 24.264670 13 14 24.273953 10100
    508 13 14 24.274640 13 14 24.283843 10100
    509 13 14 24.284617 13 14 24.293798 10100
    510 13 14 24.294640 13 14 24.305060 10100
    511 13 14 24.304652 13 14 24.315977 10100
    512 13 14 24.315104 13 14 24.324432 10100
    513 13 14 24.324643 13 14 24.333905 10100
    514 13 14 24.334617 13 14 24.343865 10100
    515 13 14 24.344684 13 14 24.354002 10100
    516 13 14 24.354641 13 14 24.363817 10100
    517 13 14 24.364625 13 14 24.373833 10100
    518 13 14 24.374638 13 14 24.383848 10100
    519 13 14 24.384643 13 14 24.393917 10100
    520 13 14 24.394639 13 14 24.403832 10100
    521 13 14 24.404641 13 14 24.414080 10100
    522 13 14 24.414653 13 14 24.424019 10100
    523 13 14 24.424651 13 14 24.433903 10100
    524 13 14 24.434650 13 14 24.443887 10100
    525 13 14 24.444653 13 14 24.453914 10100
    526 13 14 24.454653 13 14 24.463875 10100
    527 13 14 24.464645 13 14 24.473863 10100
    528 13 14 24.474643 13 14 24.483841 10100
    529 13 14 24.484639 13 14 24.493852 10100
    530 13 14 24.494644 13 14 24.503882 10100
    531 13 14 24.504639 13 14 24.513825 10100
    532 13 14 24.514638 13 14 24.523831 10100
    533 13 14 24.524637 13 14 24.533854 10100
    534 13 14 24.534637 13 14 24.543811 10100
    535 13 14 24.544637 13 14 24.553851 10100
    536 13 14 24.554639 13 14 24.563829 10100
    537 13 14 24.564637 13 14 24.574016 10100
    538 13 14 24.574642 13 14 24.583843 10100
    539 13 14 24.584644 13 14 24.593880 10100
    540 13 14 24.594660 13 14 24.603868 10100
    541 13 14 24.604662 13 14 24.613976 10100
    542 13 14 24.614668 13 14 24.623967 10100
    543 13 14 24.624648 13 14 24.633842 10100
    544 13 14 24.634640 13 14 24.643830 10100
    545 13 14 24.644642 13 14 24.653887 10100
    546 13 14 24.654641 13 14 24.663868 10100
    547 13 14 24.664661 13 14 24.673942 10100
    548 13 14 24.674606 13 14 24.683872 10100
    549 13 14 24.684658 13 14 24.693867 10100
    550 13 14 24.694648 13 14 24.710809 10100
    551 13 14 24.704658 13 14 24.718226 10100
    552 13 14 24.714687 13 14 24.726693 10100
    553 13 14 24.724634 13 14 24.735226 10100
    554 13 14 24.734645 13 14 24.743832 10100
    555 13 14 24.744651 13 14 24.753900 10100
    556 13 14 24.754639 13 14 24.763860 10100
    557 13 14 24.764759 13 14 24.773972 10100
    558 13 14 24.774640 13 14 24.783815 10100
    559 13 14 24.784639 13 14 24.793991 10100
    560 13 14 24.794643 13 14 24.803847 10100
    561 13 14 24.804639 13 14 24.813895 10100
    562 13 14 24.814643 13 14 24.823881 10100
    563 13 14 24.824646 13 14 24.833905 10100
    564 13 14 24.834642 13 14 24.843861 10100
    565 13 14 24.844650 13 14 24.853932 10100
    566 13 14 24.854639 13 14 24.863845 10100
    567 13 14 24.864640 13 14 24.873870 10100
    568 13 14 24.874638 13 14 24.883828 10100
    569 13 14 24.884637 13 14 24.893854 10100
    570 13 14 24.894663 13 14 24.904070 10100
    571 13 14 24.904726 13 14 24.913918 10100
    572 13 14 24.914642 13 14 24.923840 10100
    573 13 14 24.924640 13 14 24.933893 10100
    574 13 14 24.934658 13 14 24.943870 10100
    575 13 14 24.944641 13 14 24.953853 10100
    576 13 14 24.954641 13 14 24.963840 10100
    577 13 14 24.964635 13 14 24.973866 10100
    578 13 14 24.974637 13 14 24.986392 10100
    579 13 14 24.985188 13 14 24.994523 10100
    580 13 14 24.994662 13 14 25.003893 10100
    581 13 14 25.004639 13 14 25.013935 10100
    582 13 14 25.014641 13 14 25.023824 10100
    583 13 14 25.024625 13 14 25.033816 10100
    584 13 14 25.034660 13 14 25.043932 10100
    585 13 14 25.044634 13 14 25.053923 10100
    586 13 14 25.054708 13 14 25.063870 10100
    587 13 14 25.064629 13 14 25.073848 10100
    588 13 14 25.074645 13 14 25.083860 10100
    589 13 14 25.084638 13 14 25.093837 10100
    590 13 14 25.094695 13 14 25.103991 10100
    591 13 14 25.104627 13 14 25.113827 10100
    592 13 14 25.114633 13 14 25.123832 10100
    593 13 14 25.124638 13 14 25.133877 10100
    594 13 14 25.134623 13 14 25.143841 10100
    595 13 14 25.144742 13 14 25.154973 10100
    596 13 14 25.154623 13 14 25.163806 10100
    597 13 14 25.164684 13 14 25.173891 10100
    598 13 14 25.174624 13 14 25.183816 10100
    599 13 14 25.184643 13 14 25.193912 10100
    600 13 14 25.194639 13 14 25.210498 10100
    601 13 14 25.204809 13 14 25.218920 10100
    602 13 14 25.214655 13 14 25.227343 10100
    603 13 14 25.224643 13 14 25.235835 10100
    604 13 14 25.234645 13 14 25.244260 10100
    605 13 14 25.244641 13 14 25.253906 10100
    606 13 14 25.254623 13 14 25.263884 10100
    607 13 14 25.264634 13 14 25.273917 10100
    608 13 14 25.274634 13 14 25.283806 10100
    609 13 14 25.284649 13 14 25.293980 10100
    610 13 14 25.294637 13 14 25.303889 10100
    611 13 14 25.304677 13 14 25.313901 10100
    612 13 14 25.314634 13 14 25.323931 10100
    613 13 14 25.324653 13 14 25.334002 10100
    614 13 14 25.334644 13 14 25.343804 10100
    615 13 14 25.344671 13 14 25.353916 10100
    616 13 14 25.354651 13 14 25.363953 10100
    617 13 14 25.364651 13 14 25.373857 10100
    618 13 14 25.374634 13 14 25.383866 10100
    619 13 14 25.384684 13 14 25.394004 10100
    620 13 14 25.394676 13 14 25.403863 10100
    621 13 14 25.404641 13 14 25.414066 10100
    622 13 14 25.414640 13 14 25.423996 10100
    623 13 14 25.424641 13 14 25.433849 10100
    624 13 14 25.434637 13 14 25.443820 10100
    625 13 14 25.444638 13 14 25.453862 10100
    626 13 14 25.454640 13 14 25.463832 10100
    627 13 14 25.464645 13 14 25.474748 10100
    628 13 14 25.474676 13 14 25.483881 10100
    629 13 14 25.484638 13 14 25.493829 10100
    630 13 14 25.494637 13 14 25.503838 10100
    631 13 14 25.504732 13 14 25.513913 10100
    632 13 14 25.514638 13 14 25.523824 10100
    633 13 14 25.524637 13 14 25.535768 10100
    634 13 14 25.534642 13 14 25.544247 10100
    635 13 14 25.544626 13 14 25.553791 10100
    636 13 14 25.554643 13 14 25.564813 10100
    637 13 14 25.564648 13 14 25.573919 10100
    638 13 14 25.574638 13 14 25.583794 10100
    639 13 14 25.584703 13 14 25.594881 10100
    640 13 14 25.594664 13 14 25.603930 10100
    641 13 14 25.604642 13 14 25.613837 10100
    642 13 14 25.614639 13 14 25.623847 10100
    643 13 14 25.624642 13 14 25.633842 10100
    644 13 14 25.634630 13 14 25.643796 10100
    645 13 14 25.644680 13 14 25.654861 10100
    646 13 14 25.654641 13 14 25.663876 10100
    647 13 14 25.664632 13 14 25.673818 10100
    648 13 14 25.674675 13 14 25.684847 10100
    649 13 14 25.684650 13 14 25.693916 10100
    650 13 14 25.694638 13 14 25.709769 10100
    651 13 14 25.704643 13 14 25.718242 10100
    652 13 14 25.714593 13 14 25.727402 10100
    653 13 14 25.724643 13 14 25.735896 10100
    654 13 14 25.734684 13 14 25.744371 10100
    655 13 14 25.744644 13 14 25.753841 10100
    656 13 14 25.754642 13 14 25.763892 10100
    657 13 14 25.764638 13 14 25.773821 10100
    658 13 14 25.774649 13 14 25.783868 10100
    659 13 14 25.784642 13 14 25.793839 10100
    660 13 14 25.794640 13 14 25.804849 10100
    661 13 14 25.804703 13 14 25.814702 10100
    662 13 14 25.814638 13 14 25.823843 10100
    663 13 14 25.824588 13 14 25.833791 10100
    664 13 14 25.834648 13 14 25.844867 10100
    665 13 14 25.844635 13 14 25.854744 10100
    666 13 14 25.854630 13 14 25.863900 10100
    667 13 14 25.864660 13 14 25.873951 10100
    668 13 14 25.874639 13 14 25.883839 10100
    669 13 14 25.884639 13 14 25.893838 10100
    670 13 14 25.894645 13 14 25.903845 10100
    671 13 14 25.904643 13 14 25.913868 10100
    672 13 14 25.914639 13 14 25.923913 10100
    673 13 14 25.924641 13 14 25.933840 10100
    674 13 14 25.934637 13 14 25.943863 10100
    675 13 14 25.944648 13 14 25.953852 10100
    676 13 14 25.954729 13 14 25.963943 10100
    677 13 14 25.964636 13 14 25.973852 10100
    678 13 14 25.974637 13 14 25.983837 10100
    679 13 14 25.984648 13 14 25.993849 10100
    680 13 14 25.994641 13 14 26.003841 10100
    681 13 14 26.004637 13 14 26.013829 10100
    682 13 14 26.014658 13 14 26.023921 10100
    683 13 14 26.024639 13 14 26.033802 10100
    684 13 14 26.034662 13 14 26.043876 10100
    685 13 14 26.044633 13 14 26.053830 10100
    686 13 14 26.054645 13 14 26.063909 10100
    687 13 14 26.064751 13 14 26.073920 10100
    688 13 14 26.074633 13 14 26.083849 10100
    689 13 14 26.084626 13 14 26.093789 10100
    690 13 14 26.094646 13 14 26.103871 10100
    691 13 14 26.104638 13 14 26.113813 10100
    692 13 14 26.114622 13 14 26.123817 10100
    693 13 14 26.124627 13 14 26.133817 10100
    694 13 14 26.134644 13 14 26.143836 10100
    695 13 14 26.144638 13 14 26.153835 10100
    696 13 14 26.154637 13 14 26.163855 10100
    697 13 14 26.164636 13 14 26.173825 10100
    698 13 14 26.174638 13 14 26.183852 10100
    699 13 14 26.184637 13 14 26.193918 10100
    700 13 14 26.194642 13 14 26.209779 10100
    701 13 14 26.204634 13 14 26.218216 10100
    702 13 14 26.214580 13 14 26.226727 10100
    703 13 14 26.224647 13 14 26.235213 10100
    704 13 14 26.234677 13 14 26.243905 10100
    705 13 14 26.244637 13 14 26.253819 10100
    706 13 14 26.254637 13 14 26.263868 10100
    707 13 14 26.264638 13 14 26.273824 10100
    708 13 14 26.274639 13 14 26.283840 10100
    709 13 14 26.284624 13 14 26.293807 10100
    710 13 14 26.294671 13 14 26.303875 10100
    711 13 14 26.304652 13 14 26.313873 10100
    712 13 14 26.314638 13 14 26.323827 10100
    713 13 14 26.324636 13 14 26.333845 10100
    714 13 14 26.334637 13 14 26.343828 10100
    715 13 14 26.344643 13 14 26.354780 10100
    716 13 14 26.354617 13 14 26.363973 10100
    717 13 14 26.364660 13 14 26.373941 10100
    718 13 14 26.374652 13 14 26.383919 10100
    719 13 14 26.384662 13 14 26.393938 10100
    720 13 14 26.394767 13 14 26.404036 10100
    721 13 14 26.404666 13 14 26.414041 10100
    722 13 14 26.414653 13 14 26.423989 10100
    723 13 14 26.424642 13 14 26.433842 10100
    724 13 14 26.434657 13 14 26.443901 10100
    725 13 14 26.444642 13 14 26.453838 10100
    726 13 14 26.454640 13 14 26.463878 10100
    727 13 14 26.464649 13 14 26.473877 10100
    728 13 14 26.474648 13 14 26.483872 10100
    729 13 14 26.484650 13 14 26.493867 10100
    730 13 14 26.494640 13 14 26.503831 10100
    731 13 14 26.504639 13 14 26.513837 10100
    732 13 14 26.514638 13 14 26.523831 10100
    733 13 14 26.524637 13 14 26.533837 10100
    734 13 14 26.534637 13 14 26.543831 10100
    735 13 14 26.544637 13 14 26.553837 10100
    736 13 14 26.554636 13 14 26.563822 10100
    737 13 14 26.564634 13 14 26.573831 10100
    738 13 14 26.574639 13 14 26.583836 10100
    739 13 14 26.584637 13 14 26.593873 10100
    740 13 14 26.594639 13 14 26.603826 10100
    741 13 14 26.604638 13 14 26.613852 10100
    742 13 14 26.614637 13 14 26.623820 10100
    743 13 14 26.624677 13 14 26.633967 10100
    744 13 14 26.634637 13 14 26.643896 10100
    745 13 14 26.644638 13 14 26.653797 10100
    746 13 14 26.654648 13 14 26.664888 10100
    747 13 14 26.664643 13 14 26.673849 10100
    748 13 14 26.674638 13 14 26.683855 10100
    749 13 14 26.684637 13 14 26.693826 10100
    750 13 14 26.694690 13 14 26.709838 10100
    751 13 14 26.704919 13 14 26.718285 10100
    752 13 14 26.714639 13 14 26.726765 10100
    753 13 14 26.724668 13 14 26.735244 10100
    754 13 14 26.734639 13 14 26.743836 10100
    755 13 14 26.744637 13 14 26.753865 10100
    756 13 14 26.754637 13 14 26.763847 10100
    757 13 14 26.764739 13 14 26.774062 10100
    758 13 14 26.774642 13 14 26.783850 10100
    759 13 14 26.784638 13 14 26.793835 10100
    760 13 14 26.794636 13 14 26.804099 10100
    761 13 14 26.804621 13 14 26.813825 10100
    762 13 14 26.814641 13 14 26.823854 10100
    763 13 14 26.824639 13 14 26.834029 10100
    764 13 14 26.834640 13 14 26.843828 10100
    765 13 14 26.844629 13 14 26.853963 10100
    766 13 14 26.854630 13 14 26.865425 10100
    767 13 14 26.865337 13 14 26.874577 10100
    768 13 14 26.874687 13 14 26.883911 10100
    769 13 14 26.884636 13 14 26.893872 10100
    770 13 14 26.894632 13 14 26.903931 10100
    771 13 14 26.904648 13 14 26.913899 10100
    772 13 14 26.914663 13 14 26.924005 10100
    773 13 14 26.924641 13 14 26.933876 10100
    774 13 14 26.934667 13 14 26.943941 10100
    775 13 14 26.944644 13 14 26.953845 10100
    776 13 14 26.954639 13 14 26.963847 10100
    777 13 14 26.964638 13 14 26.973838 10100
    778 13 14 26.974638 13 14 26.983913 10100
    779 13 14 26.984640 13 14 26.993836 10100
    780 13 14 26.994638 13 14 27.003855 10100
    781 13 14 27.004637 13 14 27.013829 10100
    782 13 14 27.014637 13 14 27.023839 10100
    783 13 14 27.024636 13 14 27.033861 10100
    784 13 14 27.034639 13 14 27.043829 10100
    785 13 14 27.044651 13 14 27.054470 10100
    786 13 14 27.054670 13 14 27.063921 10100
    787 13 14 27.064654 13 14 27.073958 10100
    788 13 14 27.074649 13 14 27.083890 10100
    789 13 14 27.084641 13 14 27.093897 10100
    790 13 14 27.094674 13 14 27.103934 10100
    791 13 14 27.104655 13 14 27.113984 10100
    792 13 14 27.114643 13 14 27.123830 10100
    793 13 14 27.124642 13 14 27.133887 10100
    794 13 14 27.134648 13 14 27.143854 10100
    795 13 14 27.144780 13 14 27.154997 10100
    796 13 14 27.154641 13 14 27.163844 10100
    797 13 14 27.166885 13 14 27.176663 10100
    798 13 14 27.174727 13 14 27.185158 10100
    799 13 14 27.184708 13 14 27.193922 10100
    800 13 14 27.194639 13 14 27.209858 10100
    801 13 14 27.204633 13 14 27.218247 10100
    802 13 14 27.214603 13 14 27.226745 10100
    803 13 14 27.224648 13 14 27.235213 10100
    804 13 14 27.234814 13 14 27.244059 10100
    805 13 14 27.244642 13 14 27.253857 10100
    806 13 14 27.254642 13 14 27.263905 10100
    807 13 14 27.264665 13 14 27.273866 10100
    808 13 14 27.274640 13 14 27.283902 10100
    809 13 14 27.284644 13 14 27.293852 10100
    810 13 14 27.294644 13 14 27.303906 10100
    811 13 14 27.304641 13 14 27.313992 10100
    812 13 14 27.314644 13 14 27.324483 10100
    813 13 14 27.324663 13 14 27.333926 10100
    814 13 14 27.334648 13 14 27.343845 10100
    815 13 14 27.344639 13 14 27.353926 10100
    816 13 14 27.354676 13 14 27.363979 10100
    817 13 14 27.364671 13 14 27.373937 10100
    818 13 14 27.374653 13 14 27.383925 10100
    819 13 14 27.384675 13 14 27.393976 10100
    820 13 14 27.394736 13 14 27.404011 10100
    821 13 14 27.404655 13 14 27.414045 10100
    822 13 14 27.414659 13 14 27.424002 10100
    823 13 14 27.424672 13 14 27.433970 10100
    824 13 14 27.434674 13 14 27.443988 10100
    825 13 14 27.444652 13 14 27.453877 10100
    826 13 14 27.454641 13 14 27.463895 10100
    827 13 14 27.464645 13 14 27.473960 10100
    828 13 14 27.474644 13 14 27.483858 10100
    829 13 14 27.484642 13 14 27.493874 10100
    830 13 14 27.494648 13 14 27.503861 10100
    831 13 14 27.504663 13 14 27.513891 10100
    832 13 14 27.514642 13 14 27.523831 10100
    833 13 14 27.524639 13 14 27.533894 10100
    834 13 14 27.534651 13 14 27.543877 10100
    835 13 14 27.544653 13 14 27.553872 10100
    836 13 14 27.554645 13 14 27.563853 10100
    837 13 14 27.564643 13 14 27.573866 10100
    838 13 14 27.574646 13 14 27.583874 10100
    839 13 14 27.584644 13 14 27.595815 10100
    840 13 14 27.594695 13 14 27.604416 10100
    841 13 14 27.604654 13 14 27.613953 10100
    842 13 14 27.614647 13 14 27.623879 10100
    843 13 14 27.624651 13 14 27.633877 10100
    844 13 14 27.634655 13 14 27.644024 10100
    845 13 14 27.644650 13 14 27.653863 10100
    846 13 14 27.654644 13 14 27.663854 10100
    847 13 14 27.664643 13 14 27.673943 10100
    848 13 14 27.674656 13 14 27.683889 10100
    849 13 14 27.684650 13 14 27.693933 10100
    850 13 14 27.694672 13 14 27.711012 10100
    851 13 14 27.704650 13 14 27.718296 10100
    852 13 14 27.714721 13 14 27.726783 10100
    853 13 14 27.724682 13 14 27.735269 10100
    854 13 14 27.734639 13 14 27.743862 10100
    855 13 14 27.744726 13 14 27.753992 10100
    856 13 14 27.754660 13 14 27.763905 10100
    857 13 14 27.764689 13 14 27.773983 10100
    858 13 14 27.774733 13 14 27.783954 10100
    859 13 14 27.784663 13 14 27.793877 10100
    860 13 14 27.794643 13 14 27.803943 10100
    861 13 14 27.804715 13 14 27.813984 10100
    862 13 14 27.814667 13 14 27.823907 10100
    863 13 14 27.824646 13 14 27.833891 10100
    864 13 14 27.834745 13 14 27.844101 10100
    865 13 14 27.844666 13 14 27.853927 10100
    866 13 14 27.854645 13 14 27.864014 10100
    867 13 14 27.864761 13 14 27.874017 10100
    868 13 14 27.874666 13 14 27.883949 10100
    869 13 14 27.884644 13 14 27.893872 10100
    870 13 14 27.894645 13 14 27.903857 10100
    871 13 14 27.904641 13 14 27.913903 10100
    872 13 14 27.914646 13 14 27.923873 10100
    873 13 14 27.924645 13 14 27.933934 10100
    874 13 14 27.934646 13 14 27.943881 10100
    875 13 14 27.944645 13 14 27.953866 10100
    876 13 14 27.954644 13 14 27.963861 10100
    877 13 14 27.964625 13 14 27.973821 10100
    878 13 14 27.974644 13 14 27.983900 10100
    879 13 14 27.984639 13 14 27.993832 10100
    880 13 14 27.994637 13 14 28.003862 10100
    881 13 14 28.004629 13 14 28.013961 10100
    882 13 14 28.014665 13 14 28.023848 10100
    883 13 14 28.024627 13 14 28.033833 10100
    884 13 14 28.034635 13 14 28.043929 10100
    885 13 14 28.044868 13 14 28.055150 10100
    886 13 14 28.054600 13 14 28.063755 10100
    887 13 14 28.064612 13 14 28.073927 10100
    888 13 14 28.074629 13 14 28.083819 10100
    889 13 14 28.084638 13 14 28.093924 10100
    890 13 14 28.094644 13 14 28.103884 10100
    891 13 14 28.104648 13 14 28.113882 10100
    892 13 14 28.114644 13 14 28.123877 10100
    893 13 14 28.124867 13 14 28.135137 10100
    894 13 14 28.134629 13 14 28.143861 10100
    895 13 14 28.144643 13 14 28.153849 10100
    896 13 14 28.154644 13 14 28.163848 10100
    897 13 14 28.164628 13 14 28.173819 10100
    898 13 14 28.174644 13 14 28.183879 10100
    899 13 14 28.184646 13 14 28.193874 10100
    900 13 14 28.194644 13 14 28.209945 10100
    901 13 14 28.204639 13 14 28.218271 10100
    902 13 14 28.214712 13 14 28.226703 10100
    903 13 14 28.224638 13 14 28.235179 10100
    904 13 14 28.234639 13 14 28.243800 10100
    905 13 14 28.244634 13 14 28.253923 10100
    906 13 14 28.254629 13 14 28.263808 10100
    907 13 14 28.264644 13 14 28.273904 10100
    908 13 14 28.274627 13 14 28.283794 10100
    909 13 14 28.284658 13 14 28.293824 10100
    910 13 14 28.294640 13 14 28.303878 10100
    911 13 14 28.304642 13 14 28.313818 10100
    912 13 14 28.314627 13 14 28.324730 10100
    913 13 14 28.324669 13 14 28.333885 10100
    914 13 14 28.334642 13 14 28.343834 10100
    915 13 14 28.344637 13 14 28.353864 10100
    916 13 14 28.354630 13 14 28.363807 10100
    917 13 14 28.364640 13 14 28.373958 10100
    918 13 14 28.374651 13 14 28.383862 10100
    919 13 14 28.384657 13 14 28.393882 10100
    920 13 14 28.394643 13 14 28.403863 10100
    921 13 14 28.404662 13 14 28.414818 10100
    922 13 14 28.414650 13 14 28.424026 10100
    923 13 14 28.424648 13 14 28.433856 10100
    924 13 14 28.434649 13 14 28.443977 10100
    925 13 14 28.444662 13 14 28.453932 10100
    926 13 14 28.454667 13 14 28.463944 10100
    927 13 14 28.464680 13 14 28.474032 10100
    928 13 14 28.474662 13 14 28.483937 10100
    929 13 14 28.484628 13 14 28.493878 10100
    930 13 14 28.494641 13 14 28.503828 10100
    931 13 14 28.504639 13 14 28.513881 10100
    932 13 14 28.514640 13 14 28.523879 10100
    933 13 14 28.524640 13 14 28.533833 10100
    934 13 14 28.534642 13 14 28.543869 10100
    935 13 14 28.544639 13 14 28.553830 10100
    936 13 14 28.554639 13 14 28.563841 10100
    937 13 14 28.564662 13 14 28.573885 10100
    938 13 14 28.574649 13 14 28.583826 10100
    939 13 14 28.584638 13 14 28.593855 10100
    940 13 14 28.594636 13 14 28.603829 10100
    941 13 14 28.604651 13 14 28.614951 10100
    942 13 14 28.614650 13 14 28.623848 10100
    943 13 14 28.624639 13 14 28.633911 10100
    944 13 14 28.634640 13 14 28.643829 10100
    945 13 14 28.644638 13 14 28.653843 10100
    946 13 14 28.654648 13 14 28.663837 10100
    947 13 14 28.664639 13 14 28.673850 10100
    948 13 14 28.674638 13 14 28.683825 10100
    949 13 14 28.684680 13 14 28.694046 10100
    950 13 14 28.694639 13 14 28.710032 10100
    951 13 14 28.704633 13 14 28.718235 10100
    952 13 14 28.714677 13 14 28.726735 10100
    953 13 14 28.724664 13 14 28.735206 10100
    954 13 14 28.734667 13 14 28.743856 10100
    955 13 14 28.744650 13 14 28.753833 10100
    956 13 14 28.754636 13 14 28.763839 10100
    957 13 14 28.764635 13 14 28.773830 10100
    958 13 14 28.774639 13 14 28.783850 10100
    959 13 14 28.784639 13 14 28.793894 10100
    960 13 14 28.794640 13 14 28.804116 10100
    961 13 14 28.804673 13 14 28.813866 10100
    962 13 14 28.814638 13 14 28.823828 10100
    963 13 14 28.824640 13 14 28.833846 10100
    964 13 14 28.834637 13 14 28.843952 10100
    965 13 14 28.844639 13 14 28.853822 10100
    966 13 14 28.854638 13 14 28.863851 10100
    967 13 14 28.864640 13 14 28.873823 10100
    968 13 14 28.874638 13 14 28.884921 10100
    969 13 14 28.884640 13 14 28.893836 10100
    970 13 14 28.894638 13 14 28.903864 10100
    971 13 14 28.904641 13 14 28.913900 10100
    972 13 14 28.914660 13 14 28.923974 10100
    973 13 14 28.924645 13 14 28.933844 10100
    974 13 14 28.934637 13 14 28.943826 10100
    975 13 14 28.944638 13 14 28.954974 10100
    976 13 14 28.954636 13 14 28.963840 10100
    977 13 14 28.964635 13 14 28.973898 10100
    978 13 14 28.974640 13 14 28.983903 10100
    979 13 14 28.984638 13 14 28.993904 10100
    980 13 14 28.994638 13 14 29.003897 10100
    981 13 14 29.004639 13 14 29.013897 10100
    982 13 14 29.014631 13 14 29.023892 10100
    983 13 14 29.024629 13 14 29.033877 10100
    984 13 14 29.034614 13 14 29.043969 10100
    985 13 14 29.044639 13 14 29.053840 10100
    986 13 14 29.054638 13 14 29.063824 10100
    987 13 14 29.064643 13 14 29.073868 10100
    988 13 14 29.074638 13 14 29.083821 10100
    989 13 14 29.084637 13 14 29.093851 10100
    990 13 14 29.094637 13 14 29.103826 10100
    991 13 14 29.104638 13 14 29.113877 10100
    992 13 14 29.114678 13 14 29.123908 10100
    993 13 14 29.124638 13 14 29.134125 10100
    994 13 14 29.134662 13 14 29.143985 10100
    995 13 14 29.144662 13 14 29.153963 10100
    996 13 14 29.154661 13 14 29.163907 10100
    997 13 14 29.164639 13 14 29.173819 10100
    998 13 14 29.174638 13 14 29.183876 10100
    999 13 14 29.184637 13 14 29.193832 10100
   1000 13 14 29.194637 13 14 29.209831 10100
