      1 13 9 3.007757 13 9 3.007757 11600
      2 13 9 3.018011 13 9 3.018011 11600
      3 13 9 3.028001 13 9 3.028001 11600
      4 13 9 3.037939 13 9 3.037939 11600
      5 13 9 3.047858 13 9 3.047858 11600
      6 13 9 3.057854 13 9 3.057854 11600
      7 13 9 3.067915 13 9 3.067915 11600
      8 13 9 3.077926 13 9 3.077926 11600
      9 13 9 3.087857 13 9 3.087857 11600
     10 13 9 3.097865 13 9 3.097865 11600
     11 13 9 3.107857 13 9 3.107857 11600
     12 13 9 3.117858 13 9 3.117858 11600
     13 13 9 3.127854 13 9 3.127854 11600
     14 13 9 3.137856 13 9 3.137856 11600
     15 13 9 3.147828 13 9 3.147828 11600
     16 13 9 3.157871 13 9 3.157871 11600
     17 13 9 3.167896 13 9 3.167896 11600
     18 13 9 3.178107 13 9 3.178107 11600
     19 13 9 3.187857 13 9 3.187857 11600
     20 13 9 3.197925 13 9 3.197925 11600
     21 13 9 3.207916 13 9 3.207916 11600
     22 13 9 3.218710 13 9 3.218710 11600
     23 13 9 3.227984 13 9 3.227984 11600
     24 13 9 3.237905 13 9 3.237905 11600
     25 13 9 3.247875 13 9 3.247875 11600
     26 13 9 3.257845 13 9 3.257845 11600
     27 13 9 3.267935 13 9 3.267935 11600
     28 13 9 3.277883 13 9 3.277883 11600
     29 13 9 3.287856 13 9 3.287856 11600
     30 13 9 3.297867 13 9 3.297867 11600
     31 13 9 3.307897 13 9 3.307897 11600
     32 13 9 3.317864 13 9 3.317864 11600
     33 13 9 3.327866 13 9 3.327866 11600
     34 13 9 3.337874 13 9 3.337874 11600
     35 13 9 3.347862 13 9 3.347862 11600
     36 13 9 3.357861 13 9 3.357861 11600
     37 13 9 3.368371 13 9 3.368371 11600
     38 13 9 3.378304 13 9 3.378304 11600
     39 13 9 3.387926 13 9 3.387926 11600
     40 13 9 3.397883 13 9 3.397883 11600
     41 13 9 3.407916 13 9 3.407916 11600
     42 13 9 3.417898 13 9 3.417898 11600
     43 13 9 3.427824 13 9 3.427824 11600
     44 13 9 3.437986 13 9 3.437986 11600
     45 13 9 3.447935 13 9 3.447935 11600
     46 13 9 3.457923 13 9 3.457923 11600
     47 13 9 3.467918 13 9 3.467918 11600
     48 13 9 3.477865 13 9 3.477865 11600
     49 13 9 3.492255 13 9 3.492255 11600
     50 13 9 3.497854 13 9 3.497854 11600
     51 13 9 3.507909 13 9 3.507909 11600
     52 13 9 3.517860 13 9 3.517860 11600
     53 13 9 3.527861 13 9 3.527861 11600
     54 13 9 3.537875 13 9 3.537875 11600
     55 13 9 3.547831 13 9 3.547831 11600
     56 13 9 3.557817 13 9 3.557817 11600
     57 13 9 3.568430 13 9 3.568430 11600
     58 13 9 3.577936 13 9 3.577936 11600
     59 13 9 3.587943 13 9 3.587943 11600
     60 13 9 3.597875 13 9 3.597875 11600
     61 13 9 3.607927 13 9 3.607927 11600
     62 13 9 3.618026 13 9 3.618026 11600
     63 13 9 3.627904 13 9 3.627904 11600
     64 13 9 3.637921 13 9 3.637921 11600
     65 13 9 3.647873 13 9 3.647873 11600
     66 13 9 3.657938 13 9 3.657938 11600
     67 13 9 3.667857 13 9 3.667857 11600
     68 13 9 3.677875 13 9 3.677875 11600
     69 13 9 3.687891 13 9 3.687891 11600
     70 13 9 3.697881 13 9 3.697881 11600
     71 13 9 3.707867 13 9 3.707867 11600
     72 13 9 3.717927 13 9 3.717927 11600
     73 13 9 3.727894 13 9 3.727894 11600
     74 13 9 3.737874 13 9 3.737874 11600
     75 13 9 3.747860 13 9 3.747860 11600
     76 13 9 3.757881 13 9 3.757881 11600
     77 13 9 3.767901 13 9 3.767901 11600
     78 13 9 3.777830 13 9 3.777830 11600
     79 13 9 3.787947 13 9 3.787947 11600
     80 13 9 3.797889 13 9 3.797889 11600
     81 13 9 3.807958 13 9 3.807958 11600
     82 13 9 3.818480 13 9 3.818480 11600
     83 13 9 3.828059 13 9 3.828059 11600
     84 13 9 3.837889 13 9 3.837889 11600
     85 13 9 3.847916 13 9 3.847916 11600
     86 13 9 3.857958 13 9 3.857958 11600
     87 13 9 3.867875 13 9 3.867875 11600
     88 13 9 3.878067 13 9 3.878067 11600
     89 13 9 3.888027 13 9 3.888027 11600
     90 13 9 3.897984 13 9 3.897984 11600
     91 13 9 3.907953 13 9 3.907953 11600
     92 13 9 3.917916 13 9 3.917916 11600
     93 13 9 3.927865 13 9 3.927865 11600
     94 13 9 3.937889 13 9 3.937889 11600
     95 13 9 3.948112 13 9 3.948112 11600
     96 13 9 3.957870 13 9 3.957870 11600
     97 13 9 3.967877 13 9 3.967877 11600
     98 13 9 3.977910 13 9 3.977910 11600
     99 13 9 3.987867 13 9 3.987867 11600
    100 13 9 3.997871 13 9 3.997871 11600
    101 13 9 4.007991 13 9 4.007991 11600
    102 13 9 4.017934 13 9 4.017934 11600
    103 13 9 4.027923 13 9 4.027923 11600
    104 13 9 4.038007 13 9 4.038007 11600
    105 13 9 4.048004 13 9 4.048004 11600
    106 13 9 4.058042 13 9 4.058042 11600
    107 13 9 4.068033 13 9 4.068033 11600
    108 13 9 4.077965 13 9 4.077965 11600
    109 13 9 4.087947 13 9 4.087947 11600
    110 13 9 4.098117 13 9 4.098117 11600
    111 13 9 4.107972 13 9 4.107972 11600
    112 13 9 4.118006 13 9 4.118006 11600
    113 13 9 4.127843 13 9 4.127843 11600
    114 13 9 4.137876 13 9 4.137876 11600
    115 13 9 4.147859 13 9 4.147859 11600
    116 13 9 4.157869 13 9 4.157869 11600
    117 13 9 4.167857 13 9 4.167857 11600
    118 13 9 4.177865 13 9 4.177865 11600
    119 13 9 4.187858 13 9 4.187858 11600
    120 13 9 4.197880 13 9 4.197880 11600
    121 13 9 4.207867 13 9 4.207867 11600
    122 13 9 4.218009 13 9 4.218009 11600
    123 13 9 4.227970 13 9 4.227970 11600
    124 13 9 4.237885 13 9 4.237885 11600
    125 13 9 4.247881 13 9 4.247881 11600
    126 13 9 4.257932 13 9 4.257932 11600
    127 13 9 4.267870 13 9 4.267870 11600
    128 13 9 4.278143 13 9 4.278143 11600
    129 13 9 4.287855 13 9 4.287855 11600
    130 13 9 4.297990 13 9 4.297990 11600
    131 13 9 4.307904 13 9 4.307904 11600
    132 13 9 4.318089 13 9 4.318089 11600
    133 13 9 4.327899 13 9 4.327899 11600
    134 13 9 4.337920 13 9 4.337920 11600
    135 13 9 4.347879 13 9 4.347879 11600
    136 13 9 4.357897 13 9 4.357897 11600
    137 13 9 4.367872 13 9 4.367872 11600
    138 13 9 4.377902 13 9 4.377902 11600
    139 13 9 4.387865 13 9 4.387865 11600
    140 13 9 4.397920 13 9 4.397920 11600
    141 13 9 4.407874 13 9 4.407874 11600
    142 13 9 4.417860 13 9 4.417860 11600
    143 13 9 4.427928 13 9 4.427928 11600
    144 13 9 4.438676 13 9 4.438676 11600
    145 13 9 4.448040 13 9 4.448040 11600
    146 13 9 4.457919 13 9 4.457919 11600
    147 13 9 4.468051 13 9 4.468051 11600
    148 13 9 4.477907 13 9 4.477907 11600
    149 13 9 4.488423 13 9 4.488423 11600
    150 13 9 4.497893 13 9 4.497893 11600
    151 13 9 4.507932 13 9 4.507932 11600
    152 13 9 4.517897 13 9 4.517897 11600
    153 13 9 4.527882 13 9 4.527882 11600
    154 13 9 4.537884 13 9 4.537884 11600
    155 13 9 4.547881 13 9 4.547881 11600
    156 13 9 4.557904 13 9 4.557904 11600
    157 13 9 4.567898 13 9 4.567898 11600
    158 13 9 4.577866 13 9 4.577866 11600
    159 13 9 4.587895 13 9 4.587895 11600
    160 13 9 4.597883 13 9 4.597883 11600
    161 13 9 4.607865 13 9 4.607865 11600
    162 13 9 4.617862 13 9 4.617862 11600
    163 13 9 4.627869 13 9 4.627869 11600
    164 13 9 4.637969 13 9 4.637969 11600
    165 13 9 4.647865 13 9 4.647865 11600
    166 13 9 4.657940 13 9 4.657940 11600
    167 13 9 4.667925 13 9 4.667925 11600
    168 13 9 4.677900 13 9 4.677900 11600
    169 13 9 4.687929 13 9 4.687929 11600
    170 13 9 4.697929 13 9 4.697929 11600
    171 13 9 4.707920 13 9 4.707920 11600
    172 13 9 4.717890 13 9 4.717890 11600
    173 13 9 4.728231 13 9 4.728231 11600
    174 13 9 4.738143 13 9 4.738143 11600
    175 13 9 4.747912 13 9 4.747912 11600
    176 13 9 4.757940 13 9 4.757940 11600
    177 13 9 4.767864 13 9 4.767864 11600
    178 13 9 4.777908 13 9 4.777908 11600
    179 13 9 4.787863 13 9 4.787863 11600
    180 13 9 4.797867 13 9 4.797867 11600
    181 13 9 4.809184 13 9 4.809184 11600
    182 13 9 4.818553 13 9 4.818553 11600
    183 13 9 4.827884 13 9 4.827884 11600
    184 13 9 4.837915 13 9 4.837915 11600
    185 13 9 4.847877 13 9 4.847877 11600
    186 13 9 4.857891 13 9 4.857891 11600
    187 13 9 4.868711 13 9 4.868711 11600
    188 13 9 4.878381 13 9 4.878381 11600
    189 13 9 4.887890 13 9 4.887890 11600
    190 13 9 4.897918 13 9 4.897918 11600
    191 13 9 4.907866 13 9 4.907866 11600
    192 13 9 4.917938 13 9 4.917938 11600
    193 13 9 4.927957 13 9 4.927957 11600
    194 13 9 4.937905 13 9 4.937905 11600
    195 13 9 4.947928 13 9 4.947928 11600
    196 13 9 4.957891 13 9 4.957891 11600
    197 13 9 4.967940 13 9 4.967940 11600
    198 13 9 4.977857 13 9 4.977857 11600
    199 13 9 4.987859 13 9 4.987859 11600
    200 13 9 4.997961 13 9 4.997961 11600
    201 13 9 5.007869 13 9 5.007869 11600
    202 13 9 5.017833 13 9 5.017833 11600
    203 13 9 5.027871 13 9 5.027871 11600
    204 13 9 5.037931 13 9 5.037931 11600
    205 13 9 5.048001 13 9 5.048001 11600
    206 13 9 5.058047 13 9 5.058047 11600
    207 13 9 5.067943 13 9 5.067943 11600
    208 13 9 5.077880 13 9 5.077880 11600
    209 13 9 5.087874 13 9 5.087874 11600
    210 13 9 5.097866 13 9 5.097866 11600
    211 13 9 5.107873 13 9 5.107873 11600
    212 13 9 5.117924 13 9 5.117924 11600
    213 13 9 5.127877 13 9 5.127877 11600
    214 13 9 5.137921 13 9 5.137921 11600
    215 13 9 5.147966 13 9 5.147966 11600
    216 13 9 5.158040 13 9 5.158040 11600
    217 13 9 5.168054 13 9 5.168054 11600
    218 13 9 5.177865 13 9 5.177865 11600
    219 13 9 5.187857 13 9 5.187857 11600
    220 13 9 5.197864 13 9 5.197864 11600
    221 13 9 5.207857 13 9 5.207857 11600
    222 13 9 5.217864 13 9 5.217864 11600
    223 13 9 5.228391 13 9 5.228391 11600
    224 13 9 5.237963 13 9 5.237963 11600
    225 13 9 5.247924 13 9 5.247924 11600
    226 13 9 5.257928 13 9 5.257928 11600
    227 13 9 5.267922 13 9 5.267922 11600
    228 13 9 5.278372 13 9 5.278372 11600
    229 13 9 5.287922 13 9 5.287922 11600
    230 13 9 5.297970 13 9 5.297970 11600
    231 13 9 5.307921 13 9 5.307921 11600
    232 13 9 5.317923 13 9 5.317923 11600
    233 13 9 5.327973 13 9 5.327973 11600
    234 13 9 5.338108 13 9 5.338108 11600
    235 13 9 5.348612 13 9 5.348612 11600
    236 13 9 5.357941 13 9 5.357941 11600
    237 13 9 5.367886 13 9 5.367886 11600
    238 13 9 5.378523 13 9 5.378523 11600
    239 13 9 5.387827 13 9 5.387827 11600
    240 13 9 5.397884 13 9 5.397884 11600
    241 13 9 5.407887 13 9 5.407887 11600
    242 13 9 5.417939 13 9 5.417939 11600
    243 13 9 5.428056 13 9 5.428056 11600
    244 13 9 5.438359 13 9 5.438359 11600
    245 13 9 5.447964 13 9 5.447964 11600
    246 13 9 5.457930 13 9 5.457930 11600
    247 13 9 5.467924 13 9 5.467924 11600
    248 13 9 5.478263 13 9 5.478263 11600
    249 13 9 5.487930 13 9 5.487930 11600
    250 13 9 5.497904 13 9 5.497904 11600
    251 13 9 5.507958 13 9 5.507958 11600
    252 13 9 5.517986 13 9 5.517986 11600
    253 13 9 5.527985 13 9 5.527985 11600
    254 13 9 5.538716 13 9 5.538716 11600
    255 13 9 5.547983 13 9 5.547983 11600
    256 13 9 5.557916 13 9 5.557916 11600
    257 13 9 5.567908 13 9 5.567908 11600
    258 13 9 5.577808 13 9 5.577808 11600
    259 13 9 5.587861 13 9 5.587861 11600
    260 13 9 5.597846 13 9 5.597846 11600
    261 13 9 5.607846 13 9 5.607846 11600
    262 13 9 5.617848 13 9 5.617848 11600
    263 13 9 5.628007 13 9 5.628007 11600
    264 13 9 5.637933 13 9 5.637933 11600
    265 13 9 5.647918 13 9 5.647918 11600
    266 13 9 5.657926 13 9 5.657926 11600
    267 13 9 5.667921 13 9 5.667921 11600
    268 13 9 5.677876 13 9 5.677876 11600
    269 13 9 5.687843 13 9 5.687843 11600
    270 13 9 5.697917 13 9 5.697917 11600
    271 13 9 5.707924 13 9 5.707924 11600
    272 13 9 5.717925 13 9 5.717925 11600
    273 13 9 5.727923 13 9 5.727923 11600
    274 13 9 5.737975 13 9 5.737975 11600
    275 13 9 5.747924 13 9 5.747924 11600
    276 13 9 5.757865 13 9 5.757865 11600
    277 13 9 5.767895 13 9 5.767895 11600
    278 13 9 5.777879 13 9 5.777879 11600
    279 13 9 5.787869 13 9 5.787869 11600
    280 13 9 5.797864 13 9 5.797864 11600
    281 13 9 5.807860 13 9 5.807860 11600
    282 13 9 5.817853 13 9 5.817853 11600
    283 13 9 5.827887 13 9 5.827887 11600
    284 13 9 5.837945 13 9 5.837945 11600
    285 13 9 5.847921 13 9 5.847921 11600
    286 13 9 5.857929 13 9 5.857929 11600
    287 13 9 5.867968 13 9 5.867968 11600
    288 13 9 5.878776 13 9 5.878776 11600
    289 13 9 5.887905 13 9 5.887905 11600
    290 13 9 5.897971 13 9 5.897971 11600
    291 13 9 5.907916 13 9 5.907916 11600
    292 13 9 5.918021 13 9 5.918021 11600
    293 13 9 5.927927 13 9 5.927927 11600
    294 13 9 5.937919 13 9 5.937919 11600
    295 13 9 5.947924 13 9 5.947924 11600
    296 13 9 5.957951 13 9 5.957951 11600
    297 13 9 5.967860 13 9 5.967860 11600
    298 13 9 5.977862 13 9 5.977862 11600
    299 13 9 5.987855 13 9 5.987855 11600
    300 13 9 5.997852 13 9 5.997852 11600
    301 13 9 6.007877 13 9 6.007877 11600
    302 13 9 6.017833 13 9 6.017833 11600
    303 13 9 6.027985 13 9 6.027985 11600
    304 13 9 6.037872 13 9 6.037872 11600
    305 13 9 6.047971 13 9 6.047971 11600
    306 13 9 6.057921 13 9 6.057921 11600
    307 13 9 6.067857 13 9 6.067857 11600
    308 13 9 6.078020 13 9 6.078020 11600
    309 13 9 6.087983 13 9 6.087983 11600
    310 13 9 6.097858 13 9 6.097858 11600
    311 13 9 6.107909 13 9 6.107909 11600
    312 13 9 6.117930 13 9 6.117930 11600
    313 13 9 6.127860 13 9 6.127860 11600
    314 13 9 6.137921 13 9 6.137921 11600
    315 13 9 6.147936 13 9 6.147936 11600
    316 13 9 6.157931 13 9 6.157931 11600
    317 13 9 6.167870 13 9 6.167870 11600
    318 13 9 6.177863 13 9 6.177863 11600
    319 13 9 6.187858 13 9 6.187858 11600
    320 13 9 6.197861 13 9 6.197861 11600
    321 13 9 6.207860 13 9 6.207860 11600
    322 13 9 6.217863 13 9 6.217863 11600
    323 13 9 6.227898 13 9 6.227898 11600
    324 13 9 6.237839 13 9 6.237839 11600
    325 13 9 6.247916 13 9 6.247916 11600
    326 13 9 6.257928 13 9 6.257928 11600
    327 13 9 6.267924 13 9 6.267924 11600
    328 13 9 6.277962 13 9 6.277962 11600
    329 13 9 6.287965 13 9 6.287965 11600
    330 13 9 6.297931 13 9 6.297931 11600
    331 13 9 6.307903 13 9 6.307903 11600
    332 13 9 6.317864 13 9 6.317864 11600
    333 13 9 6.327856 13 9 6.327856 11600
    334 13 9 6.337919 13 9 6.337919 11600
    335 13 9 6.347955 13 9 6.347955 11600
    336 13 9 6.357933 13 9 6.357933 11600
    337 13 9 6.367932 13 9 6.367932 11600
    338 13 9 6.377893 13 9 6.377893 11600
    339 13 9 6.387861 13 9 6.387861 11600
    340 13 9 6.397863 13 9 6.397863 11600
    341 13 9 6.407862 13 9 6.407862 11600
    342 13 9 6.417862 13 9 6.417862 11600
    343 13 9 6.428309 13 9 6.428309 11600
    344 13 9 6.437864 13 9 6.437864 11600
    345 13 9 6.447917 13 9 6.447917 11600
    346 13 9 6.457924 13 9 6.457924 11600
    347 13 9 6.467969 13 9 6.467969 11600
    348 13 9 6.477883 13 9 6.477883 11600
    349 13 9 6.487930 13 9 6.487930 11600
    350 13 9 6.497861 13 9 6.497861 11600
    351 13 9 6.508008 13 9 6.508008 11600
    352 13 9 6.517903 13 9 6.517903 11600
    353 13 9 6.527943 13 9 6.527943 11600
    354 13 9 6.538009 13 9 6.538009 11600
    355 13 9 6.548027 13 9 6.548027 11600
    356 13 9 6.557955 13 9 6.557955 11600
    357 13 9 6.567914 13 9 6.567914 11600
    358 13 9 6.577868 13 9 6.577868 11600
    359 13 9 6.587858 13 9 6.587858 11600
    360 13 9 6.597858 13 9 6.597858 11600
    361 13 9 6.607858 13 9 6.607858 11600
    362 13 9 6.617840 13 9 6.617840 11600
    363 13 9 6.627891 13 9 6.627891 11600
    364 13 9 6.637940 13 9 6.637940 11600
    365 13 9 6.647920 13 9 6.647920 11600
    366 13 9 6.657930 13 9 6.657930 11600
    367 13 9 6.667919 13 9 6.667919 11600
    368 13 9 6.677863 13 9 6.677863 11600
    369 13 9 6.687909 13 9 6.687909 11600
    370 13 9 6.697853 13 9 6.697853 11600
    371 13 9 6.707914 13 9 6.707914 11600
    372 13 9 6.717857 13 9 6.717857 11600
    373 13 9 6.727919 13 9 6.727919 11600
    374 13 9 6.737801 13 9 6.737801 11600
    375 13 9 6.747917 13 9 6.747917 11600
    376 13 9 6.757939 13 9 6.757939 11600
    377 13 9 6.767859 13 9 6.767859 11600
    378 13 9 6.777826 13 9 6.777826 11600
    379 13 9 6.787858 13 9 6.787858 11600
    380 13 9 6.797867 13 9 6.797867 11600
    381 13 9 6.807833 13 9 6.807833 11600
    382 13 9 6.817850 13 9 6.817850 11600
    383 13 9 6.828235 13 9 6.828235 11600
    384 13 9 6.838009 13 9 6.838009 11600
    385 13 9 6.847859 13 9 6.847859 11600
    386 13 9 6.857936 13 9 6.857936 11600
    387 13 9 6.867930 13 9 6.867930 11600
    388 13 9 6.877867 13 9 6.877867 11600
    389 13 9 6.887889 13 9 6.887889 11600
    390 13 9 6.897883 13 9 6.897883 11600
    391 13 9 6.907799 13 9 6.907799 11600
    392 13 9 6.917855 13 9 6.917855 11600
    393 13 9 6.927927 13 9 6.927927 11600
    394 13 9 6.937917 13 9 6.937917 11600
    395 13 9 6.947924 13 9 6.947924 11600
    396 13 9 6.957937 13 9 6.957937 11600
    397 13 9 6.967861 13 9 6.967861 11600
    398 13 9 6.977864 13 9 6.977864 11600
    399 13 9 6.987778 13 9 6.987778 11600
    400 13 9 6.997860 13 9 6.997860 11600
    401 13 9 7.007856 13 9 7.007856 11600
    402 13 9 7.017862 13 9 7.017862 11600
    403 13 9 7.027947 13 9 7.027947 11600
    404 13 9 7.037878 13 9 7.037878 11600
    405 13 9 7.047882 13 9 7.047882 11600
    406 13 9 7.057917 13 9 7.057917 11600
    407 13 9 7.067938 13 9 7.067938 11600
    408 13 9 7.077861 13 9 7.077861 11600
    409 13 9 7.087952 13 9 7.087952 11600
    410 13 9 7.097904 13 9 7.097904 11600
    411 13 9 7.108000 13 9 7.108000 11600
    412 13 9 7.117928 13 9 7.117928 11600
    413 13 9 7.127881 13 9 7.127881 11600
    414 13 9 7.137931 13 9 7.137931 11600
    415 13 9 7.147923 13 9 7.147923 11600
    416 13 9 7.157936 13 9 7.157936 11600
    417 13 9 7.167857 13 9 7.167857 11600
    418 13 9 7.177863 13 9 7.177863 11600
    419 13 9 7.187854 13 9 7.187854 11600
    420 13 9 7.197862 13 9 7.197862 11600
    421 13 9 7.208167 13 9 7.208167 11600
    422 13 9 7.217920 13 9 7.217920 11600
    423 13 9 7.228492 13 9 7.228492 11600
    424 13 9 7.237944 13 9 7.237944 11600
    425 13 9 7.247938 13 9 7.247938 11600
    426 13 9 7.257972 13 9 7.257972 11600
    427 13 9 7.267934 13 9 7.267934 11600
    428 13 9 7.277870 13 9 7.277870 11600
    429 13 9 7.287918 13 9 7.287918 11600
    430 13 9 7.298009 13 9 7.298009 11600
    431 13 9 7.307915 13 9 7.307915 11600
    432 13 9 7.317925 13 9 7.317925 11600
    433 13 9 7.327912 13 9 7.327912 11600
    434 13 9 7.337920 13 9 7.337920 11600
    435 13 9 7.347927 13 9 7.347927 11600
    436 13 9 7.357908 13 9 7.357908 11600
    437 13 9 7.367858 13 9 7.367858 11600
    438 13 9 7.377863 13 9 7.377863 11600
    439 13 9 7.387862 13 9 7.387862 11600
    440 13 9 7.397870 13 9 7.397870 11600
    441 13 9 7.407859 13 9 7.407859 11600
    442 13 9 7.417889 13 9 7.417889 11600
    443 13 9 7.428143 13 9 7.428143 11600
    444 13 9 7.437890 13 9 7.437890 11600
    445 13 9 7.447929 13 9 7.447929 11600
    446 13 9 7.457932 13 9 7.457932 11600
    447 13 9 7.467921 13 9 7.467921 11600
    448 13 9 7.477856 13 9 7.477856 11600
    449 13 9 7.487898 13 9 7.487898 11600
    450 13 9 7.497929 13 9 7.497929 11600
    451 13 9 7.507908 13 9 7.507908 11600
    452 13 9 7.517858 13 9 7.517858 11600
    453 13 9 7.527922 13 9 7.527922 11600
    454 13 9 7.537858 13 9 7.537858 11600
    455 13 9 7.548001 13 9 7.548001 11600
    456 13 9 7.557932 13 9 7.557932 11600
    457 13 9 7.567870 13 9 7.567870 11600
    458 13 9 7.577868 13 9 7.577868 11600
    459 13 9 7.587838 13 9 7.587838 11600
    460 13 9 7.597888 13 9 7.597888 11600
    461 13 9 7.607858 13 9 7.607858 11600
    462 13 9 7.617864 13 9 7.617864 11600
    463 13 9 7.627881 13 9 7.627881 11600
    464 13 9 7.637931 13 9 7.637931 11600
    465 13 9 7.647902 13 9 7.647902 11600
    466 13 9 7.657923 13 9 7.657923 11600
    467 13 9 7.667914 13 9 7.667914 11600
    468 13 9 7.677863 13 9 7.677863 11600
    469 13 9 7.687970 13 9 7.687970 11600
    470 13 9 7.697941 13 9 7.697941 11600
    471 13 9 7.707911 13 9 7.707911 11600
    472 13 9 7.717888 13 9 7.717888 11600
    473 13 9 7.728009 13 9 7.728009 11600
    474 13 9 7.738088 13 9 7.738088 11600
    475 13 9 7.747919 13 9 7.747919 11600
    476 13 9 7.757925 13 9 7.757925 11600
    477 13 9 7.767858 13 9 7.767858 11600
    478 13 9 7.777864 13 9 7.777864 11600
    479 13 9 7.787855 13 9 7.787855 11600
    480 13 9 7.798006 13 9 7.798006 11600
    481 13 9 7.808061 13 9 7.808061 11600
    482 13 9 7.817874 13 9 7.817874 11600
    483 13 9 7.828114 13 9 7.828114 11600
    484 13 9 7.837913 13 9 7.837913 11600
    485 13 9 7.847931 13 9 7.847931 11600
    486 13 9 7.857927 13 9 7.857927 11600
    487 13 9 7.867923 13 9 7.867923 11600
    488 13 9 7.877868 13 9 7.877868 11600
    489 13 9 7.887899 13 9 7.887899 11600
    490 13 9 7.897921 13 9 7.897921 11600
    491 13 9 7.907861 13 9 7.907861 11600
    492 13 9 7.917932 13 9 7.917932 11600
    493 13 9 7.927919 13 9 7.927919 11600
    494 13 9 7.937922 13 9 7.937922 11600
    495 13 9 7.947859 13 9 7.947859 11600
    496 13 9 7.957930 13 9 7.957930 11600
    497 13 9 7.967863 13 9 7.967863 11600
    498 13 9 7.977864 13 9 7.977864 11600
    499 13 9 7.987955 13 9 7.987955 11600
    500 13 9 7.997862 13 9 7.997862 11600
    501 13 9 8.008205 13 9 8.008205 11600
    502 13 9 8.017901 13 9 8.017901 11600
    503 13 9 8.028325 13 9 8.028325 11600
    504 13 9 8.037876 13 9 8.037876 11600
    505 13 9 8.047945 13 9 8.047945 11600
    506 13 9 8.057940 13 9 8.057940 11600
    507 13 9 8.067954 13 9 8.067954 11600
    508 13 9 8.077866 13 9 8.077866 11600
    509 13 9 8.087859 13 9 8.087859 11600
    510 13 9 8.097934 13 9 8.097934 11600
    511 13 9 8.107848 13 9 8.107848 11600
    512 13 9 8.117924 13 9 8.117924 11600
    513 13 9 8.127921 13 9 8.127921 11600
    514 13 9 8.137954 13 9 8.137954 11600
    515 13 9 8.147871 13 9 8.147871 11600
    516 13 9 8.157920 13 9 8.157920 11600
    517 13 9 8.167861 13 9 8.167861 11600
    518 13 9 8.177887 13 9 8.177887 11600
    519 13 9 8.187858 13 9 8.187858 11600
    520 13 9 8.197867 13 9 8.197867 11600
    521 13 9 8.207822 13 9 8.207822 11600
    522 13 9 8.217855 13 9 8.217855 11600
    523 13 9 8.227904 13 9 8.227904 11600
    524 13 9 8.237990 13 9 8.237990 11600
    525 13 9 8.247858 13 9 8.247858 11600
    526 13 9 8.257920 13 9 8.257920 11600
    527 13 9 8.267934 13 9 8.267934 11600
    528 13 9 8.277863 13 9 8.277863 11600
    529 13 9 8.287876 13 9 8.287876 11600
    530 13 9 8.298244 13 9 8.298244 11600
    531 13 9 8.307857 13 9 8.307857 11600
    532 13 9 8.317854 13 9 8.317854 11600
    533 13 9 8.327852 13 9 8.327852 11600
    534 13 9 8.337859 13 9 8.337859 11600
    535 13 9 8.347913 13 9 8.347913 11600
    536 13 9 8.357855 13 9 8.357855 11600
    537 13 9 8.367922 13 9 8.367922 11600
    538 13 9 8.377897 13 9 8.377897 11600
    539 13 9 8.387878 13 9 8.387878 11600
    540 13 9 8.397895 13 9 8.397895 11600
    541 13 9 8.407864 13 9 8.407864 11600
    542 13 9 8.418058 13 9 8.418058 11600
    543 13 9 8.427920 13 9 8.427920 11600
    544 13 9 8.437924 13 9 8.437924 11600
    545 13 9 8.447822 13 9 8.447822 11600
    546 13 9 8.457926 13 9 8.457926 11600
    547 13 9 8.467926 13 9 8.467926 11600
    548 13 9 8.477966 13 9 8.477966 11600
    549 13 9 8.488044 13 9 8.488044 11600
    550 13 9 8.497899 13 9 8.497899 11600
    551 13 9 8.507956 13 9 8.507956 11600
    552 13 9 8.517925 13 9 8.517925 11600
    553 13 9 8.527915 13 9 8.527915 11600
    554 13 9 8.537908 13 9 8.537908 11600
    555 13 9 8.547923 13 9 8.547923 11600
    556 13 9 8.557995 13 9 8.557995 11600
    557 13 9 8.567940 13 9 8.567940 11600
    558 13 9 8.577842 13 9 8.577842 11600
    559 13 9 8.587861 13 9 8.587861 11600
    560 13 9 8.597908 13 9 8.597908 11600
    561 13 9 8.607865 13 9 8.607865 11600
    562 13 9 8.617858 13 9 8.617858 11600
    563 13 9 8.627938 13 9 8.627938 11600
    564 13 9 8.638125 13 9 8.638125 11600
    565 13 9 8.647945 13 9 8.647945 11600
    566 13 9 8.657932 13 9 8.657932 11600
    567 13 9 8.667922 13 9 8.667922 11600
    568 13 9 8.677929 13 9 8.677929 11600
    569 13 9 8.687934 13 9 8.687934 11600
    570 13 9 8.698009 13 9 8.698009 11600
    571 13 9 8.707924 13 9 8.707924 11600
    572 13 9 8.717942 13 9 8.717942 11600
    573 13 9 8.727940 13 9 8.727940 11600
    574 13 9 8.737856 13 9 8.737856 11600
    575 13 9 8.747875 13 9 8.747875 11600
    576 13 9 8.757899 13 9 8.757899 11600
    577 13 9 8.767939 13 9 8.767939 11600
    578 13 9 8.777882 13 9 8.777882 11600
    579 13 9 8.787857 13 9 8.787857 11600
    580 13 9 8.797864 13 9 8.797864 11600
    581 13 9 8.808256 13 9 8.808256 11600
    582 13 9 8.817854 13 9 8.817854 11600
    583 13 9 8.827958 13 9 8.827958 11600
    584 13 9 8.837882 13 9 8.837882 11600
    585 13 9 8.847932 13 9 8.847932 11600
    586 13 9 8.857934 13 9 8.857934 11600
    587 13 9 8.870283 13 9 8.870283 11600
    588 13 9 8.877969 13 9 8.877969 11600
    589 13 9 8.888680 13 9 8.888680 11600
    590 13 9 8.897904 13 9 8.897904 11600
    591 13 9 8.907944 13 9 8.907944 11600
    592 13 9 8.917980 13 9 8.917980 11600
    593 13 9 8.927929 13 9 8.927929 11600
    594 13 9 8.937920 13 9 8.937920 11600
    595 13 9 8.947927 13 9 8.947927 11600
    596 13 9 8.957959 13 9 8.957959 11600
    597 13 9 8.967857 13 9 8.967857 11600
    598 13 9 8.977859 13 9 8.977859 11600
    599 13 9 8.987973 13 9 8.987973 11600
    600 13 9 8.997866 13 9 8.997866 11600
    601 13 9 9.007858 13 9 9.007858 11600
    602 13 9 9.017913 13 9 9.017913 11600
    603 13 9 9.027943 13 9 9.027943 11600
    604 13 9 9.037881 13 9 9.037881 11600
    605 13 9 9.047857 13 9 9.047857 11600
    606 13 9 9.057859 13 9 9.057859 11600
    607 13 9 9.067933 13 9 9.067933 11600
    608 13 9 9.077866 13 9 9.077866 11600
    609 13 9 9.087880 13 9 9.087880 11600
    610 13 9 9.098632 13 9 9.098632 11600
    611 13 9 9.107896 13 9 9.107896 11600
    612 13 9 9.117914 13 9 9.117914 11600
    613 13 9 9.127898 13 9 9.127898 11600
    614 13 9 9.137916 13 9 9.137916 11600
    615 13 9 9.147885 13 9 9.147885 11600
    616 13 9 9.157932 13 9 9.157932 11600
    617 13 9 9.167941 13 9 9.167941 11600
    618 13 9 9.177870 13 9 9.177870 11600
    619 13 9 9.187856 13 9 9.187856 11600
    620 13 9 9.197863 13 9 9.197863 11600
    621 13 9 9.207855 13 9 9.207855 11600
    622 13 9 9.217855 13 9 9.217855 11600
    623 13 9 9.227983 13 9 9.227983 11600
    624 13 9 9.237940 13 9 9.237940 11600
    625 13 9 9.247892 13 9 9.247892 11600
    626 13 9 9.257932 13 9 9.257932 11600
    627 13 9 9.267917 13 9 9.267917 11600
    628 13 9 9.277867 13 9 9.277867 11600
    629 13 9 9.287934 13 9 9.287934 11600
    630 13 9 9.297888 13 9 9.297888 11600
    631 13 9 9.307973 13 9 9.307973 11600
    632 13 9 9.317968 13 9 9.317968 11600
    633 13 9 9.327928 13 9 9.327928 11600
    634 13 9 9.337884 13 9 9.337884 11600
    635 13 9 9.347956 13 9 9.347956 11600
    636 13 9 9.357896 13 9 9.357896 11600
    637 13 9 9.367971 13 9 9.367971 11600
    638 13 9 9.377900 13 9 9.377900 11600
    639 13 9 9.387902 13 9 9.387902 11600
    640 13 9 9.397900 13 9 9.397900 11600
    641 13 9 9.407866 13 9 9.407866 11600
    642 13 9 9.418393 13 9 9.418393 11600
    643 13 9 9.427891 13 9 9.427891 11600
    644 13 9 9.437839 13 9 9.437839 11600
    645 13 9 9.447863 13 9 9.447863 11600
    646 13 9 9.457929 13 9 9.457929 11600
    647 13 9 9.467945 13 9 9.467945 11600
    648 13 9 9.477864 13 9 9.477864 11600
    649 13 9 9.488642 13 9 9.488642 11600
    650 13 9 9.498003 13 9 9.498003 11600
    651 13 9 9.507892 13 9 9.507892 11600
    652 13 9 9.517970 13 9 9.517970 11600
    653 13 9 9.527893 13 9 9.527893 11600
    654 13 9 9.537917 13 9 9.537917 11600
    655 13 9 9.547948 13 9 9.547948 11600
    656 13 9 9.557869 13 9 9.557869 11600
    657 13 9 9.567859 13 9 9.567859 11600
    658 13 9 9.577863 13 9 9.577863 11600
    659 13 9 9.587859 13 9 9.587859 11600
    660 13 9 9.597854 13 9 9.597854 11600
    661 13 9 9.607865 13 9 9.607865 11600
    662 13 9 9.617865 13 9 9.617865 11600
    663 13 9 9.627943 13 9 9.627943 11600
    664 13 9 9.637947 13 9 9.637947 11600
    665 13 9 9.647945 13 9 9.647945 11600
    666 13 9 9.657858 13 9 9.657858 11600
    667 13 9 9.667922 13 9 9.667922 11600
    668 13 9 9.677865 13 9 9.677865 11600
    669 13 9 9.687915 13 9 9.687915 11600
    670 13 9 9.698123 13 9 9.698123 11600
    671 13 9 9.707960 13 9 9.707960 11600
    672 13 9 9.717976 13 9 9.717976 11600
    673 13 9 9.727883 13 9 9.727883 11600
    674 13 9 9.738006 13 9 9.738006 11600
    675 13 9 9.747954 13 9 9.747954 11600
    676 13 9 9.757868 13 9 9.757868 11600
    677 13 9 9.767922 13 9 9.767922 11600
    678 13 9 9.777867 13 9 9.777867 11600
    679 13 9 9.787846 13 9 9.787846 11600
    680 13 9 9.797862 13 9 9.797862 11600
    681 13 9 9.809953 13 9 9.809953 11600
    682 13 9 9.817869 13 9 9.817869 11600
    683 13 9 9.827854 13 9 9.827854 11600
    684 13 9 9.837980 13 9 9.837980 11600
    685 13 9 9.847968 13 9 9.847968 11600
    686 13 9 9.857945 13 9 9.857945 11600
    687 13 9 9.867926 13 9 9.867926 11600
    688 13 9 9.877902 13 9 9.877902 11600
    689 13 9 9.887971 13 9 9.887971 11600
    690 13 9 9.897866 13 9 9.897866 11600
    691 13 9 9.907908 13 9 9.907908 11600
    692 13 9 9.917930 13 9 9.917930 11600
    693 13 9 9.927868 13 9 9.927868 11600
    694 13 9 9.937919 13 9 9.937919 11600
    695 13 9 9.947936 13 9 9.947936 11600
    696 13 9 9.957922 13 9 9.957922 11600
    697 13 9 9.967857 13 9 9.967857 11600
    698 13 9 9.977866 13 9 9.977866 11600
    699 13 9 9.987933 13 9 9.987933 11600
    700 13 9 9.997866 13 9 9.997866 11600
    701 13 9 10.007858 13 9 10.007858 11600
    702 13 9 10.017837 13 9 10.017837 11600
    703 13 9 10.027924 13 9 10.027924 11600
    704 13 9 10.037931 13 9 10.037931 11600
    705 13 9 10.047950 13 9 10.047950 11600
    706 13 9 10.057907 13 9 10.057907 11600
    707 13 9 10.067990 13 9 10.067990 11600
    708 13 9 10.077887 13 9 10.077887 11600
    709 13 9 10.087927 13 9 10.087927 11600
    710 13 9 10.098871 13 9 10.098871 11600
    711 13 9 10.107924 13 9 10.107924 11600
    712 13 9 10.118067 13 9 10.118067 11600
    713 13 9 10.127845 13 9 10.127845 11600
    714 13 9 10.137918 13 9 10.137918 11600
    715 13 9 10.147926 13 9 10.147926 11600
    716 13 9 10.157925 13 9 10.157925 11600
    717 13 9 10.167873 13 9 10.167873 11600
    718 13 9 10.177863 13 9 10.177863 11600
    719 13 9 10.187856 13 9 10.187856 11600
    720 13 9 10.197889 13 9 10.197889 11600
    721 13 9 10.207883 13 9 10.207883 11600
    722 13 9 10.217867 13 9 10.217867 11600
    723 13 9 10.227940 13 9 10.227940 11600
    724 13 9 10.237982 13 9 10.237982 11600
    725 13 9 10.248386 13 9 10.248386 11600
    726 13 9 10.257984 13 9 10.257984 11600
    727 13 9 10.267929 13 9 10.267929 11600
    728 13 9 10.277884 13 9 10.277884 11600
    729 13 9 10.287964 13 9 10.287964 11600
    730 13 9 10.297879 13 9 10.297879 11600
    731 13 9 10.307855 13 9 10.307855 11600
    732 13 9 10.317923 13 9 10.317923 11600
    733 13 9 10.327920 13 9 10.327920 11600
    734 13 9 10.337859 13 9 10.337859 11600
    735 13 9 10.347927 13 9 10.347927 11600
    736 13 9 10.357856 13 9 10.357856 11600
    737 13 9 10.367862 13 9 10.367862 11600
    738 13 9 10.377890 13 9 10.377890 11600
    739 13 9 10.387869 13 9 10.387869 11600
    740 13 9 10.397868 13 9 10.397868 11600
    741 13 9 10.407859 13 9 10.407859 11600
    742 13 9 10.417873 13 9 10.417873 11600
    743 13 9 10.427799 13 9 10.427799 11600
    744 13 9 10.437872 13 9 10.437872 11600
    745 13 9 10.447962 13 9 10.447962 11600
    746 13 9 10.457886 13 9 10.457886 11600
    747 13 9 10.467912 13 9 10.467912 11600
    748 13 9 10.477866 13 9 10.477866 11600
    749 13 9 10.487921 13 9 10.487921 11600
    750 13 9 10.498034 13 9 10.498034 11600
    751 13 9 10.507894 13 9 10.507894 11600
    752 13 9 10.517967 13 9 10.517967 11600
    753 13 9 10.527895 13 9 10.527895 11600
    754 13 9 10.537888 13 9 10.537888 11600
    755 13 9 10.547862 13 9 10.547862 11600
    756 13 9 10.557961 13 9 10.557961 11600
    757 13 9 10.567965 13 9 10.567965 11600
    758 13 9 10.577887 13 9 10.577887 11600
    759 13 9 10.587868 13 9 10.587868 11600
    760 13 9 10.597860 13 9 10.597860 11600
    761 13 9 10.607860 13 9 10.607860 11600
    762 13 9 10.617864 13 9 10.617864 11600
    763 13 9 10.627839 13 9 10.627839 11600
    764 13 9 10.637968 13 9 10.637968 11600
    765 13 9 10.647994 13 9 10.647994 11600
    766 13 9 10.657935 13 9 10.657935 11600
    767 13 9 10.667844 13 9 10.667844 11600
    768 13 9 10.677918 13 9 10.677918 11600
    769 13 9 10.687917 13 9 10.687917 11600
    770 13 9 10.697791 13 9 10.697791 11600
    771 13 9 10.707848 13 9 10.707848 11600
    772 13 9 10.717917 13 9 10.717917 11600
    773 13 9 10.727923 13 9 10.727923 11600
    774 13 9 10.737918 13 9 10.737918 11600
    775 13 9 10.748006 13 9 10.748006 11600
    776 13 9 10.757984 13 9 10.757984 11600
    777 13 9 10.767870 13 9 10.767870 11600
    778 13 9 10.777910 13 9 10.777910 11600
    779 13 9 10.787858 13 9 10.787858 11600
    780 13 9 10.797869 13 9 10.797869 11600
    781 13 9 10.807880 13 9 10.807880 11600
    782 13 9 10.817873 13 9 10.817873 11600
    783 13 9 10.827895 13 9 10.827895 11600
    784 13 9 10.837944 13 9 10.837944 11600
    785 13 9 10.847974 13 9 10.847974 11600
    786 13 9 10.857932 13 9 10.857932 11600
    787 13 9 10.867927 13 9 10.867927 11600
    788 13 9 10.877893 13 9 10.877893 11600
    789 13 9 10.887923 13 9 10.887923 11600
    790 13 9 10.897900 13 9 10.897900 11600
    791 13 9 10.907918 13 9 10.907918 11600
    792 13 9 10.917984 13 9 10.917984 11600
    793 13 9 10.927906 13 9 10.927906 11600
    794 13 9 10.937936 13 9 10.937936 11600
    795 13 9 10.947924 13 9 10.947924 11600
    796 13 9 10.957936 13 9 10.957936 11600
    797 13 9 10.967857 13 9 10.967857 11600
    798 13 9 10.978054 13 9 10.978054 11600
    799 13 9 10.988141 13 9 10.988141 11600
    800 13 9 10.997866 13 9 10.997866 11600
    801 13 9 11.007858 13 9 11.007858 11600
    802 13 9 11.017860 13 9 11.017860 11600
    803 13 9 11.027858 13 9 11.027858 11600
    804 13 9 11.037924 13 9 11.037924 11600
    805 13 9 11.047966 13 9 11.047966 11600
    806 13 9 11.057945 13 9 11.057945 11600
    807 13 9 11.067978 13 9 11.067978 11600
    808 13 9 11.078094 13 9 11.078094 11600
    809 13 9 11.087942 13 9 11.087942 11600
    810 13 9 11.098601 13 9 11.098601 11600
    811 13 9 11.107858 13 9 11.107858 11600
    812 13 9 11.117969 13 9 11.117969 11600
    813 13 9 11.127928 13 9 11.127928 11600
    814 13 9 11.137918 13 9 11.137918 11600
    815 13 9 11.147961 13 9 11.147961 11600
    816 13 9 11.157928 13 9 11.157928 11600
    817 13 9 11.167929 13 9 11.167929 11600
    818 13 9 11.177929 13 9 11.177929 11600
    819 13 9 11.187856 13 9 11.187856 11600
    820 13 9 11.198176 13 9 11.198176 11600
    821 13 9 11.207857 13 9 11.207857 11600
    822 13 9 11.217871 13 9 11.217871 11600
    823 13 9 11.227954 13 9 11.227954 11600
    824 13 9 11.238511 13 9 11.238511 11600
    825 13 9 11.247849 13 9 11.247849 11600
    826 13 9 11.257884 13 9 11.257884 11600
    827 13 9 11.267908 13 9 11.267908 11600
    828 13 9 11.278000 13 9 11.278000 11600
    829 13 9 11.288506 13 9 11.288506 11600
    830 13 9 11.297886 13 9 11.297886 11600
    831 13 9 11.307869 13 9 11.307869 11600
    832 13 9 11.317933 13 9 11.317933 11600
    833 13 9 11.327859 13 9 11.327859 11600
    834 13 9 11.338069 13 9 11.338069 11600
    835 13 9 11.347922 13 9 11.347922 11600
    836 13 9 11.357996 13 9 11.357996 11600
    837 13 9 11.368311 13 9 11.368311 11600
    838 13 9 11.377952 13 9 11.377952 11600
    839 13 9 11.387930 13 9 11.387930 11600
    840 13 9 11.397890 13 9 11.397890 11600
    841 13 9 11.407856 13 9 11.407856 11600
    842 13 9 11.417863 13 9 11.417863 11600
    843 13 9 11.427858 13 9 11.427858 11600
    844 13 9 11.437934 13 9 11.437934 11600
    845 13 9 11.447927 13 9 11.447927 11600
    846 13 9 11.457928 13 9 11.457928 11600
    847 13 9 11.467914 13 9 11.467914 11600
    848 13 9 11.477847 13 9 11.477847 11600
    849 13 9 11.487892 13 9 11.487892 11600
    850 13 9 11.498163 13 9 11.498163 11600
    851 13 9 11.508689 13 9 11.508689 11600
    852 13 9 11.518197 13 9 11.518197 11600
    853 13 9 11.528200 13 9 11.528200 11600
    854 13 9 11.538090 13 9 11.538090 11600
    855 13 9 11.547964 13 9 11.547964 11600
    856 13 9 11.557890 13 9 11.557890 11600
    857 13 9 11.567920 13 9 11.567920 11600
    858 13 9 11.577966 13 9 11.577966 11600
    859 13 9 11.587880 13 9 11.587880 11600
    860 13 9 11.597974 13 9 11.597974 11600
    861 13 9 11.607858 13 9 11.607858 11600
    862 13 9 11.617865 13 9 11.617865 11600
    863 13 9 11.627855 13 9 11.627855 11600
    864 13 9 11.637983 13 9 11.637983 11600
    865 13 9 11.647937 13 9 11.647937 11600
    866 13 9 11.657921 13 9 11.657921 11600
    867 13 9 11.667923 13 9 11.667923 11600
    868 13 9 11.677925 13 9 11.677925 11600
    869 13 9 11.687870 13 9 11.687870 11600
    870 13 9 11.698945 13 9 11.698945 11600
    871 13 9 11.707926 13 9 11.707926 11600
    872 13 9 11.717924 13 9 11.717924 11600
    873 13 9 11.727854 13 9 11.727854 11600
    874 13 9 11.737939 13 9 11.737939 11600
    875 13 9 11.747863 13 9 11.747863 11600
    876 13 9 11.758015 13 9 11.758015 11600
    877 13 9 11.767970 13 9 11.767970 11600
    878 13 9 11.777953 13 9 11.777953 11600
    879 13 9 11.787895 13 9 11.787895 11600
    880 13 9 11.797871 13 9 11.797871 11600
    881 13 9 11.807885 13 9 11.807885 11600
    882 13 9 11.817883 13 9 11.817883 11600
    883 13 9 11.827877 13 9 11.827877 11600
    884 13 9 11.837972 13 9 11.837972 11600
    885 13 9 11.847927 13 9 11.847927 11600
    886 13 9 11.857924 13 9 11.857924 11600
    887 13 9 11.867931 13 9 11.867931 11600
    888 13 9 11.877878 13 9 11.877878 11600
    889 13 9 11.887862 13 9 11.887862 11600
    890 13 9 11.897973 13 9 11.897973 11600
    891 13 9 11.908601 13 9 11.908601 11600
    892 13 9 11.918050 13 9 11.918050 11600
    893 13 9 11.928397 13 9 11.928397 11600
    894 13 9 11.938002 13 9 11.938002 11600
    895 13 9 11.947805 13 9 11.947805 11600
    896 13 9 11.957853 13 9 11.957853 11600
    897 13 9 11.967855 13 9 11.967855 11600
    898 13 9 11.977921 13 9 11.977921 11600
    899 13 9 11.987959 13 9 11.987959 11600
    900 13 9 11.997868 13 9 11.997868 11600
    901 13 9 12.007856 13 9 12.007856 11600
    902 13 9 12.017872 13 9 12.017872 11600
    903 13 9 12.027858 13 9 12.027858 11600
    904 13 9 12.037902 13 9 12.037902 11600
    905 13 9 12.047921 13 9 12.047921 11600
    906 13 9 12.057935 13 9 12.057935 11600
    907 13 9 12.067932 13 9 12.067932 11600
    908 13 9 12.077887 13 9 12.077887 11600
    909 13 9 12.087903 13 9 12.087903 11600
    910 13 9 12.097920 13 9 12.097920 11600
    911 13 9 12.107924 13 9 12.107924 11600
    912 13 9 12.117945 13 9 12.117945 11600
    913 13 9 12.127871 13 9 12.127871 11600
    914 13 9 12.137923 13 9 12.137923 11600
    915 13 9 12.147923 13 9 12.147923 11600
    916 13 9 12.157873 13 9 12.157873 11600
    917 13 9 12.167925 13 9 12.167925 11600
    918 13 9 12.177866 13 9 12.177866 11600
    919 13 9 12.187856 13 9 12.187856 11600
    920 13 9 12.197888 13 9 12.197888 11600
    921 13 9 12.207862 13 9 12.207862 11600
    922 13 9 12.217864 13 9 12.217864 11600
    923 13 9 12.227881 13 9 12.227881 11600
    924 13 9 12.237902 13 9 12.237902 11600
    925 13 9 12.247951 13 9 12.247951 11600
    926 13 9 12.257934 13 9 12.257934 11600
    927 13 9 12.267934 13 9 12.267934 11600
    928 13 9 12.277926 13 9 12.277926 11600
    929 13 9 12.287857 13 9 12.287857 11600
    930 13 9 12.297826 13 9 12.297826 11600
    931 13 9 12.307881 13 9 12.307881 11600
    932 13 9 12.317866 13 9 12.317866 11600
    933 13 9 12.327918 13 9 12.327918 11600
    934 13 9 12.338295 13 9 12.338295 11600
    935 13 9 12.347886 13 9 12.347886 11600
    936 13 9 12.357931 13 9 12.357931 11600
    937 13 9 12.367862 13 9 12.367862 11600
    938 13 9 12.377893 13 9 12.377893 11600
    939 13 9 12.387859 13 9 12.387859 11600
    940 13 9 12.397890 13 9 12.397890 11600
    941 13 9 12.407857 13 9 12.407857 11600
    942 13 9 12.417863 13 9 12.417863 11600
    943 13 9 12.427858 13 9 12.427858 11600
    944 13 9 12.438233 13 9 12.438233 11600
    945 13 9 12.447981 13 9 12.447981 11600
    946 13 9 12.458064 13 9 12.458064 11600
    947 13 9 12.467924 13 9 12.467924 11600
    948 13 9 12.477928 13 9 12.477928 11600
    949 13 9 12.487859 13 9 12.487859 11600
    950 13 9 12.497920 13 9 12.497920 11600
    951 13 9 12.507939 13 9 12.507939 11600
    952 13 9 12.517970 13 9 12.517970 11600
    953 13 9 12.527903 13 9 12.527903 11600
    954 13 9 12.537919 13 9 12.537919 11600
    955 13 9 12.547924 13 9 12.547924 11600
    956 13 9 12.557893 13 9 12.557893 11600
    957 13 9 12.567925 13 9 12.567925 11600
    958 13 9 12.577863 13 9 12.577863 11600
    959 13 9 12.587879 13 9 12.587879 11600
    960 13 9 12.597932 13 9 12.597932 11600
    961 13 9 12.607860 13 9 12.607860 11600
    962 13 9 12.617864 13 9 12.617864 11600
    963 13 9 12.627893 13 9 12.627893 11600
    964 13 9 12.638597 13 9 12.638597 11600
    965 13 9 12.647968 13 9 12.647968 11600
    966 13 9 12.657940 13 9 12.657940 11600
    967 13 9 12.667923 13 9 12.667923 11600
    968 13 9 12.677927 13 9 12.677927 11600
    969 13 9 12.687856 13 9 12.687856 11600
    970 13 9 12.698055 13 9 12.698055 11600
    971 13 9 12.707972 13 9 12.707972 11600
    972 13 9 12.717971 13 9 12.717971 11600
    973 13 9 12.727935 13 9 12.727935 11600
    974 13 9 12.737918 13 9 12.737918 11600
    975 13 9 12.747908 13 9 12.747908 11600
    976 13 9 12.757939 13 9 12.757939 11600
    977 13 9 12.767927 13 9 12.767927 11600
    978 13 9 12.777857 13 9 12.777857 11600
    979 13 9 12.787858 13 9 12.787858 11600
    980 13 9 12.797841 13 9 12.797841 11600
    981 13 9 12.807859 13 9 12.807859 11600
    982 13 9 12.818182 13 9 12.818182 11600
    983 13 9 12.827882 13 9 12.827882 11600
    984 13 9 12.837837 13 9 12.837837 11600
    985 13 9 12.847977 13 9 12.847977 11600
    986 13 9 12.857894 13 9 12.857894 11600
    987 13 9 12.867922 13 9 12.867922 11600
    988 13 9 12.877926 13 9 12.877926 11600
    989 13 9 12.887857 13 9 12.887857 11600
    990 13 9 12.898049 13 9 12.898049 11600
    991 13 9 12.907918 13 9 12.907918 11600
    992 13 9 12.917932 13 9 12.917932 11600
    993 13 9 12.927861 13 9 12.927861 11600
    994 13 9 12.937979 13 9 12.937979 11600
    995 13 9 12.947929 13 9 12.947929 11600
    996 13 9 12.957931 13 9 12.957931 11600
    997 13 9 12.967938 13 9 12.967938 11600
    998 13 9 12.977857 13 9 12.977857 11600
    999 13 9 12.987859 13 9 12.987859 11600
   1000 13 9 12.997847 13 9 12.997847 11600
