      1 13 14 43.484273 13 14 43.484273 10300
      2 13 14 43.494377 13 14 43.494377 10300
      3 13 14 43.504424 13 14 43.504424 10300
      4 13 14 43.514381 13 14 43.514381 10300
      5 13 14 43.524383 13 14 43.524383 10300
      6 13 14 43.534374 13 14 43.534374 10300
      7 13 14 43.544406 13 14 43.544406 10300
      8 13 14 43.554377 13 14 43.554377 10300
      9 13 14 43.564377 13 14 43.564377 10300
     10 13 14 43.574379 13 14 43.574379 10300
     11 13 14 43.584437 13 14 43.584437 10300
     12 13 14 43.594380 13 14 43.594380 10300
     13 13 14 43.604376 13 14 43.604376 10300
     14 13 14 43.614376 13 14 43.614376 10300
     15 13 14 43.624374 13 14 43.624374 10300
     16 13 14 43.634374 13 14 43.634374 10300
     17 13 14 43.644418 13 14 43.644418 10300
     18 13 14 43.654375 13 14 43.654375 10300
     19 13 14 43.664372 13 14 43.664372 10300
     20 13 14 43.674370 13 14 43.674370 10300
     21 13 14 43.684370 13 14 43.684370 10300
     22 13 14 43.694369 13 14 43.694369 10300
     23 13 14 43.704377 13 14 43.704377 10300
     24 13 14 43.714387 13 14 43.714387 10300
     25 13 14 43.724372 13 14 43.724372 10300
     26 13 14 43.734389 13 14 43.734389 10300
     27 13 14 43.744401 13 14 43.744401 10300
     28 13 14 43.754375 13 14 43.754375 10300
     29 13 14 43.764369 13 14 43.764369 10300
     30 13 14 43.774411 13 14 43.774411 10300
     31 13 14 43.784377 13 14 43.784377 10300
     32 13 14 43.794383 13 14 43.794383 10300
     33 13 14 43.804417 13 14 43.804417 10300
     34 13 14 43.814377 13 14 43.814377 10300
     35 13 14 43.824421 13 14 43.824421 10300
     36 13 14 43.834404 13 14 43.834404 10300
     37 13 14 43.844403 13 14 43.844403 10300
     38 13 14 43.854384 13 14 43.854384 10300
     39 13 14 43.864384 13 14 43.864384 10300
     40 13 14 43.874383 13 14 43.874383 10300
     41 13 14 43.884399 13 14 43.884399 10300
     42 13 14 43.894387 13 14 43.894387 10300
     43 13 14 43.904386 13 14 43.904386 10300
     44 13 14 43.914386 13 14 43.914386 10300
     45 13 14 43.924413 13 14 43.924413 10300
     46 13 14 43.934376 13 14 43.934376 10300
     47 13 14 43.944378 13 14 43.944378 10300
     48 13 14 43.954374 13 14 43.954374 10300
     49 13 14 43.964381 13 14 43.964381 10300
     50 13 14 43.974406 13 14 43.974406 10300
     51 13 14 43.984423 13 14 43.984423 10300
     52 13 14 43.994419 13 14 43.994419 10300
     53 13 14 44.004449 13 14 44.004449 10300
     54 13 14 44.014440 13 14 44.014440 10300
     55 13 14 44.024366 13 14 44.024366 10300
     56 13 14 44.034382 13 14 44.034382 10300
     57 13 14 44.044381 13 14 44.044381 10300
     58 13 14 44.054383 13 14 44.054383 10300
     59 13 14 44.064377 13 14 44.064377 10300
     60 13 14 44.074406 13 14 44.074406 10300
     61 13 14 44.084384 13 14 44.084384 10300
     62 13 14 44.094377 13 14 44.094377 10300
     63 13 14 44.104376 13 14 44.104376 10300
     64 13 14 44.114423 13 14 44.114423 10300
     65 13 14 44.124398 13 14 44.124398 10300
     66 13 14 44.134433 13 14 44.134433 10300
     67 13 14 44.144379 13 14 44.144379 10300
     68 13 14 44.154375 13 14 44.154375 10300
     69 13 14 44.164372 13 14 44.164372 10300
     70 13 14 44.174376 13 14 44.174376 10300
     71 13 14 44.184401 13 14 44.184401 10300
     72 13 14 44.194372 13 14 44.194372 10300
     73 13 14 44.204371 13 14 44.204371 10300
     74 13 14 44.214373 13 14 44.214373 10300
     75 13 14 44.224384 13 14 44.224384 10300
     76 13 14 44.234372 13 14 44.234372 10300
     77 13 14 44.244374 13 14 44.244374 10300
     78 13 14 44.254370 13 14 44.254370 10300
     79 13 14 44.264383 13 14 44.264383 10300
     80 13 14 44.274374 13 14 44.274374 10300
     81 13 14 44.284407 13 14 44.284407 10300
     82 13 14 44.294375 13 14 44.294375 10300
     83 13 14 44.304375 13 14 44.304375 10300
     84 13 14 44.314571 13 14 44.314571 10300
     85 13 14 44.324407 13 14 44.324407 10300
     86 13 14 44.334400 13 14 44.334400 10300
     87 13 14 44.344369 13 14 44.344369 10300
     88 13 14 44.354371 13 14 44.354371 10300
     89 13 14 44.364403 13 14 44.364403 10300
     90 13 14 44.374380 13 14 44.374380 10300
     91 13 14 44.384413 13 14 44.384413 10300
     92 13 14 44.394382 13 14 44.394382 10300
     93 13 14 44.404414 13 14 44.404414 10300
     94 13 14 44.414475 13 14 44.414475 10300
     95 13 14 44.424385 13 14 44.424385 10300
     96 13 14 44.434460 13 14 44.434460 10300
     97 13 14 44.444406 13 14 44.444406 10300
     98 13 14 44.454346 13 14 44.454346 10300
     99 13 14 44.464474 13 14 44.464474 10300
    100 13 14 44.474415 13 14 44.474415 10300
    101 13 14 44.484405 13 14 44.484405 10300
    102 13 14 44.494359 13 14 44.494359 10300
    103 13 14 44.504393 13 14 44.504393 10300
    104 13 14 44.514401 13 14 44.514401 10300
    105 13 14 44.524461 13 14 44.524461 10300
    106 13 14 44.534381 13 14 44.534381 10300
    107 13 14 44.544373 13 14 44.544373 10300
    108 13 14 44.554381 13 14 44.554381 10300
    109 13 14 44.564394 13 14 44.564394 10300
    110 13 14 44.574404 13 14 44.574404 10300
    111 13 14 44.584400 13 14 44.584400 10300
    112 13 14 44.594400 13 14 44.594400 10300
    113 13 14 44.604402 13 14 44.604402 10300
    114 13 14 44.614500 13 14 44.614500 10300
    115 13 14 44.624400 13 14 44.624400 10300
    116 13 14 44.634377 13 14 44.634377 10300
    117 13 14 44.644370 13 14 44.644370 10300
    118 13 14 44.654373 13 14 44.654373 10300
    119 13 14 44.664369 13 14 44.664369 10300
    120 13 14 44.674368 13 14 44.674368 10300
    121 13 14 44.684365 13 14 44.684365 10300
    122 13 14 44.694367 13 14 44.694367 10300
    123 13 14 44.704357 13 14 44.704357 10300
    124 13 14 44.714379 13 14 44.714379 10300
    125 13 14 44.724358 13 14 44.724358 10300
    126 13 14 44.734380 13 14 44.734380 10300
    127 13 14 44.744371 13 14 44.744371 10300
    128 13 14 44.754367 13 14 44.754367 10300
    129 13 14 44.764372 13 14 44.764372 10300
    130 13 14 44.774369 13 14 44.774369 10300
    131 13 14 44.784365 13 14 44.784365 10300
    132 13 14 44.794370 13 14 44.794370 10300
    133 13 14 44.804369 13 14 44.804369 10300
    134 13 14 44.814371 13 14 44.814371 10300
    135 13 14 44.824368 13 14 44.824368 10300
    136 13 14 44.834316 13 14 44.834316 10300
    137 13 14 44.844377 13 14 44.844377 10300
    138 13 14 44.854376 13 14 44.854376 10300
    139 13 14 44.864370 13 14 44.864370 10300
    140 13 14 44.874431 13 14 44.874431 10300
    141 13 14 44.884436 13 14 44.884436 10300
    142 13 14 44.894382 13 14 44.894382 10300
    143 13 14 44.904384 13 14 44.904384 10300
    144 13 14 44.914388 13 14 44.914388 10300
    145 13 14 44.924374 13 14 44.924374 10300
    146 13 14 44.934404 13 14 44.934404 10300
    147 13 14 44.944423 13 14 44.944423 10300
    148 13 14 44.954433 13 14 44.954433 10300
    149 13 14 44.964393 13 14 44.964393 10300
    150 13 14 44.974379 13 14 44.974379 10300
    151 13 14 44.984377 13 14 44.984377 10300
    152 13 14 44.994374 13 14 44.994374 10300
    153 13 14 45.004373 13 14 45.004373 10300
    154 13 14 45.014383 13 14 45.014383 10300
    155 13 14 45.024375 13 14 45.024375 10300
    156 13 14 45.034370 13 14 45.034370 10300
    157 13 14 45.044373 13 14 45.044373 10300
    158 13 14 45.054464 13 14 45.054464 10300
    159 13 14 45.064373 13 14 45.064373 10300
    160 13 14 45.074398 13 14 45.074398 10300
    161 13 14 45.084363 13 14 45.084363 10300
    162 13 14 45.094363 13 14 45.094363 10300
    163 13 14 45.104362 13 14 45.104362 10300
    164 13 14 45.114378 13 14 45.114378 10300
    165 13 14 45.124370 13 14 45.124370 10300
    166 13 14 45.134374 13 14 45.134374 10300
    167 13 14 45.144373 13 14 45.144373 10300
    168 13 14 45.154370 13 14 45.154370 10300
    169 13 14 45.164369 13 14 45.164369 10300
    170 13 14 45.174373 13 14 45.174373 10300
    171 13 14 45.184373 13 14 45.184373 10300
    172 13 14 45.194372 13 14 45.194372 10300
    173 13 14 45.204371 13 14 45.204371 10300
    174 13 14 45.214421 13 14 45.214421 10300
    175 13 14 45.224375 13 14 45.224375 10300
    176 13 14 45.234375 13 14 45.234375 10300
    177 13 14 45.244332 13 14 45.244332 10300
    178 13 14 45.254379 13 14 45.254379 10300
    179 13 14 45.264370 13 14 45.264370 10300
    180 13 14 45.274369 13 14 45.274369 10300
    181 13 14 45.284371 13 14 45.284371 10300
    182 13 14 45.294370 13 14 45.294370 10300
    183 13 14 45.304369 13 14 45.304369 10300
    184 13 14 45.314371 13 14 45.314371 10300
    185 13 14 45.324370 13 14 45.324370 10300
    186 13 14 45.334389 13 14 45.334389 10300
    187 13 14 45.344371 13 14 45.344371 10300
    188 13 14 45.354388 13 14 45.354388 10300
    189 13 14 45.364370 13 14 45.364370 10300
    190 13 14 45.374372 13 14 45.374372 10300
    191 13 14 45.384360 13 14 45.384360 10300
    192 13 14 45.394370 13 14 45.394370 10300
    193 13 14 45.404370 13 14 45.404370 10300
    194 13 14 45.414372 13 14 45.414372 10300
    195 13 14 45.424373 13 14 45.424373 10300
    196 13 14 45.434370 13 14 45.434370 10300
    197 13 14 45.444370 13 14 45.444370 10300
    198 13 14 45.454371 13 14 45.454371 10300
    199 13 14 45.464370 13 14 45.464370 10300
    200 13 14 45.474431 13 14 45.474431 10300
    201 13 14 45.484374 13 14 45.484374 10300
    202 13 14 45.494388 13 14 45.494388 10300
    203 13 14 45.504367 13 14 45.504367 10300
    204 13 14 45.514409 13 14 45.514409 10300
    205 13 14 45.524329 13 14 45.524329 10300
    206 13 14 45.534382 13 14 45.534382 10300
    207 13 14 45.544373 13 14 45.544373 10300
    208 13 14 45.554372 13 14 45.554372 10300
    209 13 14 45.564371 13 14 45.564371 10300
    210 13 14 45.574415 13 14 45.574415 10300
    211 13 14 45.584403 13 14 45.584403 10300
    212 13 14 45.594397 13 14 45.594397 10300
    213 13 14 45.604373 13 14 45.604373 10300
    214 13 14 45.614373 13 14 45.614373 10300
    215 13 14 45.624381 13 14 45.624381 10300
    216 13 14 45.634372 13 14 45.634372 10300
    217 13 14 45.644370 13 14 45.644370 10300
    218 13 14 45.654370 13 14 45.654370 10300
    219 13 14 45.664371 13 14 45.664371 10300
    220 13 14 45.674376 13 14 45.674376 10300
    221 13 14 45.684341 13 14 45.684341 10300
    222 13 14 45.694370 13 14 45.694370 10300
    223 13 14 45.704397 13 14 45.704397 10300
    224 13 14 45.714370 13 14 45.714370 10300
    225 13 14 45.724370 13 14 45.724370 10300
    226 13 14 45.734340 13 14 45.734340 10300
    227 13 14 45.744377 13 14 45.744377 10300
    228 13 14 45.754370 13 14 45.754370 10300
    229 13 14 45.764369 13 14 45.764369 10300
    230 13 14 45.774371 13 14 45.774371 10300
    231 13 14 45.784362 13 14 45.784362 10300
    232 13 14 45.794367 13 14 45.794367 10300
    233 13 14 45.804355 13 14 45.804355 10300
    234 13 14 45.814351 13 14 45.814351 10300
    235 13 14 45.824382 13 14 45.824382 10300
    236 13 14 45.834381 13 14 45.834381 10300
    237 13 14 45.844374 13 14 45.844374 10300
    238 13 14 45.854371 13 14 45.854371 10300
    239 13 14 45.864370 13 14 45.864370 10300
    240 13 14 45.874370 13 14 45.874370 10300
    241 13 14 45.884371 13 14 45.884371 10300
    242 13 14 45.894359 13 14 45.894359 10300
    243 13 14 45.904406 13 14 45.904406 10300
    244 13 14 45.914372 13 14 45.914372 10300
    245 13 14 45.924373 13 14 45.924373 10300
    246 13 14 45.934378 13 14 45.934378 10300
    247 13 14 45.944372 13 14 45.944372 10300
    248 13 14 45.954374 13 14 45.954374 10300
    249 13 14 45.964396 13 14 45.964396 10300
    250 13 14 45.974400 13 14 45.974400 10300
    251 13 14 45.984375 13 14 45.984375 10300
    252 13 14 45.994363 13 14 45.994363 10300
    253 13 14 46.004340 13 14 46.004340 10300
    254 13 14 46.014360 13 14 46.014360 10300
    255 13 14 46.024321 13 14 46.024321 10300
    256 13 14 46.034356 13 14 46.034356 10300
    257 13 14 46.044364 13 14 46.044364 10300
    258 13 14 46.054372 13 14 46.054372 10300
    259 13 14 46.064369 13 14 46.064369 10300
    260 13 14 46.074396 13 14 46.074396 10300
    261 13 14 46.084369 13 14 46.084369 10300
    262 13 14 46.094377 13 14 46.094377 10300
    263 13 14 46.104370 13 14 46.104370 10300
    264 13 14 46.114369 13 14 46.114369 10300
    265 13 14 46.124370 13 14 46.124370 10300
    266 13 14 46.134374 13 14 46.134374 10300
    267 13 14 46.144373 13 14 46.144373 10300
    268 13 14 46.154372 13 14 46.154372 10300
    269 13 14 46.164368 13 14 46.164368 10300
    270 13 14 46.174371 13 14 46.174371 10300
    271 13 14 46.184370 13 14 46.184370 10300
    272 13 14 46.194370 13 14 46.194370 10300
    273 13 14 46.204368 13 14 46.204368 10300
    274 13 14 46.214370 13 14 46.214370 10300
    275 13 14 46.224367 13 14 46.224367 10300
    276 13 14 46.234439 13 14 46.234439 10300
    277 13 14 46.244382 13 14 46.244382 10300
    278 13 14 46.254382 13 14 46.254382 10300
    279 13 14 46.264381 13 14 46.264381 10300
    280 13 14 46.274417 13 14 46.274417 10300
    281 13 14 46.284407 13 14 46.284407 10300
    282 13 14 46.294392 13 14 46.294392 10300
    283 13 14 46.304377 13 14 46.304377 10300
    284 13 14 46.314374 13 14 46.314374 10300
    285 13 14 46.324384 13 14 46.324384 10300
    286 13 14 46.334352 13 14 46.334352 10300
    287 13 14 46.344383 13 14 46.344383 10300
    288 13 14 46.354373 13 14 46.354373 10300
    289 13 14 46.364378 13 14 46.364378 10300
    290 13 14 46.374447 13 14 46.374447 10300
    291 13 14 46.384374 13 14 46.384374 10300
    292 13 14 46.394373 13 14 46.394373 10300
    293 13 14 46.404370 13 14 46.404370 10300
    294 13 14 46.414374 13 14 46.414374 10300
    295 13 14 46.424407 13 14 46.424407 10300
    296 13 14 46.434370 13 14 46.434370 10300
    297 13 14 46.444434 13 14 46.444434 10300
    298 13 14 46.454368 13 14 46.454368 10300
    299 13 14 46.464368 13 14 46.464368 10300
    300 13 14 46.474370 13 14 46.474370 10300
    301 13 14 46.484389 13 14 46.484389 10300
    302 13 14 46.494385 13 14 46.494385 10300
    303 13 14 46.504376 13 14 46.504376 10300
    304 13 14 46.514409 13 14 46.514409 10300
    305 13 14 46.524383 13 14 46.524383 10300
    306 13 14 46.534373 13 14 46.534373 10300
    307 13 14 46.544369 13 14 46.544369 10300
    308 13 14 46.554369 13 14 46.554369 10300
    309 13 14 46.564368 13 14 46.564368 10300
    310 13 14 46.574370 13 14 46.574370 10300
    311 13 14 46.584370 13 14 46.584370 10300
    312 13 14 46.594374 13 14 46.594374 10300
    313 13 14 46.604371 13 14 46.604371 10300
    314 13 14 46.614370 13 14 46.614370 10300
    315 13 14 46.624369 13 14 46.624369 10300
    316 13 14 46.634369 13 14 46.634369 10300
    317 13 14 46.644370 13 14 46.644370 10300
    318 13 14 46.654367 13 14 46.654367 10300
    319 13 14 46.664369 13 14 46.664369 10300
    320 13 14 46.674370 13 14 46.674370 10300
    321 13 14 46.684367 13 14 46.684367 10300
    322 13 14 46.694369 13 14 46.694369 10300
    323 13 14 46.704368 13 14 46.704368 10300
    324 13 14 46.714370 13 14 46.714370 10300
    325 13 14 46.724356 13 14 46.724356 10300
    326 13 14 46.734355 13 14 46.734355 10300
    327 13 14 46.744366 13 14 46.744366 10300
    328 13 14 46.754378 13 14 46.754378 10300
    329 13 14 46.764369 13 14 46.764369 10300
    330 13 14 46.774374 13 14 46.774374 10300
    331 13 14 46.784466 13 14 46.784466 10300
    332 13 14 46.794370 13 14 46.794370 10300
    333 13 14 46.804358 13 14 46.804358 10300
    334 13 14 46.814373 13 14 46.814373 10300
    335 13 14 46.824362 13 14 46.824362 10300
    336 13 14 46.834356 13 14 46.834356 10300
    337 13 14 46.844377 13 14 46.844377 10300
    338 13 14 46.854376 13 14 46.854376 10300
    339 13 14 46.864373 13 14 46.864373 10300
    340 13 14 46.874372 13 14 46.874372 10300
    341 13 14 46.884397 13 14 46.884397 10300
    342 13 14 46.894399 13 14 46.894399 10300
    343 13 14 46.904389 13 14 46.904389 10300
    344 13 14 46.914394 13 14 46.914394 10300
    345 13 14 46.924399 13 14 46.924399 10300
    346 13 14 46.934396 13 14 46.934396 10300
    347 13 14 46.944372 13 14 46.944372 10300
    348 13 14 46.954380 13 14 46.954380 10300
    349 13 14 46.964376 13 14 46.964376 10300
    350 13 14 46.974384 13 14 46.974384 10300
    351 13 14 46.984372 13 14 46.984372 10300
    352 13 14 46.994374 13 14 46.994374 10300
    353 13 14 47.004378 13 14 47.004378 10300
    354 13 14 47.014386 13 14 47.014386 10300
    355 13 14 47.024375 13 14 47.024375 10300
    356 13 14 47.034371 13 14 47.034371 10300
    357 13 14 47.044372 13 14 47.044372 10300
    358 13 14 47.054372 13 14 47.054372 10300
    359 13 14 47.064373 13 14 47.064373 10300
    360 13 14 47.074393 13 14 47.074393 10300
    361 13 14 47.084370 13 14 47.084370 10300
    362 13 14 47.094369 13 14 47.094369 10300
    363 13 14 47.104371 13 14 47.104371 10300
    364 13 14 47.114369 13 14 47.114369 10300
    365 13 14 47.124377 13 14 47.124377 10300
    366 13 14 47.134369 13 14 47.134369 10300
    367 13 14 47.144374 13 14 47.144374 10300
    368 13 14 47.154370 13 14 47.154370 10300
    369 13 14 47.164382 13 14 47.164382 10300
    370 13 14 47.174371 13 14 47.174371 10300
    371 13 14 47.184381 13 14 47.184381 10300
    372 13 14 47.194380 13 14 47.194380 10300
    373 13 14 47.204371 13 14 47.204371 10300
    374 13 14 47.214370 13 14 47.214370 10300
    375 13 14 47.224389 13 14 47.224389 10300
    376 13 14 47.234369 13 14 47.234369 10300
    377 13 14 47.244385 13 14 47.244385 10300
    378 13 14 47.254370 13 14 47.254370 10300
    379 13 14 47.264408 13 14 47.264408 10300
    380 13 14 47.274377 13 14 47.274377 10300
    381 13 14 47.284376 13 14 47.284376 10300
    382 13 14 47.294361 13 14 47.294361 10300
    383 13 14 47.304369 13 14 47.304369 10300
    384 13 14 47.314368 13 14 47.314368 10300
    385 13 14 47.324370 13 14 47.324370 10300
    386 13 14 47.334370 13 14 47.334370 10300
    387 13 14 47.344371 13 14 47.344371 10300
    388 13 14 47.354371 13 14 47.354371 10300
    389 13 14 47.364449 13 14 47.364449 10300
    390 13 14 47.374375 13 14 47.374375 10300
    391 13 14 47.384275 13 14 47.384275 10300
    392 13 14 47.394325 13 14 47.394325 10300
    393 13 14 47.404372 13 14 47.404372 10300
    394 13 14 47.414372 13 14 47.414372 10300
    395 13 14 47.424384 13 14 47.424384 10300
    396 13 14 47.434382 13 14 47.434382 10300
    397 13 14 47.444386 13 14 47.444386 10300
    398 13 14 47.454377 13 14 47.454377 10300
    399 13 14 47.464422 13 14 47.464422 10300
    400 13 14 47.474359 13 14 47.474359 10300
    401 13 14 47.484358 13 14 47.484358 10300
    402 13 14 47.494374 13 14 47.494374 10300
    403 13 14 47.504384 13 14 47.504384 10300
    404 13 14 47.514350 13 14 47.514350 10300
    405 13 14 47.524375 13 14 47.524375 10300
    406 13 14 47.534393 13 14 47.534393 10300
    407 13 14 47.544381 13 14 47.544381 10300
    408 13 14 47.554378 13 14 47.554378 10300
    409 13 14 47.564373 13 14 47.564373 10300
    410 13 14 47.574371 13 14 47.574371 10300
    411 13 14 47.584375 13 14 47.584375 10300
    412 13 14 47.594366 13 14 47.594366 10300
    413 13 14 47.604387 13 14 47.604387 10300
    414 13 14 47.614375 13 14 47.614375 10300
    415 13 14 47.624372 13 14 47.624372 10300
    416 13 14 47.634371 13 14 47.634371 10300
    417 13 14 47.644370 13 14 47.644370 10300
    418 13 14 47.654369 13 14 47.654369 10300
    419 13 14 47.664371 13 14 47.664371 10300
    420 13 14 47.674357 13 14 47.674357 10300
    421 13 14 47.684342 13 14 47.684342 10300
    422 13 14 47.694375 13 14 47.694375 10300
    423 13 14 47.704379 13 14 47.704379 10300
    424 13 14 47.714379 13 14 47.714379 10300
    425 13 14 47.724370 13 14 47.724370 10300
    426 13 14 47.734369 13 14 47.734369 10300
    427 13 14 47.744370 13 14 47.744370 10300
    428 13 14 47.754370 13 14 47.754370 10300
    429 13 14 47.764369 13 14 47.764369 10300
    430 13 14 47.774377 13 14 47.774377 10300
    431 13 14 47.784359 13 14 47.784359 10300
    432 13 14 47.794370 13 14 47.794370 10300
    433 13 14 47.804358 13 14 47.804358 10300
    434 13 14 47.814371 13 14 47.814371 10300
    435 13 14 47.824416 13 14 47.824416 10300
    436 13 14 47.834372 13 14 47.834372 10300
    437 13 14 47.844371 13 14 47.844371 10300
    438 13 14 47.854370 13 14 47.854370 10300
    439 13 14 47.864372 13 14 47.864372 10300
    440 13 14 47.874369 13 14 47.874369 10300
    441 13 14 47.884369 13 14 47.884369 10300
    442 13 14 47.894404 13 14 47.894404 10300
    443 13 14 47.904372 13 14 47.904372 10300
    444 13 14 47.914371 13 14 47.914371 10300
    445 13 14 47.924373 13 14 47.924373 10300
    446 13 14 47.934373 13 14 47.934373 10300
    447 13 14 47.944375 13 14 47.944375 10300
    448 13 14 47.954393 13 14 47.954393 10300
    449 13 14 47.964371 13 14 47.964371 10300
    450 13 14 47.974381 13 14 47.974381 10300
    451 13 14 47.984380 13 14 47.984380 10300
    452 13 14 47.994377 13 14 47.994377 10300
    453 13 14 48.004375 13 14 48.004375 10300
    454 13 14 48.014386 13 14 48.014386 10300
    455 13 14 48.024380 13 14 48.024380 10300
    456 13 14 48.034381 13 14 48.034381 10300
    457 13 14 48.044373 13 14 48.044373 10300
    458 13 14 48.054383 13 14 48.054383 10300
    459 13 14 48.064377 13 14 48.064377 10300
    460 13 14 48.074356 13 14 48.074356 10300
    461 13 14 48.084372 13 14 48.084372 10300
    462 13 14 48.094369 13 14 48.094369 10300
    463 13 14 48.104371 13 14 48.104371 10300
    464 13 14 48.114370 13 14 48.114370 10300
    465 13 14 48.124392 13 14 48.124392 10300
    466 13 14 48.134402 13 14 48.134402 10300
    467 13 14 48.144399 13 14 48.144399 10300
    468 13 14 48.154375 13 14 48.154375 10300
    469 13 14 48.164369 13 14 48.164369 10300
    470 13 14 48.174371 13 14 48.174371 10300
    471 13 14 48.184502 13 14 48.184502 10300
    472 13 14 48.194481 13 14 48.194481 10300
    473 13 14 48.204458 13 14 48.204458 10300
    474 13 14 48.214407 13 14 48.214407 10300
    475 13 14 48.224387 13 14 48.224387 10300
    476 13 14 48.234355 13 14 48.234355 10300
    477 13 14 48.244453 13 14 48.244453 10300
    478 13 14 48.254373 13 14 48.254373 10300
    479 13 14 48.264420 13 14 48.264420 10300
    480 13 14 48.274357 13 14 48.274357 10300
    481 13 14 48.284371 13 14 48.284371 10300
    482 13 14 48.294372 13 14 48.294372 10300
    483 13 14 48.304372 13 14 48.304372 10300
    484 13 14 48.314371 13 14 48.314371 10300
    485 13 14 48.324365 13 14 48.324365 10300
    486 13 14 48.334355 13 14 48.334355 10300
    487 13 14 48.344402 13 14 48.344402 10300
    488 13 14 48.354393 13 14 48.354393 10300
    489 13 14 48.364369 13 14 48.364369 10300
    490 13 14 48.374448 13 14 48.374448 10300
    491 13 14 48.384374 13 14 48.384374 10300
    492 13 14 48.394370 13 14 48.394370 10300
    493 13 14 48.404370 13 14 48.404370 10300
    494 13 14 48.414374 13 14 48.414374 10300
    495 13 14 48.424371 13 14 48.424371 10300
    496 13 14 48.434387 13 14 48.434387 10300
    497 13 14 48.444375 13 14 48.444375 10300
    498 13 14 48.454374 13 14 48.454374 10300
    499 13 14 48.464374 13 14 48.464374 10300
    500 13 14 48.474375 13 14 48.474375 10300
    501 13 14 48.484394 13 14 48.484394 10300
    502 13 14 48.494433 13 14 48.494433 10300
    503 13 14 48.504376 13 14 48.504376 10300
    504 13 14 48.514375 13 14 48.514375 10300
    505 13 14 48.524377 13 14 48.524377 10300
    506 13 14 48.534371 13 14 48.534371 10300
    507 13 14 48.544372 13 14 48.544372 10300
    508 13 14 48.554358 13 14 48.554358 10300
    509 13 14 48.564357 13 14 48.564357 10300
    510 13 14 48.574359 13 14 48.574359 10300
    511 13 14 48.584358 13 14 48.584358 10300
    512 13 14 48.594360 13 14 48.594360 10300
    513 13 14 48.604359 13 14 48.604359 10300
    514 13 14 48.614373 13 14 48.614373 10300
    515 13 14 48.624400 13 14 48.624400 10300
    516 13 14 48.634385 13 14 48.634385 10300
    517 13 14 48.644381 13 14 48.644381 10300
    518 13 14 48.654370 13 14 48.654370 10300
    519 13 14 48.664371 13 14 48.664371 10300
    520 13 14 48.674371 13 14 48.674371 10300
    521 13 14 48.684370 13 14 48.684370 10300
    522 13 14 48.694366 13 14 48.694366 10300
    523 13 14 48.704357 13 14 48.704357 10300
    524 13 14 48.714365 13 14 48.714365 10300
    525 13 14 48.724358 13 14 48.724358 10300
    526 13 14 48.734346 13 14 48.734346 10300
    527 13 14 48.744360 13 14 48.744360 10300
    528 13 14 48.754359 13 14 48.754359 10300
    529 13 14 48.764355 13 14 48.764355 10300
    530 13 14 48.774380 13 14 48.774380 10300
    531 13 14 48.784395 13 14 48.784395 10300
    532 13 14 48.794373 13 14 48.794373 10300
    533 13 14 48.804371 13 14 48.804371 10300
    534 13 14 48.814371 13 14 48.814371 10300
    535 13 14 48.824370 13 14 48.824370 10300
    536 13 14 48.834372 13 14 48.834372 10300
    537 13 14 48.844371 13 14 48.844371 10300
    538 13 14 48.854357 13 14 48.854357 10300
    539 13 14 48.864370 13 14 48.864370 10300
    540 13 14 48.874369 13 14 48.874369 10300
    541 13 14 48.884380 13 14 48.884380 10300
    542 13 14 48.894447 13 14 48.894447 10300
    543 13 14 48.904381 13 14 48.904381 10300
    544 13 14 48.914374 13 14 48.914374 10300
    545 13 14 48.924396 13 14 48.924396 10300
    546 13 14 48.934376 13 14 48.934376 10300
    547 13 14 48.944386 13 14 48.944386 10300
    548 13 14 48.954371 13 14 48.954371 10300
    549 13 14 48.964370 13 14 48.964370 10300
    550 13 14 48.974370 13 14 48.974370 10300
    551 13 14 48.984375 13 14 48.984375 10300
    552 13 14 48.994374 13 14 48.994374 10300
    553 13 14 49.004375 13 14 49.004375 10300
    554 13 14 49.014373 13 14 49.014373 10300
    555 13 14 49.024375 13 14 49.024375 10300
    556 13 14 49.034368 13 14 49.034368 10300
    557 13 14 49.044370 13 14 49.044370 10300
    558 13 14 49.054371 13 14 49.054371 10300
    559 13 14 49.064369 13 14 49.064369 10300
    560 13 14 49.074373 13 14 49.074373 10300
    561 13 14 49.084372 13 14 49.084372 10300
    562 13 14 49.094382 13 14 49.094382 10300
    563 13 14 49.104376 13 14 49.104376 10300
    564 13 14 49.114370 13 14 49.114370 10300
    565 13 14 49.124370 13 14 49.124370 10300
    566 13 14 49.134368 13 14 49.134368 10300
    567 13 14 49.144370 13 14 49.144370 10300
    568 13 14 49.154395 13 14 49.154395 10300
    569 13 14 49.164380 13 14 49.164380 10300
    570 13 14 49.174397 13 14 49.174397 10300
    571 13 14 49.184403 13 14 49.184403 10300
    572 13 14 49.194448 13 14 49.194448 10300
    573 13 14 49.204430 13 14 49.204430 10300
    574 13 14 49.214382 13 14 49.214382 10300
    575 13 14 49.224429 13 14 49.224429 10300
    576 13 14 49.234428 13 14 49.234428 10300
    577 13 14 49.244401 13 14 49.244401 10300
    578 13 14 49.254423 13 14 49.254423 10300
    579 13 14 49.264358 13 14 49.264358 10300
    580 13 14 49.274394 13 14 49.274394 10300
    581 13 14 49.284466 13 14 49.284466 10300
    582 13 14 49.294359 13 14 49.294359 10300
    583 13 14 49.304391 13 14 49.304391 10300
    584 13 14 49.314529 13 14 49.314529 10300
    585 13 14 49.324379 13 14 49.324379 10300
    586 13 14 49.334372 13 14 49.334372 10300
    587 13 14 49.344372 13 14 49.344372 10300
    588 13 14 49.354373 13 14 49.354373 10300
    589 13 14 49.364372 13 14 49.364372 10300
    590 13 14 49.374375 13 14 49.374375 10300
    591 13 14 49.384414 13 14 49.384414 10300
    592 13 14 49.394374 13 14 49.394374 10300
    593 13 14 49.404370 13 14 49.404370 10300
    594 13 14 49.414372 13 14 49.414372 10300
    595 13 14 49.424382 13 14 49.424382 10300
    596 13 14 49.434395 13 14 49.434395 10300
    597 13 14 49.444374 13 14 49.444374 10300
    598 13 14 49.454374 13 14 49.454374 10300
    599 13 14 49.464373 13 14 49.464373 10300
    600 13 14 49.474324 13 14 49.474324 10300
    601 13 14 49.484383 13 14 49.484383 10300
    602 13 14 49.494560 13 14 49.494560 10300
    603 13 14 49.504389 13 14 49.504389 10300
    604 13 14 49.514339 13 14 49.514339 10300
    605 13 14 49.524414 13 14 49.524414 10300
    606 13 14 49.534373 13 14 49.534373 10300
    607 13 14 49.544372 13 14 49.544372 10300
    608 13 14 49.554369 13 14 49.554369 10300
    609 13 14 49.564369 13 14 49.564369 10300
    610 13 14 49.574370 13 14 49.574370 10300
    611 13 14 49.584372 13 14 49.584372 10300
    612 13 14 49.594371 13 14 49.594371 10300
    613 13 14 49.604371 13 14 49.604371 10300
    614 13 14 49.614370 13 14 49.614370 10300
    615 13 14 49.624370 13 14 49.624370 10300
    616 13 14 49.634394 13 14 49.634394 10300
    617 13 14 49.644373 13 14 49.644373 10300
    618 13 14 49.654370 13 14 49.654370 10300
    619 13 14 49.664369 13 14 49.664369 10300
    620 13 14 49.674371 13 14 49.674371 10300
    621 13 14 49.684356 13 14 49.684356 10300
    622 13 14 49.694361 13 14 49.694361 10300
    623 13 14 49.704357 13 14 49.704357 10300
    624 13 14 49.714371 13 14 49.714371 10300
    625 13 14 49.724372 13 14 49.724372 10300
    626 13 14 49.734357 13 14 49.734357 10300
    627 13 14 49.744371 13 14 49.744371 10300
    628 13 14 49.754358 13 14 49.754358 10300
    629 13 14 49.764360 13 14 49.764360 10300
    630 13 14 49.774371 13 14 49.774371 10300
    631 13 14 49.784377 13 14 49.784377 10300
    632 13 14 49.794359 13 14 49.794359 10300
    633 13 14 49.804408 13 14 49.804408 10300
    634 13 14 49.814385 13 14 49.814385 10300
    635 13 14 49.824373 13 14 49.824373 10300
    636 13 14 49.834372 13 14 49.834372 10300
    637 13 14 49.844372 13 14 49.844372 10300
    638 13 14 49.854371 13 14 49.854371 10300
    639 13 14 49.864370 13 14 49.864370 10300
    640 13 14 49.874372 13 14 49.874372 10300
    641 13 14 49.884371 13 14 49.884371 10300
    642 13 14 49.894381 13 14 49.894381 10300
    643 13 14 49.904370 13 14 49.904370 10300
    644 13 14 49.914374 13 14 49.914374 10300
    645 13 14 49.924373 13 14 49.924373 10300
    646 13 14 49.934378 13 14 49.934378 10300
    647 13 14 49.944378 13 14 49.944378 10300
    648 13 14 49.954405 13 14 49.954405 10300
    649 13 14 49.964373 13 14 49.964373 10300
    650 13 14 49.974372 13 14 49.974372 10300
    651 13 14 49.984377 13 14 49.984377 10300
    652 13 14 49.994376 13 14 49.994376 10300
    653 13 14 50.004340 13 14 50.004340 10300
    654 13 14 50.014335 13 14 50.014335 10300
    655 13 14 50.024391 13 14 50.024391 10300
    656 13 14 50.034376 13 14 50.034376 10300
    657 13 14 50.044372 13 14 50.044372 10300
    658 13 14 50.054369 13 14 50.054369 10300
    659 13 14 50.064371 13 14 50.064371 10300
    660 13 14 50.074402 13 14 50.074402 10300
    661 13 14 50.084372 13 14 50.084372 10300
    662 13 14 50.094369 13 14 50.094369 10300
    663 13 14 50.104371 13 14 50.104371 10300
    664 13 14 50.114370 13 14 50.114370 10300
    665 13 14 50.124370 13 14 50.124370 10300
    666 13 14 50.134371 13 14 50.134371 10300
    667 13 14 50.144371 13 14 50.144371 10300
    668 13 14 50.154376 13 14 50.154376 10300
    669 13 14 50.164380 13 14 50.164380 10300
    670 13 14 50.174371 13 14 50.174371 10300
    671 13 14 50.184376 13 14 50.184376 10300
    672 13 14 50.194369 13 14 50.194369 10300
    673 13 14 50.204371 13 14 50.204371 10300
    674 13 14 50.214370 13 14 50.214370 10300
    675 13 14 50.224358 13 14 50.224358 10300
    676 13 14 50.234344 13 14 50.234344 10300
    677 13 14 50.244362 13 14 50.244362 10300
    678 13 14 50.254364 13 14 50.254364 10300
    679 13 14 50.264372 13 14 50.264372 10300
    680 13 14 50.274369 13 14 50.274369 10300
    681 13 14 50.284360 13 14 50.284360 10300
    682 13 14 50.294370 13 14 50.294370 10300
    683 13 14 50.304360 13 14 50.304360 10300
    684 13 14 50.314371 13 14 50.314371 10300
    685 13 14 50.324370 13 14 50.324370 10300
    686 13 14 50.334358 13 14 50.334358 10300
    687 13 14 50.344369 13 14 50.344369 10300
    688 13 14 50.354373 13 14 50.354373 10300
    689 13 14 50.364358 13 14 50.364358 10300
    690 13 14 50.374375 13 14 50.374375 10300
    691 13 14 50.384374 13 14 50.384374 10300
    692 13 14 50.394373 13 14 50.394373 10300
    693 13 14 50.404376 13 14 50.404376 10300
    694 13 14 50.414372 13 14 50.414372 10300
    695 13 14 50.424371 13 14 50.424371 10300
    696 13 14 50.434370 13 14 50.434370 10300
    697 13 14 50.444375 13 14 50.444375 10300
    698 13 14 50.454413 13 14 50.454413 10300
    699 13 14 50.464368 13 14 50.464368 10300
    700 13 14 50.474372 13 14 50.474372 10300
    701 13 14 50.484375 13 14 50.484375 10300
    702 13 14 50.494374 13 14 50.494374 10300
    703 13 14 50.504376 13 14 50.504376 10300
    704 13 14 50.514378 13 14 50.514378 10300
    705 13 14 50.524377 13 14 50.524377 10300
    706 13 14 50.534374 13 14 50.534374 10300
    707 13 14 50.544316 13 14 50.544316 10300
    708 13 14 50.554381 13 14 50.554381 10300
    709 13 14 50.564369 13 14 50.564369 10300
    710 13 14 50.574371 13 14 50.574371 10300
    711 13 14 50.584373 13 14 50.584373 10300
    712 13 14 50.594371 13 14 50.594371 10300
    713 13 14 50.604396 13 14 50.604396 10300
    714 13 14 50.614395 13 14 50.614395 10300
    715 13 14 50.624375 13 14 50.624375 10300
    716 13 14 50.634374 13 14 50.634374 10300
    717 13 14 50.644373 13 14 50.644373 10300
    718 13 14 50.654372 13 14 50.654372 10300
    719 13 14 50.664369 13 14 50.664369 10300
    720 13 14 50.674371 13 14 50.674371 10300
    721 13 14 50.684370 13 14 50.684370 10300
    722 13 14 50.694370 13 14 50.694370 10300
    723 13 14 50.704369 13 14 50.704369 10300
    724 13 14 50.714368 13 14 50.714368 10300
    725 13 14 50.724372 13 14 50.724372 10300
    726 13 14 50.734371 13 14 50.734371 10300
    727 13 14 50.744370 13 14 50.744370 10300
    728 13 14 50.754370 13 14 50.754370 10300
    729 13 14 50.764369 13 14 50.764369 10300
    730 13 14 50.774371 13 14 50.774371 10300
    731 13 14 50.784374 13 14 50.784374 10300
    732 13 14 50.794370 13 14 50.794370 10300
    733 13 14 50.804371 13 14 50.804371 10300
    734 13 14 50.814371 13 14 50.814371 10300
    735 13 14 50.824376 13 14 50.824376 10300
    736 13 14 50.834369 13 14 50.834369 10300
    737 13 14 50.844374 13 14 50.844374 10300
    738 13 14 50.854371 13 14 50.854371 10300
    739 13 14 50.864370 13 14 50.864370 10300
    740 13 14 50.874372 13 14 50.874372 10300
    741 13 14 50.884372 13 14 50.884372 10300
    742 13 14 50.894373 13 14 50.894373 10300
    743 13 14 50.904370 13 14 50.904370 10300
    744 13 14 50.914374 13 14 50.914374 10300
    745 13 14 50.924374 13 14 50.924374 10300
    746 13 14 50.934373 13 14 50.934373 10300
    747 13 14 50.944468 13 14 50.944468 10300
    748 13 14 50.954397 13 14 50.954397 10300
    749 13 14 50.964396 13 14 50.964396 10300
    750 13 14 50.974401 13 14 50.974401 10300
    751 13 14 50.984383 13 14 50.984383 10300
    752 13 14 50.994382 13 14 50.994382 10300
    753 13 14 51.004368 13 14 51.004368 10300
    754 13 14 51.014406 13 14 51.014406 10300
    755 13 14 51.024399 13 14 51.024399 10300
    756 13 14 51.034514 13 14 51.034514 10300
    757 13 14 51.044373 13 14 51.044373 10300
    758 13 14 51.054383 13 14 51.054383 10300
    759 13 14 51.064433 13 14 51.064433 10300
    760 13 14 51.074385 13 14 51.074385 10300
    761 13 14 51.084390 13 14 51.084390 10300
    762 13 14 51.094459 13 14 51.094459 10300
    763 13 14 51.104365 13 14 51.104365 10300
    764 13 14 51.114367 13 14 51.114367 10300
    765 13 14 51.124363 13 14 51.124363 10300
    766 13 14 51.134404 13 14 51.134404 10300
    767 13 14 51.144450 13 14 51.144450 10300
    768 13 14 51.154361 13 14 51.154361 10300
    769 13 14 51.164382 13 14 51.164382 10300
    770 13 14 51.174404 13 14 51.174404 10300
    771 13 14 51.184372 13 14 51.184372 10300
    772 13 14 51.194406 13 14 51.194406 10300
    773 13 14 51.204358 13 14 51.204358 10300
    774 13 14 51.214373 13 14 51.214373 10300
    775 13 14 51.224356 13 14 51.224356 10300
    776 13 14 51.234447 13 14 51.234447 10300
    777 13 14 51.244362 13 14 51.244362 10300
    778 13 14 51.254418 13 14 51.254418 10300
    779 13 14 51.264363 13 14 51.264363 10300
    780 13 14 51.274369 13 14 51.274369 10300
    781 13 14 51.284357 13 14 51.284357 10300
    782 13 14 51.294359 13 14 51.294359 10300
    783 13 14 51.304363 13 14 51.304363 10300
    784 13 14 51.314360 13 14 51.314360 10300
    785 13 14 51.324362 13 14 51.324362 10300
    786 13 14 51.334358 13 14 51.334358 10300
    787 13 14 51.344360 13 14 51.344360 10300
    788 13 14 51.354371 13 14 51.354371 10300
    789 13 14 51.364372 13 14 51.364372 10300
    790 13 14 51.374341 13 14 51.374341 10300
    791 13 14 51.384404 13 14 51.384404 10300
    792 13 14 51.394374 13 14 51.394374 10300
    793 13 14 51.404370 13 14 51.404370 10300
    794 13 14 51.414427 13 14 51.414427 10300
    795 13 14 51.424373 13 14 51.424373 10300
    796 13 14 51.434373 13 14 51.434373 10300
    797 13 14 51.444381 13 14 51.444381 10300
    798 13 14 51.454371 13 14 51.454371 10300
    799 13 14 51.464376 13 14 51.464376 10300
    800 13 14 51.474373 13 14 51.474373 10300
    801 13 14 51.484374 13 14 51.484374 10300
    802 13 14 51.494376 13 14 51.494376 10300
    803 13 14 51.504314 13 14 51.504314 10300
    804 13 14 51.514378 13 14 51.514378 10300
    805 13 14 51.524377 13 14 51.524377 10300
    806 13 14 51.534393 13 14 51.534393 10300
    807 13 14 51.544395 13 14 51.544395 10300
    808 13 14 51.554377 13 14 51.554377 10300
    809 13 14 51.564373 13 14 51.564373 10300
    810 13 14 51.574376 13 14 51.574376 10300
    811 13 14 51.584392 13 14 51.584392 10300
    812 13 14 51.594374 13 14 51.594374 10300
    813 13 14 51.604374 13 14 51.604374 10300
    814 13 14 51.614364 13 14 51.614364 10300
    815 13 14 51.624374 13 14 51.624374 10300
    816 13 14 51.634374 13 14 51.634374 10300
    817 13 14 51.644396 13 14 51.644396 10300
    818 13 14 51.654375 13 14 51.654375 10300
    819 13 14 51.664385 13 14 51.664385 10300
    820 13 14 51.674373 13 14 51.674373 10300
    821 13 14 51.684373 13 14 51.684373 10300
    822 13 14 51.694372 13 14 51.694372 10300
    823 13 14 51.704368 13 14 51.704368 10300
    824 13 14 51.714371 13 14 51.714371 10300
    825 13 14 51.724372 13 14 51.724372 10300
    826 13 14 51.734383 13 14 51.734383 10300
    827 13 14 51.744357 13 14 51.744357 10300
    828 13 14 51.754353 13 14 51.754353 10300
    829 13 14 51.764355 13 14 51.764355 10300
    830 13 14 51.774382 13 14 51.774382 10300
    831 13 14 51.784374 13 14 51.784374 10300
    832 13 14 51.794392 13 14 51.794392 10300
    833 13 14 51.804377 13 14 51.804377 10300
    834 13 14 51.814376 13 14 51.814376 10300
    835 13 14 51.824357 13 14 51.824357 10300
    836 13 14 51.834397 13 14 51.834397 10300
    837 13 14 51.844374 13 14 51.844374 10300
    838 13 14 51.854377 13 14 51.854377 10300
    839 13 14 51.864373 13 14 51.864373 10300
    840 13 14 51.874395 13 14 51.874395 10300
    841 13 14 51.884372 13 14 51.884372 10300
    842 13 14 51.894437 13 14 51.894437 10300
    843 13 14 51.904381 13 14 51.904381 10300
    844 13 14 51.914372 13 14 51.914372 10300
    845 13 14 51.924374 13 14 51.924374 10300
    846 13 14 51.934378 13 14 51.934378 10300
    847 13 14 51.944374 13 14 51.944374 10300
    848 13 14 51.954386 13 14 51.954386 10300
    849 13 14 51.964424 13 14 51.964424 10300
    850 13 14 51.974390 13 14 51.974390 10300
    851 13 14 51.984397 13 14 51.984397 10300
    852 13 14 51.994382 13 14 51.994382 10300
    853 13 14 52.004379 13 14 52.004379 10300
    854 13 14 52.014350 13 14 52.014350 10300
    855 13 14 52.024487 13 14 52.024487 10300
    856 13 14 52.034379 13 14 52.034379 10300
    857 13 14 52.044370 13 14 52.044370 10300
    858 13 14 52.054406 13 14 52.054406 10300
    859 13 14 52.064369 13 14 52.064369 10300
    860 13 14 52.074370 13 14 52.074370 10300
    861 13 14 52.084451 13 14 52.084451 10300
    862 13 14 52.094372 13 14 52.094372 10300
    863 13 14 52.104398 13 14 52.104398 10300
    864 13 14 52.114370 13 14 52.114370 10300
    865 13 14 52.124370 13 14 52.124370 10300
    866 13 14 52.134371 13 14 52.134371 10300
    867 13 14 52.144373 13 14 52.144373 10300
    868 13 14 52.154372 13 14 52.154372 10300
    869 13 14 52.164369 13 14 52.164369 10300
    870 13 14 52.174376 13 14 52.174376 10300
    871 13 14 52.184373 13 14 52.184373 10300
    872 13 14 52.194370 13 14 52.194370 10300
    873 13 14 52.204380 13 14 52.204380 10300
    874 13 14 52.214374 13 14 52.214374 10300
    875 13 14 52.224378 13 14 52.224378 10300
    876 13 14 52.234569 13 14 52.234569 10300
    877 13 14 52.244371 13 14 52.244371 10300
    878 13 14 52.254395 13 14 52.254395 10300
    879 13 14 52.264370 13 14 52.264370 10300
    880 13 14 52.274357 13 14 52.274357 10300
    881 13 14 52.284360 13 14 52.284360 10300
    882 13 14 52.294373 13 14 52.294373 10300
    883 13 14 52.304372 13 14 52.304372 10300
    884 13 14 52.314391 13 14 52.314391 10300
    885 13 14 52.324609 13 14 52.324609 10300
    886 13 14 52.334375 13 14 52.334375 10300
    887 13 14 52.344358 13 14 52.344358 10300
    888 13 14 52.354348 13 14 52.354348 10300
    889 13 14 52.364396 13 14 52.364396 10300
    890 13 14 52.374459 13 14 52.374459 10300
    891 13 14 52.384396 13 14 52.384396 10300
    892 13 14 52.394378 13 14 52.394378 10300
    893 13 14 52.404417 13 14 52.404417 10300
    894 13 14 52.414400 13 14 52.414400 10300
    895 13 14 52.424373 13 14 52.424373 10300
    896 13 14 52.434370 13 14 52.434370 10300
    897 13 14 52.444370 13 14 52.444370 10300
    898 13 14 52.454371 13 14 52.454371 10300
    899 13 14 52.464370 13 14 52.464370 10300
    900 13 14 52.474370 13 14 52.474370 10300
    901 13 14 52.484375 13 14 52.484375 10300
    902 13 14 52.494374 13 14 52.494374 10300
    903 13 14 52.504375 13 14 52.504375 10300
    904 13 14 52.514372 13 14 52.514372 10300
    905 13 14 52.524377 13 14 52.524377 10300
    906 13 14 52.534371 13 14 52.534371 10300
    907 13 14 52.544375 13 14 52.544375 10300
    908 13 14 52.554371 13 14 52.554371 10300
    909 13 14 52.564368 13 14 52.564368 10300
    910 13 14 52.574376 13 14 52.574376 10300
    911 13 14 52.584375 13 14 52.584375 10300
    912 13 14 52.594396 13 14 52.594396 10300
    913 13 14 52.604377 13 14 52.604377 10300
    914 13 14 52.614373 13 14 52.614373 10300
    915 13 14 52.624395 13 14 52.624395 10300
    916 13 14 52.634377 13 14 52.634377 10300
    917 13 14 52.644382 13 14 52.644382 10300
    918 13 14 52.654373 13 14 52.654373 10300
    919 13 14 52.664380 13 14 52.664380 10300
    920 13 14 52.674373 13 14 52.674373 10300
    921 13 14 52.684387 13 14 52.684387 10300
    922 13 14 52.694372 13 14 52.694372 10300
    923 13 14 52.704372 13 14 52.704372 10300
    924 13 14 52.714373 13 14 52.714373 10300
    925 13 14 52.724375 13 14 52.724375 10300
    926 13 14 52.734315 13 14 52.734315 10300
    927 13 14 52.744363 13 14 52.744363 10300
    928 13 14 52.754372 13 14 52.754372 10300
    929 13 14 52.764400 13 14 52.764400 10300
    930 13 14 52.774416 13 14 52.774416 10300
    931 13 14 52.784373 13 14 52.784373 10300
    932 13 14 52.794384 13 14 52.794384 10300
    933 13 14 52.804358 13 14 52.804358 10300
    934 13 14 52.814379 13 14 52.814379 10300
    935 13 14 52.824370 13 14 52.824370 10300
    936 13 14 52.834369 13 14 52.834369 10300
    937 13 14 52.844369 13 14 52.844369 10300
    938 13 14 52.854380 13 14 52.854380 10300
    939 13 14 52.864376 13 14 52.864376 10300
    940 13 14 52.874423 13 14 52.874423 10300
    941 13 14 52.884379 13 14 52.884379 10300
    942 13 14 52.894379 13 14 52.894379 10300
    943 13 14 52.904389 13 14 52.904389 10300
    944 13 14 52.914434 13 14 52.914434 10300
    945 13 14 52.924374 13 14 52.924374 10300
    946 13 14 52.934420 13 14 52.934420 10300
    947 13 14 52.944395 13 14 52.944395 10300
    948 13 14 52.954388 13 14 52.954388 10300
    949 13 14 52.964466 13 14 52.964466 10300
    950 13 14 52.974375 13 14 52.974375 10300
    951 13 14 52.984380 13 14 52.984380 10300
    952 13 14 52.994357 13 14 52.994357 10300
    953 13 14 53.004406 13 14 53.004406 10300
    954 13 14 53.014328 13 14 53.014328 10300
    955 13 14 53.024420 13 14 53.024420 10300
    956 13 14 53.034371 13 14 53.034371 10300
    957 13 14 53.044367 13 14 53.044367 10300
    958 13 14 53.054363 13 14 53.054363 10300
    959 13 14 53.064382 13 14 53.064382 10300
    960 13 14 53.074468 13 14 53.074468 10300
    961 13 14 53.084372 13 14 53.084372 10300
    962 13 14 53.094375 13 14 53.094375 10300
    963 13 14 53.104371 13 14 53.104371 10300
    964 13 14 53.114392 13 14 53.114392 10300
    965 13 14 53.124386 13 14 53.124386 10300
    966 13 14 53.134388 13 14 53.134388 10300
    967 13 14 53.144370 13 14 53.144370 10300
    968 13 14 53.154411 13 14 53.154411 10300
    969 13 14 53.164473 13 14 53.164473 10300
    970 13 14 53.174371 13 14 53.174371 10300
    971 13 14 53.184387 13 14 53.184387 10300
    972 13 14 53.194369 13 14 53.194369 10300
    973 13 14 53.204371 13 14 53.204371 10300
    974 13 14 53.214370 13 14 53.214370 10300
    975 13 14 53.224370 13 14 53.224370 10300
    976 13 14 53.234369 13 14 53.234369 10300
    977 13 14 53.244368 13 14 53.244368 10300
    978 13 14 53.254370 13 14 53.254370 10300
    979 13 14 53.264369 13 14 53.264369 10300
    980 13 14 53.274369 13 14 53.274369 10300
    981 13 14 53.284387 13 14 53.284387 10300
    982 13 14 53.294375 13 14 53.294375 10300
    983 13 14 53.304371 13 14 53.304371 10300
    984 13 14 53.314379 13 14 53.314379 10300
    985 13 14 53.324371 13 14 53.324371 10300
    986 13 14 53.334372 13 14 53.334372 10300
    987 13 14 53.344357 13 14 53.344357 10300
    988 13 14 53.354356 13 14 53.354356 10300
    989 13 14 53.364356 13 14 53.364356 10300
    990 13 14 53.374405 13 14 53.374405 10300
    991 13 14 53.384377 13 14 53.384377 10300
    992 13 14 53.394398 13 14 53.394398 10300
    993 13 14 53.404375 13 14 53.404375 10300
    994 13 14 53.414372 13 14 53.414372 10300
    995 13 14 53.424373 13 14 53.424373 10300
    996 13 14 53.434370 13 14 53.434370 10300
    997 13 14 53.444372 13 14 53.444372 10300
    998 13 14 53.454372 13 14 53.454372 10300
    999 13 14 53.464373 13 14 53.464373 10300
   1000 13 14 53.474370 13 14 53.474370 10300
