      1 13 14 7.062946 13 14 7.062946 10000
      2 13 14 7.073032 13 14 7.073032 10000
      3 13 14 7.083037 13 14 7.083037 10000
      4 13 14 7.093033 13 14 7.093033 10000
      5 13 14 7.103042 13 14 7.103042 10000
      6 13 14 7.113044 13 14 7.113044 10000
      7 13 14 7.123039 13 14 7.123039 10000
      8 13 14 7.133048 13 14 7.133048 10000
      9 13 14 7.143046 13 14 7.143046 10000
     10 13 14 7.153045 13 14 7.153045 10000
     11 13 14 7.163045 13 14 7.163045 10000
     12 13 14 7.173028 13 14 7.173028 10000
     13 13 14 7.183042 13 14 7.183042 10000
     14 13 14 7.193024 13 14 7.193024 10000
     15 13 14 7.203047 13 14 7.203047 10000
     16 13 14 7.213044 13 14 7.213044 10000
     17 13 14 7.223043 13 14 7.223043 10000
     18 13 14 7.233069 13 14 7.233069 10000
     19 13 14 7.243043 13 14 7.243043 10000
     20 13 14 7.253044 13 14 7.253044 10000
     21 13 14 7.263043 13 14 7.263043 10000
     22 13 14 7.273043 13 14 7.273043 10000
     23 13 14 7.283044 13 14 7.283044 10000
     24 13 14 7.293042 13 14 7.293042 10000
     25 13 14 7.303054 13 14 7.303054 10000
     26 13 14 7.313044 13 14 7.313044 10000
     27 13 14 7.323044 13 14 7.323044 10000
     28 13 14 7.333069 13 14 7.333069 10000
     29 13 14 7.343068 13 14 7.343068 10000
     30 13 14 7.353074 13 14 7.353074 10000
     31 13 14 7.363050 13 14 7.363050 10000
     32 13 14 7.373057 13 14 7.373057 10000
     33 13 14 7.383092 13 14 7.383092 10000
     34 13 14 7.393069 13 14 7.393069 10000
     35 13 14 7.403065 13 14 7.403065 10000
     36 13 14 7.413058 13 14 7.413058 10000
     37 13 14 7.423045 13 14 7.423045 10000
     38 13 14 7.433044 13 14 7.433044 10000
     39 13 14 7.443050 13 14 7.443050 10000
     40 13 14 7.453065 13 14 7.453065 10000
     41 13 14 7.463060 13 14 7.463060 10000
     42 13 14 7.473042 13 14 7.473042 10000
     43 13 14 7.483037 13 14 7.483037 10000
     44 13 14 7.493055 13 14 7.493055 10000
     45 13 14 7.503054 13 14 7.503054 10000
     46 13 14 7.513048 13 14 7.513048 10000
     47 13 14 7.523054 13 14 7.523054 10000
     48 13 14 7.533057 13 14 7.533057 10000
     49 13 14 7.543063 13 14 7.543063 10000
     50 13 14 7.553064 13 14 7.553064 10000
     51 13 14 7.563048 13 14 7.563048 10000
     52 13 14 7.573069 13 14 7.573069 10000
     53 13 14 7.583034 13 14 7.583034 10000
     54 13 14 7.593062 13 14 7.593062 10000
     55 13 14 7.603065 13 14 7.603065 10000
     56 13 14 7.613030 13 14 7.613030 10000
     57 13 14 7.623039 13 14 7.623039 10000
     58 13 14 7.633029 13 14 7.633029 10000
     59 13 14 7.643067 13 14 7.643067 10000
     60 13 14 7.653031 13 14 7.653031 10000
     61 13 14 7.663037 13 14 7.663037 10000
     62 13 14 7.673028 13 14 7.673028 10000
     63 13 14 7.683030 13 14 7.683030 10000
     64 13 14 7.693030 13 14 7.693030 10000
     65 13 14 7.703045 13 14 7.703045 10000
     66 13 14 7.713117 13 14 7.713117 10000
     67 13 14 7.723030 13 14 7.723030 10000
     68 13 14 7.733031 13 14 7.733031 10000
     69 13 14 7.743030 13 14 7.743030 10000
     70 13 14 7.753052 13 14 7.753052 10000
     71 13 14 7.763042 13 14 7.763042 10000
     72 13 14 7.773043 13 14 7.773043 10000
     73 13 14 7.783048 13 14 7.783048 10000
     74 13 14 7.793050 13 14 7.793050 10000
     75 13 14 7.803043 13 14 7.803043 10000
     76 13 14 7.813051 13 14 7.813051 10000
     77 13 14 7.823044 13 14 7.823044 10000
     78 13 14 7.833045 13 14 7.833045 10000
     79 13 14 7.843047 13 14 7.843047 10000
     80 13 14 7.853044 13 14 7.853044 10000
     81 13 14 7.863068 13 14 7.863068 10000
     82 13 14 7.873040 13 14 7.873040 10000
     83 13 14 7.883045 13 14 7.883045 10000
     84 13 14 7.893049 13 14 7.893049 10000
     85 13 14 7.903044 13 14 7.903044 10000
     86 13 14 7.913044 13 14 7.913044 10000
     87 13 14 7.923045 13 14 7.923045 10000
     88 13 14 7.933042 13 14 7.933042 10000
     89 13 14 7.943044 13 14 7.943044 10000
     90 13 14 7.953044 13 14 7.953044 10000
     91 13 14 7.963042 13 14 7.963042 10000
     92 13 14 7.973043 13 14 7.973043 10000
     93 13 14 7.983005 13 14 7.983005 10000
     94 13 14 7.993083 13 14 7.993083 10000
     95 13 14 8.003045 13 14 8.003045 10000
     96 13 14 8.013054 13 14 8.013054 10000
     97 13 14 8.023030 13 14 8.023030 10000
     98 13 14 8.033072 13 14 8.033072 10000
     99 13 14 8.043158 13 14 8.043158 10000
    100 13 14 8.053043 13 14 8.053043 10000
    101 13 14 8.063045 13 14 8.063045 10000
    102 13 14 8.073050 13 14 8.073050 10000
    103 13 14 8.083047 13 14 8.083047 10000
    104 13 14 8.093047 13 14 8.093047 10000
    105 13 14 8.103042 13 14 8.103042 10000
    106 13 14 8.113046 13 14 8.113046 10000
    107 13 14 8.123032 13 14 8.123032 10000
    108 13 14 8.133039 13 14 8.133039 10000
    109 13 14 8.142996 13 14 8.142996 10000
    110 13 14 8.153078 13 14 8.153078 10000
    111 13 14 8.163035 13 14 8.163035 10000
    112 13 14 8.173047 13 14 8.173047 10000
    113 13 14 8.183061 13 14 8.183061 10000
    114 13 14 8.193139 13 14 8.193139 10000
    115 13 14 8.202991 13 14 8.202991 10000
    116 13 14 8.213043 13 14 8.213043 10000
    117 13 14 8.223036 13 14 8.223036 10000
    118 13 14 8.233043 13 14 8.233043 10000
    119 13 14 8.243043 13 14 8.243043 10000
    120 13 14 8.253054 13 14 8.253054 10000
    121 13 14 8.263042 13 14 8.263042 10000
    122 13 14 8.273044 13 14 8.273044 10000
    123 13 14 8.283046 13 14 8.283046 10000
    124 13 14 8.293044 13 14 8.293044 10000
    125 13 14 8.303043 13 14 8.303043 10000
    126 13 14 8.313053 13 14 8.313053 10000
    127 13 14 8.323069 13 14 8.323069 10000
    128 13 14 8.333043 13 14 8.333043 10000
    129 13 14 8.343044 13 14 8.343044 10000
    130 13 14 8.353073 13 14 8.353073 10000
    131 13 14 8.363044 13 14 8.363044 10000
    132 13 14 8.373042 13 14 8.373042 10000
    133 13 14 8.383043 13 14 8.383043 10000
    134 13 14 8.393093 13 14 8.393093 10000
    135 13 14 8.403057 13 14 8.403057 10000
    136 13 14 8.413055 13 14 8.413055 10000
    137 13 14 8.423071 13 14 8.423071 10000
    138 13 14 8.433066 13 14 8.433066 10000
    139 13 14 8.443046 13 14 8.443046 10000
    140 13 14 8.453044 13 14 8.453044 10000
    141 13 14 8.463044 13 14 8.463044 10000
    142 13 14 8.473043 13 14 8.473043 10000
    143 13 14 8.483045 13 14 8.483045 10000
    144 13 14 8.493121 13 14 8.493121 10000
    145 13 14 8.503056 13 14 8.503056 10000
    146 13 14 8.513054 13 14 8.513054 10000
    147 13 14 8.523080 13 14 8.523080 10000
    148 13 14 8.533042 13 14 8.533042 10000
    149 13 14 8.543072 13 14 8.543072 10000
    150 13 14 8.553048 13 14 8.553048 10000
    151 13 14 8.563121 13 14 8.563121 10000
    152 13 14 8.573017 13 14 8.573017 10000
    153 13 14 8.583038 13 14 8.583038 10000
    154 13 14 8.593061 13 14 8.593061 10000
    155 13 14 8.603044 13 14 8.603044 10000
    156 13 14 8.613030 13 14 8.613030 10000
    157 13 14 8.623017 13 14 8.623017 10000
    158 13 14 8.633186 13 14 8.633186 10000
    159 13 14 8.642989 13 14 8.642989 10000
    160 13 14 8.653022 13 14 8.653022 10000
    161 13 14 8.663036 13 14 8.663036 10000
    162 13 14 8.673030 13 14 8.673030 10000
    163 13 14 8.683090 13 14 8.683090 10000
    164 13 14 8.693047 13 14 8.693047 10000
    165 13 14 8.703044 13 14 8.703044 10000
    166 13 14 8.713048 13 14 8.713048 10000
    167 13 14 8.723069 13 14 8.723069 10000
    168 13 14 8.733059 13 14 8.733059 10000
    169 13 14 8.743043 13 14 8.743043 10000
    170 13 14 8.753043 13 14 8.753043 10000
    171 13 14 8.763042 13 14 8.763042 10000
    172 13 14 8.773044 13 14 8.773044 10000
    173 13 14 8.783046 13 14 8.783046 10000
    174 13 14 8.793046 13 14 8.793046 10000
    175 13 14 8.803065 13 14 8.803065 10000
    176 13 14 8.813000 13 14 8.813000 10000
    177 13 14 8.823076 13 14 8.823076 10000
    178 13 14 8.833050 13 14 8.833050 10000
    179 13 14 8.843044 13 14 8.843044 10000
    180 13 14 8.853044 13 14 8.853044 10000
    181 13 14 8.863042 13 14 8.863042 10000
    182 13 14 8.873042 13 14 8.873042 10000
    183 13 14 8.883032 13 14 8.883032 10000
    184 13 14 8.893060 13 14 8.893060 10000
    185 13 14 8.903043 13 14 8.903043 10000
    186 13 14 8.913074 13 14 8.913074 10000
    187 13 14 8.923030 13 14 8.923030 10000
    188 13 14 8.933073 13 14 8.933073 10000
    189 13 14 8.943042 13 14 8.943042 10000
    190 13 14 8.953075 13 14 8.953075 10000
    191 13 14 8.963044 13 14 8.963044 10000
    192 13 14 8.973079 13 14 8.973079 10000
    193 13 14 8.983048 13 14 8.983048 10000
    194 13 14 8.993048 13 14 8.993048 10000
    195 13 14 9.003042 13 14 9.003042 10000
    196 13 14 9.013049 13 14 9.013049 10000
    197 13 14 9.023044 13 14 9.023044 10000
    198 13 14 9.033044 13 14 9.033044 10000
    199 13 14 9.043044 13 14 9.043044 10000
    200 13 14 9.053043 13 14 9.053043 10000
    201 13 14 9.063046 13 14 9.063046 10000
    202 13 14 9.073050 13 14 9.073050 10000
    203 13 14 9.083069 13 14 9.083069 10000
    204 13 14 9.093104 13 14 9.093104 10000
    205 13 14 9.103051 13 14 9.103051 10000
    206 13 14 9.113070 13 14 9.113070 10000
    207 13 14 9.123063 13 14 9.123063 10000
    208 13 14 9.133039 13 14 9.133039 10000
    209 13 14 9.143086 13 14 9.143086 10000
    210 13 14 9.153033 13 14 9.153033 10000
    211 13 14 9.163038 13 14 9.163038 10000
    212 13 14 9.173047 13 14 9.173047 10000
    213 13 14 9.183037 13 14 9.183037 10000
    214 13 14 9.193046 13 14 9.193046 10000
    215 13 14 9.203044 13 14 9.203044 10000
    216 13 14 9.213044 13 14 9.213044 10000
    217 13 14 9.223043 13 14 9.223043 10000
    218 13 14 9.233043 13 14 9.233043 10000
    219 13 14 9.243043 13 14 9.243043 10000
    220 13 14 9.253028 13 14 9.253028 10000
    221 13 14 9.263054 13 14 9.263054 10000
    222 13 14 9.273047 13 14 9.273047 10000
    223 13 14 9.283044 13 14 9.283044 10000
    224 13 14 9.293046 13 14 9.293046 10000
    225 13 14 9.303046 13 14 9.303046 10000
    226 13 14 9.313055 13 14 9.313055 10000
    227 13 14 9.323043 13 14 9.323043 10000
    228 13 14 9.333062 13 14 9.333062 10000
    229 13 14 9.343045 13 14 9.343045 10000
    230 13 14 9.353054 13 14 9.353054 10000
    231 13 14 9.363063 13 14 9.363063 10000
    232 13 14 9.373056 13 14 9.373056 10000
    233 13 14 9.383057 13 14 9.383057 10000
    234 13 14 9.393048 13 14 9.393048 10000
    235 13 14 9.403086 13 14 9.403086 10000
    236 13 14 9.413045 13 14 9.413045 10000
    237 13 14 9.423047 13 14 9.423047 10000
    238 13 14 9.433104 13 14 9.433104 10000
    239 13 14 9.443044 13 14 9.443044 10000
    240 13 14 9.453044 13 14 9.453044 10000
    241 13 14 9.463046 13 14 9.463046 10000
    242 13 14 9.473041 13 14 9.473041 10000
    243 13 14 9.483046 13 14 9.483046 10000
    244 13 14 9.493043 13 14 9.493043 10000
    245 13 14 9.503111 13 14 9.503111 10000
    246 13 14 9.513049 13 14 9.513049 10000
    247 13 14 9.523056 13 14 9.523056 10000
    248 13 14 9.533044 13 14 9.533044 10000
    249 13 14 9.543044 13 14 9.543044 10000
    250 13 14 9.553045 13 14 9.553045 10000
    251 13 14 9.563048 13 14 9.563048 10000
    252 13 14 9.573035 13 14 9.573035 10000
    253 13 14 9.583047 13 14 9.583047 10000
    254 13 14 9.593026 13 14 9.593026 10000
    255 13 14 9.603030 13 14 9.603030 10000
    256 13 14 9.613049 13 14 9.613049 10000
    257 13 14 9.623034 13 14 9.623034 10000
    258 13 14 9.633032 13 14 9.633032 10000
    259 13 14 9.643031 13 14 9.643031 10000
    260 13 14 9.653057 13 14 9.653057 10000
    261 13 14 9.663029 13 14 9.663029 10000
    262 13 14 9.673012 13 14 9.673012 10000
    263 13 14 9.683028 13 14 9.683028 10000
    264 13 14 9.693025 13 14 9.693025 10000
    265 13 14 9.703058 13 14 9.703058 10000
    266 13 14 9.713044 13 14 9.713044 10000
    267 13 14 9.723031 13 14 9.723031 10000
    268 13 14 9.733036 13 14 9.733036 10000
    269 13 14 9.743033 13 14 9.743033 10000
    270 13 14 9.753050 13 14 9.753050 10000
    271 13 14 9.763052 13 14 9.763052 10000
    272 13 14 9.773075 13 14 9.773075 10000
    273 13 14 9.783046 13 14 9.783046 10000
    274 13 14 9.793030 13 14 9.793030 10000
    275 13 14 9.803070 13 14 9.803070 10000
    276 13 14 9.813046 13 14 9.813046 10000
    277 13 14 9.823045 13 14 9.823045 10000
    278 13 14 9.833049 13 14 9.833049 10000
    279 13 14 9.843044 13 14 9.843044 10000
    280 13 14 9.853044 13 14 9.853044 10000
    281 13 14 9.863042 13 14 9.863042 10000
    282 13 14 9.873044 13 14 9.873044 10000
    283 13 14 9.883043 13 14 9.883043 10000
    284 13 14 9.893043 13 14 9.893043 10000
    285 13 14 9.903043 13 14 9.903043 10000
    286 13 14 9.913043 13 14 9.913043 10000
    287 13 14 9.923044 13 14 9.923044 10000
    288 13 14 9.933037 13 14 9.933037 10000
    289 13 14 9.943030 13 14 9.943030 10000
    290 13 14 9.953037 13 14 9.953037 10000
    291 13 14 9.963077 13 14 9.963077 10000
    292 13 14 9.973046 13 14 9.973046 10000
    293 13 14 9.984586 13 14 9.984586 10000
    294 13 14 9.993048 13 14 9.993048 10000
    295 13 14 10.003045 13 14 10.003045 10000
    296 13 14 10.013044 13 14 10.013044 10000
    297 13 14 10.023044 13 14 10.023044 10000
    298 13 14 10.033108 13 14 10.033108 10000
    299 13 14 10.043011 13 14 10.043011 10000
    300 13 14 10.053048 13 14 10.053048 10000
    301 13 14 10.063045 13 14 10.063045 10000
    302 13 14 10.073050 13 14 10.073050 10000
    303 13 14 10.083049 13 14 10.083049 10000
    304 13 14 10.093047 13 14 10.093047 10000
    305 13 14 10.103046 13 14 10.103046 10000
    306 13 14 10.113051 13 14 10.113051 10000
    307 13 14 10.123029 13 14 10.123029 10000
    308 13 14 10.133048 13 14 10.133048 10000
    309 13 14 10.143046 13 14 10.143046 10000
    310 13 14 10.153043 13 14 10.153043 10000
    311 13 14 10.163042 13 14 10.163042 10000
    312 13 14 10.173045 13 14 10.173045 10000
    313 13 14 10.183028 13 14 10.183028 10000
    314 13 14 10.193096 13 14 10.193096 10000
    315 13 14 10.203044 13 14 10.203044 10000
    316 13 14 10.213065 13 14 10.213065 10000
    317 13 14 10.223036 13 14 10.223036 10000
    318 13 14 10.233069 13 14 10.233069 10000
    319 13 14 10.243031 13 14 10.243031 10000
    320 13 14 10.253054 13 14 10.253054 10000
    321 13 14 10.263059 13 14 10.263059 10000
    322 13 14 10.273044 13 14 10.273044 10000
    323 13 14 10.283044 13 14 10.283044 10000
    324 13 14 10.293044 13 14 10.293044 10000
    325 13 14 10.303048 13 14 10.303048 10000
    326 13 14 10.313119 13 14 10.313119 10000
    327 13 14 10.323045 13 14 10.323045 10000
    328 13 14 10.333043 13 14 10.333043 10000
    329 13 14 10.343056 13 14 10.343056 10000
    330 13 14 10.353046 13 14 10.353046 10000
    331 13 14 10.363042 13 14 10.363042 10000
    332 13 14 10.373096 13 14 10.373096 10000
    333 13 14 10.383062 13 14 10.383062 10000
    334 13 14 10.393045 13 14 10.393045 10000
    335 13 14 10.403048 13 14 10.403048 10000
    336 13 14 10.413443 13 14 10.413443 10000
    337 13 14 10.423047 13 14 10.423047 10000
    338 13 14 10.433061 13 14 10.433061 10000
    339 13 14 10.443056 13 14 10.443056 10000
    340 13 14 10.453122 13 14 10.453122 10000
    341 13 14 10.463044 13 14 10.463044 10000
    342 13 14 10.473045 13 14 10.473045 10000
    343 13 14 10.483043 13 14 10.483043 10000
    344 13 14 10.493045 13 14 10.493045 10000
    345 13 14 10.503035 13 14 10.503035 10000
    346 13 14 10.513045 13 14 10.513045 10000
    347 13 14 10.523089 13 14 10.523089 10000
    348 13 14 10.534461 13 14 10.534461 10000
    349 13 14 10.543044 13 14 10.543044 10000
    350 13 14 10.553043 13 14 10.553043 10000
    351 13 14 10.563045 13 14 10.563045 10000
    352 13 14 10.573050 13 14 10.573050 10000
    353 13 14 10.583050 13 14 10.583050 10000
    354 13 14 10.593037 13 14 10.593037 10000
    355 13 14 10.603070 13 14 10.603070 10000
    356 13 14 10.613070 13 14 10.613070 10000
    357 13 14 10.623046 13 14 10.623046 10000
    358 13 14 10.633044 13 14 10.633044 10000
    359 13 14 10.643034 13 14 10.643034 10000
    360 13 14 10.653033 13 14 10.653033 10000
    361 13 14 10.663031 13 14 10.663031 10000
    362 13 14 10.673052 13 14 10.673052 10000
    363 13 14 10.683030 13 14 10.683030 10000
    364 13 14 10.693025 13 14 10.693025 10000
    365 13 14 10.703049 13 14 10.703049 10000
    366 13 14 10.713044 13 14 10.713044 10000
    367 13 14 10.723031 13 14 10.723031 10000
    368 13 14 10.733040 13 14 10.733040 10000
    369 13 14 10.743031 13 14 10.743031 10000
    370 13 14 10.753054 13 14 10.753054 10000
    371 13 14 10.763044 13 14 10.763044 10000
    372 13 14 10.773047 13 14 10.773047 10000
    373 13 14 10.783044 13 14 10.783044 10000
    374 13 14 10.793044 13 14 10.793044 10000
    375 13 14 10.803043 13 14 10.803043 10000
    376 13 14 10.813031 13 14 10.813031 10000
    377 13 14 10.823045 13 14 10.823045 10000
    378 13 14 10.833066 13 14 10.833066 10000
    379 13 14 10.843066 13 14 10.843066 10000
    380 13 14 10.853049 13 14 10.853049 10000
    381 13 14 10.863046 13 14 10.863046 10000
    382 13 14 10.873044 13 14 10.873044 10000
    383 13 14 10.883069 13 14 10.883069 10000
    384 13 14 10.893046 13 14 10.893046 10000
    385 13 14 10.903045 13 14 10.903045 10000
    386 13 14 10.913043 13 14 10.913043 10000
    387 13 14 10.923056 13 14 10.923056 10000
    388 13 14 10.933047 13 14 10.933047 10000
    389 13 14 10.943042 13 14 10.943042 10000
    390 13 14 10.953044 13 14 10.953044 10000
    391 13 14 10.963114 13 14 10.963114 10000
    392 13 14 10.973051 13 14 10.973051 10000
    393 13 14 10.983045 13 14 10.983045 10000
    394 13 14 10.993026 13 14 10.993026 10000
    395 13 14 11.003043 13 14 11.003043 10000
    396 13 14 11.013080 13 14 11.013080 10000
    397 13 14 11.023044 13 14 11.023044 10000
    398 13 14 11.033042 13 14 11.033042 10000
    399 13 14 11.043044 13 14 11.043044 10000
    400 13 14 11.053046 13 14 11.053046 10000
    401 13 14 11.063033 13 14 11.063033 10000
    402 13 14 11.073036 13 14 11.073036 10000
    403 13 14 11.083050 13 14 11.083050 10000
    404 13 14 11.093061 13 14 11.093061 10000
    405 13 14 11.103063 13 14 11.103063 10000
    406 13 14 11.113070 13 14 11.113070 10000
    407 13 14 11.123051 13 14 11.123051 10000
    408 13 14 11.133044 13 14 11.133044 10000
    409 13 14 11.143045 13 14 11.143045 10000
    410 13 14 11.153043 13 14 11.153043 10000
    411 13 14 11.163057 13 14 11.163057 10000
    412 13 14 11.173047 13 14 11.173047 10000
    413 13 14 11.183049 13 14 11.183049 10000
    414 13 14 11.193058 13 14 11.193058 10000
    415 13 14 11.203044 13 14 11.203044 10000
    416 13 14 11.213044 13 14 11.213044 10000
    417 13 14 11.223043 13 14 11.223043 10000
    418 13 14 11.233050 13 14 11.233050 10000
    419 13 14 11.243045 13 14 11.243045 10000
    420 13 14 11.253066 13 14 11.253066 10000
    421 13 14 11.263042 13 14 11.263042 10000
    422 13 14 11.273044 13 14 11.273044 10000
    423 13 14 11.283070 13 14 11.283070 10000
    424 13 14 11.293044 13 14 11.293044 10000
    425 13 14 11.303079 13 14 11.303079 10000
    426 13 14 11.313088 13 14 11.313088 10000
    427 13 14 11.323045 13 14 11.323045 10000
    428 13 14 11.333064 13 14 11.333064 10000
    429 13 14 11.343075 13 14 11.343075 10000
    430 13 14 11.353059 13 14 11.353059 10000
    431 13 14 11.363042 13 14 11.363042 10000
    432 13 14 11.373139 13 14 11.373139 10000
    433 13 14 11.383089 13 14 11.383089 10000
    434 13 14 11.393088 13 14 11.393088 10000
    435 13 14 11.403119 13 14 11.403119 10000
    436 13 14 11.413066 13 14 11.413066 10000
    437 13 14 11.423061 13 14 11.423061 10000
    438 13 14 11.433051 13 14 11.433051 10000
    439 13 14 11.443046 13 14 11.443046 10000
    440 13 14 11.453044 13 14 11.453044 10000
    441 13 14 11.463044 13 14 11.463044 10000
    442 13 14 11.473045 13 14 11.473045 10000
    443 13 14 11.483043 13 14 11.483043 10000
    444 13 14 11.493133 13 14 11.493133 10000
    445 13 14 11.503000 13 14 11.503000 10000
    446 13 14 11.513052 13 14 11.513052 10000
    447 13 14 11.523092 13 14 11.523092 10000
    448 13 14 11.533041 13 14 11.533041 10000
    449 13 14 11.543037 13 14 11.543037 10000
    450 13 14 11.553048 13 14 11.553048 10000
    451 13 14 11.563034 13 14 11.563034 10000
    452 13 14 11.573045 13 14 11.573045 10000
    453 13 14 11.583306 13 14 11.583306 10000
    454 13 14 11.593047 13 14 11.593047 10000
    455 13 14 11.602987 13 14 11.602987 10000
    456 13 14 11.613044 13 14 11.613044 10000
    457 13 14 11.623044 13 14 11.623044 10000
    458 13 14 11.633043 13 14 11.633043 10000
    459 13 14 11.643043 13 14 11.643043 10000
    460 13 14 11.653048 13 14 11.653048 10000
    461 13 14 11.663031 13 14 11.663031 10000
    462 13 14 11.673073 13 14 11.673073 10000
    463 13 14 11.683030 13 14 11.683030 10000
    464 13 14 11.693030 13 14 11.693030 10000
    465 13 14 11.703053 13 14 11.703053 10000
    466 13 14 11.713044 13 14 11.713044 10000
    467 13 14 11.723046 13 14 11.723046 10000
    468 13 14 11.733045 13 14 11.733045 10000
    469 13 14 11.743031 13 14 11.743031 10000
    470 13 14 11.753045 13 14 11.753045 10000
    471 13 14 11.763042 13 14 11.763042 10000
    472 13 14 11.773044 13 14 11.773044 10000
    473 13 14 11.783068 13 14 11.783068 10000
    474 13 14 11.793046 13 14 11.793046 10000
    475 13 14 11.803045 13 14 11.803045 10000
    476 13 14 11.813045 13 14 11.813045 10000
    477 13 14 11.823043 13 14 11.823043 10000
    478 13 14 11.833043 13 14 11.833043 10000
    479 13 14 11.843044 13 14 11.843044 10000
    480 13 14 11.853025 13 14 11.853025 10000
    481 13 14 11.863056 13 14 11.863056 10000
    482 13 14 11.873051 13 14 11.873051 10000
    483 13 14 11.883043 13 14 11.883043 10000
    484 13 14 11.893069 13 14 11.893069 10000
    485 13 14 11.903071 13 14 11.903071 10000
    486 13 14 11.913057 13 14 11.913057 10000
    487 13 14 11.923045 13 14 11.923045 10000
    488 13 14 11.933046 13 14 11.933046 10000
    489 13 14 11.943047 13 14 11.943047 10000
    490 13 14 11.953018 13 14 11.953018 10000
    491 13 14 11.963039 13 14 11.963039 10000
    492 13 14 11.973046 13 14 11.973046 10000
    493 13 14 11.983045 13 14 11.983045 10000
    494 13 14 11.993045 13 14 11.993045 10000
    495 13 14 12.003042 13 14 12.003042 10000
    496 13 14 12.013045 13 14 12.013045 10000
    497 13 14 12.023044 13 14 12.023044 10000
    498 13 14 12.033044 13 14 12.033044 10000
    499 13 14 12.043029 13 14 12.043029 10000
    500 13 14 12.053083 13 14 12.053083 10000
    501 13 14 12.063048 13 14 12.063048 10000
    502 13 14 12.073041 13 14 12.073041 10000
    503 13 14 12.083080 13 14 12.083080 10000
    504 13 14 12.093047 13 14 12.093047 10000
    505 13 14 12.103046 13 14 12.103046 10000
    506 13 14 12.113044 13 14 12.113044 10000
    507 13 14 12.123065 13 14 12.123065 10000
    508 13 14 12.133048 13 14 12.133048 10000
    509 13 14 12.143084 13 14 12.143084 10000
    510 13 14 12.153119 13 14 12.153119 10000
    511 13 14 12.163045 13 14 12.163045 10000
    512 13 14 12.173035 13 14 12.173035 10000
    513 13 14 12.183033 13 14 12.183033 10000
    514 13 14 12.193056 13 14 12.193056 10000
    515 13 14 12.203053 13 14 12.203053 10000
    516 13 14 12.213044 13 14 12.213044 10000
    517 13 14 12.223153 13 14 12.223153 10000
    518 13 14 12.233038 13 14 12.233038 10000
    519 13 14 12.243043 13 14 12.243043 10000
    520 13 14 12.253073 13 14 12.253073 10000
    521 13 14 12.263044 13 14 12.263044 10000
    522 13 14 12.273044 13 14 12.273044 10000
    523 13 14 12.283044 13 14 12.283044 10000
    524 13 14 12.293048 13 14 12.293048 10000
    525 13 14 12.303081 13 14 12.303081 10000
    526 13 14 12.313045 13 14 12.313045 10000
    527 13 14 12.323043 13 14 12.323043 10000
    528 13 14 12.333055 13 14 12.333055 10000
    529 13 14 12.343042 13 14 12.343042 10000
    530 13 14 12.353058 13 14 12.353058 10000
    531 13 14 12.363042 13 14 12.363042 10000
    532 13 14 12.373058 13 14 12.373058 10000
    533 13 14 12.383077 13 14 12.383077 10000
    534 13 14 12.393048 13 14 12.393048 10000
    535 13 14 12.403067 13 14 12.403067 10000
    536 13 14 12.413130 13 14 12.413130 10000
    537 13 14 12.423047 13 14 12.423047 10000
    538 13 14 12.433044 13 14 12.433044 10000
    539 13 14 12.443046 13 14 12.443046 10000
    540 13 14 12.453044 13 14 12.453044 10000
    541 13 14 12.463044 13 14 12.463044 10000
    542 13 14 12.473043 13 14 12.473043 10000
    543 13 14 12.483045 13 14 12.483045 10000
    544 13 14 12.492976 13 14 12.492976 10000
    545 13 14 12.503052 13 14 12.503052 10000
    546 13 14 12.513045 13 14 12.513045 10000
    547 13 14 12.523042 13 14 12.523042 10000
    548 13 14 12.533044 13 14 12.533044 10000
    549 13 14 12.543043 13 14 12.543043 10000
    550 13 14 12.553045 13 14 12.553045 10000
    551 13 14 12.563043 13 14 12.563043 10000
    552 13 14 12.573430 13 14 12.573430 10000
    553 13 14 12.583033 13 14 12.583033 10000
    554 13 14 12.593754 13 14 12.593754 10000
    555 13 14 12.603033 13 14 12.603033 10000
    556 13 14 12.613485 13 14 12.613485 10000
    557 13 14 12.623048 13 14 12.623048 10000
    558 13 14 12.633043 13 14 12.633043 10000
    559 13 14 12.643043 13 14 12.643043 10000
    560 13 14 12.653043 13 14 12.653043 10000
    561 13 14 12.663043 13 14 12.663043 10000
    562 13 14 12.673044 13 14 12.673044 10000
    563 13 14 12.683042 13 14 12.683042 10000
    564 13 14 12.693044 13 14 12.693044 10000
    565 13 14 12.703042 13 14 12.703042 10000
    566 13 14 12.713041 13 14 12.713041 10000
    567 13 14 12.723043 13 14 12.723043 10000
    568 13 14 12.733029 13 14 12.733029 10000
    569 13 14 12.743045 13 14 12.743045 10000
    570 13 14 12.753016 13 14 12.753016 10000
    571 13 14 12.763028 13 14 12.763028 10000
    572 13 14 12.773044 13 14 12.773044 10000
    573 13 14 12.783048 13 14 12.783048 10000
    574 13 14 12.793046 13 14 12.793046 10000
    575 13 14 12.803041 13 14 12.803041 10000
    576 13 14 12.813043 13 14 12.813043 10000
    577 13 14 12.823069 13 14 12.823069 10000
    578 13 14 12.833049 13 14 12.833049 10000
    579 13 14 12.843070 13 14 12.843070 10000
    580 13 14 12.853056 13 14 12.853056 10000
    581 13 14 12.863046 13 14 12.863046 10000
    582 13 14 12.873044 13 14 12.873044 10000
    583 13 14 12.883067 13 14 12.883067 10000
    584 13 14 12.893052 13 14 12.893052 10000
    585 13 14 12.903045 13 14 12.903045 10000
    586 13 14 12.913043 13 14 12.913043 10000
    587 13 14 12.923044 13 14 12.923044 10000
    588 13 14 12.933042 13 14 12.933042 10000
    589 13 14 12.943044 13 14 12.943044 10000
    590 13 14 12.953042 13 14 12.953042 10000
    591 13 14 12.963041 13 14 12.963041 10000
    592 13 14 12.973058 13 14 12.973058 10000
    593 13 14 12.983048 13 14 12.983048 10000
    594 13 14 12.993043 13 14 12.993043 10000
    595 13 14 13.003045 13 14 13.003045 10000
    596 13 14 13.013044 13 14 13.013044 10000
    597 13 14 13.023042 13 14 13.023042 10000
    598 13 14 13.033049 13 14 13.033049 10000
    599 13 14 13.043063 13 14 13.043063 10000
    600 13 14 13.053041 13 14 13.053041 10000
    601 13 14 13.063045 13 14 13.063045 10000
    602 13 14 13.073043 13 14 13.073043 10000
    603 13 14 13.083047 13 14 13.083047 10000
    604 13 14 13.093049 13 14 13.093049 10000
    605 13 14 13.103044 13 14 13.103044 10000
    606 13 14 13.113046 13 14 13.113046 10000
    607 13 14 13.123048 13 14 13.123048 10000
    608 13 14 13.133057 13 14 13.133057 10000
    609 13 14 13.143064 13 14 13.143064 10000
    610 13 14 13.153029 13 14 13.153029 10000
    611 13 14 13.163078 13 14 13.163078 10000
    612 13 14 13.173042 13 14 13.173042 10000
    613 13 14 13.183044 13 14 13.183044 10000
    614 13 14 13.193044 13 14 13.193044 10000
    615 13 14 13.203042 13 14 13.203042 10000
    616 13 14 13.213055 13 14 13.213055 10000
    617 13 14 13.223043 13 14 13.223043 10000
    618 13 14 13.233034 13 14 13.233034 10000
    619 13 14 13.243043 13 14 13.243043 10000
    620 13 14 13.253030 13 14 13.253030 10000
    621 13 14 13.263078 13 14 13.263078 10000
    622 13 14 13.273042 13 14 13.273042 10000
    623 13 14 13.283044 13 14 13.283044 10000
    624 13 14 13.293044 13 14 13.293044 10000
    625 13 14 13.303046 13 14 13.303046 10000
    626 13 14 13.313050 13 14 13.313050 10000
    627 13 14 13.323043 13 14 13.323043 10000
    628 13 14 13.333045 13 14 13.333045 10000
    629 13 14 13.343045 13 14 13.343045 10000
    630 13 14 13.353047 13 14 13.353047 10000
    631 13 14 13.363042 13 14 13.363042 10000
    632 13 14 13.373044 13 14 13.373044 10000
    633 13 14 13.383046 13 14 13.383046 10000
    634 13 14 13.393046 13 14 13.393046 10000
    635 13 14 13.403045 13 14 13.403045 10000
    636 13 14 13.413050 13 14 13.413050 10000
    637 13 14 13.423042 13 14 13.423042 10000
    638 13 14 13.433044 13 14 13.433044 10000
    639 13 14 13.443044 13 14 13.443044 10000
    640 13 14 13.453044 13 14 13.453044 10000
    641 13 14 13.463044 13 14 13.463044 10000
    642 13 14 13.473043 13 14 13.473043 10000
    643 13 14 13.483045 13 14 13.483045 10000
    644 13 14 13.493043 13 14 13.493043 10000
    645 13 14 13.503028 13 14 13.503028 10000
    646 13 14 13.513016 13 14 13.513016 10000
    647 13 14 13.523032 13 14 13.523032 10000
    648 13 14 13.533039 13 14 13.533039 10000
    649 13 14 13.543037 13 14 13.543037 10000
    650 13 14 13.553029 13 14 13.553029 10000
    651 13 14 13.563024 13 14 13.563024 10000
    652 13 14 13.573064 13 14 13.573064 10000
    653 13 14 13.583000 13 14 13.583000 10000
    654 13 14 13.593059 13 14 13.593059 10000
    655 13 14 13.603030 13 14 13.603030 10000
    656 13 14 13.613029 13 14 13.613029 10000
    657 13 14 13.623044 13 14 13.623044 10000
    658 13 14 13.633032 13 14 13.633032 10000
    659 13 14 13.643072 13 14 13.643072 10000
    660 13 14 13.653033 13 14 13.653033 10000
    661 13 14 13.663036 13 14 13.663036 10000
    662 13 14 13.673033 13 14 13.673033 10000
    663 13 14 13.683021 13 14 13.683021 10000
    664 13 14 13.693035 13 14 13.693035 10000
    665 13 14 13.703034 13 14 13.703034 10000
    666 13 14 13.713043 13 14 13.713043 10000
    667 13 14 13.723031 13 14 13.723031 10000
    668 13 14 13.733117 13 14 13.733117 10000
    669 13 14 13.743045 13 14 13.743045 10000
    670 13 14 13.754777 13 14 13.754777 10000
    671 13 14 13.763047 13 14 13.763047 10000
    672 13 14 13.773047 13 14 13.773047 10000
    673 13 14 13.783046 13 14 13.783046 10000
    674 13 14 13.793046 13 14 13.793046 10000
    675 13 14 13.803043 13 14 13.803043 10000
    676 13 14 13.813045 13 14 13.813045 10000
    677 13 14 13.823043 13 14 13.823043 10000
    678 13 14 13.833043 13 14 13.833043 10000
    679 13 14 13.843044 13 14 13.843044 10000
    680 13 14 13.853044 13 14 13.853044 10000
    681 13 14 13.863046 13 14 13.863046 10000
    682 13 14 13.873042 13 14 13.873042 10000
    683 13 14 13.883070 13 14 13.883070 10000
    684 13 14 13.893067 13 14 13.893067 10000
    685 13 14 13.903045 13 14 13.903045 10000
    686 13 14 13.913047 13 14 13.913047 10000
    687 13 14 13.923045 13 14 13.923045 10000
    688 13 14 13.933044 13 14 13.933044 10000
    689 13 14 13.943042 13 14 13.943042 10000
    690 13 14 13.953065 13 14 13.953065 10000
    691 13 14 13.963046 13 14 13.963046 10000
    692 13 14 13.973045 13 14 13.973045 10000
    693 13 14 13.983045 13 14 13.983045 10000
    694 13 14 13.993043 13 14 13.993043 10000
    695 13 14 14.003049 13 14 14.003049 10000
    696 13 14 14.013073 13 14 14.013073 10000
    697 13 14 14.023054 13 14 14.023054 10000
    698 13 14 14.033042 13 14 14.033042 10000
    699 13 14 14.043075 13 14 14.043075 10000
    700 13 14 14.053063 13 14 14.053063 10000
    701 13 14 14.063053 13 14 14.063053 10000
    702 13 14 14.073060 13 14 14.073060 10000
    703 13 14 14.083102 13 14 14.083102 10000
    704 13 14 14.093028 13 14 14.093028 10000
    705 13 14 14.103056 13 14 14.103056 10000
    706 13 14 14.113080 13 14 14.113080 10000
    707 13 14 14.123079 13 14 14.123079 10000
    708 13 14 14.133070 13 14 14.133070 10000
    709 13 14 14.143048 13 14 14.143048 10000
    710 13 14 14.153150 13 14 14.153150 10000
    711 13 14 14.163088 13 14 14.163088 10000
    712 13 14 14.173054 13 14 14.173054 10000
    713 13 14 14.183078 13 14 14.183078 10000
    714 13 14 14.193065 13 14 14.193065 10000
    715 13 14 14.203053 13 14 14.203053 10000
    716 13 14 14.213069 13 14 14.213069 10000
    717 13 14 14.223065 13 14 14.223065 10000
    718 13 14 14.233055 13 14 14.233055 10000
    719 13 14 14.243050 13 14 14.243050 10000
    720 13 14 14.253043 13 14 14.253043 10000
    721 13 14 14.263042 13 14 14.263042 10000
    722 13 14 14.273047 13 14 14.273047 10000
    723 13 14 14.283061 13 14 14.283061 10000
    724 13 14 14.293048 13 14 14.293048 10000
    725 13 14 14.303045 13 14 14.303045 10000
    726 13 14 14.313053 13 14 14.313053 10000
    727 13 14 14.323047 13 14 14.323047 10000
    728 13 14 14.333071 13 14 14.333071 10000
    729 13 14 14.343139 13 14 14.343139 10000
    730 13 14 14.353049 13 14 14.353049 10000
    731 13 14 14.363044 13 14 14.363044 10000
    732 13 14 14.373046 13 14 14.373046 10000
    733 13 14 14.383046 13 14 14.383046 10000
    734 13 14 14.393055 13 14 14.393055 10000
    735 13 14 14.403050 13 14 14.403050 10000
    736 13 14 14.413069 13 14 14.413069 10000
    737 13 14 14.423049 13 14 14.423049 10000
    738 13 14 14.433128 13 14 14.433128 10000
    739 13 14 14.443072 13 14 14.443072 10000
    740 13 14 14.453079 13 14 14.453079 10000
    741 13 14 14.463048 13 14 14.463048 10000
    742 13 14 14.473050 13 14 14.473050 10000
    743 13 14 14.483038 13 14 14.483038 10000
    744 13 14 14.493057 13 14 14.493057 10000
    745 13 14 14.503140 13 14 14.503140 10000
    746 13 14 14.513109 13 14 14.513109 10000
    747 13 14 14.523218 13 14 14.523218 10000
    748 13 14 14.533060 13 14 14.533060 10000
    749 13 14 14.543068 13 14 14.543068 10000
    750 13 14 14.553046 13 14 14.553046 10000
    751 13 14 14.563053 13 14 14.563053 10000
    752 13 14 14.573048 13 14 14.573048 10000
    753 13 14 14.583081 13 14 14.583081 10000
    754 13 14 14.593082 13 14 14.593082 10000
    755 13 14 14.603075 13 14 14.603075 10000
    756 13 14 14.613049 13 14 14.613049 10000
    757 13 14 14.623042 13 14 14.623042 10000
    758 13 14 14.633043 13 14 14.633043 10000
    759 13 14 14.643048 13 14 14.643048 10000
    760 13 14 14.653116 13 14 14.653116 10000
    761 13 14 14.663045 13 14 14.663045 10000
    762 13 14 14.673044 13 14 14.673044 10000
    763 13 14 14.683044 13 14 14.683044 10000
    764 13 14 14.693046 13 14 14.693046 10000
    765 13 14 14.703042 13 14 14.703042 10000
    766 13 14 14.713032 13 14 14.713032 10000
    767 13 14 14.723034 13 14 14.723034 10000
    768 13 14 14.733031 13 14 14.733031 10000
    769 13 14 14.743035 13 14 14.743035 10000
    770 13 14 14.753033 13 14 14.753033 10000
    771 13 14 14.763035 13 14 14.763035 10000
    772 13 14 14.773046 13 14 14.773046 10000
    773 13 14 14.783049 13 14 14.783049 10000
    774 13 14 14.793046 13 14 14.793046 10000
    775 13 14 14.803046 13 14 14.803046 10000
    776 13 14 14.813048 13 14 14.813048 10000
    777 13 14 14.823067 13 14 14.823067 10000
    778 13 14 14.833055 13 14 14.833055 10000
    779 13 14 14.843056 13 14 14.843056 10000
    780 13 14 14.853056 13 14 14.853056 10000
    781 13 14 14.863053 13 14 14.863053 10000
    782 13 14 14.873053 13 14 14.873053 10000
    783 13 14 14.883069 13 14 14.883069 10000
    784 13 14 14.892977 13 14 14.892977 10000
    785 13 14 14.903088 13 14 14.903088 10000
    786 13 14 14.913055 13 14 14.913055 10000
    787 13 14 14.923054 13 14 14.923054 10000
    788 13 14 14.933054 13 14 14.933054 10000
    789 13 14 14.943044 13 14 14.943044 10000
    790 13 14 14.953042 13 14 14.953042 10000
    791 13 14 14.963044 13 14 14.963044 10000
    792 13 14 14.973048 13 14 14.973048 10000
    793 13 14 14.983067 13 14 14.983067 10000
    794 13 14 14.993045 13 14 14.993045 10000
    795 13 14 15.003045 13 14 15.003045 10000
    796 13 14 15.013063 13 14 15.013063 10000
    797 13 14 15.023054 13 14 15.023054 10000
    798 13 14 15.033044 13 14 15.033044 10000
    799 13 14 15.043041 13 14 15.043041 10000
    800 13 14 15.053046 13 14 15.053046 10000
    801 13 14 15.063052 13 14 15.063052 10000
    802 13 14 15.073095 13 14 15.073095 10000
    803 13 14 15.083052 13 14 15.083052 10000
    804 13 14 15.093049 13 14 15.093049 10000
    805 13 14 15.103044 13 14 15.103044 10000
    806 13 14 15.113068 13 14 15.113068 10000
    807 13 14 15.123058 13 14 15.123058 10000
    808 13 14 15.133079 13 14 15.133079 10000
    809 13 14 15.143076 13 14 15.143076 10000
    810 13 14 15.153062 13 14 15.153062 10000
    811 13 14 15.163045 13 14 15.163045 10000
    812 13 14 15.173052 13 14 15.173052 10000
    813 13 14 15.183070 13 14 15.183070 10000
    814 13 14 15.193047 13 14 15.193047 10000
    815 13 14 15.203125 13 14 15.203125 10000
    816 13 14 15.213063 13 14 15.213063 10000
    817 13 14 15.223043 13 14 15.223043 10000
    818 13 14 15.233102 13 14 15.233102 10000
    819 13 14 15.243052 13 14 15.243052 10000
    820 13 14 15.253050 13 14 15.253050 10000
    821 13 14 15.263049 13 14 15.263049 10000
    822 13 14 15.273054 13 14 15.273054 10000
    823 13 14 15.283053 13 14 15.283053 10000
    824 13 14 15.293049 13 14 15.293049 10000
    825 13 14 15.303046 13 14 15.303046 10000
    826 13 14 15.313048 13 14 15.313048 10000
    827 13 14 15.323045 13 14 15.323045 10000
    828 13 14 15.333045 13 14 15.333045 10000
    829 13 14 15.343047 13 14 15.343047 10000
    830 13 14 15.353049 13 14 15.353049 10000
    831 13 14 15.363046 13 14 15.363046 10000
    832 13 14 15.373058 13 14 15.373058 10000
    833 13 14 15.383060 13 14 15.383060 10000
    834 13 14 15.393079 13 14 15.393079 10000
    835 13 14 15.403200 13 14 15.403200 10000
    836 13 14 15.413062 13 14 15.413062 10000
    837 13 14 15.423047 13 14 15.423047 10000
    838 13 14 15.433045 13 14 15.433045 10000
    839 13 14 15.443044 13 14 15.443044 10000
    840 13 14 15.453044 13 14 15.453044 10000
    841 13 14 15.463044 13 14 15.463044 10000
    842 13 14 15.473043 13 14 15.473043 10000
    843 13 14 15.483043 13 14 15.483043 10000
    844 13 14 15.493050 13 14 15.493050 10000
    845 13 14 15.503045 13 14 15.503045 10000
    846 13 14 15.513044 13 14 15.513044 10000
    847 13 14 15.523049 13 14 15.523049 10000
    848 13 14 15.533046 13 14 15.533046 10000
    849 13 14 15.543046 13 14 15.543046 10000
    850 13 14 15.553053 13 14 15.553053 10000
    851 13 14 15.563076 13 14 15.563076 10000
    852 13 14 15.573073 13 14 15.573073 10000
    853 13 14 15.583062 13 14 15.583062 10000
    854 13 14 15.593061 13 14 15.593061 10000
    855 13 14 15.603075 13 14 15.603075 10000
    856 13 14 15.613068 13 14 15.613068 10000
    857 13 14 15.623046 13 14 15.623046 10000
    858 13 14 15.633048 13 14 15.633048 10000
    859 13 14 15.643070 13 14 15.643070 10000
    860 13 14 15.653045 13 14 15.653045 10000
    861 13 14 15.663043 13 14 15.663043 10000
    862 13 14 15.673047 13 14 15.673047 10000
    863 13 14 15.683049 13 14 15.683049 10000
    864 13 14 15.693239 13 14 15.693239 10000
    865 13 14 15.703098 13 14 15.703098 10000
    866 13 14 15.713051 13 14 15.713051 10000
    867 13 14 15.723043 13 14 15.723043 10000
    868 13 14 15.733043 13 14 15.733043 10000
    869 13 14 15.743043 13 14 15.743043 10000
    870 13 14 15.753038 13 14 15.753038 10000
    871 13 14 15.763075 13 14 15.763075 10000
    872 13 14 15.773047 13 14 15.773047 10000
    873 13 14 15.783056 13 14 15.783056 10000
    874 13 14 15.793048 13 14 15.793048 10000
    875 13 14 15.803046 13 14 15.803046 10000
    876 13 14 15.813057 13 14 15.813057 10000
    877 13 14 15.823045 13 14 15.823045 10000
    878 13 14 15.833049 13 14 15.833049 10000
    879 13 14 15.843052 13 14 15.843052 10000
    880 13 14 15.853045 13 14 15.853045 10000
    881 13 14 15.863044 13 14 15.863044 10000
    882 13 14 15.873044 13 14 15.873044 10000
    883 13 14 15.883046 13 14 15.883046 10000
    884 13 14 15.893043 13 14 15.893043 10000
    885 13 14 15.903045 13 14 15.903045 10000
    886 13 14 15.913043 13 14 15.913043 10000
    887 13 14 15.923052 13 14 15.923052 10000
    888 13 14 15.933047 13 14 15.933047 10000
    889 13 14 15.943049 13 14 15.943049 10000
    890 13 14 15.953108 13 14 15.953108 10000
    891 13 14 15.963044 13 14 15.963044 10000
    892 13 14 15.973043 13 14 15.973043 10000
    893 13 14 15.983064 13 14 15.983064 10000
    894 13 14 15.993045 13 14 15.993045 10000
    895 13 14 16.003046 13 14 16.003046 10000
    896 13 14 16.013062 13 14 16.013062 10000
    897 13 14 16.023050 13 14 16.023050 10000
    898 13 14 16.033098 13 14 16.033098 10000
    899 13 14 16.043060 13 14 16.043060 10000
    900 13 14 16.053046 13 14 16.053046 10000
    901 13 14 16.063068 13 14 16.063068 10000
    902 13 14 16.073112 13 14 16.073112 10000
    903 13 14 16.083048 13 14 16.083048 10000
    904 13 14 16.093011 13 14 16.093011 10000
    905 13 14 16.103044 13 14 16.103044 10000
    906 13 14 16.113043 13 14 16.113043 10000
    907 13 14 16.123045 13 14 16.123045 10000
    908 13 14 16.133032 13 14 16.133032 10000
    909 13 14 16.143042 13 14 16.143042 10000
    910 13 14 16.153065 13 14 16.153065 10000
    911 13 14 16.163100 13 14 16.163100 10000
    912 13 14 16.173052 13 14 16.173052 10000
    913 13 14 16.183043 13 14 16.183043 10000
    914 13 14 16.193044 13 14 16.193044 10000
    915 13 14 16.203109 13 14 16.203109 10000
    916 13 14 16.213046 13 14 16.213046 10000
    917 13 14 16.223030 13 14 16.223030 10000
    918 13 14 16.233105 13 14 16.233105 10000
    919 13 14 16.243037 13 14 16.243037 10000
    920 13 14 16.253094 13 14 16.253094 10000
    921 13 14 16.263055 13 14 16.263055 10000
    922 13 14 16.273035 13 14 16.273035 10000
    923 13 14 16.283121 13 14 16.283121 10000
    924 13 14 16.293047 13 14 16.293047 10000
    925 13 14 16.303048 13 14 16.303048 10000
    926 13 14 16.313045 13 14 16.313045 10000
    927 13 14 16.323043 13 14 16.323043 10000
    928 13 14 16.333072 13 14 16.333072 10000
    929 13 14 16.343074 13 14 16.343074 10000
    930 13 14 16.353072 13 14 16.353072 10000
    931 13 14 16.363046 13 14 16.363046 10000
    932 13 14 16.373045 13 14 16.373045 10000
    933 13 14 16.383050 13 14 16.383050 10000
    934 13 14 16.393048 13 14 16.393048 10000
    935 13 14 16.403045 13 14 16.403045 10000
    936 13 14 16.413045 13 14 16.413045 10000
    937 13 14 16.423045 13 14 16.423045 10000
    938 13 14 16.433046 13 14 16.433046 10000
    939 13 14 16.443052 13 14 16.443052 10000
    940 13 14 16.453044 13 14 16.453044 10000
    941 13 14 16.463042 13 14 16.463042 10000
    942 13 14 16.473044 13 14 16.473044 10000
    943 13 14 16.483045 13 14 16.483045 10000
    944 13 14 16.493044 13 14 16.493044 10000
    945 13 14 16.503043 13 14 16.503043 10000
    946 13 14 16.513042 13 14 16.513042 10000
    947 13 14 16.523043 13 14 16.523043 10000
    948 13 14 16.533044 13 14 16.533044 10000
    949 13 14 16.543043 13 14 16.543043 10000
    950 13 14 16.553043 13 14 16.553043 10000
    951 13 14 16.563045 13 14 16.563045 10000
    952 13 14 16.573059 13 14 16.573059 10000
    953 13 14 16.583051 13 14 16.583051 10000
    954 13 14 16.593050 13 14 16.593050 10000
    955 13 14 16.603045 13 14 16.603045 10000
    956 13 14 16.613030 13 14 16.613030 10000
    957 13 14 16.623052 13 14 16.623052 10000
    958 13 14 16.633032 13 14 16.633032 10000
    959 13 14 16.643079 13 14 16.643079 10000
    960 13 14 16.653031 13 14 16.653031 10000
    961 13 14 16.663056 13 14 16.663056 10000
    962 13 14 16.673031 13 14 16.673031 10000
    963 13 14 16.683046 13 14 16.683046 10000
    964 13 14 16.693030 13 14 16.693030 10000
    965 13 14 16.703071 13 14 16.703071 10000
    966 13 14 16.713029 13 14 16.713029 10000
    967 13 14 16.723053 13 14 16.723053 10000
    968 13 14 16.733045 13 14 16.733045 10000
    969 13 14 16.743044 13 14 16.743044 10000
    970 13 14 16.753043 13 14 16.753043 10000
    971 13 14 16.763042 13 14 16.763042 10000
    972 13 14 16.773047 13 14 16.773047 10000
    973 13 14 16.783045 13 14 16.783045 10000
    974 13 14 16.793046 13 14 16.793046 10000
    975 13 14 16.803046 13 14 16.803046 10000
    976 13 14 16.813041 13 14 16.813041 10000
    977 13 14 16.823043 13 14 16.823043 10000
    978 13 14 16.833051 13 14 16.833051 10000
    979 13 14 16.843046 13 14 16.843046 10000
    980 13 14 16.853048 13 14 16.853048 10000
    981 13 14 16.863073 13 14 16.863073 10000
    982 13 14 16.873049 13 14 16.873049 10000
    983 13 14 16.883047 13 14 16.883047 10000
    984 13 14 16.893052 13 14 16.893052 10000
    985 13 14 16.903045 13 14 16.903045 10000
    986 13 14 16.913069 13 14 16.913069 10000
    987 13 14 16.923073 13 14 16.923073 10000
    988 13 14 16.933053 13 14 16.933053 10000
    989 13 14 16.943055 13 14 16.943055 10000
    990 13 14 16.953129 13 14 16.953129 10000
    991 13 14 16.963049 13 14 16.963049 10000
    992 13 14 16.973058 13 14 16.973058 10000
    993 13 14 16.983046 13 14 16.983046 10000
    994 13 14 16.993045 13 14 16.993045 10000
    995 13 14 17.003061 13 14 17.003061 10000
    996 13 14 17.013058 13 14 17.013058 10000
    997 13 14 17.023049 13 14 17.023049 10000
    998 13 14 17.033059 13 14 17.033059 10000
    999 13 14 17.043055 13 14 17.043055 10000
   1000 13 14 17.053074 13 14 17.053074 10000
