      1 13 15 44.187175 13 15 44.187175 10800
      2 13 15 44.197274 13 15 44.197274 10800
      3 13 15 44.207264 13 15 44.207264 10800
      4 13 15 44.217261 13 15 44.217261 10800
      5 13 15 44.227285 13 15 44.227285 10800
      6 13 15 44.237270 13 15 44.237270 10800
      7 13 15 44.247275 13 15 44.247275 10800
      8 13 15 44.257342 13 15 44.257342 10800
      9 13 15 44.267274 13 15 44.267274 10800
     10 13 15 44.277290 13 15 44.277290 10800
     11 13 15 44.287277 13 15 44.287277 10800
     12 13 15 44.297275 13 15 44.297275 10800
     13 13 15 44.307279 13 15 44.307279 10800
     14 13 15 44.317309 13 15 44.317309 10800
     15 13 15 44.327371 13 15 44.327371 10800
     16 13 15 44.337311 13 15 44.337311 10800
     17 13 15 44.347271 13 15 44.347271 10800
     18 13 15 44.357270 13 15 44.357270 10800
     19 13 15 44.367271 13 15 44.367271 10800
     20 13 15 44.377271 13 15 44.377271 10800
     21 13 15 44.387273 13 15 44.387273 10800
     22 13 15 44.397274 13 15 44.397274 10800
     23 13 15 44.407274 13 15 44.407274 10800
     24 13 15 44.417364 13 15 44.417364 10800
     25 13 15 44.427272 13 15 44.427272 10800
     26 13 15 44.437271 13 15 44.437271 10800
     27 13 15 44.447271 13 15 44.447271 10800
     28 13 15 44.457281 13 15 44.457281 10800
     29 13 15 44.467270 13 15 44.467270 10800
     30 13 15 44.477258 13 15 44.477258 10800
     31 13 15 44.487270 13 15 44.487270 10800
     32 13 15 44.497303 13 15 44.497303 10800
     33 13 15 44.507353 13 15 44.507353 10800
     34 13 15 44.517307 13 15 44.517307 10800
     35 13 15 44.527296 13 15 44.527296 10800
     36 13 15 44.537295 13 15 44.537295 10800
     37 13 15 44.547286 13 15 44.547286 10800
     38 13 15 44.557271 13 15 44.557271 10800
     39 13 15 44.567307 13 15 44.567307 10800
     40 13 15 44.577272 13 15 44.577272 10800
     41 13 15 44.587288 13 15 44.587288 10800
     42 13 15 44.599877 13 15 44.599877 10800
     43 13 15 44.607283 13 15 44.607283 10800
     44 13 15 44.617269 13 15 44.617269 10800
     45 13 15 44.627276 13 15 44.627276 10800
     46 13 15 44.637282 13 15 44.637282 10800
     47 13 15 44.647243 13 15 44.647243 10800
     48 13 15 44.657304 13 15 44.657304 10800
     49 13 15 44.667273 13 15 44.667273 10800
     50 13 15 44.677272 13 15 44.677272 10800
     51 13 15 44.687274 13 15 44.687274 10800
     52 13 15 44.697249 13 15 44.697249 10800
     53 13 15 44.707313 13 15 44.707313 10800
     54 13 15 44.717308 13 15 44.717308 10800
     55 13 15 44.727308 13 15 44.727308 10800
     56 13 15 44.737299 13 15 44.737299 10800
     57 13 15 44.747280 13 15 44.747280 10800
     58 13 15 44.757274 13 15 44.757274 10800
     59 13 15 44.767274 13 15 44.767274 10800
     60 13 15 44.777276 13 15 44.777276 10800
     61 13 15 44.787275 13 15 44.787275 10800
     62 13 15 44.797272 13 15 44.797272 10800
     63 13 15 44.807277 13 15 44.807277 10800
     64 13 15 44.817273 13 15 44.817273 10800
     65 13 15 44.827272 13 15 44.827272 10800
     66 13 15 44.837274 13 15 44.837274 10800
     67 13 15 44.847273 13 15 44.847273 10800
     68 13 15 44.857272 13 15 44.857272 10800
     69 13 15 44.867280 13 15 44.867280 10800
     70 13 15 44.877276 13 15 44.877276 10800
     71 13 15 44.887261 13 15 44.887261 10800
     72 13 15 44.897281 13 15 44.897281 10800
     73 13 15 44.907271 13 15 44.907271 10800
     74 13 15 44.917256 13 15 44.917256 10800
     75 13 15 44.927284 13 15 44.927284 10800
     76 13 15 44.937269 13 15 44.937269 10800
     77 13 15 44.947274 13 15 44.947274 10800
     78 13 15 44.957273 13 15 44.957273 10800
     79 13 15 44.967274 13 15 44.967274 10800
     80 13 15 44.977355 13 15 44.977355 10800
     81 13 15 44.987309 13 15 44.987309 10800
     82 13 15 44.997283 13 15 44.997283 10800
     83 13 15 45.007275 13 15 45.007275 10800
     84 13 15 45.017271 13 15 45.017271 10800
     85 13 15 45.027273 13 15 45.027273 10800
     86 13 15 45.037272 13 15 45.037272 10800
     87 13 15 45.047274 13 15 45.047274 10800
     88 13 15 45.057273 13 15 45.057273 10800
     89 13 15 45.067273 13 15 45.067273 10800
     90 13 15 45.077275 13 15 45.077275 10800
     91 13 15 45.087271 13 15 45.087271 10800
     92 13 15 45.097275 13 15 45.097275 10800
     93 13 15 45.107359 13 15 45.107359 10800
     94 13 15 45.117283 13 15 45.117283 10800
     95 13 15 45.127276 13 15 45.127276 10800
     96 13 15 45.137270 13 15 45.137270 10800
     97 13 15 45.147272 13 15 45.147272 10800
     98 13 15 45.157271 13 15 45.157271 10800
     99 13 15 45.167270 13 15 45.167270 10800
    100 13 15 45.177270 13 15 45.177270 10800
    101 13 15 45.187272 13 15 45.187272 10800
    102 13 15 45.197243 13 15 45.197243 10800
    103 13 15 45.207278 13 15 45.207278 10800
    104 13 15 45.217236 13 15 45.217236 10800
    105 13 15 45.227289 13 15 45.227289 10800
    106 13 15 45.237287 13 15 45.237287 10800
    107 13 15 45.247284 13 15 45.247284 10800
    108 13 15 45.257272 13 15 45.257272 10800
    109 13 15 45.267273 13 15 45.267273 10800
    110 13 15 45.277275 13 15 45.277275 10800
    111 13 15 45.287283 13 15 45.287283 10800
    112 13 15 45.297272 13 15 45.297272 10800
    113 13 15 45.307276 13 15 45.307276 10800
    114 13 15 45.317340 13 15 45.317340 10800
    115 13 15 45.327345 13 15 45.327345 10800
    116 13 15 45.337294 13 15 45.337294 10800
    117 13 15 45.347270 13 15 45.347270 10800
    118 13 15 45.357202 13 15 45.357202 10800
    119 13 15 45.367251 13 15 45.367251 10800
    120 13 15 45.377322 13 15 45.377322 10800
    121 13 15 45.387278 13 15 45.387278 10800
    122 13 15 45.397263 13 15 45.397263 10800
    123 13 15 45.407274 13 15 45.407274 10800
    124 13 15 45.417268 13 15 45.417268 10800
    125 13 15 45.427275 13 15 45.427275 10800
    126 13 15 45.437272 13 15 45.437272 10800
    127 13 15 45.447274 13 15 45.447274 10800
    128 13 15 45.457290 13 15 45.457290 10800
    129 13 15 45.467283 13 15 45.467283 10800
    130 13 15 45.477252 13 15 45.477252 10800
    131 13 15 45.487358 13 15 45.487358 10800
    132 13 15 45.497275 13 15 45.497275 10800
    133 13 15 45.507277 13 15 45.507277 10800
    134 13 15 45.517274 13 15 45.517274 10800
    135 13 15 45.527273 13 15 45.527273 10800
    136 13 15 45.537270 13 15 45.537270 10800
    137 13 15 45.547271 13 15 45.547271 10800
    138 13 15 45.557271 13 15 45.557271 10800
    139 13 15 45.567272 13 15 45.567272 10800
    140 13 15 45.577275 13 15 45.577275 10800
    141 13 15 45.587271 13 15 45.587271 10800
    142 13 15 45.597276 13 15 45.597276 10800
    143 13 15 45.607258 13 15 45.607258 10800
    144 13 15 45.617266 13 15 45.617266 10800
    145 13 15 45.627254 13 15 45.627254 10800
    146 13 15 45.637258 13 15 45.637258 10800
    147 13 15 45.647269 13 15 45.647269 10800
    148 13 15 45.657305 13 15 45.657305 10800
    149 13 15 45.667271 13 15 45.667271 10800
    150 13 15 45.677272 13 15 45.677272 10800
    151 13 15 45.687274 13 15 45.687274 10800
    152 13 15 45.697290 13 15 45.697290 10800
    153 13 15 45.707245 13 15 45.707245 10800
    154 13 15 45.717278 13 15 45.717278 10800
    155 13 15 45.727297 13 15 45.727297 10800
    156 13 15 45.737274 13 15 45.737274 10800
    157 13 15 45.747275 13 15 45.747275 10800
    158 13 15 45.757271 13 15 45.757271 10800
    159 13 15 45.767273 13 15 45.767273 10800
    160 13 15 45.777281 13 15 45.777281 10800
    161 13 15 45.787303 13 15 45.787303 10800
    162 13 15 45.797313 13 15 45.797313 10800
    163 13 15 45.807277 13 15 45.807277 10800
    164 13 15 45.817276 13 15 45.817276 10800
    165 13 15 45.827350 13 15 45.827350 10800
    166 13 15 45.837285 13 15 45.837285 10800
    167 13 15 45.847271 13 15 45.847271 10800
    168 13 15 45.857270 13 15 45.857270 10800
    169 13 15 45.867297 13 15 45.867297 10800
    170 13 15 45.877268 13 15 45.877268 10800
    171 13 15 45.887259 13 15 45.887259 10800
    172 13 15 45.897263 13 15 45.897263 10800
    173 13 15 45.907273 13 15 45.907273 10800
    174 13 15 45.917259 13 15 45.917259 10800
    175 13 15 45.927298 13 15 45.927298 10800
    176 13 15 45.937275 13 15 45.937275 10800
    177 13 15 45.947271 13 15 45.947271 10800
    178 13 15 45.957273 13 15 45.957273 10800
    179 13 15 45.967272 13 15 45.967272 10800
    180 13 15 45.977299 13 15 45.977299 10800
    181 13 15 45.987318 13 15 45.987318 10800
    182 13 15 45.997301 13 15 45.997301 10800
    183 13 15 46.007300 13 15 46.007300 10800
    184 13 15 46.017307 13 15 46.017307 10800
    185 13 15 46.027275 13 15 46.027275 10800
    186 13 15 46.037272 13 15 46.037272 10800
    187 13 15 46.047272 13 15 46.047272 10800
    188 13 15 46.057273 13 15 46.057273 10800
    189 13 15 46.067276 13 15 46.067276 10800
    190 13 15 46.077272 13 15 46.077272 10800
    191 13 15 46.087274 13 15 46.087274 10800
    192 13 15 46.097273 13 15 46.097273 10800
    193 13 15 46.107283 13 15 46.107283 10800
    194 13 15 46.117272 13 15 46.117272 10800
    195 13 15 46.127282 13 15 46.127282 10800
    196 13 15 46.137278 13 15 46.137278 10800
    197 13 15 46.147376 13 15 46.147376 10800
    198 13 15 46.157435 13 15 46.157435 10800
    199 13 15 46.167282 13 15 46.167282 10800
    200 13 15 46.177292 13 15 46.177292 10800
    201 13 15 46.187264 13 15 46.187264 10800
    202 13 15 46.197564 13 15 46.197564 10800
    203 13 15 46.207332 13 15 46.207332 10800
    204 13 15 46.217270 13 15 46.217270 10800
    205 13 15 46.227558 13 15 46.227558 10800
    206 13 15 46.237389 13 15 46.237389 10800
    207 13 15 46.247323 13 15 46.247323 10800
    208 13 15 46.257274 13 15 46.257274 10800
    209 13 15 46.267332 13 15 46.267332 10800
    210 13 15 46.277273 13 15 46.277273 10800
    211 13 15 46.287272 13 15 46.287272 10800
    212 13 15 46.297280 13 15 46.297280 10800
    213 13 15 46.307312 13 15 46.307312 10800
    214 13 15 46.317309 13 15 46.317309 10800
    215 13 15 46.327291 13 15 46.327291 10800
    216 13 15 46.337274 13 15 46.337274 10800
    217 13 15 46.347296 13 15 46.347296 10800
    218 13 15 46.357301 13 15 46.357301 10800
    219 13 15 46.367282 13 15 46.367282 10800
    220 13 15 46.377352 13 15 46.377352 10800
    221 13 15 46.387273 13 15 46.387273 10800
    222 13 15 46.397272 13 15 46.397272 10800
    223 13 15 46.407277 13 15 46.407277 10800
    224 13 15 46.417290 13 15 46.417290 10800
    225 13 15 46.427306 13 15 46.427306 10800
    226 13 15 46.437283 13 15 46.437283 10800
    227 13 15 46.447229 13 15 46.447229 10800
    228 13 15 46.457290 13 15 46.457290 10800
    229 13 15 46.467281 13 15 46.467281 10800
    230 13 15 46.477272 13 15 46.477272 10800
    231 13 15 46.487273 13 15 46.487273 10800
    232 13 15 46.497272 13 15 46.497272 10800
    233 13 15 46.507269 13 15 46.507269 10800
    234 13 15 46.517271 13 15 46.517271 10800
    235 13 15 46.527271 13 15 46.527271 10800
    236 13 15 46.537272 13 15 46.537272 10800
    237 13 15 46.547271 13 15 46.547271 10800
    238 13 15 46.557271 13 15 46.557271 10800
    239 13 15 46.567275 13 15 46.567275 10800
    240 13 15 46.577303 13 15 46.577303 10800
    241 13 15 46.587277 13 15 46.587277 10800
    242 13 15 46.597270 13 15 46.597270 10800
    243 13 15 46.607273 13 15 46.607273 10800
    244 13 15 46.617271 13 15 46.617271 10800
    245 13 15 46.627271 13 15 46.627271 10800
    246 13 15 46.637270 13 15 46.637270 10800
    247 13 15 46.647272 13 15 46.647272 10800
    248 13 15 46.657271 13 15 46.657271 10800
    249 13 15 46.667273 13 15 46.667273 10800
    250 13 15 46.677272 13 15 46.677272 10800
    251 13 15 46.687280 13 15 46.687280 10800
    252 13 15 46.697287 13 15 46.697287 10800
    253 13 15 46.707220 13 15 46.707220 10800
    254 13 15 46.717266 13 15 46.717266 10800
    255 13 15 46.727249 13 15 46.727249 10800
    256 13 15 46.737271 13 15 46.737271 10800
    257 13 15 46.747270 13 15 46.747270 10800
    258 13 15 46.757269 13 15 46.757269 10800
    259 13 15 46.767291 13 15 46.767291 10800
    260 13 15 46.777293 13 15 46.777293 10800
    261 13 15 46.787297 13 15 46.787297 10800
    262 13 15 46.797274 13 15 46.797274 10800
    263 13 15 46.807273 13 15 46.807273 10800
    264 13 15 46.817275 13 15 46.817275 10800
    265 13 15 46.827271 13 15 46.827271 10800
    266 13 15 46.837271 13 15 46.837271 10800
    267 13 15 46.847273 13 15 46.847273 10800
    268 13 15 46.857270 13 15 46.857270 10800
    269 13 15 46.867272 13 15 46.867272 10800
    270 13 15 46.877273 13 15 46.877273 10800
    271 13 15 46.887272 13 15 46.887272 10800
    272 13 15 46.897326 13 15 46.897326 10800
    273 13 15 46.907273 13 15 46.907273 10800
    274 13 15 46.917271 13 15 46.917271 10800
    275 13 15 46.927273 13 15 46.927273 10800
    276 13 15 46.937272 13 15 46.937272 10800
    277 13 15 46.947271 13 15 46.947271 10800
    278 13 15 46.957270 13 15 46.957270 10800
    279 13 15 46.967275 13 15 46.967275 10800
    280 13 15 46.977310 13 15 46.977310 10800
    281 13 15 46.987290 13 15 46.987290 10800
    282 13 15 46.997298 13 15 46.997298 10800
    283 13 15 47.007300 13 15 47.007300 10800
    284 13 15 47.017305 13 15 47.017305 10800
    285 13 15 47.027298 13 15 47.027298 10800
    286 13 15 47.037300 13 15 47.037300 10800
    287 13 15 47.047299 13 15 47.047299 10800
    288 13 15 47.057279 13 15 47.057279 10800
    289 13 15 47.067275 13 15 47.067275 10800
    290 13 15 47.077309 13 15 47.077309 10800
    291 13 15 47.087308 13 15 47.087308 10800
    292 13 15 47.097298 13 15 47.097298 10800
    293 13 15 47.107298 13 15 47.107298 10800
    294 13 15 47.117342 13 15 47.117342 10800
    295 13 15 47.127346 13 15 47.127346 10800
    296 13 15 47.137286 13 15 47.137286 10800
    297 13 15 47.147283 13 15 47.147283 10800
    298 13 15 47.157274 13 15 47.157274 10800
    299 13 15 47.167282 13 15 47.167282 10800
    300 13 15 47.177256 13 15 47.177256 10800
    301 13 15 47.187274 13 15 47.187274 10800
    302 13 15 47.197282 13 15 47.197282 10800
    303 13 15 47.207225 13 15 47.207225 10800
    304 13 15 47.217218 13 15 47.217218 10800
    305 13 15 47.227274 13 15 47.227274 10800
    306 13 15 47.237310 13 15 47.237310 10800
    307 13 15 47.247287 13 15 47.247287 10800
    308 13 15 47.257271 13 15 47.257271 10800
    309 13 15 47.267257 13 15 47.267257 10800
    310 13 15 47.277289 13 15 47.277289 10800
    311 13 15 47.287272 13 15 47.287272 10800
    312 13 15 47.297266 13 15 47.297266 10800
    313 13 15 47.307274 13 15 47.307274 10800
    314 13 15 47.317287 13 15 47.317287 10800
    315 13 15 47.327274 13 15 47.327274 10800
    316 13 15 47.337262 13 15 47.337262 10800
    317 13 15 47.347273 13 15 47.347273 10800
    318 13 15 47.357272 13 15 47.357272 10800
    319 13 15 47.367305 13 15 47.367305 10800
    320 13 15 47.377274 13 15 47.377274 10800
    321 13 15 47.387258 13 15 47.387258 10800
    322 13 15 47.397260 13 15 47.397260 10800
    323 13 15 47.407285 13 15 47.407285 10800
    324 13 15 47.417265 13 15 47.417265 10800
    325 13 15 47.427321 13 15 47.427321 10800
    326 13 15 47.437272 13 15 47.437272 10800
    327 13 15 47.447262 13 15 47.447262 10800
    328 13 15 47.457306 13 15 47.457306 10800
    329 13 15 47.467286 13 15 47.467286 10800
    330 13 15 47.477274 13 15 47.477274 10800
    331 13 15 47.487273 13 15 47.487273 10800
    332 13 15 47.497272 13 15 47.497272 10800
    333 13 15 47.507272 13 15 47.507272 10800
    334 13 15 47.517271 13 15 47.517271 10800
    335 13 15 47.527258 13 15 47.527258 10800
    336 13 15 47.537289 13 15 47.537289 10800
    337 13 15 47.547271 13 15 47.547271 10800
    338 13 15 47.557273 13 15 47.557273 10800
    339 13 15 47.567276 13 15 47.567276 10800
    340 13 15 47.577283 13 15 47.577283 10800
    341 13 15 47.587274 13 15 47.587274 10800
    342 13 15 47.597285 13 15 47.597285 10800
    343 13 15 47.607272 13 15 47.607272 10800
    344 13 15 47.617274 13 15 47.617274 10800
    345 13 15 47.627270 13 15 47.627270 10800
    346 13 15 47.637272 13 15 47.637272 10800
    347 13 15 47.647272 13 15 47.647272 10800
    348 13 15 47.657271 13 15 47.657271 10800
    349 13 15 47.667274 13 15 47.667274 10800
    350 13 15 47.677272 13 15 47.677272 10800
    351 13 15 47.687274 13 15 47.687274 10800
    352 13 15 47.697285 13 15 47.697285 10800
    353 13 15 47.707313 13 15 47.707313 10800
    354 13 15 47.717317 13 15 47.717317 10800
    355 13 15 47.727280 13 15 47.727280 10800
    356 13 15 47.737274 13 15 47.737274 10800
    357 13 15 47.747276 13 15 47.747276 10800
    358 13 15 47.757272 13 15 47.757272 10800
    359 13 15 47.767290 13 15 47.767290 10800
    360 13 15 47.777287 13 15 47.777287 10800
    361 13 15 47.787275 13 15 47.787275 10800
    362 13 15 47.797274 13 15 47.797274 10800
    363 13 15 47.807296 13 15 47.807296 10800
    364 13 15 47.817245 13 15 47.817245 10800
    365 13 15 47.827300 13 15 47.827300 10800
    366 13 15 47.837274 13 15 47.837274 10800
    367 13 15 47.847273 13 15 47.847273 10800
    368 13 15 47.857272 13 15 47.857272 10800
    369 13 15 47.867271 13 15 47.867271 10800
    370 13 15 47.877273 13 15 47.877273 10800
    371 13 15 47.887270 13 15 47.887270 10800
    372 13 15 47.897272 13 15 47.897272 10800
    373 13 15 47.907273 13 15 47.907273 10800
    374 13 15 47.917273 13 15 47.917273 10800
    375 13 15 47.927275 13 15 47.927275 10800
    376 13 15 47.937277 13 15 47.937277 10800
    377 13 15 47.947274 13 15 47.947274 10800
    378 13 15 47.957268 13 15 47.957268 10800
    379 13 15 47.967323 13 15 47.967323 10800
    380 13 15 47.977283 13 15 47.977283 10800
    381 13 15 47.987271 13 15 47.987271 10800
    382 13 15 47.997272 13 15 47.997272 10800
    383 13 15 48.007285 13 15 48.007285 10800
    384 13 15 48.017271 13 15 48.017271 10800
    385 13 15 48.027270 13 15 48.027270 10800
    386 13 15 48.037270 13 15 48.037270 10800
    387 13 15 48.047347 13 15 48.047347 10800
    388 13 15 48.057273 13 15 48.057273 10800
    389 13 15 48.067275 13 15 48.067275 10800
    390 13 15 48.077274 13 15 48.077274 10800
    391 13 15 48.087349 13 15 48.087349 10800
    392 13 15 48.097307 13 15 48.097307 10800
    393 13 15 48.107351 13 15 48.107351 10800
    394 13 15 48.117359 13 15 48.117359 10800
    395 13 15 48.127344 13 15 48.127344 10800
    396 13 15 48.137363 13 15 48.137363 10800
    397 13 15 48.147289 13 15 48.147289 10800
    398 13 15 48.157274 13 15 48.157274 10800
    399 13 15 48.167324 13 15 48.167324 10800
    400 13 15 48.177343 13 15 48.177343 10800
    401 13 15 48.187286 13 15 48.187286 10800
    402 13 15 48.197299 13 15 48.197299 10800
    403 13 15 48.207262 13 15 48.207262 10800
    404 13 15 48.217291 13 15 48.217291 10800
    405 13 15 48.227342 13 15 48.227342 10800
    406 13 15 48.237260 13 15 48.237260 10800
    407 13 15 48.247258 13 15 48.247258 10800
    408 13 15 48.257344 13 15 48.257344 10800
    409 13 15 48.267324 13 15 48.267324 10800
    410 13 15 48.277273 13 15 48.277273 10800
    411 13 15 48.287272 13 15 48.287272 10800
    412 13 15 48.297272 13 15 48.297272 10800
    413 13 15 48.307271 13 15 48.307271 10800
    414 13 15 48.317273 13 15 48.317273 10800
    415 13 15 48.327272 13 15 48.327272 10800
    416 13 15 48.337271 13 15 48.337271 10800
    417 13 15 48.347270 13 15 48.347270 10800
    418 13 15 48.357300 13 15 48.357300 10800
    419 13 15 48.367271 13 15 48.367271 10800
    420 13 15 48.377274 13 15 48.377274 10800
    421 13 15 48.387273 13 15 48.387273 10800
    422 13 15 48.397274 13 15 48.397274 10800
    423 13 15 48.407530 13 15 48.407530 10800
    424 13 15 48.417282 13 15 48.417282 10800
    425 13 15 48.427270 13 15 48.427270 10800
    426 13 15 48.437272 13 15 48.437272 10800
    427 13 15 48.447271 13 15 48.447271 10800
    428 13 15 48.457270 13 15 48.457270 10800
    429 13 15 48.467275 13 15 48.467275 10800
    430 13 15 48.477277 13 15 48.477277 10800
    431 13 15 48.487271 13 15 48.487271 10800
    432 13 15 48.497270 13 15 48.497270 10800
    433 13 15 48.507271 13 15 48.507271 10800
    434 13 15 48.517271 13 15 48.517271 10800
    435 13 15 48.527270 13 15 48.527270 10800
    436 13 15 48.537275 13 15 48.537275 10800
    437 13 15 48.547272 13 15 48.547272 10800
    438 13 15 48.557271 13 15 48.557271 10800
    439 13 15 48.567272 13 15 48.567272 10800
    440 13 15 48.577275 13 15 48.577275 10800
    441 13 15 48.587269 13 15 48.587269 10800
    442 13 15 48.597271 13 15 48.597271 10800
    443 13 15 48.607269 13 15 48.607269 10800
    444 13 15 48.617275 13 15 48.617275 10800
    445 13 15 48.627271 13 15 48.627271 10800
    446 13 15 48.637270 13 15 48.637270 10800
    447 13 15 48.647271 13 15 48.647271 10800
    448 13 15 48.657271 13 15 48.657271 10800
    449 13 15 48.667271 13 15 48.667271 10800
    450 13 15 48.677270 13 15 48.677270 10800
    451 13 15 48.687283 13 15 48.687283 10800
    452 13 15 48.697270 13 15 48.697270 10800
    453 13 15 48.707284 13 15 48.707284 10800
    454 13 15 48.717249 13 15 48.717249 10800
    455 13 15 48.727266 13 15 48.727266 10800
    456 13 15 48.737274 13 15 48.737274 10800
    457 13 15 48.747275 13 15 48.747275 10800
    458 13 15 48.757271 13 15 48.757271 10800
    459 13 15 48.767271 13 15 48.767271 10800
    460 13 15 48.777275 13 15 48.777275 10800
    461 13 15 48.787272 13 15 48.787272 10800
    462 13 15 48.797271 13 15 48.797271 10800
    463 13 15 48.807273 13 15 48.807273 10800
    464 13 15 48.817279 13 15 48.817279 10800
    465 13 15 48.827272 13 15 48.827272 10800
    466 13 15 48.837271 13 15 48.837271 10800
    467 13 15 48.847271 13 15 48.847271 10800
    468 13 15 48.857272 13 15 48.857272 10800
    469 13 15 48.867342 13 15 48.867342 10800
    470 13 15 48.877257 13 15 48.877257 10800
    471 13 15 48.887256 13 15 48.887256 10800
    472 13 15 48.897405 13 15 48.897405 10800
    473 13 15 48.907274 13 15 48.907274 10800
    474 13 15 48.917257 13 15 48.917257 10800
    475 13 15 48.927278 13 15 48.927278 10800
    476 13 15 48.937277 13 15 48.937277 10800
    477 13 15 48.947290 13 15 48.947290 10800
    478 13 15 48.957272 13 15 48.957272 10800
    479 13 15 48.967274 13 15 48.967274 10800
    480 13 15 48.977285 13 15 48.977285 10800
    481 13 15 48.987281 13 15 48.987281 10800
    482 13 15 48.997272 13 15 48.997272 10800
    483 13 15 49.007280 13 15 49.007280 10800
    484 13 15 49.017370 13 15 49.017370 10800
    485 13 15 49.027275 13 15 49.027275 10800
    486 13 15 49.037281 13 15 49.037281 10800
    487 13 15 49.047277 13 15 49.047277 10800
    488 13 15 49.057273 13 15 49.057273 10800
    489 13 15 49.067304 13 15 49.067304 10800
    490 13 15 49.077274 13 15 49.077274 10800
    491 13 15 49.087271 13 15 49.087271 10800
    492 13 15 49.097271 13 15 49.097271 10800
    493 13 15 49.107284 13 15 49.107284 10800
    494 13 15 49.117271 13 15 49.117271 10800
    495 13 15 49.127273 13 15 49.127273 10800
    496 13 15 49.137278 13 15 49.137278 10800
    497 13 15 49.147289 13 15 49.147289 10800
    498 13 15 49.157280 13 15 49.157280 10800
    499 13 15 49.167543 13 15 49.167543 10800
    500 13 15 49.177286 13 15 49.177286 10800
    501 13 15 49.187328 13 15 49.187328 10800
    502 13 15 49.197277 13 15 49.197277 10800
    503 13 15 49.207354 13 15 49.207354 10800
    504 13 15 49.217337 13 15 49.217337 10800
    505 13 15 49.227283 13 15 49.227283 10800
    506 13 15 49.237363 13 15 49.237363 10800
    507 13 15 49.247262 13 15 49.247262 10800
    508 13 15 49.257274 13 15 49.257274 10800
    509 13 15 49.267270 13 15 49.267270 10800
    510 13 15 49.277248 13 15 49.277248 10800
    511 13 15 49.287255 13 15 49.287255 10800
    512 13 15 49.297260 13 15 49.297260 10800
    513 13 15 49.307260 13 15 49.307260 10800
    514 13 15 49.317261 13 15 49.317261 10800
    515 13 15 49.327277 13 15 49.327277 10800
    516 13 15 49.337223 13 15 49.337223 10800
    517 13 15 49.347234 13 15 49.347234 10800
    518 13 15 49.357308 13 15 49.357308 10800
    519 13 15 49.367277 13 15 49.367277 10800
    520 13 15 49.377265 13 15 49.377265 10800
    521 13 15 49.387275 13 15 49.387275 10800
    522 13 15 49.397224 13 15 49.397224 10800
    523 13 15 49.407274 13 15 49.407274 10800
    524 13 15 49.417287 13 15 49.417287 10800
    525 13 15 49.427286 13 15 49.427286 10800
    526 13 15 49.437280 13 15 49.437280 10800
    527 13 15 49.447246 13 15 49.447246 10800
    528 13 15 49.457267 13 15 49.457267 10800
    529 13 15 49.467278 13 15 49.467278 10800
    530 13 15 49.477272 13 15 49.477272 10800
    531 13 15 49.487273 13 15 49.487273 10800
    532 13 15 49.497273 13 15 49.497273 10800
    533 13 15 49.507271 13 15 49.507271 10800
    534 13 15 49.517271 13 15 49.517271 10800
    535 13 15 49.527273 13 15 49.527273 10800
    536 13 15 49.537272 13 15 49.537272 10800
    537 13 15 49.547271 13 15 49.547271 10800
    538 13 15 49.557271 13 15 49.557271 10800
    539 13 15 49.567272 13 15 49.567272 10800
    540 13 15 49.577272 13 15 49.577272 10800
    541 13 15 49.587274 13 15 49.587274 10800
    542 13 15 49.597270 13 15 49.597270 10800
    543 13 15 49.607273 13 15 49.607273 10800
    544 13 15 49.617272 13 15 49.617272 10800
    545 13 15 49.627271 13 15 49.627271 10800
    546 13 15 49.637270 13 15 49.637270 10800
    547 13 15 49.647272 13 15 49.647272 10800
    548 13 15 49.657283 13 15 49.657283 10800
    549 13 15 49.667274 13 15 49.667274 10800
    550 13 15 49.677276 13 15 49.677276 10800
    551 13 15 49.687286 13 15 49.687286 10800
    552 13 15 49.697298 13 15 49.697298 10800
    553 13 15 49.707310 13 15 49.707310 10800
    554 13 15 49.717301 13 15 49.717301 10800
    555 13 15 49.727339 13 15 49.727339 10800
    556 13 15 49.737288 13 15 49.737288 10800
    557 13 15 49.747276 13 15 49.747276 10800
    558 13 15 49.757271 13 15 49.757271 10800
    559 13 15 49.767271 13 15 49.767271 10800
    560 13 15 49.777273 13 15 49.777273 10800
    561 13 15 49.787273 13 15 49.787273 10800
    562 13 15 49.797271 13 15 49.797271 10800
    563 13 15 49.807271 13 15 49.807271 10800
    564 13 15 49.817273 13 15 49.817273 10800
    565 13 15 49.827272 13 15 49.827272 10800
    566 13 15 49.837271 13 15 49.837271 10800
    567 13 15 49.847271 13 15 49.847271 10800
    568 13 15 49.857272 13 15 49.857272 10800
    569 13 15 49.867280 13 15 49.867280 10800
    570 13 15 49.877302 13 15 49.877302 10800
    571 13 15 49.887284 13 15 49.887284 10800
    572 13 15 49.897274 13 15 49.897274 10800
    573 13 15 49.907274 13 15 49.907274 10800
    574 13 15 49.917276 13 15 49.917276 10800
    575 13 15 49.927272 13 15 49.927272 10800
    576 13 15 49.937274 13 15 49.937274 10800
    577 13 15 49.947277 13 15 49.947277 10800
    578 13 15 49.957270 13 15 49.957270 10800
    579 13 15 49.967272 13 15 49.967272 10800
    580 13 15 49.978853 13 15 49.978853 10800
    581 13 15 49.987239 13 15 49.987239 10800
    582 13 15 49.997290 13 15 49.997290 10800
    583 13 15 50.007277 13 15 50.007277 10800
    584 13 15 50.017287 13 15 50.017287 10800
    585 13 15 50.027284 13 15 50.027284 10800
    586 13 15 50.037309 13 15 50.037309 10800
    587 13 15 50.047272 13 15 50.047272 10800
    588 13 15 50.057271 13 15 50.057271 10800
    589 13 15 50.067275 13 15 50.067275 10800
    590 13 15 50.077269 13 15 50.077269 10800
    591 13 15 50.087310 13 15 50.087310 10800
    592 13 15 50.097276 13 15 50.097276 10800
    593 13 15 50.107272 13 15 50.107272 10800
    594 13 15 50.117272 13 15 50.117272 10800
    595 13 15 50.127282 13 15 50.127282 10800
    596 13 15 50.137269 13 15 50.137269 10800
    597 13 15 50.147272 13 15 50.147272 10800
    598 13 15 50.157384 13 15 50.157384 10800
    599 13 15 50.167271 13 15 50.167271 10800
    600 13 15 50.177272 13 15 50.177272 10800
    601 13 15 50.187368 13 15 50.187368 10800
    602 13 15 50.197282 13 15 50.197282 10800
    603 13 15 50.207272 13 15 50.207272 10800
    604 13 15 50.217289 13 15 50.217289 10800
    605 13 15 50.227277 13 15 50.227277 10800
    606 13 15 50.237274 13 15 50.237274 10800
    607 13 15 50.247275 13 15 50.247275 10800
    608 13 15 50.257272 13 15 50.257272 10800
    609 13 15 50.267273 13 15 50.267273 10800
    610 13 15 50.277258 13 15 50.277258 10800
    611 13 15 50.287258 13 15 50.287258 10800
    612 13 15 50.297252 13 15 50.297252 10800
    613 13 15 50.307279 13 15 50.307279 10800
    614 13 15 50.317258 13 15 50.317258 10800
    615 13 15 50.327258 13 15 50.327258 10800
    616 13 15 50.337273 13 15 50.337273 10800
    617 13 15 50.347267 13 15 50.347267 10800
    618 13 15 50.357269 13 15 50.357269 10800
    619 13 15 50.367271 13 15 50.367271 10800
    620 13 15 50.377344 13 15 50.377344 10800
    621 13 15 50.387259 13 15 50.387259 10800
    622 13 15 50.397302 13 15 50.397302 10800
    623 13 15 50.407235 13 15 50.407235 10800
    624 13 15 50.417281 13 15 50.417281 10800
    625 13 15 50.427263 13 15 50.427263 10800
    626 13 15 50.437283 13 15 50.437283 10800
    627 13 15 50.447322 13 15 50.447322 10800
    628 13 15 50.457307 13 15 50.457307 10800
    629 13 15 50.467297 13 15 50.467297 10800
    630 13 15 50.477280 13 15 50.477280 10800
    631 13 15 50.487271 13 15 50.487271 10800
    632 13 15 50.497352 13 15 50.497352 10800
    633 13 15 50.507286 13 15 50.507286 10800
    634 13 15 50.517282 13 15 50.517282 10800
    635 13 15 50.527312 13 15 50.527312 10800
    636 13 15 50.537278 13 15 50.537278 10800
    637 13 15 50.547308 13 15 50.547308 10800
    638 13 15 50.557307 13 15 50.557307 10800
    639 13 15 50.567298 13 15 50.567298 10800
    640 13 15 50.577291 13 15 50.577291 10800
    641 13 15 50.587280 13 15 50.587280 10800
    642 13 15 50.597296 13 15 50.597296 10800
    643 13 15 50.607295 13 15 50.607295 10800
    644 13 15 50.617283 13 15 50.617283 10800
    645 13 15 50.627274 13 15 50.627274 10800
    646 13 15 50.637282 13 15 50.637282 10800
    647 13 15 50.647272 13 15 50.647272 10800
    648 13 15 50.657271 13 15 50.657271 10800
    649 13 15 50.667270 13 15 50.667270 10800
    650 13 15 50.677275 13 15 50.677275 10800
    651 13 15 50.687297 13 15 50.687297 10800
    652 13 15 50.697285 13 15 50.697285 10800
    653 13 15 50.707284 13 15 50.707284 10800
    654 13 15 50.717278 13 15 50.717278 10800
    655 13 15 50.727252 13 15 50.727252 10800
    656 13 15 50.737282 13 15 50.737282 10800
    657 13 15 50.747275 13 15 50.747275 10800
    658 13 15 50.757274 13 15 50.757274 10800
    659 13 15 50.767296 13 15 50.767296 10800
    660 13 15 50.777299 13 15 50.777299 10800
    661 13 15 50.787300 13 15 50.787300 10800
    662 13 15 50.797289 13 15 50.797289 10800
    663 13 15 50.807296 13 15 50.807296 10800
    664 13 15 50.817413 13 15 50.817413 10800
    665 13 15 50.827288 13 15 50.827288 10800
    666 13 15 50.837274 13 15 50.837274 10800
    667 13 15 50.847279 13 15 50.847279 10800
    668 13 15 50.857382 13 15 50.857382 10800
    669 13 15 50.867274 13 15 50.867274 10800
    670 13 15 50.877262 13 15 50.877262 10800
    671 13 15 50.887281 13 15 50.887281 10800
    672 13 15 50.897370 13 15 50.897370 10800
    673 13 15 50.907307 13 15 50.907307 10800
    674 13 15 50.917261 13 15 50.917261 10800
    675 13 15 50.927588 13 15 50.927588 10800
    676 13 15 50.937283 13 15 50.937283 10800
    677 13 15 50.947291 13 15 50.947291 10800
    678 13 15 50.957312 13 15 50.957312 10800
    679 13 15 50.967244 13 15 50.967244 10800
    680 13 15 50.977327 13 15 50.977327 10800
    681 13 15 50.987335 13 15 50.987335 10800
    682 13 15 50.997292 13 15 50.997292 10800
    683 13 15 51.007297 13 15 51.007297 10800
    684 13 15 51.017307 13 15 51.017307 10800
    685 13 15 51.027456 13 15 51.027456 10800
    686 13 15 51.037300 13 15 51.037300 10800
    687 13 15 51.047271 13 15 51.047271 10800
    688 13 15 51.057273 13 15 51.057273 10800
    689 13 15 51.067284 13 15 51.067284 10800
    690 13 15 51.077308 13 15 51.077308 10800
    691 13 15 51.087336 13 15 51.087336 10800
    692 13 15 51.097312 13 15 51.097312 10800
    693 13 15 51.107363 13 15 51.107363 10800
    694 13 15 51.117331 13 15 51.117331 10800
    695 13 15 51.127324 13 15 51.127324 10800
    696 13 15 51.137276 13 15 51.137276 10800
    697 13 15 51.147283 13 15 51.147283 10800
    698 13 15 51.157470 13 15 51.157470 10800
    699 13 15 51.167279 13 15 51.167279 10800
    700 13 15 51.177410 13 15 51.177410 10800
    701 13 15 51.187387 13 15 51.187387 10800
    702 13 15 51.197277 13 15 51.197277 10800
    703 13 15 51.207278 13 15 51.207278 10800
    704 13 15 51.217255 13 15 51.217255 10800
    705 13 15 51.227276 13 15 51.227276 10800
    706 13 15 51.237284 13 15 51.237284 10800
    707 13 15 51.247315 13 15 51.247315 10800
    708 13 15 51.257311 13 15 51.257311 10800
    709 13 15 51.267310 13 15 51.267310 10800
    710 13 15 51.277312 13 15 51.277312 10800
    711 13 15 51.287286 13 15 51.287286 10800
    712 13 15 51.297274 13 15 51.297274 10800
    713 13 15 51.307276 13 15 51.307276 10800
    714 13 15 51.317275 13 15 51.317275 10800
    715 13 15 51.327274 13 15 51.327274 10800
    716 13 15 51.337279 13 15 51.337279 10800
    717 13 15 51.347275 13 15 51.347275 10800
    718 13 15 51.357280 13 15 51.357280 10800
    719 13 15 51.367271 13 15 51.367271 10800
    720 13 15 51.377271 13 15 51.377271 10800
    721 13 15 51.387273 13 15 51.387273 10800
    722 13 15 51.397272 13 15 51.397272 10800
    723 13 15 51.407277 13 15 51.407277 10800
    724 13 15 51.417273 13 15 51.417273 10800
    725 13 15 51.427272 13 15 51.427272 10800
    726 13 15 51.437272 13 15 51.437272 10800
    727 13 15 51.447271 13 15 51.447271 10800
    728 13 15 51.457270 13 15 51.457270 10800
    729 13 15 51.467272 13 15 51.467272 10800
    730 13 15 51.477271 13 15 51.477271 10800
    731 13 15 51.487270 13 15 51.487270 10800
    732 13 15 51.497259 13 15 51.497259 10800
    733 13 15 51.507280 13 15 51.507280 10800
    734 13 15 51.517277 13 15 51.517277 10800
    735 13 15 51.527296 13 15 51.527296 10800
    736 13 15 51.537273 13 15 51.537273 10800
    737 13 15 51.547255 13 15 51.547255 10800
    738 13 15 51.557284 13 15 51.557284 10800
    739 13 15 51.567275 13 15 51.567275 10800
    740 13 15 51.577277 13 15 51.577277 10800
    741 13 15 51.587279 13 15 51.587279 10800
    742 13 15 51.597273 13 15 51.597273 10800
    743 13 15 51.607275 13 15 51.607275 10800
    744 13 15 51.617274 13 15 51.617274 10800
    745 13 15 51.627271 13 15 51.627271 10800
    746 13 15 51.637270 13 15 51.637270 10800
    747 13 15 51.647272 13 15 51.647272 10800
    748 13 15 51.657276 13 15 51.657276 10800
    749 13 15 51.667276 13 15 51.667276 10800
    750 13 15 51.677272 13 15 51.677272 10800
    751 13 15 51.687354 13 15 51.687354 10800
    752 13 15 51.697285 13 15 51.697285 10800
    753 13 15 51.707284 13 15 51.707284 10800
    754 13 15 51.717266 13 15 51.717266 10800
    755 13 15 51.727280 13 15 51.727280 10800
    756 13 15 51.737285 13 15 51.737285 10800
    757 13 15 51.747276 13 15 51.747276 10800
    758 13 15 51.757272 13 15 51.757272 10800
    759 13 15 51.767271 13 15 51.767271 10800
    760 13 15 51.777271 13 15 51.777271 10800
    761 13 15 51.787275 13 15 51.787275 10800
    762 13 15 51.797277 13 15 51.797277 10800
    763 13 15 51.807273 13 15 51.807273 10800
    764 13 15 51.817273 13 15 51.817273 10800
    765 13 15 51.827272 13 15 51.827272 10800
    766 13 15 51.837265 13 15 51.837265 10800
    767 13 15 51.847259 13 15 51.847259 10800
    768 13 15 51.857261 13 15 51.857261 10800
    769 13 15 51.867258 13 15 51.867258 10800
    770 13 15 51.877263 13 15 51.877263 10800
    771 13 15 51.887329 13 15 51.887329 10800
    772 13 15 51.897292 13 15 51.897292 10800
    773 13 15 51.907288 13 15 51.907288 10800
    774 13 15 51.917273 13 15 51.917273 10800
    775 13 15 51.927270 13 15 51.927270 10800
    776 13 15 51.937275 13 15 51.937275 10800
    777 13 15 51.947271 13 15 51.947271 10800
    778 13 15 51.957273 13 15 51.957273 10800
    779 13 15 51.967297 13 15 51.967297 10800
    780 13 15 51.977286 13 15 51.977286 10800
    781 13 15 51.987301 13 15 51.987301 10800
    782 13 15 51.997290 13 15 51.997290 10800
    783 13 15 52.007283 13 15 52.007283 10800
    784 13 15 52.017282 13 15 52.017282 10800
    785 13 15 52.027278 13 15 52.027278 10800
    786 13 15 52.037273 13 15 52.037273 10800
    787 13 15 52.047314 13 15 52.047314 10800
    788 13 15 52.057324 13 15 52.057324 10800
    789 13 15 52.067303 13 15 52.067303 10800
    790 13 15 52.077316 13 15 52.077316 10800
    791 13 15 52.087276 13 15 52.087276 10800
    792 13 15 52.097304 13 15 52.097304 10800
    793 13 15 52.107281 13 15 52.107281 10800
    794 13 15 52.117260 13 15 52.117260 10800
    795 13 15 52.127279 13 15 52.127279 10800
    796 13 15 52.137354 13 15 52.137354 10800
    797 13 15 52.147280 13 15 52.147280 10800
    798 13 15 52.157282 13 15 52.157282 10800
    799 13 15 52.167274 13 15 52.167274 10800
    800 13 15 52.177272 13 15 52.177272 10800
    801 13 15 52.187300 13 15 52.187300 10800
    802 13 15 52.197266 13 15 52.197266 10800
    803 13 15 52.207261 13 15 52.207261 10800
    804 13 15 52.217241 13 15 52.217241 10800
    805 13 15 52.227218 13 15 52.227218 10800
    806 13 15 52.237260 13 15 52.237260 10800
    807 13 15 52.247275 13 15 52.247275 10800
    808 13 15 52.257272 13 15 52.257272 10800
    809 13 15 52.267273 13 15 52.267273 10800
    810 13 15 52.277272 13 15 52.277272 10800
    811 13 15 52.287270 13 15 52.287270 10800
    812 13 15 52.297271 13 15 52.297271 10800
    813 13 15 52.307271 13 15 52.307271 10800
    814 13 15 52.317270 13 15 52.317270 10800
    815 13 15 52.327272 13 15 52.327272 10800
    816 13 15 52.337271 13 15 52.337271 10800
    817 13 15 52.347279 13 15 52.347279 10800
    818 13 15 52.357272 13 15 52.357272 10800
    819 13 15 52.367274 13 15 52.367274 10800
    820 13 15 52.377273 13 15 52.377273 10800
    821 13 15 52.387276 13 15 52.387276 10800
    822 13 15 52.397275 13 15 52.397275 10800
    823 13 15 52.408977 13 15 52.408977 10800
    824 13 15 52.417310 13 15 52.417310 10800
    825 13 15 52.427255 13 15 52.427255 10800
    826 13 15 52.437275 13 15 52.437275 10800
    827 13 15 52.447273 13 15 52.447273 10800
    828 13 15 52.457270 13 15 52.457270 10800
    829 13 15 52.467301 13 15 52.467301 10800
    830 13 15 52.477274 13 15 52.477274 10800
    831 13 15 52.487273 13 15 52.487273 10800
    832 13 15 52.497275 13 15 52.497275 10800
    833 13 15 52.507272 13 15 52.507272 10800
    834 13 15 52.517313 13 15 52.517313 10800
    835 13 15 52.527296 13 15 52.527296 10800
    836 13 15 52.537275 13 15 52.537275 10800
    837 13 15 52.547274 13 15 52.547274 10800
    838 13 15 52.557274 13 15 52.557274 10800
    839 13 15 52.567275 13 15 52.567275 10800
    840 13 15 52.577275 13 15 52.577275 10800
    841 13 15 52.587274 13 15 52.587274 10800
    842 13 15 52.597276 13 15 52.597276 10800
    843 13 15 52.607295 13 15 52.607295 10800
    844 13 15 52.617297 13 15 52.617297 10800
    845 13 15 52.627274 13 15 52.627274 10800
    846 13 15 52.637278 13 15 52.637278 10800
    847 13 15 52.647280 13 15 52.647280 10800
    848 13 15 52.657297 13 15 52.657297 10800
    849 13 15 52.667282 13 15 52.667282 10800
    850 13 15 52.677286 13 15 52.677286 10800
    851 13 15 52.687288 13 15 52.687288 10800
    852 13 15 52.697296 13 15 52.697296 10800
    853 13 15 52.707338 13 15 52.707338 10800
    854 13 15 52.717325 13 15 52.717325 10800
    855 13 15 52.727308 13 15 52.727308 10800
    856 13 15 52.737287 13 15 52.737287 10800
    857 13 15 52.747253 13 15 52.747253 10800
    858 13 15 52.757306 13 15 52.757306 10800
    859 13 15 52.767280 13 15 52.767280 10800
    860 13 15 52.777304 13 15 52.777304 10800
    861 13 15 52.787300 13 15 52.787300 10800
    862 13 15 52.797283 13 15 52.797283 10800
    863 13 15 52.807276 13 15 52.807276 10800
    864 13 15 52.817278 13 15 52.817278 10800
    865 13 15 52.827275 13 15 52.827275 10800
    866 13 15 52.837274 13 15 52.837274 10800
    867 13 15 52.847295 13 15 52.847295 10800
    868 13 15 52.857283 13 15 52.857283 10800
    869 13 15 52.867275 13 15 52.867275 10800
    870 13 15 52.877285 13 15 52.877285 10800
    871 13 15 52.887278 13 15 52.887278 10800
    872 13 15 52.897284 13 15 52.897284 10800
    873 13 15 52.907274 13 15 52.907274 10800
    874 13 15 52.917307 13 15 52.917307 10800
    875 13 15 52.927280 13 15 52.927280 10800
    876 13 15 52.937274 13 15 52.937274 10800
    877 13 15 52.947276 13 15 52.947276 10800
    878 13 15 52.957286 13 15 52.957286 10800
    879 13 15 52.967345 13 15 52.967345 10800
    880 13 15 52.977307 13 15 52.977307 10800
    881 13 15 52.987304 13 15 52.987304 10800
    882 13 15 52.997387 13 15 52.997387 10800
    883 13 15 53.007295 13 15 53.007295 10800
    884 13 15 53.017277 13 15 53.017277 10800
    885 13 15 53.027315 13 15 53.027315 10800
    886 13 15 53.037277 13 15 53.037277 10800
    887 13 15 53.047277 13 15 53.047277 10800
    888 13 15 53.057274 13 15 53.057274 10800
    889 13 15 53.067278 13 15 53.067278 10800
    890 13 15 53.077286 13 15 53.077286 10800
    891 13 15 53.087277 13 15 53.087277 10800
    892 13 15 53.097278 13 15 53.097278 10800
    893 13 15 53.107277 13 15 53.107277 10800
    894 13 15 53.117277 13 15 53.117277 10800
    895 13 15 53.127302 13 15 53.127302 10800
    896 13 15 53.137340 13 15 53.137340 10800
    897 13 15 53.147275 13 15 53.147275 10800
    898 13 15 53.157277 13 15 53.157277 10800
    899 13 15 53.167274 13 15 53.167274 10800
    900 13 15 53.177276 13 15 53.177276 10800
    901 13 15 53.187277 13 15 53.187277 10800
    902 13 15 53.197235 13 15 53.197235 10800
    903 13 15 53.207307 13 15 53.207307 10800
    904 13 15 53.217278 13 15 53.217278 10800
    905 13 15 53.227280 13 15 53.227280 10800
    906 13 15 53.237273 13 15 53.237273 10800
    907 13 15 53.247365 13 15 53.247365 10800
    908 13 15 53.257308 13 15 53.257308 10800
    909 13 15 53.267299 13 15 53.267299 10800
    910 13 15 53.277276 13 15 53.277276 10800
    911 13 15 53.287275 13 15 53.287275 10800
    912 13 15 53.297272 13 15 53.297272 10800
    913 13 15 53.307271 13 15 53.307271 10800
    914 13 15 53.317272 13 15 53.317272 10800
    915 13 15 53.327272 13 15 53.327272 10800
    916 13 15 53.337271 13 15 53.337271 10800
    917 13 15 53.347270 13 15 53.347270 10800
    918 13 15 53.357275 13 15 53.357275 10800
    919 13 15 53.367271 13 15 53.367271 10800
    920 13 15 53.377307 13 15 53.377307 10800
    921 13 15 53.387275 13 15 53.387275 10800
    922 13 15 53.397272 13 15 53.397272 10800
    923 13 15 53.407274 13 15 53.407274 10800
    924 13 15 53.417273 13 15 53.417273 10800
    925 13 15 53.427258 13 15 53.427258 10800
    926 13 15 53.437260 13 15 53.437260 10800
    927 13 15 53.447273 13 15 53.447273 10800
    928 13 15 53.457298 13 15 53.457298 10800
    929 13 15 53.467270 13 15 53.467270 10800
    930 13 15 53.477271 13 15 53.477271 10800
    931 13 15 53.487271 13 15 53.487271 10800
    932 13 15 53.497270 13 15 53.497270 10800
    933 13 15 53.507272 13 15 53.507272 10800
    934 13 15 53.517271 13 15 53.517271 10800
    935 13 15 53.527259 13 15 53.527259 10800
    936 13 15 53.537270 13 15 53.537270 10800
    937 13 15 53.547274 13 15 53.547274 10800
    938 13 15 53.557274 13 15 53.557274 10800
    939 13 15 53.567272 13 15 53.567272 10800
    940 13 15 53.577272 13 15 53.577272 10800
    941 13 15 53.587274 13 15 53.587274 10800
    942 13 15 53.597271 13 15 53.597271 10800
    943 13 15 53.607269 13 15 53.607269 10800
    944 13 15 53.617272 13 15 53.617272 10800
    945 13 15 53.627273 13 15 53.627273 10800
    946 13 15 53.637269 13 15 53.637269 10800
    947 13 15 53.647271 13 15 53.647271 10800
    948 13 15 53.657271 13 15 53.657271 10800
    949 13 15 53.667271 13 15 53.667271 10800
    950 13 15 53.678355 13 15 53.678355 10800
    951 13 15 53.687277 13 15 53.687277 10800
    952 13 15 53.697285 13 15 53.697285 10800
    953 13 15 53.707279 13 15 53.707279 10800
    954 13 15 53.717306 13 15 53.717306 10800
    955 13 15 53.727285 13 15 53.727285 10800
    956 13 15 53.737276 13 15 53.737276 10800
    957 13 15 53.747224 13 15 53.747224 10800
    958 13 15 53.757277 13 15 53.757277 10800
    959 13 15 53.767274 13 15 53.767274 10800
    960 13 15 53.777279 13 15 53.777279 10800
    961 13 15 53.787275 13 15 53.787275 10800
    962 13 15 53.797285 13 15 53.797285 10800
    963 13 15 53.807277 13 15 53.807277 10800
    964 13 15 53.817298 13 15 53.817298 10800
    965 13 15 53.827275 13 15 53.827275 10800
    966 13 15 53.837279 13 15 53.837279 10800
    967 13 15 53.847273 13 15 53.847273 10800
    968 13 15 53.857272 13 15 53.857272 10800
    969 13 15 53.867272 13 15 53.867272 10800
    970 13 15 53.877265 13 15 53.877265 10800
    971 13 15 53.887284 13 15 53.887284 10800
    972 13 15 53.897317 13 15 53.897317 10800
    973 13 15 53.907274 13 15 53.907274 10800
    974 13 15 53.917273 13 15 53.917273 10800
    975 13 15 53.927306 13 15 53.927306 10800
    976 13 15 53.937280 13 15 53.937280 10800
    977 13 15 53.947293 13 15 53.947293 10800
    978 13 15 53.957327 13 15 53.957327 10800
    979 13 15 53.967354 13 15 53.967354 10800
    980 13 15 53.977328 13 15 53.977328 10800
    981 13 15 53.987349 13 15 53.987349 10800
    982 13 15 53.997286 13 15 53.997286 10800
    983 13 15 54.007308 13 15 54.007308 10800
    984 13 15 54.017276 13 15 54.017276 10800
    985 13 15 54.027276 13 15 54.027276 10800
    986 13 15 54.037275 13 15 54.037275 10800
    987 13 15 54.047277 13 15 54.047277 10800
    988 13 15 54.057361 13 15 54.057361 10800
    989 13 15 54.067273 13 15 54.067273 10800
    990 13 15 54.077274 13 15 54.077274 10800
    991 13 15 54.087274 13 15 54.087274 10800
    992 13 15 54.097295 13 15 54.097295 10800
    993 13 15 54.107312 13 15 54.107312 10800
    994 13 15 54.117272 13 15 54.117272 10800
    995 13 15 54.127273 13 15 54.127273 10800
    996 13 15 54.137273 13 15 54.137273 10800
    997 13 15 54.147286 13 15 54.147286 10800
    998 13 15 54.157285 13 15 54.157285 10800
    999 13 15 54.167301 13 15 54.167301 10800
   1000 13 15 54.177272 13 15 54.177272 10800
