      1 13 15 44.187175 13 15 44.200223 10800
      2 13 15 44.197274 13 15 44.209266 10800
      3 13 15 44.207264 13 15 44.218470 10800
      4 13 15 44.217261 13 15 44.227663 10800
      5 13 15 44.227285 13 15 44.237695 10800
      6 13 15 44.237270 13 15 44.247675 10800
      7 13 15 44.247275 13 15 44.257682 10800
      8 13 15 44.257342 13 15 44.267752 10800
      9 13 15 44.267274 13 15 44.277683 10800
     10 13 15 44.277290 13 15 44.287708 10800
     11 13 15 44.287277 13 15 44.297696 10800
     12 13 15 44.297275 13 15 44.307675 10800
     13 13 15 44.307279 13 15 44.317720 10800
     14 13 15 44.317309 13 15 44.328212 10800
     15 13 15 44.327371 13 15 44.337859 10800
     16 13 15 44.337311 13 15 44.347799 10800
     17 13 15 44.347271 13 15 44.357691 10800
     18 13 15 44.357270 13 15 44.367666 10800
     19 13 15 44.367271 13 15 44.377678 10800
     20 13 15 44.377271 13 15 44.387675 10800
     21 13 15 44.387273 13 15 44.397686 10800
     22 13 15 44.397274 13 15 44.407752 10800
     23 13 15 44.407274 13 15 44.418474 10800
     24 13 15 44.417364 13 15 44.427781 10800
     25 13 15 44.427272 13 15 44.437680 10800
     26 13 15 44.437271 13 15 44.447687 10800
     27 13 15 44.447271 13 15 44.457926 10800
     28 13 15 44.457281 13 15 44.467691 10800
     29 13 15 44.467270 13 15 44.477662 10800
     30 13 15 44.477258 13 15 44.487633 10800
     31 13 15 44.487270 13 15 44.497818 10800
     32 13 15 44.497303 13 15 44.507851 10800
     33 13 15 44.507353 13 15 44.517975 10800
     34 13 15 44.517307 13 15 44.527870 10800
     35 13 15 44.527296 13 15 44.537762 10800
     36 13 15 44.537295 13 15 44.547894 10800
     37 13 15 44.547286 13 15 44.557707 10800
     38 13 15 44.557271 13 15 44.567819 10800
     39 13 15 44.567307 13 15 44.577731 10800
     40 13 15 44.577272 13 15 44.588638 10800
     41 13 15 44.587288 13 15 44.602910 10800
     42 13 15 44.599877 13 15 44.611972 10800
     43 13 15 44.607283 13 15 44.621082 10800
     44 13 15 44.617269 13 15 44.630172 10800
     45 13 15 44.627276 13 15 44.639270 10800
     46 13 15 44.637282 13 15 44.648471 10800
     47 13 15 44.647243 13 15 44.657654 10800
     48 13 15 44.657304 13 15 44.667698 10800
     49 13 15 44.667273 13 15 44.677689 10800
     50 13 15 44.677272 13 15 44.693699 10800
     51 13 15 44.687274 13 15 44.702823 10800
     52 13 15 44.697249 13 15 44.711824 10800
     53 13 15 44.707313 13 15 44.721004 10800
     54 13 15 44.717308 13 15 44.730102 10800
     55 13 15 44.727308 13 15 44.739151 10800
     56 13 15 44.737299 13 15 44.748223 10800
     57 13 15 44.747280 13 15 44.757778 10800
     58 13 15 44.757274 13 15 44.767682 10800
     59 13 15 44.767274 13 15 44.777678 10800
     60 13 15 44.777276 13 15 44.787731 10800
     61 13 15 44.787275 13 15 44.797691 10800
     62 13 15 44.797272 13 15 44.807890 10800
     63 13 15 44.807277 13 15 44.817757 10800
     64 13 15 44.817273 13 15 44.827689 10800
     65 13 15 44.827272 13 15 44.837668 10800
     66 13 15 44.837274 13 15 44.847678 10800
     67 13 15 44.847273 13 15 44.857681 10800
     68 13 15 44.857272 13 15 44.867688 10800
     69 13 15 44.867280 13 15 44.877664 10800
     70 13 15 44.877276 13 15 44.887650 10800
     71 13 15 44.887261 13 15 44.897671 10800
     72 13 15 44.897281 13 15 44.907721 10800
     73 13 15 44.907271 13 15 44.917633 10800
     74 13 15 44.917256 13 15 44.927672 10800
     75 13 15 44.927284 13 15 44.937666 10800
     76 13 15 44.937269 13 15 44.947665 10800
     77 13 15 44.947274 13 15 44.957684 10800
     78 13 15 44.957273 13 15 44.967683 10800
     79 13 15 44.967274 13 15 44.977899 10800
     80 13 15 44.977355 13 15 44.987972 10800
     81 13 15 44.987309 13 15 44.997878 10800
     82 13 15 44.997283 13 15 45.007697 10800
     83 13 15 45.007275 13 15 45.017682 10800
     84 13 15 45.017271 13 15 45.027689 10800
     85 13 15 45.027273 13 15 45.037675 10800
     86 13 15 45.037272 13 15 45.047679 10800
     87 13 15 45.047274 13 15 45.057693 10800
     88 13 15 45.057273 13 15 45.067677 10800
     89 13 15 45.067273 13 15 45.077677 10800
     90 13 15 45.077275 13 15 45.087693 10800
     91 13 15 45.087271 13 15 45.097675 10800
     92 13 15 45.097275 13 15 45.107726 10800
     93 13 15 45.107359 13 15 45.117817 10800
     94 13 15 45.117283 13 15 45.127724 10800
     95 13 15 45.127276 13 15 45.137703 10800
     96 13 15 45.137270 13 15 45.147680 10800
     97 13 15 45.147272 13 15 45.157693 10800
     98 13 15 45.157271 13 15 45.167687 10800
     99 13 15 45.167270 13 15 45.177681 10800
    100 13 15 45.177270 13 15 45.193705 10800
    101 13 15 45.187272 13 15 45.202787 10800
    102 13 15 45.197243 13 15 45.211888 10800
    103 13 15 45.207278 13 15 45.221018 10800
    104 13 15 45.217236 13 15 45.230089 10800
    105 13 15 45.227289 13 15 45.239173 10800
    106 13 15 45.237287 13 15 45.248305 10800
    107 13 15 45.247284 13 15 45.257727 10800
    108 13 15 45.257272 13 15 45.267677 10800
    109 13 15 45.267273 13 15 45.277675 10800
    110 13 15 45.277275 13 15 45.287678 10800
    111 13 15 45.287283 13 15 45.297688 10800
    112 13 15 45.297272 13 15 45.307710 10800
    113 13 15 45.307276 13 15 45.317689 10800
    114 13 15 45.317340 13 15 45.327727 10800
    115 13 15 45.327345 13 15 45.337752 10800
    116 13 15 45.337294 13 15 45.347692 10800
    117 13 15 45.347270 13 15 45.357729 10800
    118 13 15 45.357202 13 15 45.367654 10800
    119 13 15 45.367251 13 15 45.377667 10800
    120 13 15 45.377322 13 15 45.387796 10800
    121 13 15 45.387278 13 15 45.397674 10800
    122 13 15 45.397263 13 15 45.407885 10800
    123 13 15 45.407274 13 15 45.417729 10800
    124 13 15 45.417268 13 15 45.427683 10800
    125 13 15 45.427275 13 15 45.437696 10800
    126 13 15 45.437272 13 15 45.447682 10800
    127 13 15 45.447274 13 15 45.457681 10800
    128 13 15 45.457290 13 15 45.467719 10800
    129 13 15 45.467283 13 15 45.477795 10800
    130 13 15 45.477252 13 15 45.487720 10800
    131 13 15 45.487358 13 15 45.497793 10800
    132 13 15 45.497275 13 15 45.507699 10800
    133 13 15 45.507277 13 15 45.517789 10800
    134 13 15 45.517274 13 15 45.527720 10800
    135 13 15 45.527273 13 15 45.537680 10800
    136 13 15 45.537270 13 15 45.547687 10800
    137 13 15 45.547271 13 15 45.557681 10800
    138 13 15 45.557271 13 15 45.567689 10800
    139 13 15 45.567272 13 15 45.577688 10800
    140 13 15 45.577275 13 15 45.587684 10800
    141 13 15 45.587271 13 15 45.597678 10800
    142 13 15 45.597276 13 15 45.607672 10800
    143 13 15 45.607258 13 15 45.617862 10800
    144 13 15 45.617266 13 15 45.627628 10800
    145 13 15 45.627254 13 15 45.637692 10800
    146 13 15 45.637258 13 15 45.647665 10800
    147 13 15 45.647269 13 15 45.657657 10800
    148 13 15 45.657305 13 15 45.667695 10800
    149 13 15 45.667271 13 15 45.677681 10800
    150 13 15 45.677272 13 15 45.694718 10800
    151 13 15 45.687274 13 15 45.702745 10800
    152 13 15 45.697290 13 15 45.711222 10800
    153 13 15 45.707245 13 15 45.720872 10800
    154 13 15 45.717278 13 15 45.730069 10800
    155 13 15 45.727297 13 15 45.739066 10800
    156 13 15 45.737274 13 15 45.748150 10800
    157 13 15 45.747275 13 15 45.757691 10800
    158 13 15 45.757271 13 15 45.767673 10800
    159 13 15 45.767273 13 15 45.777749 10800
    160 13 15 45.777281 13 15 45.787770 10800
    161 13 15 45.787303 13 15 45.797817 10800
    162 13 15 45.797313 13 15 45.807960 10800
    163 13 15 45.807277 13 15 45.817694 10800
    164 13 15 45.817276 13 15 45.827741 10800
    165 13 15 45.827350 13 15 45.837819 10800
    166 13 15 45.837285 13 15 45.847695 10800
    167 13 15 45.847271 13 15 45.857674 10800
    168 13 15 45.857270 13 15 45.867663 10800
    169 13 15 45.867297 13 15 45.877738 10800
    170 13 15 45.877268 13 15 45.887658 10800
    171 13 15 45.887259 13 15 45.897672 10800
    172 13 15 45.897263 13 15 45.907716 10800
    173 13 15 45.907273 13 15 45.917647 10800
    174 13 15 45.917259 13 15 45.927669 10800
    175 13 15 45.927298 13 15 45.937686 10800
    176 13 15 45.937275 13 15 45.947681 10800
    177 13 15 45.947271 13 15 45.957687 10800
    178 13 15 45.957273 13 15 45.967758 10800
    179 13 15 45.967272 13 15 45.977795 10800
    180 13 15 45.977299 13 15 45.987799 10800
    181 13 15 45.987318 13 15 45.997799 10800
    182 13 15 45.997301 13 15 46.007764 10800
    183 13 15 46.007300 13 15 46.017792 10800
    184 13 15 46.017307 13 15 46.027777 10800
    185 13 15 46.027275 13 15 46.037709 10800
    186 13 15 46.037272 13 15 46.047724 10800
    187 13 15 46.047272 13 15 46.057681 10800
    188 13 15 46.057273 13 15 46.067692 10800
    189 13 15 46.067276 13 15 46.077685 10800
    190 13 15 46.077272 13 15 46.087702 10800
    191 13 15 46.087274 13 15 46.097766 10800
    192 13 15 46.097273 13 15 46.107667 10800
    193 13 15 46.107283 13 15 46.117705 10800
    194 13 15 46.117272 13 15 46.127872 10800
    195 13 15 46.127282 13 15 46.138102 10800
    196 13 15 46.137278 13 15 46.147758 10800
    197 13 15 46.147376 13 15 46.157949 10800
    198 13 15 46.157435 13 15 46.168064 10800
    199 13 15 46.167282 13 15 46.177762 10800
    200 13 15 46.177292 13 15 46.193823 10800
    201 13 15 46.187264 13 15 46.202978 10800
    202 13 15 46.197564 13 15 46.212245 10800
    203 13 15 46.207332 13 15 46.221113 10800
    204 13 15 46.217270 13 15 46.230378 10800
    205 13 15 46.227558 13 15 46.239255 10800
    206 13 15 46.237389 13 15 46.248280 10800
    207 13 15 46.247323 13 15 46.257770 10800
    208 13 15 46.257274 13 15 46.267828 10800
    209 13 15 46.267332 13 15 46.277757 10800
    210 13 15 46.277273 13 15 46.287683 10800
    211 13 15 46.287272 13 15 46.297758 10800
    212 13 15 46.297280 13 15 46.307839 10800
    213 13 15 46.307312 13 15 46.317780 10800
    214 13 15 46.317309 13 15 46.327880 10800
    215 13 15 46.327291 13 15 46.337750 10800
    216 13 15 46.337274 13 15 46.347791 10800
    217 13 15 46.347296 13 15 46.357852 10800
    218 13 15 46.357301 13 15 46.368090 10800
    219 13 15 46.367282 13 15 46.377808 10800
    220 13 15 46.377352 13 15 46.387813 10800
    221 13 15 46.387273 13 15 46.397688 10800
    222 13 15 46.397272 13 15 46.407786 10800
    223 13 15 46.407277 13 15 46.417777 10800
    224 13 15 46.417290 13 15 46.427984 10800
    225 13 15 46.427306 13 15 46.437925 10800
    226 13 15 46.437283 13 15 46.448481 10800
    227 13 15 46.447229 13 15 46.457647 10800
    228 13 15 46.457290 13 15 46.467705 10800
    229 13 15 46.467281 13 15 46.477693 10800
    230 13 15 46.477272 13 15 46.487681 10800
    231 13 15 46.487273 13 15 46.497680 10800
    232 13 15 46.497272 13 15 46.507677 10800
    233 13 15 46.507269 13 15 46.517679 10800
    234 13 15 46.517271 13 15 46.527679 10800
    235 13 15 46.527271 13 15 46.537686 10800
    236 13 15 46.537272 13 15 46.547679 10800
    237 13 15 46.547271 13 15 46.557684 10800
    238 13 15 46.557271 13 15 46.567672 10800
    239 13 15 46.567275 13 15 46.577713 10800
    240 13 15 46.577303 13 15 46.587842 10800
    241 13 15 46.587277 13 15 46.597692 10800
    242 13 15 46.597270 13 15 46.607658 10800
    243 13 15 46.607273 13 15 46.617677 10800
    244 13 15 46.617271 13 15 46.627676 10800
    245 13 15 46.627271 13 15 46.637687 10800
    246 13 15 46.637270 13 15 46.647668 10800
    247 13 15 46.647272 13 15 46.657674 10800
    248 13 15 46.657271 13 15 46.667667 10800
    249 13 15 46.667273 13 15 46.677678 10800
    250 13 15 46.677272 13 15 46.694656 10800
    251 13 15 46.687280 13 15 46.702837 10800
    252 13 15 46.697287 13 15 46.711222 10800
    253 13 15 46.707220 13 15 46.720877 10800
    254 13 15 46.717266 13 15 46.729976 10800
    255 13 15 46.727249 13 15 46.739088 10800
    256 13 15 46.737271 13 15 46.748181 10800
    257 13 15 46.747270 13 15 46.757751 10800
    258 13 15 46.757269 13 15 46.767808 10800
    259 13 15 46.767291 13 15 46.777742 10800
    260 13 15 46.777293 13 15 46.787796 10800
    261 13 15 46.787297 13 15 46.797764 10800
    262 13 15 46.797274 13 15 46.807687 10800
    263 13 15 46.807273 13 15 46.817751 10800
    264 13 15 46.817275 13 15 46.827736 10800
    265 13 15 46.827271 13 15 46.837679 10800
    266 13 15 46.837271 13 15 46.847667 10800
    267 13 15 46.847273 13 15 46.857686 10800
    268 13 15 46.857270 13 15 46.867671 10800
    269 13 15 46.867272 13 15 46.877678 10800
    270 13 15 46.877273 13 15 46.887692 10800
    271 13 15 46.887272 13 15 46.897685 10800
    272 13 15 46.897326 13 15 46.907811 10800
    273 13 15 46.907273 13 15 46.917681 10800
    274 13 15 46.917271 13 15 46.927678 10800
    275 13 15 46.927273 13 15 46.937688 10800
    276 13 15 46.937272 13 15 46.947690 10800
    277 13 15 46.947271 13 15 46.957998 10800
    278 13 15 46.957270 13 15 46.967689 10800
    279 13 15 46.967275 13 15 46.977908 10800
    280 13 15 46.977310 13 15 46.987819 10800
    281 13 15 46.987290 13 15 46.997742 10800
    282 13 15 46.997298 13 15 47.007787 10800
    283 13 15 47.007300 13 15 47.017789 10800
    284 13 15 47.017305 13 15 47.027819 10800
    285 13 15 47.027298 13 15 47.037756 10800
    286 13 15 47.037300 13 15 47.047761 10800
    287 13 15 47.047299 13 15 47.057805 10800
    288 13 15 47.057279 13 15 47.067697 10800
    289 13 15 47.067275 13 15 47.077764 10800
    290 13 15 47.077309 13 15 47.087882 10800
    291 13 15 47.087308 13 15 47.097822 10800
    292 13 15 47.097298 13 15 47.107857 10800
    293 13 15 47.107298 13 15 47.117828 10800
    294 13 15 47.117342 13 15 47.127864 10800
    295 13 15 47.127346 13 15 47.137807 10800
    296 13 15 47.137286 13 15 47.147714 10800
    297 13 15 47.147283 13 15 47.157693 10800
    298 13 15 47.157274 13 15 47.167760 10800
    299 13 15 47.167282 13 15 47.177691 10800
    300 13 15 47.177256 13 15 47.194529 10800
    301 13 15 47.187274 13 15 47.202744 10800
    302 13 15 47.197282 13 15 47.211229 10800
    303 13 15 47.207225 13 15 47.220925 10800
    304 13 15 47.217218 13 15 47.230006 10800
    305 13 15 47.227274 13 15 47.239061 10800
    306 13 15 47.237310 13 15 47.248170 10800
    307 13 15 47.247287 13 15 47.257716 10800
    308 13 15 47.257271 13 15 47.267662 10800
    309 13 15 47.267257 13 15 47.277648 10800
    310 13 15 47.277289 13 15 47.287745 10800
    311 13 15 47.287272 13 15 47.297674 10800
    312 13 15 47.297266 13 15 47.307746 10800
    313 13 15 47.307274 13 15 47.317667 10800
    314 13 15 47.317287 13 15 47.327671 10800
    315 13 15 47.327274 13 15 47.337682 10800
    316 13 15 47.337262 13 15 47.347695 10800
    317 13 15 47.347273 13 15 47.357681 10800
    318 13 15 47.357272 13 15 47.367680 10800
    319 13 15 47.367305 13 15 47.377695 10800
    320 13 15 47.377274 13 15 47.387661 10800
    321 13 15 47.387258 13 15 47.397655 10800
    322 13 15 47.397260 13 15 47.409275 10800
    323 13 15 47.407285 13 15 47.417836 10800
    324 13 15 47.417265 13 15 47.427666 10800
    325 13 15 47.427321 13 15 47.437721 10800
    326 13 15 47.437272 13 15 47.447679 10800
    327 13 15 47.447262 13 15 47.457684 10800
    328 13 15 47.457306 13 15 47.467812 10800
    329 13 15 47.467286 13 15 47.477738 10800
    330 13 15 47.477274 13 15 47.487676 10800
    331 13 15 47.487273 13 15 47.497691 10800
    332 13 15 47.497272 13 15 47.507685 10800
    333 13 15 47.507272 13 15 47.517682 10800
    334 13 15 47.517271 13 15 47.527656 10800
    335 13 15 47.527258 13 15 47.537767 10800
    336 13 15 47.537289 13 15 47.547705 10800
    337 13 15 47.547271 13 15 47.557684 10800
    338 13 15 47.557273 13 15 47.567771 10800
    339 13 15 47.567276 13 15 47.577694 10800
    340 13 15 47.577283 13 15 47.587763 10800
    341 13 15 47.587274 13 15 47.597684 10800
    342 13 15 47.597285 13 15 47.607700 10800
    343 13 15 47.607272 13 15 47.617671 10800
    344 13 15 47.617274 13 15 47.627684 10800
    345 13 15 47.627270 13 15 47.637683 10800
    346 13 15 47.637272 13 15 47.647688 10800
    347 13 15 47.647272 13 15 47.657679 10800
    348 13 15 47.657271 13 15 47.667675 10800
    349 13 15 47.667274 13 15 47.677686 10800
    350 13 15 47.677272 13 15 47.693672 10800
    351 13 15 47.687274 13 15 47.702840 10800
    352 13 15 47.697285 13 15 47.711871 10800
    353 13 15 47.707313 13 15 47.721032 10800
    354 13 15 47.717317 13 15 47.730088 10800
    355 13 15 47.727280 13 15 47.739241 10800
    356 13 15 47.737274 13 15 47.748207 10800
    357 13 15 47.747276 13 15 47.757696 10800
    358 13 15 47.757272 13 15 47.767775 10800
    359 13 15 47.767290 13 15 47.777911 10800
    360 13 15 47.777287 13 15 47.787737 10800
    361 13 15 47.787275 13 15 47.797752 10800
    362 13 15 47.797274 13 15 47.807718 10800
    363 13 15 47.807296 13 15 47.817785 10800
    364 13 15 47.817245 13 15 47.827665 10800
    365 13 15 47.827300 13 15 47.837783 10800
    366 13 15 47.837274 13 15 47.847718 10800
    367 13 15 47.847273 13 15 47.857764 10800
    368 13 15 47.857272 13 15 47.867690 10800
    369 13 15 47.867271 13 15 47.877758 10800
    370 13 15 47.877273 13 15 47.887681 10800
    371 13 15 47.887270 13 15 47.897674 10800
    372 13 15 47.897272 13 15 47.907699 10800
    373 13 15 47.907273 13 15 47.917754 10800
    374 13 15 47.917273 13 15 47.927694 10800
    375 13 15 47.927275 13 15 47.937685 10800
    376 13 15 47.937277 13 15 47.947693 10800
    377 13 15 47.947274 13 15 47.957675 10800
    378 13 15 47.957268 13 15 47.967722 10800
    379 13 15 47.967323 13 15 47.977848 10800
    380 13 15 47.977283 13 15 47.987701 10800
    381 13 15 47.987271 13 15 47.997680 10800
    382 13 15 47.997272 13 15 48.007674 10800
    383 13 15 48.007285 13 15 48.017690 10800
    384 13 15 48.017271 13 15 48.027675 10800
    385 13 15 48.027270 13 15 48.037675 10800
    386 13 15 48.037270 13 15 48.047854 10800
    387 13 15 48.047347 13 15 48.057853 10800
    388 13 15 48.057273 13 15 48.067717 10800
    389 13 15 48.067275 13 15 48.077692 10800
    390 13 15 48.077274 13 15 48.087710 10800
    391 13 15 48.087349 13 15 48.097864 10800
    392 13 15 48.097307 13 15 48.107872 10800
    393 13 15 48.107351 13 15 48.117896 10800
    394 13 15 48.117359 13 15 48.127918 10800
    395 13 15 48.127344 13 15 48.137908 10800
    396 13 15 48.137363 13 15 48.147818 10800
    397 13 15 48.147289 13 15 48.157817 10800
    398 13 15 48.157274 13 15 48.167686 10800
    399 13 15 48.167324 13 15 48.177898 10800
    400 13 15 48.177343 13 15 48.193697 10800
    401 13 15 48.187286 13 15 48.202888 10800
    402 13 15 48.197299 13 15 48.211922 10800
    403 13 15 48.207262 13 15 48.221007 10800
    404 13 15 48.217291 13 15 48.230094 10800
    405 13 15 48.227342 13 15 48.239220 10800
    406 13 15 48.237260 13 15 48.248415 10800
    407 13 15 48.247258 13 15 48.257967 10800
    408 13 15 48.257344 13 15 48.267758 10800
    409 13 15 48.267324 13 15 48.277751 10800
    410 13 15 48.277273 13 15 48.287722 10800
    411 13 15 48.287272 13 15 48.297691 10800
    412 13 15 48.297272 13 15 48.307687 10800
    413 13 15 48.307271 13 15 48.317684 10800
    414 13 15 48.317273 13 15 48.327691 10800
    415 13 15 48.327272 13 15 48.337687 10800
    416 13 15 48.337271 13 15 48.347712 10800
    417 13 15 48.347270 13 15 48.357697 10800
    418 13 15 48.357300 13 15 48.367747 10800
    419 13 15 48.367271 13 15 48.377696 10800
    420 13 15 48.377274 13 15 48.387709 10800
    421 13 15 48.387273 13 15 48.397683 10800
    422 13 15 48.397274 13 15 48.407823 10800
    423 13 15 48.407530 13 15 48.417952 10800
    424 13 15 48.417282 13 15 48.427705 10800
    425 13 15 48.427270 13 15 48.437680 10800
    426 13 15 48.437272 13 15 48.447695 10800
    427 13 15 48.447271 13 15 48.458674 10800
    428 13 15 48.457270 13 15 48.468139 10800
    429 13 15 48.467275 13 15 48.477688 10800
    430 13 15 48.477277 13 15 48.487699 10800
    431 13 15 48.487271 13 15 48.497675 10800
    432 13 15 48.497270 13 15 48.507674 10800
    433 13 15 48.507271 13 15 48.517673 10800
    434 13 15 48.517271 13 15 48.527684 10800
    435 13 15 48.527270 13 15 48.537835 10800
    436 13 15 48.537275 13 15 48.547688 10800
    437 13 15 48.547272 13 15 48.558098 10800
    438 13 15 48.557271 13 15 48.567684 10800
    439 13 15 48.567272 13 15 48.577683 10800
    440 13 15 48.577275 13 15 48.587688 10800
    441 13 15 48.587269 13 15 48.597673 10800
    442 13 15 48.597271 13 15 48.607677 10800
    443 13 15 48.607269 13 15 48.617680 10800
    444 13 15 48.617275 13 15 48.627687 10800
    445 13 15 48.627271 13 15 48.637673 10800
    446 13 15 48.637270 13 15 48.647666 10800
    447 13 15 48.647271 13 15 48.657719 10800
    448 13 15 48.657271 13 15 48.667676 10800
    449 13 15 48.667271 13 15 48.677656 10800
    450 13 15 48.677270 13 15 48.693621 10800
    451 13 15 48.687283 13 15 48.702731 10800
    452 13 15 48.697270 13 15 48.711812 10800
    453 13 15 48.707284 13 15 48.720925 10800
    454 13 15 48.717249 13 15 48.730024 10800
    455 13 15 48.727266 13 15 48.739117 10800
    456 13 15 48.737274 13 15 48.748204 10800
    457 13 15 48.747275 13 15 48.757694 10800
    458 13 15 48.757271 13 15 48.767674 10800
    459 13 15 48.767271 13 15 48.777752 10800
    460 13 15 48.777275 13 15 48.787686 10800
    461 13 15 48.787272 13 15 48.797677 10800
    462 13 15 48.797271 13 15 48.807690 10800
    463 13 15 48.807273 13 15 48.817683 10800
    464 13 15 48.817279 13 15 48.827699 10800
    465 13 15 48.827272 13 15 48.837670 10800
    466 13 15 48.837271 13 15 48.847670 10800
    467 13 15 48.847271 13 15 48.857742 10800
    468 13 15 48.857272 13 15 48.867693 10800
    469 13 15 48.867342 13 15 48.877780 10800
    470 13 15 48.877257 13 15 48.887635 10800
    471 13 15 48.887256 13 15 48.897640 10800
    472 13 15 48.897405 13 15 48.907783 10800
    473 13 15 48.907274 13 15 48.917664 10800
    474 13 15 48.917257 13 15 48.927650 10800
    475 13 15 48.927278 13 15 48.937748 10800
    476 13 15 48.937277 13 15 48.947695 10800
    477 13 15 48.947290 13 15 48.957712 10800
    478 13 15 48.957272 13 15 48.967674 10800
    479 13 15 48.967274 13 15 48.977685 10800
    480 13 15 48.977285 13 15 48.987698 10800
    481 13 15 48.987281 13 15 48.998176 10800
    482 13 15 48.997272 13 15 49.007689 10800
    483 13 15 49.007280 13 15 49.017690 10800
    484 13 15 49.017370 13 15 49.027779 10800
    485 13 15 49.027275 13 15 49.037685 10800
    486 13 15 49.037281 13 15 49.047685 10800
    487 13 15 49.047277 13 15 49.057701 10800
    488 13 15 49.057273 13 15 49.067678 10800
    489 13 15 49.067304 13 15 49.077765 10800
    490 13 15 49.077274 13 15 49.087679 10800
    491 13 15 49.087271 13 15 49.097678 10800
    492 13 15 49.097271 13 15 49.107669 10800
    493 13 15 49.107284 13 15 49.117693 10800
    494 13 15 49.117271 13 15 49.127679 10800
    495 13 15 49.127273 13 15 49.137687 10800
    496 13 15 49.137278 13 15 49.147717 10800
    497 13 15 49.147289 13 15 49.157747 10800
    498 13 15 49.157280 13 15 49.167720 10800
    499 13 15 49.167543 13 15 49.177982 10800
    500 13 15 49.177286 13 15 49.193657 10800
    501 13 15 49.187328 13 15 49.202902 10800
    502 13 15 49.197277 13 15 49.211933 10800
    503 13 15 49.207354 13 15 49.221001 10800
    504 13 15 49.217337 13 15 49.230229 10800
    505 13 15 49.227283 13 15 49.239134 10800
    506 13 15 49.237363 13 15 49.248221 10800
    507 13 15 49.247262 13 15 49.257694 10800
    508 13 15 49.257274 13 15 49.267667 10800
    509 13 15 49.267270 13 15 49.277742 10800
    510 13 15 49.277248 13 15 49.287734 10800
    511 13 15 49.287255 13 15 49.297631 10800
    512 13 15 49.297260 13 15 49.307747 10800
    513 13 15 49.307260 13 15 49.317691 10800
    514 13 15 49.317261 13 15 49.328215 10800
    515 13 15 49.327277 13 15 49.337744 10800
    516 13 15 49.337223 13 15 49.347608 10800
    517 13 15 49.347234 13 15 49.357748 10800
    518 13 15 49.357308 13 15 49.367752 10800
    519 13 15 49.367277 13 15 49.385347 10800
    520 13 15 49.377265 13 15 49.393847 10800
    521 13 15 49.387275 13 15 49.403478 10800
    522 13 15 49.397224 13 15 49.412579 10800
    523 13 15 49.407274 13 15 49.421678 10800
    524 13 15 49.417287 13 15 49.430776 10800
    525 13 15 49.427286 13 15 49.439877 10800
    526 13 15 49.437280 13 15 49.448979 10800
    527 13 15 49.447246 13 15 49.458064 10800
    528 13 15 49.457267 13 15 49.467748 10800
    529 13 15 49.467278 13 15 49.477691 10800
    530 13 15 49.477272 13 15 49.487679 10800
    531 13 15 49.487273 13 15 49.497684 10800
    532 13 15 49.497273 13 15 49.507660 10800
    533 13 15 49.507271 13 15 49.517688 10800
    534 13 15 49.517271 13 15 49.527673 10800
    535 13 15 49.527273 13 15 49.537683 10800
    536 13 15 49.537272 13 15 49.547679 10800
    537 13 15 49.547271 13 15 49.557679 10800
    538 13 15 49.557271 13 15 49.567737 10800
    539 13 15 49.567272 13 15 49.577685 10800
    540 13 15 49.577272 13 15 49.587747 10800
    541 13 15 49.587274 13 15 49.597686 10800
    542 13 15 49.597270 13 15 49.607675 10800
    543 13 15 49.607273 13 15 49.617682 10800
    544 13 15 49.617272 13 15 49.627687 10800
    545 13 15 49.627271 13 15 49.637672 10800
    546 13 15 49.637270 13 15 49.647671 10800
    547 13 15 49.647272 13 15 49.657693 10800
    548 13 15 49.657283 13 15 49.667777 10800
    549 13 15 49.667274 13 15 49.677717 10800
    550 13 15 49.677276 13 15 49.693657 10800
    551 13 15 49.687286 13 15 49.702762 10800
    552 13 15 49.697298 13 15 49.711908 10800
    553 13 15 49.707310 13 15 49.721024 10800
    554 13 15 49.717301 13 15 49.730058 10800
    555 13 15 49.727339 13 15 49.739218 10800
    556 13 15 49.737288 13 15 49.748227 10800
    557 13 15 49.747276 13 15 49.757694 10800
    558 13 15 49.757271 13 15 49.767665 10800
    559 13 15 49.767271 13 15 49.777670 10800
    560 13 15 49.777273 13 15 49.787677 10800
    561 13 15 49.787273 13 15 49.797680 10800
    562 13 15 49.797271 13 15 49.807670 10800
    563 13 15 49.807271 13 15 49.817689 10800
    564 13 15 49.817273 13 15 49.827696 10800
    565 13 15 49.827272 13 15 49.837677 10800
    566 13 15 49.837271 13 15 49.847690 10800
    567 13 15 49.847271 13 15 49.857680 10800
    568 13 15 49.857272 13 15 49.867686 10800
    569 13 15 49.867280 13 15 49.877656 10800
    570 13 15 49.877302 13 15 49.887742 10800
    571 13 15 49.887284 13 15 49.897725 10800
    572 13 15 49.897274 13 15 49.907755 10800
    573 13 15 49.907274 13 15 49.917717 10800
    574 13 15 49.917276 13 15 49.927697 10800
    575 13 15 49.927272 13 15 49.937694 10800
    576 13 15 49.937274 13 15 49.947690 10800
    577 13 15 49.947277 13 15 49.957692 10800
    578 13 15 49.957270 13 15 49.967680 10800
    579 13 15 49.967272 13 15 49.979855 10800
    580 13 15 49.978853 13 15 49.990133 10800
    581 13 15 49.987239 13 15 49.999254 10800
    582 13 15 49.997290 13 15 50.008339 10800
    583 13 15 50.007277 13 15 50.017763 10800
    584 13 15 50.017287 13 15 50.027863 10800
    585 13 15 50.027284 13 15 50.037767 10800
    586 13 15 50.037309 13 15 50.047713 10800
    587 13 15 50.047272 13 15 50.057664 10800
    588 13 15 50.057271 13 15 50.067689 10800
    589 13 15 50.067275 13 15 50.077682 10800
    590 13 15 50.077269 13 15 50.087665 10800
    591 13 15 50.087310 13 15 50.097782 10800
    592 13 15 50.097276 13 15 50.107697 10800
    593 13 15 50.107272 13 15 50.117688 10800
    594 13 15 50.117272 13 15 50.127673 10800
    595 13 15 50.127282 13 15 50.137684 10800
    596 13 15 50.137269 13 15 50.147700 10800
    597 13 15 50.147272 13 15 50.157679 10800
    598 13 15 50.157384 13 15 50.167780 10800
    599 13 15 50.167271 13 15 50.177691 10800
    600 13 15 50.177272 13 15 50.194726 10800
    601 13 15 50.187368 13 15 50.202824 10800
    602 13 15 50.197282 13 15 50.211216 10800
    603 13 15 50.207272 13 15 50.220880 10800
    604 13 15 50.217289 13 15 50.229984 10800
    605 13 15 50.227277 13 15 50.239063 10800
    606 13 15 50.237274 13 15 50.248164 10800
    607 13 15 50.247275 13 15 50.257694 10800
    608 13 15 50.257272 13 15 50.267687 10800
    609 13 15 50.267273 13 15 50.277664 10800
    610 13 15 50.277258 13 15 50.287635 10800
    611 13 15 50.287258 13 15 50.297620 10800
    612 13 15 50.297252 13 15 50.307651 10800
    613 13 15 50.307279 13 15 50.317658 10800
    614 13 15 50.317258 13 15 50.327637 10800
    615 13 15 50.327258 13 15 50.337733 10800
    616 13 15 50.337273 13 15 50.347774 10800
    617 13 15 50.347267 13 15 50.357638 10800
    618 13 15 50.357269 13 15 50.367728 10800
    619 13 15 50.367271 13 15 50.377648 10800
    620 13 15 50.377344 13 15 50.387833 10800
    621 13 15 50.387259 13 15 50.397669 10800
    622 13 15 50.397302 13 15 50.408957 10800
    623 13 15 50.407235 13 15 50.418047 10800
    624 13 15 50.417281 13 15 50.427757 10800
    625 13 15 50.427263 13 15 50.437831 10800
    626 13 15 50.437283 13 15 50.447876 10800
    627 13 15 50.447322 13 15 50.457836 10800
    628 13 15 50.457307 13 15 50.467869 10800
    629 13 15 50.467297 13 15 50.477773 10800
    630 13 15 50.477280 13 15 50.487693 10800
    631 13 15 50.487271 13 15 50.497720 10800
    632 13 15 50.497352 13 15 50.508826 10800
    633 13 15 50.507286 13 15 50.517929 10800
    634 13 15 50.517282 13 15 50.527774 10800
    635 13 15 50.527312 13 15 50.537770 10800
    636 13 15 50.537278 13 15 50.547744 10800
    637 13 15 50.547308 13 15 50.557845 10800
    638 13 15 50.557307 13 15 50.567794 10800
    639 13 15 50.567298 13 15 50.577781 10800
    640 13 15 50.577291 13 15 50.589536 10800
    641 13 15 50.587280 13 15 50.598630 10800
    642 13 15 50.597296 13 15 50.607815 10800
    643 13 15 50.607295 13 15 50.617753 10800
    644 13 15 50.617283 13 15 50.627727 10800
    645 13 15 50.627274 13 15 50.637715 10800
    646 13 15 50.637282 13 15 50.647705 10800
    647 13 15 50.647272 13 15 50.657682 10800
    648 13 15 50.657271 13 15 50.667662 10800
    649 13 15 50.667270 13 15 50.677680 10800
    650 13 15 50.677275 13 15 50.693663 10800
    651 13 15 50.687297 13 15 50.702818 10800
    652 13 15 50.697285 13 15 50.711824 10800
    653 13 15 50.707284 13 15 50.720945 10800
    654 13 15 50.717278 13 15 50.730055 10800
    655 13 15 50.727252 13 15 50.739122 10800
    656 13 15 50.737282 13 15 50.748240 10800
    657 13 15 50.747275 13 15 50.757708 10800
    658 13 15 50.757274 13 15 50.767690 10800
    659 13 15 50.767296 13 15 50.777754 10800
    660 13 15 50.777299 13 15 50.787832 10800
    661 13 15 50.787300 13 15 50.797794 10800
    662 13 15 50.797289 13 15 50.807735 10800
    663 13 15 50.807296 13 15 50.818022 10800
    664 13 15 50.817413 13 15 50.827857 10800
    665 13 15 50.827288 13 15 50.837803 10800
    666 13 15 50.837274 13 15 50.848077 10800
    667 13 15 50.847279 13 15 50.857770 10800
    668 13 15 50.857382 13 15 50.867837 10800
    669 13 15 50.867274 13 15 50.877690 10800
    670 13 15 50.877262 13 15 50.887740 10800
    671 13 15 50.887281 13 15 50.897748 10800
    672 13 15 50.897370 13 15 50.907806 10800
    673 13 15 50.907307 13 15 50.917951 10800
    674 13 15 50.917261 13 15 50.927712 10800
    675 13 15 50.927588 13 15 50.939270 10800
    676 13 15 50.937283 13 15 50.948326 10800
    677 13 15 50.947291 13 15 50.957935 10800
    678 13 15 50.957312 13 15 50.968293 10800
    679 13 15 50.967244 13 15 50.977856 10800
    680 13 15 50.977327 13 15 50.987904 10800
    681 13 15 50.987335 13 15 50.997898 10800
    682 13 15 50.997292 13 15 51.008142 10800
    683 13 15 51.007297 13 15 51.017916 10800
    684 13 15 51.017307 13 15 51.027861 10800
    685 13 15 51.027456 13 15 51.037956 10800
    686 13 15 51.037300 13 15 51.047699 10800
    687 13 15 51.047271 13 15 51.057676 10800
    688 13 15 51.057273 13 15 51.067692 10800
    689 13 15 51.067284 13 15 51.077742 10800
    690 13 15 51.077308 13 15 51.088157 10800
    691 13 15 51.087336 13 15 51.097977 10800
    692 13 15 51.097312 13 15 51.108029 10800
    693 13 15 51.107363 13 15 51.118116 10800
    694 13 15 51.117331 13 15 51.127845 10800
    695 13 15 51.127324 13 15 51.137948 10800
    696 13 15 51.137276 13 15 51.147885 10800
    697 13 15 51.147283 13 15 51.157825 10800
    698 13 15 51.157470 13 15 51.167991 10800
    699 13 15 51.167279 13 15 51.178032 10800
    700 13 15 51.177410 13 15 51.193997 10800
    701 13 15 51.187387 13 15 51.202871 10800
    702 13 15 51.197277 13 15 51.211982 10800
    703 13 15 51.207278 13 15 51.221159 10800
    704 13 15 51.217255 13 15 51.230198 10800
    705 13 15 51.227276 13 15 51.239258 10800
    706 13 15 51.237284 13 15 51.248362 10800
    707 13 15 51.247315 13 15 51.257902 10800
    708 13 15 51.257311 13 15 51.267943 10800
    709 13 15 51.267310 13 15 51.278007 10800
    710 13 15 51.277312 13 15 51.287840 10800
    711 13 15 51.287286 13 15 51.297694 10800
    712 13 15 51.297274 13 15 51.307682 10800
    713 13 15 51.307276 13 15 51.317692 10800
    714 13 15 51.317275 13 15 51.327669 10800
    715 13 15 51.327274 13 15 51.337676 10800
    716 13 15 51.337279 13 15 51.347681 10800
    717 13 15 51.347275 13 15 51.357683 10800
    718 13 15 51.357280 13 15 51.367696 10800
    719 13 15 51.367271 13 15 51.377674 10800
    720 13 15 51.377271 13 15 51.387675 10800
    721 13 15 51.387273 13 15 51.397691 10800
    722 13 15 51.397272 13 15 51.407770 10800
    723 13 15 51.407277 13 15 51.417690 10800
    724 13 15 51.417273 13 15 51.427688 10800
    725 13 15 51.427272 13 15 51.437680 10800
    726 13 15 51.437272 13 15 51.447676 10800
    727 13 15 51.447271 13 15 51.457673 10800
    728 13 15 51.457270 13 15 51.467672 10800
    729 13 15 51.467272 13 15 51.477671 10800
    730 13 15 51.477271 13 15 51.487676 10800
    731 13 15 51.487270 13 15 51.497646 10800
    732 13 15 51.497259 13 15 51.507655 10800
    733 13 15 51.507280 13 15 51.517701 10800
    734 13 15 51.517277 13 15 51.527754 10800
    735 13 15 51.527296 13 15 51.537767 10800
    736 13 15 51.537273 13 15 51.547705 10800
    737 13 15 51.547255 13 15 51.557712 10800
    738 13 15 51.557284 13 15 51.567695 10800
    739 13 15 51.567275 13 15 51.577702 10800
    740 13 15 51.577277 13 15 51.587708 10800
    741 13 15 51.587279 13 15 51.597698 10800
    742 13 15 51.597273 13 15 51.607688 10800
    743 13 15 51.607275 13 15 51.617685 10800
    744 13 15 51.617274 13 15 51.627785 10800
    745 13 15 51.627271 13 15 51.637686 10800
    746 13 15 51.637270 13 15 51.647678 10800
    747 13 15 51.647272 13 15 51.657688 10800
    748 13 15 51.657276 13 15 51.667703 10800
    749 13 15 51.667276 13 15 51.677683 10800
    750 13 15 51.677272 13 15 51.693657 10800
    751 13 15 51.687354 13 15 51.702782 10800
    752 13 15 51.697285 13 15 51.711820 10800
    753 13 15 51.707284 13 15 51.720955 10800
    754 13 15 51.717266 13 15 51.730136 10800
    755 13 15 51.727280 13 15 51.739108 10800
    756 13 15 51.737285 13 15 51.748244 10800
    757 13 15 51.747276 13 15 51.757714 10800
    758 13 15 51.757272 13 15 51.767685 10800
    759 13 15 51.767271 13 15 51.777673 10800
    760 13 15 51.777271 13 15 51.787683 10800
    761 13 15 51.787275 13 15 51.797687 10800
    762 13 15 51.797277 13 15 51.807687 10800
    763 13 15 51.807273 13 15 51.817742 10800
    764 13 15 51.817273 13 15 51.827688 10800
    765 13 15 51.827272 13 15 51.837701 10800
    766 13 15 51.837265 13 15 51.847760 10800
    767 13 15 51.847259 13 15 51.857694 10800
    768 13 15 51.857261 13 15 51.867680 10800
    769 13 15 51.867258 13 15 51.877803 10800
    770 13 15 51.877263 13 15 51.887698 10800
    771 13 15 51.887329 13 15 51.897813 10800
    772 13 15 51.897292 13 15 51.907701 10800
    773 13 15 51.907288 13 15 51.917772 10800
    774 13 15 51.917273 13 15 51.927748 10800
    775 13 15 51.927270 13 15 51.937759 10800
    776 13 15 51.937275 13 15 51.947696 10800
    777 13 15 51.947271 13 15 51.957841 10800
    778 13 15 51.957273 13 15 51.967695 10800
    779 13 15 51.967297 13 15 51.977787 10800
    780 13 15 51.977286 13 15 51.987797 10800
    781 13 15 51.987301 13 15 51.997768 10800
    782 13 15 51.997290 13 15 52.007795 10800
    783 13 15 52.007283 13 15 52.017752 10800
    784 13 15 52.017282 13 15 52.027740 10800
    785 13 15 52.027278 13 15 52.037728 10800
    786 13 15 52.037273 13 15 52.047868 10800
    787 13 15 52.047314 13 15 52.057749 10800
    788 13 15 52.057324 13 15 52.067745 10800
    789 13 15 52.067303 13 15 52.077868 10800
    790 13 15 52.077316 13 15 52.087772 10800
    791 13 15 52.087276 13 15 52.097720 10800
    792 13 15 52.097304 13 15 52.107765 10800
    793 13 15 52.107281 13 15 52.117727 10800
    794 13 15 52.117260 13 15 52.127713 10800
    795 13 15 52.127279 13 15 52.137754 10800
    796 13 15 52.137354 13 15 52.147964 10800
    797 13 15 52.147280 13 15 52.157856 10800
    798 13 15 52.157282 13 15 52.167762 10800
    799 13 15 52.167274 13 15 52.177717 10800
    800 13 15 52.177272 13 15 52.193646 10800
    801 13 15 52.187300 13 15 52.202742 10800
    802 13 15 52.197266 13 15 52.211815 10800
    803 13 15 52.207261 13 15 52.221086 10800
    804 13 15 52.217241 13 15 52.230083 10800
    805 13 15 52.227218 13 15 52.239092 10800
    806 13 15 52.237260 13 15 52.248215 10800
    807 13 15 52.247275 13 15 52.257745 10800
    808 13 15 52.257272 13 15 52.267679 10800
    809 13 15 52.267273 13 15 52.277675 10800
    810 13 15 52.277272 13 15 52.287685 10800
    811 13 15 52.287270 13 15 52.297676 10800
    812 13 15 52.297271 13 15 52.307673 10800
    813 13 15 52.307271 13 15 52.317678 10800
    814 13 15 52.317270 13 15 52.327680 10800
    815 13 15 52.327272 13 15 52.337665 10800
    816 13 15 52.337271 13 15 52.347656 10800
    817 13 15 52.347279 13 15 52.357671 10800
    818 13 15 52.357272 13 15 52.367738 10800
    819 13 15 52.367274 13 15 52.377685 10800
    820 13 15 52.377273 13 15 52.387694 10800
    821 13 15 52.387276 13 15 52.397747 10800
    822 13 15 52.397275 13 15 52.409052 10800
    823 13 15 52.408977 13 15 52.420586 10800
    824 13 15 52.417310 13 15 52.429696 10800
    825 13 15 52.427255 13 15 52.438785 10800
    826 13 15 52.437275 13 15 52.447885 10800
    827 13 15 52.447273 13 15 52.457686 10800
    828 13 15 52.457270 13 15 52.467674 10800
    829 13 15 52.467301 13 15 52.477721 10800
    830 13 15 52.477274 13 15 52.487681 10800
    831 13 15 52.487273 13 15 52.497681 10800
    832 13 15 52.497275 13 15 52.507686 10800
    833 13 15 52.507272 13 15 52.517865 10800
    834 13 15 52.517313 13 15 52.527790 10800
    835 13 15 52.527296 13 15 52.537722 10800
    836 13 15 52.537275 13 15 52.547691 10800
    837 13 15 52.547274 13 15 52.557696 10800
    838 13 15 52.557274 13 15 52.567692 10800
    839 13 15 52.567275 13 15 52.577680 10800
    840 13 15 52.577275 13 15 52.587687 10800
    841 13 15 52.587274 13 15 52.597679 10800
    842 13 15 52.597276 13 15 52.607706 10800
    843 13 15 52.607295 13 15 52.617783 10800
    844 13 15 52.617297 13 15 52.627761 10800
    845 13 15 52.627274 13 15 52.637698 10800
    846 13 15 52.637278 13 15 52.647688 10800
    847 13 15 52.647280 13 15 52.657764 10800
    848 13 15 52.657297 13 15 52.667766 10800
    849 13 15 52.667282 13 15 52.677739 10800
    850 13 15 52.677286 13 15 52.693733 10800
    851 13 15 52.687288 13 15 52.702804 10800
    852 13 15 52.697296 13 15 52.711897 10800
    853 13 15 52.707338 13 15 52.721034 10800
    854 13 15 52.717325 13 15 52.730133 10800
    855 13 15 52.727308 13 15 52.739136 10800
    856 13 15 52.737287 13 15 52.748300 10800
    857 13 15 52.747253 13 15 52.757832 10800
    858 13 15 52.757306 13 15 52.767777 10800
    859 13 15 52.767280 13 15 52.777740 10800
    860 13 15 52.777304 13 15 52.787999 10800
    861 13 15 52.787300 13 15 52.797775 10800
    862 13 15 52.797283 13 15 52.807723 10800
    863 13 15 52.807276 13 15 52.817805 10800
    864 13 15 52.817278 13 15 52.827720 10800
    865 13 15 52.827275 13 15 52.837724 10800
    866 13 15 52.837274 13 15 52.847673 10800
    867 13 15 52.847295 13 15 52.857779 10800
    868 13 15 52.857283 13 15 52.867758 10800
    869 13 15 52.867275 13 15 52.877687 10800
    870 13 15 52.877285 13 15 52.887753 10800
    871 13 15 52.887278 13 15 52.897764 10800
    872 13 15 52.897284 13 15 52.907696 10800
    873 13 15 52.907274 13 15 52.917758 10800
    874 13 15 52.917307 13 15 52.927778 10800
    875 13 15 52.927280 13 15 52.937696 10800
    876 13 15 52.937274 13 15 52.947679 10800
    877 13 15 52.947276 13 15 52.957816 10800
    878 13 15 52.957286 13 15 52.967699 10800
    879 13 15 52.967345 13 15 52.977798 10800
    880 13 15 52.977307 13 15 52.987772 10800
    881 13 15 52.987304 13 15 52.997843 10800
    882 13 15 52.997387 13 15 53.008130 10800
    883 13 15 53.007295 13 15 53.017744 10800
    884 13 15 53.017277 13 15 53.027698 10800
    885 13 15 53.027315 13 15 53.037835 10800
    886 13 15 53.037277 13 15 53.047742 10800
    887 13 15 53.047277 13 15 53.057720 10800
    888 13 15 53.057274 13 15 53.067709 10800
    889 13 15 53.067278 13 15 53.077806 10800
    890 13 15 53.077286 13 15 53.087730 10800
    891 13 15 53.087277 13 15 53.097709 10800
    892 13 15 53.097278 13 15 53.107711 10800
    893 13 15 53.107277 13 15 53.117702 10800
    894 13 15 53.117277 13 15 53.127718 10800
    895 13 15 53.127302 13 15 53.137849 10800
    896 13 15 53.137340 13 15 53.147764 10800
    897 13 15 53.147275 13 15 53.157707 10800
    898 13 15 53.157277 13 15 53.167687 10800
    899 13 15 53.167274 13 15 53.177691 10800
    900 13 15 53.177276 13 15 53.193714 10800
    901 13 15 53.187277 13 15 53.202854 10800
    902 13 15 53.197235 13 15 53.211838 10800
    903 13 15 53.207307 13 15 53.220950 10800
    904 13 15 53.217278 13 15 53.230046 10800
    905 13 15 53.227280 13 15 53.239130 10800
    906 13 15 53.237273 13 15 53.248263 10800
    907 13 15 53.247365 13 15 53.257939 10800
    908 13 15 53.257308 13 15 53.267834 10800
    909 13 15 53.267299 13 15 53.277742 10800
    910 13 15 53.277276 13 15 53.287883 10800
    911 13 15 53.287275 13 15 53.297685 10800
    912 13 15 53.297272 13 15 53.307681 10800
    913 13 15 53.307271 13 15 53.317686 10800
    914 13 15 53.317272 13 15 53.327677 10800
    915 13 15 53.327272 13 15 53.337676 10800
    916 13 15 53.337271 13 15 53.347676 10800
    917 13 15 53.347270 13 15 53.357683 10800
    918 13 15 53.357275 13 15 53.367683 10800
    919 13 15 53.367271 13 15 53.377662 10800
    920 13 15 53.377307 13 15 53.387797 10800
    921 13 15 53.387275 13 15 53.397660 10800
    922 13 15 53.397272 13 15 53.407811 10800
    923 13 15 53.407274 13 15 53.417690 10800
    924 13 15 53.417273 13 15 53.427661 10800
    925 13 15 53.427258 13 15 53.437632 10800
    926 13 15 53.437260 13 15 53.447736 10800
    927 13 15 53.447273 13 15 53.457664 10800
    928 13 15 53.457298 13 15 53.467666 10800
    929 13 15 53.467270 13 15 53.477699 10800
    930 13 15 53.477271 13 15 53.487681 10800
    931 13 15 53.487271 13 15 53.497681 10800
    932 13 15 53.497270 13 15 53.507744 10800
    933 13 15 53.507272 13 15 53.517682 10800
    934 13 15 53.517271 13 15 53.527670 10800
    935 13 15 53.527259 13 15 53.537657 10800
    936 13 15 53.537270 13 15 53.547728 10800
    937 13 15 53.547274 13 15 53.557763 10800
    938 13 15 53.557274 13 15 53.567683 10800
    939 13 15 53.567272 13 15 53.577675 10800
    940 13 15 53.577272 13 15 53.587679 10800
    941 13 15 53.587274 13 15 53.597695 10800
    942 13 15 53.597271 13 15 53.607678 10800
    943 13 15 53.607269 13 15 53.617685 10800
    944 13 15 53.617272 13 15 53.627685 10800
    945 13 15 53.627273 13 15 53.637664 10800
    946 13 15 53.637269 13 15 53.647674 10800
    947 13 15 53.647271 13 15 53.657674 10800
    948 13 15 53.657271 13 15 53.667667 10800
    949 13 15 53.667271 13 15 53.678471 10800
    950 13 15 53.678355 13 15 53.694805 10800
    951 13 15 53.687277 13 15 53.703910 10800
    952 13 15 53.697285 13 15 53.712417 10800
    953 13 15 53.707279 13 15 53.722008 10800
    954 13 15 53.717306 13 15 53.731109 10800
    955 13 15 53.727285 13 15 53.740223 10800
    956 13 15 53.737276 13 15 53.749302 10800
    957 13 15 53.747224 13 15 53.758456 10800
    958 13 15 53.757277 13 15 53.767746 10800
    959 13 15 53.767274 13 15 53.777681 10800
    960 13 15 53.777279 13 15 53.787728 10800
    961 13 15 53.787275 13 15 53.797714 10800
    962 13 15 53.797285 13 15 53.807701 10800
    963 13 15 53.807277 13 15 53.817906 10800
    964 13 15 53.817298 13 15 53.827781 10800
    965 13 15 53.827275 13 15 53.837690 10800
    966 13 15 53.837279 13 15 53.847692 10800
    967 13 15 53.847273 13 15 53.857703 10800
    968 13 15 53.857272 13 15 53.867680 10800
    969 13 15 53.867272 13 15 53.877726 10800
    970 13 15 53.877265 13 15 53.887793 10800
    971 13 15 53.887284 13 15 53.897644 10800
    972 13 15 53.897317 13 15 53.907761 10800
    973 13 15 53.907274 13 15 53.917692 10800
    974 13 15 53.917273 13 15 53.927715 10800
    975 13 15 53.927306 13 15 53.937772 10800
    976 13 15 53.937280 13 15 53.947690 10800
    977 13 15 53.947293 13 15 53.957701 10800
    978 13 15 53.957327 13 15 53.967832 10800
    979 13 15 53.967354 13 15 53.977831 10800
    980 13 15 53.977328 13 15 53.987782 10800
    981 13 15 53.987349 13 15 53.997956 10800
    982 13 15 53.997286 13 15 54.007846 10800
    983 13 15 54.007308 13 15 54.017800 10800
    984 13 15 54.017276 13 15 54.027723 10800
    985 13 15 54.027276 13 15 54.037748 10800
    986 13 15 54.037275 13 15 54.047795 10800
    987 13 15 54.047277 13 15 54.057918 10800
    988 13 15 54.057361 13 15 54.067782 10800
    989 13 15 54.067273 13 15 54.077706 10800
    990 13 15 54.077274 13 15 54.087681 10800
    991 13 15 54.087274 13 15 54.097709 10800
    992 13 15 54.097295 13 15 54.107809 10800
    993 13 15 54.107312 13 15 54.117739 10800
    994 13 15 54.117272 13 15 54.127682 10800
    995 13 15 54.127273 13 15 54.137678 10800
    996 13 15 54.137273 13 15 54.147669 10800
    997 13 15 54.147286 13 15 54.157708 10800
    998 13 15 54.157285 13 15 54.167701 10800
    999 13 15 54.167301 13 15 54.177788 10800
   1000 13 15 54.177272 13 15 54.193846 10800
