      1 13 8 38.733010 13 8 38.733010 11400
      2 13 8 38.743400 13 8 38.743400 11400
      3 13 8 38.753110 13 8 38.753110 11400
      4 13 8 38.764186 13 8 38.764186 11400
      5 13 8 38.773705 13 8 38.773705 11400
      6 13 8 38.783154 13 8 38.783154 11400
      7 13 8 38.793416 13 8 38.793416 11400
      8 13 8 38.803190 13 8 38.803190 11400
      9 13 8 38.813228 13 8 38.813228 11400
     10 13 8 38.823115 13 8 38.823115 11400
     11 13 8 38.833123 13 8 38.833123 11400
     12 13 8 38.843114 13 8 38.843114 11400
     13 13 8 38.853175 13 8 38.853175 11400
     14 13 8 38.863227 13 8 38.863227 11400
     15 13 8 38.873165 13 8 38.873165 11400
     16 13 8 38.883172 13 8 38.883172 11400
     17 13 8 38.893137 13 8 38.893137 11400
     18 13 8 38.903168 13 8 38.903168 11400
     19 13 8 38.913204 13 8 38.913204 11400
     20 13 8 38.923183 13 8 38.923183 11400
     21 13 8 38.933207 13 8 38.933207 11400
     22 13 8 38.943128 13 8 38.943128 11400
     23 13 8 38.953119 13 8 38.953119 11400
     24 13 8 38.963110 13 8 38.963110 11400
     25 13 8 38.973162 13 8 38.973162 11400
     26 13 8 38.983097 13 8 38.983097 11400
     27 13 8 38.993141 13 8 38.993141 11400
     28 13 8 39.003163 13 8 39.003163 11400
     29 13 8 39.013361 13 8 39.013361 11400
     30 13 8 39.023240 13 8 39.023240 11400
     31 13 8 39.033197 13 8 39.033197 11400
     32 13 8 39.043128 13 8 39.043128 11400
     33 13 8 39.053176 13 8 39.053176 11400
     34 13 8 39.063195 13 8 39.063195 11400
     35 13 8 39.073183 13 8 39.073183 11400
     36 13 8 39.083173 13 8 39.083173 11400
     37 13 8 39.093169 13 8 39.093169 11400
     38 13 8 39.103174 13 8 39.103174 11400
     39 13 8 39.113222 13 8 39.113222 11400
     40 13 8 39.123181 13 8 39.123181 11400
     41 13 8 39.133169 13 8 39.133169 11400
     42 13 8 39.143118 13 8 39.143118 11400
     43 13 8 39.153112 13 8 39.153112 11400
     44 13 8 39.163487 13 8 39.163487 11400
     45 13 8 39.173228 13 8 39.173228 11400
     46 13 8 39.183227 13 8 39.183227 11400
     47 13 8 39.193294 13 8 39.193294 11400
     48 13 8 39.203198 13 8 39.203198 11400
     49 13 8 39.213236 13 8 39.213236 11400
     50 13 8 39.223391 13 8 39.223391 11400
     51 13 8 39.233325 13 8 39.233325 11400
     52 13 8 39.243228 13 8 39.243228 11400
     53 13 8 39.253326 13 8 39.253326 11400
     54 13 8 39.263317 13 8 39.263317 11400
     55 13 8 39.274079 13 8 39.274079 11400
     56 13 8 39.283124 13 8 39.283124 11400
     57 13 8 39.293684 13 8 39.293684 11400
     58 13 8 39.303184 13 8 39.303184 11400
     59 13 8 39.313186 13 8 39.313186 11400
     60 13 8 39.323355 13 8 39.323355 11400
     61 13 8 39.333232 13 8 39.333232 11400
     62 13 8 39.343429 13 8 39.343429 11400
     63 13 8 39.353141 13 8 39.353141 11400
     64 13 8 39.363309 13 8 39.363309 11400
     65 13 8 39.373212 13 8 39.373212 11400
     66 13 8 39.383183 13 8 39.383183 11400
     67 13 8 39.393129 13 8 39.393129 11400
     68 13 8 39.403139 13 8 39.403139 11400
     69 13 8 39.413176 13 8 39.413176 11400
     70 13 8 39.423264 13 8 39.423264 11400
     71 13 8 39.433208 13 8 39.433208 11400
     72 13 8 39.443109 13 8 39.443109 11400
     73 13 8 39.453108 13 8 39.453108 11400
     74 13 8 39.463104 13 8 39.463104 11400
     75 13 8 39.473098 13 8 39.473098 11400
     76 13 8 39.483108 13 8 39.483108 11400
     77 13 8 39.493110 13 8 39.493110 11400
     78 13 8 39.504238 13 8 39.504238 11400
     79 13 8 39.513176 13 8 39.513176 11400
     80 13 8 39.523153 13 8 39.523153 11400
     81 13 8 39.533186 13 8 39.533186 11400
     82 13 8 39.543179 13 8 39.543179 11400
     83 13 8 39.553181 13 8 39.553181 11400
     84 13 8 39.563121 13 8 39.563121 11400
     85 13 8 39.573180 13 8 39.573180 11400
     86 13 8 39.583222 13 8 39.583222 11400
     87 13 8 39.593183 13 8 39.593183 11400
     88 13 8 39.603112 13 8 39.603112 11400
     89 13 8 39.613213 13 8 39.613213 11400
     90 13 8 39.623199 13 8 39.623199 11400
     91 13 8 39.633187 13 8 39.633187 11400
     92 13 8 39.643106 13 8 39.643106 11400
     93 13 8 39.653109 13 8 39.653109 11400
     94 13 8 39.663167 13 8 39.663167 11400
     95 13 8 39.673139 13 8 39.673139 11400
     96 13 8 39.683117 13 8 39.683117 11400
     97 13 8 39.693111 13 8 39.693111 11400
     98 13 8 39.703183 13 8 39.703183 11400
     99 13 8 39.713180 13 8 39.713180 11400
    100 13 8 39.723229 13 8 39.723229 11400
    101 13 8 39.733114 13 8 39.733114 11400
    102 13 8 39.743225 13 8 39.743225 11400
    103 13 8 39.753176 13 8 39.753176 11400
    104 13 8 39.763162 13 8 39.763162 11400
    105 13 8 39.773395 13 8 39.773395 11400
    106 13 8 39.783166 13 8 39.783166 11400
    107 13 8 39.793219 13 8 39.793219 11400
    108 13 8 39.803736 13 8 39.803736 11400
    109 13 8 39.813192 13 8 39.813192 11400
    110 13 8 39.823174 13 8 39.823174 11400
    111 13 8 39.833243 13 8 39.833243 11400
    112 13 8 39.843128 13 8 39.843128 11400
    113 13 8 39.853329 13 8 39.853329 11400
    114 13 8 39.863126 13 8 39.863126 11400
    115 13 8 39.873108 13 8 39.873108 11400
    116 13 8 39.883110 13 8 39.883110 11400
    117 13 8 39.893107 13 8 39.893107 11400
    118 13 8 39.903171 13 8 39.903171 11400
    119 13 8 39.913257 13 8 39.913257 11400
    120 13 8 39.923174 13 8 39.923174 11400
    121 13 8 39.933132 13 8 39.933132 11400
    122 13 8 39.943187 13 8 39.943187 11400
    123 13 8 39.953201 13 8 39.953201 11400
    124 13 8 39.963192 13 8 39.963192 11400
    125 13 8 39.973294 13 8 39.973294 11400
    126 13 8 39.983167 13 8 39.983167 11400
    127 13 8 39.993158 13 8 39.993158 11400
    128 13 8 40.003143 13 8 40.003143 11400
    129 13 8 40.013190 13 8 40.013190 11400
    130 13 8 40.023175 13 8 40.023175 11400
    131 13 8 40.033109 13 8 40.033109 11400
    132 13 8 40.043413 13 8 40.043413 11400
    133 13 8 40.053116 13 8 40.053116 11400
    134 13 8 40.063110 13 8 40.063110 11400
    135 13 8 40.073109 13 8 40.073109 11400
    136 13 8 40.083111 13 8 40.083111 11400
    137 13 8 40.093153 13 8 40.093153 11400
    138 13 8 40.103158 13 8 40.103158 11400
    139 13 8 40.113208 13 8 40.113208 11400
    140 13 8 40.123181 13 8 40.123181 11400
    141 13 8 40.133170 13 8 40.133170 11400
    142 13 8 40.143183 13 8 40.143183 11400
    143 13 8 40.153176 13 8 40.153176 11400
    144 13 8 40.163165 13 8 40.163165 11400
    145 13 8 40.173172 13 8 40.173172 11400
    146 13 8 40.183149 13 8 40.183149 11400
    147 13 8 40.193176 13 8 40.193176 11400
    148 13 8 40.203170 13 8 40.203170 11400
    149 13 8 40.213177 13 8 40.213177 11400
    150 13 8 40.223109 13 8 40.223109 11400
    151 13 8 40.233111 13 8 40.233111 11400
    152 13 8 40.243650 13 8 40.243650 11400
    153 13 8 40.253112 13 8 40.253112 11400
    154 13 8 40.263100 13 8 40.263100 11400
    155 13 8 40.273113 13 8 40.273113 11400
    156 13 8 40.283079 13 8 40.283079 11400
    157 13 8 40.293112 13 8 40.293112 11400
    158 13 8 40.303097 13 8 40.303097 11400
    159 13 8 40.313187 13 8 40.313187 11400
    160 13 8 40.323261 13 8 40.323261 11400
    161 13 8 40.333114 13 8 40.333114 11400
    162 13 8 40.343170 13 8 40.343170 11400
    163 13 8 40.353155 13 8 40.353155 11400
    164 13 8 40.363211 13 8 40.363211 11400
    165 13 8 40.373181 13 8 40.373181 11400
    166 13 8 40.383133 13 8 40.383133 11400
    167 13 8 40.393110 13 8 40.393110 11400
    168 13 8 40.403193 13 8 40.403193 11400
    169 13 8 40.413164 13 8 40.413164 11400
    170 13 8 40.423166 13 8 40.423166 11400
    171 13 8 40.433109 13 8 40.433109 11400
    172 13 8 40.443117 13 8 40.443117 11400
    173 13 8 40.453110 13 8 40.453110 11400
    174 13 8 40.463174 13 8 40.463174 11400
    175 13 8 40.473106 13 8 40.473106 11400
    176 13 8 40.483120 13 8 40.483120 11400
    177 13 8 40.493113 13 8 40.493113 11400
    178 13 8 40.503107 13 8 40.503107 11400
    179 13 8 40.513291 13 8 40.513291 11400
    180 13 8 40.523184 13 8 40.523184 11400
    181 13 8 40.533174 13 8 40.533174 11400
    182 13 8 40.543171 13 8 40.543171 11400
    183 13 8 40.553182 13 8 40.553182 11400
    184 13 8 40.563121 13 8 40.563121 11400
    185 13 8 40.573183 13 8 40.573183 11400
    186 13 8 40.583184 13 8 40.583184 11400
    187 13 8 40.593260 13 8 40.593260 11400
    188 13 8 40.603178 13 8 40.603178 11400
    189 13 8 40.613168 13 8 40.613168 11400
    190 13 8 40.623167 13 8 40.623167 11400
    191 13 8 40.633175 13 8 40.633175 11400
    192 13 8 40.643098 13 8 40.643098 11400
    193 13 8 40.653109 13 8 40.653109 11400
    194 13 8 40.663111 13 8 40.663111 11400
    195 13 8 40.673113 13 8 40.673113 11400
    196 13 8 40.683109 13 8 40.683109 11400
    197 13 8 40.693109 13 8 40.693109 11400
    198 13 8 40.703108 13 8 40.703108 11400
    199 13 8 40.713157 13 8 40.713157 11400
    200 13 8 40.723216 13 8 40.723216 11400
    201 13 8 40.733196 13 8 40.733196 11400
    202 13 8 40.743197 13 8 40.743197 11400
    203 13 8 40.753256 13 8 40.753256 11400
    204 13 8 40.763356 13 8 40.763356 11400
    205 13 8 40.773187 13 8 40.773187 11400
    206 13 8 40.783262 13 8 40.783262 11400
    207 13 8 40.793266 13 8 40.793266 11400
    208 13 8 40.803164 13 8 40.803164 11400
    209 13 8 40.813186 13 8 40.813186 11400
    210 13 8 40.823210 13 8 40.823210 11400
    211 13 8 40.833224 13 8 40.833224 11400
    212 13 8 40.843165 13 8 40.843165 11400
    213 13 8 40.853110 13 8 40.853110 11400
    214 13 8 40.863115 13 8 40.863115 11400
    215 13 8 40.873109 13 8 40.873109 11400
    216 13 8 40.883203 13 8 40.883203 11400
    217 13 8 40.893079 13 8 40.893079 11400
    218 13 8 40.903095 13 8 40.903095 11400
    219 13 8 40.913094 13 8 40.913094 11400
    220 13 8 40.923095 13 8 40.923095 11400
    221 13 8 40.933582 13 8 40.933582 11400
    222 13 8 40.943263 13 8 40.943263 11400
    223 13 8 40.953209 13 8 40.953209 11400
    224 13 8 40.963158 13 8 40.963158 11400
    225 13 8 40.973185 13 8 40.973185 11400
    226 13 8 40.983199 13 8 40.983199 11400
    227 13 8 40.993215 13 8 40.993215 11400
    228 13 8 41.003180 13 8 41.003180 11400
    229 13 8 41.013156 13 8 41.013156 11400
    230 13 8 41.023198 13 8 41.023198 11400
    231 13 8 41.033175 13 8 41.033175 11400
    232 13 8 41.043109 13 8 41.043109 11400
    233 13 8 41.053108 13 8 41.053108 11400
    234 13 8 41.063133 13 8 41.063133 11400
    235 13 8 41.073120 13 8 41.073120 11400
    236 13 8 41.083111 13 8 41.083111 11400
    237 13 8 41.093111 13 8 41.093111 11400
    238 13 8 41.103110 13 8 41.103110 11400
    239 13 8 41.113109 13 8 41.113109 11400
    240 13 8 41.123108 13 8 41.123108 11400
    241 13 8 41.133108 13 8 41.133108 11400
    242 13 8 41.143208 13 8 41.143208 11400
    243 13 8 41.153199 13 8 41.153199 11400
    244 13 8 41.163133 13 8 41.163133 11400
    245 13 8 41.173110 13 8 41.173110 11400
    246 13 8 41.183886 13 8 41.183886 11400
    247 13 8 41.193151 13 8 41.193151 11400
    248 13 8 41.203190 13 8 41.203190 11400
    249 13 8 41.213214 13 8 41.213214 11400
    250 13 8 41.223204 13 8 41.223204 11400
    251 13 8 41.233212 13 8 41.233212 11400
    252 13 8 41.243119 13 8 41.243119 11400
    253 13 8 41.253110 13 8 41.253110 11400
    254 13 8 41.263092 13 8 41.263092 11400
    255 13 8 41.273111 13 8 41.273111 11400
    256 13 8 41.283076 13 8 41.283076 11400
    257 13 8 41.293101 13 8 41.293101 11400
    258 13 8 41.303052 13 8 41.303052 11400
    259 13 8 41.313099 13 8 41.313099 11400
    260 13 8 41.323172 13 8 41.323172 11400
    261 13 8 41.333401 13 8 41.333401 11400
    262 13 8 41.343133 13 8 41.343133 11400
    263 13 8 41.353693 13 8 41.353693 11400
    264 13 8 41.363187 13 8 41.363187 11400
    265 13 8 41.373207 13 8 41.373207 11400
    266 13 8 41.383336 13 8 41.383336 11400
    267 13 8 41.393186 13 8 41.393186 11400
    268 13 8 41.403173 13 8 41.403173 11400
    269 13 8 41.413190 13 8 41.413190 11400
    270 13 8 41.423180 13 8 41.423180 11400
    271 13 8 41.433166 13 8 41.433166 11400
    272 13 8 41.443112 13 8 41.443112 11400
    273 13 8 41.453153 13 8 41.453153 11400
    274 13 8 41.463112 13 8 41.463112 11400
    275 13 8 41.473109 13 8 41.473109 11400
    276 13 8 41.483134 13 8 41.483134 11400
    277 13 8 41.493116 13 8 41.493116 11400
    278 13 8 41.503110 13 8 41.503110 11400
    279 13 8 41.513097 13 8 41.513097 11400
    280 13 8 41.523097 13 8 41.523097 11400
    281 13 8 41.533096 13 8 41.533096 11400
    282 13 8 41.543095 13 8 41.543095 11400
    283 13 8 41.553131 13 8 41.553131 11400
    284 13 8 41.563189 13 8 41.563189 11400
    285 13 8 41.573208 13 8 41.573208 11400
    286 13 8 41.583640 13 8 41.583640 11400
    287 13 8 41.593259 13 8 41.593259 11400
    288 13 8 41.603112 13 8 41.603112 11400
    289 13 8 41.613185 13 8 41.613185 11400
    290 13 8 41.623139 13 8 41.623139 11400
    291 13 8 41.633198 13 8 41.633198 11400
    292 13 8 41.643433 13 8 41.643433 11400
    293 13 8 41.653182 13 8 41.653182 11400
    294 13 8 41.663223 13 8 41.663223 11400
    295 13 8 41.673113 13 8 41.673113 11400
    296 13 8 41.683112 13 8 41.683112 11400
    297 13 8 41.693108 13 8 41.693108 11400
    298 13 8 41.703066 13 8 41.703066 11400
    299 13 8 41.713110 13 8 41.713110 11400
    300 13 8 41.723171 13 8 41.723171 11400
    301 13 8 41.733108 13 8 41.733108 11400
    302 13 8 41.743098 13 8 41.743098 11400
    303 13 8 41.753109 13 8 41.753109 11400
    304 13 8 41.763081 13 8 41.763081 11400
    305 13 8 41.773533 13 8 41.773533 11400
    306 13 8 41.783808 13 8 41.783808 11400
    307 13 8 41.793173 13 8 41.793173 11400
    308 13 8 41.803882 13 8 41.803882 11400
    309 13 8 41.813175 13 8 41.813175 11400
    310 13 8 41.823106 13 8 41.823106 11400
    311 13 8 41.833111 13 8 41.833111 11400
    312 13 8 41.843183 13 8 41.843183 11400
    313 13 8 41.853174 13 8 41.853174 11400
    314 13 8 41.863159 13 8 41.863159 11400
    315 13 8 41.873184 13 8 41.873184 11400
    316 13 8 41.883225 13 8 41.883225 11400
    317 13 8 41.893121 13 8 41.893121 11400
    318 13 8 41.903115 13 8 41.903115 11400
    319 13 8 41.913170 13 8 41.913170 11400
    320 13 8 41.923118 13 8 41.923118 11400
    321 13 8 41.933109 13 8 41.933109 11400
    322 13 8 41.943108 13 8 41.943108 11400
    323 13 8 41.953133 13 8 41.953133 11400
    324 13 8 41.963115 13 8 41.963115 11400
    325 13 8 41.973160 13 8 41.973160 11400
    326 13 8 41.983024 13 8 41.983024 11400
    327 13 8 41.993248 13 8 41.993248 11400
    328 13 8 42.003245 13 8 42.003245 11400
    329 13 8 42.013199 13 8 42.013199 11400
    330 13 8 42.023212 13 8 42.023212 11400
    331 13 8 42.033127 13 8 42.033127 11400
    332 13 8 42.043191 13 8 42.043191 11400
    333 13 8 42.053189 13 8 42.053189 11400
    334 13 8 42.063194 13 8 42.063194 11400
    335 13 8 42.073242 13 8 42.073242 11400
    336 13 8 42.083185 13 8 42.083185 11400
    337 13 8 42.093190 13 8 42.093190 11400
    338 13 8 42.103172 13 8 42.103172 11400
    339 13 8 42.113134 13 8 42.113134 11400
    340 13 8 42.123162 13 8 42.123162 11400
    341 13 8 42.133108 13 8 42.133108 11400
    342 13 8 42.143132 13 8 42.143132 11400
    343 13 8 42.153118 13 8 42.153118 11400
    344 13 8 42.163119 13 8 42.163119 11400
    345 13 8 42.173116 13 8 42.173116 11400
    346 13 8 42.183342 13 8 42.183342 11400
    347 13 8 42.193140 13 8 42.193140 11400
    348 13 8 42.203186 13 8 42.203186 11400
    349 13 8 42.213681 13 8 42.213681 11400
    350 13 8 42.223196 13 8 42.223196 11400
    351 13 8 42.233215 13 8 42.233215 11400
    352 13 8 42.243130 13 8 42.243130 11400
    353 13 8 42.253281 13 8 42.253281 11400
    354 13 8 42.263232 13 8 42.263232 11400
    355 13 8 42.273234 13 8 42.273234 11400
    356 13 8 42.283225 13 8 42.283225 11400
    357 13 8 42.293278 13 8 42.293278 11400
    358 13 8 42.303223 13 8 42.303223 11400
    359 13 8 42.313184 13 8 42.313184 11400
    360 13 8 42.323115 13 8 42.323115 11400
    361 13 8 42.333142 13 8 42.333142 11400
    362 13 8 42.343114 13 8 42.343114 11400
    363 13 8 42.353113 13 8 42.353113 11400
    364 13 8 42.363118 13 8 42.363118 11400
    365 13 8 42.373136 13 8 42.373136 11400
    366 13 8 42.383172 13 8 42.383172 11400
    367 13 8 42.393147 13 8 42.393147 11400
    368 13 8 42.403145 13 8 42.403145 11400
    369 13 8 42.413266 13 8 42.413266 11400
    370 13 8 42.423147 13 8 42.423147 11400
    371 13 8 42.433199 13 8 42.433199 11400
    372 13 8 42.443192 13 8 42.443192 11400
    373 13 8 42.453800 13 8 42.453800 11400
    374 13 8 42.463217 13 8 42.463217 11400
    375 13 8 42.473184 13 8 42.473184 11400
    376 13 8 42.483198 13 8 42.483198 11400
    377 13 8 42.493132 13 8 42.493132 11400
    378 13 8 42.503177 13 8 42.503177 11400
    379 13 8 42.513176 13 8 42.513176 11400
    380 13 8 42.523192 13 8 42.523192 11400
    381 13 8 42.533115 13 8 42.533115 11400
    382 13 8 42.543115 13 8 42.543115 11400
    383 13 8 42.553116 13 8 42.553116 11400
    384 13 8 42.563121 13 8 42.563121 11400
    385 13 8 42.573092 13 8 42.573092 11400
    386 13 8 42.583134 13 8 42.583134 11400
    387 13 8 42.593178 13 8 42.593178 11400
    388 13 8 42.603175 13 8 42.603175 11400
    389 13 8 42.613191 13 8 42.613191 11400
    390 13 8 42.623185 13 8 42.623185 11400
    391 13 8 42.633772 13 8 42.633772 11400
    392 13 8 42.644002 13 8 42.644002 11400
    393 13 8 42.653846 13 8 42.653846 11400
    394 13 8 42.663243 13 8 42.663243 11400
    395 13 8 42.673180 13 8 42.673180 11400
    396 13 8 42.683115 13 8 42.683115 11400
    397 13 8 42.693640 13 8 42.693640 11400
    398 13 8 42.703209 13 8 42.703209 11400
    399 13 8 42.713112 13 8 42.713112 11400
    400 13 8 42.723176 13 8 42.723176 11400
    401 13 8 42.733113 13 8 42.733113 11400
    402 13 8 42.743113 13 8 42.743113 11400
    403 13 8 42.753217 13 8 42.753217 11400
    404 13 8 42.763221 13 8 42.763221 11400
    405 13 8 42.773114 13 8 42.773114 11400
    406 13 8 42.784033 13 8 42.784033 11400
    407 13 8 42.793137 13 8 42.793137 11400
    408 13 8 42.803203 13 8 42.803203 11400
    409 13 8 42.813142 13 8 42.813142 11400
    410 13 8 42.823126 13 8 42.823126 11400
    411 13 8 42.833179 13 8 42.833179 11400
    412 13 8 42.843125 13 8 42.843125 11400
    413 13 8 42.853177 13 8 42.853177 11400
    414 13 8 42.863187 13 8 42.863187 11400
    415 13 8 42.873238 13 8 42.873238 11400
    416 13 8 42.883226 13 8 42.883226 11400
    417 13 8 42.893118 13 8 42.893118 11400
    418 13 8 42.903165 13 8 42.903165 11400
    419 13 8 42.913117 13 8 42.913117 11400
    420 13 8 42.923107 13 8 42.923107 11400
    421 13 8 42.933120 13 8 42.933120 11400
    422 13 8 42.943108 13 8 42.943108 11400
    423 13 8 42.953113 13 8 42.953113 11400
    424 13 8 42.963112 13 8 42.963112 11400
    425 13 8 42.973094 13 8 42.973094 11400
    426 13 8 42.983162 13 8 42.983162 11400
    427 13 8 42.993192 13 8 42.993192 11400
    428 13 8 43.003168 13 8 43.003168 11400
    429 13 8 43.013171 13 8 43.013171 11400
    430 13 8 43.023161 13 8 43.023161 11400
    431 13 8 43.033341 13 8 43.033341 11400
    432 13 8 43.043188 13 8 43.043188 11400
    433 13 8 43.053159 13 8 43.053159 11400
    434 13 8 43.063592 13 8 43.063592 11400
    435 13 8 43.073469 13 8 43.073469 11400
    436 13 8 43.083140 13 8 43.083140 11400
    437 13 8 43.093128 13 8 43.093128 11400
    438 13 8 43.103130 13 8 43.103130 11400
    439 13 8 43.113109 13 8 43.113109 11400
    440 13 8 43.123441 13 8 43.123441 11400
    441 13 8 43.133124 13 8 43.133124 11400
    442 13 8 43.143113 13 8 43.143113 11400
    443 13 8 43.153083 13 8 43.153083 11400
    444 13 8 43.163134 13 8 43.163134 11400
    445 13 8 43.173113 13 8 43.173113 11400
    446 13 8 43.183137 13 8 43.183137 11400
    447 13 8 43.193176 13 8 43.193176 11400
    448 13 8 43.203173 13 8 43.203173 11400
    449 13 8 43.213182 13 8 43.213182 11400
    450 13 8 43.223177 13 8 43.223177 11400
    451 13 8 43.233057 13 8 43.233057 11400
    452 13 8 43.243335 13 8 43.243335 11400
    453 13 8 43.253112 13 8 43.253112 11400
    454 13 8 43.263103 13 8 43.263103 11400
    455 13 8 43.273207 13 8 43.273207 11400
    456 13 8 43.283163 13 8 43.283163 11400
    457 13 8 43.293199 13 8 43.293199 11400
    458 13 8 43.303235 13 8 43.303235 11400
    459 13 8 43.313203 13 8 43.313203 11400
    460 13 8 43.323112 13 8 43.323112 11400
    461 13 8 43.333111 13 8 43.333111 11400
    462 13 8 43.343178 13 8 43.343178 11400
    463 13 8 43.353141 13 8 43.353141 11400
    464 13 8 43.363124 13 8 43.363124 11400
    465 13 8 43.373131 13 8 43.373131 11400
    466 13 8 43.383150 13 8 43.383150 11400
    467 13 8 43.393706 13 8 43.393706 11400
    468 13 8 43.403277 13 8 43.403277 11400
    469 13 8 43.413190 13 8 43.413190 11400
    470 13 8 43.423512 13 8 43.423512 11400
    471 13 8 43.433810 13 8 43.433810 11400
    472 13 8 43.443894 13 8 43.443894 11400
    473 13 8 43.453130 13 8 43.453130 11400
    474 13 8 43.463833 13 8 43.463833 11400
    475 13 8 43.473256 13 8 43.473256 11400
    476 13 8 43.483181 13 8 43.483181 11400
    477 13 8 43.493110 13 8 43.493110 11400
    478 13 8 43.503174 13 8 43.503174 11400
    479 13 8 43.513179 13 8 43.513179 11400
    480 13 8 43.523195 13 8 43.523195 11400
    481 13 8 43.533160 13 8 43.533160 11400
    482 13 8 43.543109 13 8 43.543109 11400
    483 13 8 43.553111 13 8 43.553111 11400
    484 13 8 43.563105 13 8 43.563105 11400
    485 13 8 43.573112 13 8 43.573112 11400
    486 13 8 43.583134 13 8 43.583134 11400
    487 13 8 43.593263 13 8 43.593263 11400
    488 13 8 43.603172 13 8 43.603172 11400
    489 13 8 43.613174 13 8 43.613174 11400
    490 13 8 43.623184 13 8 43.623184 11400
    491 13 8 43.633121 13 8 43.633121 11400
    492 13 8 43.643180 13 8 43.643180 11400
    493 13 8 43.653111 13 8 43.653111 11400
    494 13 8 43.663179 13 8 43.663179 11400
    495 13 8 43.673130 13 8 43.673130 11400
    496 13 8 43.683171 13 8 43.683171 11400
    497 13 8 43.693176 13 8 43.693176 11400
    498 13 8 43.703170 13 8 43.703170 11400
    499 13 8 43.713112 13 8 43.713112 11400
    500 13 8 43.723108 13 8 43.723108 11400
    501 13 8 43.733108 13 8 43.733108 11400
    502 13 8 43.743111 13 8 43.743111 11400
    503 13 8 43.753109 13 8 43.753109 11400
    504 13 8 43.763092 13 8 43.763092 11400
    505 13 8 43.773110 13 8 43.773110 11400
    506 13 8 43.783070 13 8 43.783070 11400
    507 13 8 43.793196 13 8 43.793196 11400
    508 13 8 43.803054 13 8 43.803054 11400
    509 13 8 43.813181 13 8 43.813181 11400
    510 13 8 43.823112 13 8 43.823112 11400
    511 13 8 43.833109 13 8 43.833109 11400
    512 13 8 43.843134 13 8 43.843134 11400
    513 13 8 43.853126 13 8 43.853126 11400
    514 13 8 43.863121 13 8 43.863121 11400
    515 13 8 43.873190 13 8 43.873190 11400
    516 13 8 43.883178 13 8 43.883178 11400
    517 13 8 43.893163 13 8 43.893163 11400
    518 13 8 43.903137 13 8 43.903137 11400
    519 13 8 43.913111 13 8 43.913111 11400
    520 13 8 43.923327 13 8 43.923327 11400
    521 13 8 43.933188 13 8 43.933188 11400
    522 13 8 43.943102 13 8 43.943102 11400
    523 13 8 43.953114 13 8 43.953114 11400
    524 13 8 43.963112 13 8 43.963112 11400
    525 13 8 43.973095 13 8 43.973095 11400
    526 13 8 43.983117 13 8 43.983117 11400
    527 13 8 43.993178 13 8 43.993178 11400
    528 13 8 44.003182 13 8 44.003182 11400
    529 13 8 44.013174 13 8 44.013174 11400
    530 13 8 44.023113 13 8 44.023113 11400
    531 13 8 44.033109 13 8 44.033109 11400
    532 13 8 44.043174 13 8 44.043174 11400
    533 13 8 44.053181 13 8 44.053181 11400
    534 13 8 44.063183 13 8 44.063183 11400
    535 13 8 44.073175 13 8 44.073175 11400
    536 13 8 44.083182 13 8 44.083182 11400
    537 13 8 44.093173 13 8 44.093173 11400
    538 13 8 44.103200 13 8 44.103200 11400
    539 13 8 44.113287 13 8 44.113287 11400
    540 13 8 44.123111 13 8 44.123111 11400
    541 13 8 44.133111 13 8 44.133111 11400
    542 13 8 44.143118 13 8 44.143118 11400
    543 13 8 44.153526 13 8 44.153526 11400
    544 13 8 44.163124 13 8 44.163124 11400
    545 13 8 44.173118 13 8 44.173118 11400
    546 13 8 44.183089 13 8 44.183089 11400
    547 13 8 44.193218 13 8 44.193218 11400
    548 13 8 44.203226 13 8 44.203226 11400
    549 13 8 44.213178 13 8 44.213178 11400
    550 13 8 44.223111 13 8 44.223111 11400
    551 13 8 44.233193 13 8 44.233193 11400
    552 13 8 44.243156 13 8 44.243156 11400
    553 13 8 44.253168 13 8 44.253168 11400
    554 13 8 44.263205 13 8 44.263205 11400
    555 13 8 44.273197 13 8 44.273197 11400
    556 13 8 44.283214 13 8 44.283214 11400
    557 13 8 44.293134 13 8 44.293134 11400
    558 13 8 44.303581 13 8 44.303581 11400
    559 13 8 44.313155 13 8 44.313155 11400
    560 13 8 44.323135 13 8 44.323135 11400
    561 13 8 44.333171 13 8 44.333171 11400
    562 13 8 44.343111 13 8 44.343111 11400
    563 13 8 44.353138 13 8 44.353138 11400
    564 13 8 44.363154 13 8 44.363154 11400
    565 13 8 44.373117 13 8 44.373117 11400
    566 13 8 44.383780 13 8 44.383780 11400
    567 13 8 44.393186 13 8 44.393186 11400
    568 13 8 44.403184 13 8 44.403184 11400
    569 13 8 44.413190 13 8 44.413190 11400
    570 13 8 44.423239 13 8 44.423239 11400
    571 13 8 44.433124 13 8 44.433124 11400
    572 13 8 44.443894 13 8 44.443894 11400
    573 13 8 44.453246 13 8 44.453246 11400
    574 13 8 44.463123 13 8 44.463123 11400
    575 13 8 44.473137 13 8 44.473137 11400
    576 13 8 44.483234 13 8 44.483234 11400
    577 13 8 44.493388 13 8 44.493388 11400
    578 13 8 44.503188 13 8 44.503188 11400
    579 13 8 44.513196 13 8 44.513196 11400
    580 13 8 44.523231 13 8 44.523231 11400
    581 13 8 44.533275 13 8 44.533275 11400
    582 13 8 44.543134 13 8 44.543134 11400
    583 13 8 44.553382 13 8 44.553382 11400
    584 13 8 44.563107 13 8 44.563107 11400
    585 13 8 44.573120 13 8 44.573120 11400
    586 13 8 44.583297 13 8 44.583297 11400
    587 13 8 44.593617 13 8 44.593617 11400
    588 13 8 44.603318 13 8 44.603318 11400
    589 13 8 44.613216 13 8 44.613216 11400
    590 13 8 44.624020 13 8 44.624020 11400
    591 13 8 44.633116 13 8 44.633116 11400
    592 13 8 44.643858 13 8 44.643858 11400
    593 13 8 44.653193 13 8 44.653193 11400
    594 13 8 44.663201 13 8 44.663201 11400
    595 13 8 44.673169 13 8 44.673169 11400
    596 13 8 44.683247 13 8 44.683247 11400
    597 13 8 44.693125 13 8 44.693125 11400
    598 13 8 44.703225 13 8 44.703225 11400
    599 13 8 44.713146 13 8 44.713146 11400
    600 13 8 44.723188 13 8 44.723188 11400
    601 13 8 44.733905 13 8 44.733905 11400
    602 13 8 44.743122 13 8 44.743122 11400
    603 13 8 44.753120 13 8 44.753120 11400
    604 13 8 44.765498 13 8 44.765498 11400
    605 13 8 44.773114 13 8 44.773114 11400
    606 13 8 44.783346 13 8 44.783346 11400
    607 13 8 44.793197 13 8 44.793197 11400
    608 13 8 44.803167 13 8 44.803167 11400
    609 13 8 44.813229 13 8 44.813229 11400
    610 13 8 44.823233 13 8 44.823233 11400
    611 13 8 44.833191 13 8 44.833191 11400
    612 13 8 44.843260 13 8 44.843260 11400
    613 13 8 44.853200 13 8 44.853200 11400
    614 13 8 44.863270 13 8 44.863270 11400
    615 13 8 44.873223 13 8 44.873223 11400
    616 13 8 44.883195 13 8 44.883195 11400
    617 13 8 44.893237 13 8 44.893237 11400
    618 13 8 44.903179 13 8 44.903179 11400
    619 13 8 44.913215 13 8 44.913215 11400
    620 13 8 44.923192 13 8 44.923192 11400
    621 13 8 44.933204 13 8 44.933204 11400
    622 13 8 44.943128 13 8 44.943128 11400
    623 13 8 44.953155 13 8 44.953155 11400
    624 13 8 44.963135 13 8 44.963135 11400
    625 13 8 44.973120 13 8 44.973120 11400
    626 13 8 44.983584 13 8 44.983584 11400
    627 13 8 44.993138 13 8 44.993138 11400
    628 13 8 45.003270 13 8 45.003270 11400
    629 13 8 45.013182 13 8 45.013182 11400
    630 13 8 45.023167 13 8 45.023167 11400
    631 13 8 45.033152 13 8 45.033152 11400
    632 13 8 45.043132 13 8 45.043132 11400
    633 13 8 45.053835 13 8 45.053835 11400
    634 13 8 45.063130 13 8 45.063130 11400
    635 13 8 45.073242 13 8 45.073242 11400
    636 13 8 45.083210 13 8 45.083210 11400
    637 13 8 45.093349 13 8 45.093349 11400
    638 13 8 45.103209 13 8 45.103209 11400
    639 13 8 45.113214 13 8 45.113214 11400
    640 13 8 45.123122 13 8 45.123122 11400
    641 13 8 45.133198 13 8 45.133198 11400
    642 13 8 45.143208 13 8 45.143208 11400
    643 13 8 45.153120 13 8 45.153120 11400
    644 13 8 45.163119 13 8 45.163119 11400
    645 13 8 45.173152 13 8 45.173152 11400
    646 13 8 45.184114 13 8 45.184114 11400
    647 13 8 45.193243 13 8 45.193243 11400
    648 13 8 45.203246 13 8 45.203246 11400
    649 13 8 45.213329 13 8 45.213329 11400
    650 13 8 45.223202 13 8 45.223202 11400
    651 13 8 45.233274 13 8 45.233274 11400
    652 13 8 45.243121 13 8 45.243121 11400
    653 13 8 45.253340 13 8 45.253340 11400
    654 13 8 45.263210 13 8 45.263210 11400
    655 13 8 45.273166 13 8 45.273166 11400
    656 13 8 45.283135 13 8 45.283135 11400
    657 13 8 45.293193 13 8 45.293193 11400
    658 13 8 45.303139 13 8 45.303139 11400
    659 13 8 45.313197 13 8 45.313197 11400
    660 13 8 45.323222 13 8 45.323222 11400
    661 13 8 45.333120 13 8 45.333120 11400
    662 13 8 45.343197 13 8 45.343197 11400
    663 13 8 45.353116 13 8 45.353116 11400
    664 13 8 45.363129 13 8 45.363129 11400
    665 13 8 45.373111 13 8 45.373111 11400
    666 13 8 45.383102 13 8 45.383102 11400
    667 13 8 45.393189 13 8 45.393189 11400
    668 13 8 45.403190 13 8 45.403190 11400
    669 13 8 45.413170 13 8 45.413170 11400
    670 13 8 45.423202 13 8 45.423202 11400
    671 13 8 45.433124 13 8 45.433124 11400
    672 13 8 45.443395 13 8 45.443395 11400
    673 13 8 45.453207 13 8 45.453207 11400
    674 13 8 45.463183 13 8 45.463183 11400
    675 13 8 45.473250 13 8 45.473250 11400
    676 13 8 45.483173 13 8 45.483173 11400
    677 13 8 45.493175 13 8 45.493175 11400
    678 13 8 45.503177 13 8 45.503177 11400
    679 13 8 45.513179 13 8 45.513179 11400
    680 13 8 45.523125 13 8 45.523125 11400
    681 13 8 45.533116 13 8 45.533116 11400
    682 13 8 45.543107 13 8 45.543107 11400
    683 13 8 45.553125 13 8 45.553125 11400
    684 13 8 45.563130 13 8 45.563130 11400
    685 13 8 45.573109 13 8 45.573109 11400
    686 13 8 45.583928 13 8 45.583928 11400
    687 13 8 45.593210 13 8 45.593210 11400
    688 13 8 45.603112 13 8 45.603112 11400
    689 13 8 45.613190 13 8 45.613190 11400
    690 13 8 45.623176 13 8 45.623176 11400
    691 13 8 45.633122 13 8 45.633122 11400
    692 13 8 45.643101 13 8 45.643101 11400
    693 13 8 45.653235 13 8 45.653235 11400
    694 13 8 45.663818 13 8 45.663818 11400
    695 13 8 45.673226 13 8 45.673226 11400
    696 13 8 45.683560 13 8 45.683560 11400
    697 13 8 45.693145 13 8 45.693145 11400
    698 13 8 45.703221 13 8 45.703221 11400
    699 13 8 45.713174 13 8 45.713174 11400
    700 13 8 45.723171 13 8 45.723171 11400
    701 13 8 45.733176 13 8 45.733176 11400
    702 13 8 45.743059 13 8 45.743059 11400
    703 13 8 45.753112 13 8 45.753112 11400
    704 13 8 45.763133 13 8 45.763133 11400
    705 13 8 45.773113 13 8 45.773113 11400
    706 13 8 45.783048 13 8 45.783048 11400
    707 13 8 45.793123 13 8 45.793123 11400
    708 13 8 45.803213 13 8 45.803213 11400
    709 13 8 45.813172 13 8 45.813172 11400
    710 13 8 45.823242 13 8 45.823242 11400
    711 13 8 45.833136 13 8 45.833136 11400
    712 13 8 45.843116 13 8 45.843116 11400
    713 13 8 45.853603 13 8 45.853603 11400
    714 13 8 45.863207 13 8 45.863207 11400
    715 13 8 45.873992 13 8 45.873992 11400
    716 13 8 45.883209 13 8 45.883209 11400
    717 13 8 45.893182 13 8 45.893182 11400
    718 13 8 45.903168 13 8 45.903168 11400
    719 13 8 45.913162 13 8 45.913162 11400
    720 13 8 45.923172 13 8 45.923172 11400
    721 13 8 45.933258 13 8 45.933258 11400
    722 13 8 45.943117 13 8 45.943117 11400
    723 13 8 45.953111 13 8 45.953111 11400
    724 13 8 45.963132 13 8 45.963132 11400
    725 13 8 45.973109 13 8 45.973109 11400
    726 13 8 45.983116 13 8 45.983116 11400
    727 13 8 45.993110 13 8 45.993110 11400
    728 13 8 46.003320 13 8 46.003320 11400
    729 13 8 46.013176 13 8 46.013176 11400
    730 13 8 46.023180 13 8 46.023180 11400
    731 13 8 46.033177 13 8 46.033177 11400
    732 13 8 46.043112 13 8 46.043112 11400
    733 13 8 46.054225 13 8 46.054225 11400
    734 13 8 46.063226 13 8 46.063226 11400
    735 13 8 46.073206 13 8 46.073206 11400
    736 13 8 46.083213 13 8 46.083213 11400
    737 13 8 46.093178 13 8 46.093178 11400
    738 13 8 46.103194 13 8 46.103194 11400
    739 13 8 46.113177 13 8 46.113177 11400
    740 13 8 46.123351 13 8 46.123351 11400
    741 13 8 46.133139 13 8 46.133139 11400
    742 13 8 46.143174 13 8 46.143174 11400
    743 13 8 46.153109 13 8 46.153109 11400
    744 13 8 46.163130 13 8 46.163130 11400
    745 13 8 46.173107 13 8 46.173107 11400
    746 13 8 46.183191 13 8 46.183191 11400
    747 13 8 46.193770 13 8 46.193770 11400
    748 13 8 46.203207 13 8 46.203207 11400
    749 13 8 46.213192 13 8 46.213192 11400
    750 13 8 46.223182 13 8 46.223182 11400
    751 13 8 46.233114 13 8 46.233114 11400
    752 13 8 46.243873 13 8 46.243873 11400
    753 13 8 46.253138 13 8 46.253138 11400
    754 13 8 46.263038 13 8 46.263038 11400
    755 13 8 46.273263 13 8 46.273263 11400
    756 13 8 46.283181 13 8 46.283181 11400
    757 13 8 46.293174 13 8 46.293174 11400
    758 13 8 46.303457 13 8 46.303457 11400
    759 13 8 46.313111 13 8 46.313111 11400
    760 13 8 46.323141 13 8 46.323141 11400
    761 13 8 46.333182 13 8 46.333182 11400
    762 13 8 46.343175 13 8 46.343175 11400
    763 13 8 46.353116 13 8 46.353116 11400
    764 13 8 46.363123 13 8 46.363123 11400
    765 13 8 46.373116 13 8 46.373116 11400
    766 13 8 46.383175 13 8 46.383175 11400
    767 13 8 46.393141 13 8 46.393141 11400
    768 13 8 46.403159 13 8 46.403159 11400
    769 13 8 46.413165 13 8 46.413165 11400
    770 13 8 46.423155 13 8 46.423155 11400
    771 13 8 46.433100 13 8 46.433100 11400
    772 13 8 46.443097 13 8 46.443097 11400
    773 13 8 46.453158 13 8 46.453158 11400
    774 13 8 46.463160 13 8 46.463160 11400
    775 13 8 46.473171 13 8 46.473171 11400
    776 13 8 46.483176 13 8 46.483176 11400
    777 13 8 46.493201 13 8 46.493201 11400
    778 13 8 46.503197 13 8 46.503197 11400
    779 13 8 46.513129 13 8 46.513129 11400
    780 13 8 46.523119 13 8 46.523119 11400
    781 13 8 46.533112 13 8 46.533112 11400
    782 13 8 46.543114 13 8 46.543114 11400
    783 13 8 46.553114 13 8 46.553114 11400
    784 13 8 46.563124 13 8 46.563124 11400
    785 13 8 46.573095 13 8 46.573095 11400
    786 13 8 46.583176 13 8 46.583176 11400
    787 13 8 46.593155 13 8 46.593155 11400
    788 13 8 46.603183 13 8 46.603183 11400
    789 13 8 46.613111 13 8 46.613111 11400
    790 13 8 46.623173 13 8 46.623173 11400
    791 13 8 46.633167 13 8 46.633167 11400
    792 13 8 46.643112 13 8 46.643112 11400
    793 13 8 46.653236 13 8 46.653236 11400
    794 13 8 46.663179 13 8 46.663179 11400
    795 13 8 46.673203 13 8 46.673203 11400
    796 13 8 46.683135 13 8 46.683135 11400
    797 13 8 46.693212 13 8 46.693212 11400
    798 13 8 46.703183 13 8 46.703183 11400
    799 13 8 46.713177 13 8 46.713177 11400
    800 13 8 46.723134 13 8 46.723134 11400
    801 13 8 46.733111 13 8 46.733111 11400
    802 13 8 46.743067 13 8 46.743067 11400
    803 13 8 46.753110 13 8 46.753110 11400
    804 13 8 46.763058 13 8 46.763058 11400
    805 13 8 46.773114 13 8 46.773114 11400
    806 13 8 46.783273 13 8 46.783273 11400
    807 13 8 46.793185 13 8 46.793185 11400
    808 13 8 46.803114 13 8 46.803114 11400
    809 13 8 46.813149 13 8 46.813149 11400
    810 13 8 46.823324 13 8 46.823324 11400
    811 13 8 46.833191 13 8 46.833191 11400
    812 13 8 46.843147 13 8 46.843147 11400
    813 13 8 46.853222 13 8 46.853222 11400
    814 13 8 46.863230 13 8 46.863230 11400
    815 13 8 46.873148 13 8 46.873148 11400
    816 13 8 46.883226 13 8 46.883226 11400
    817 13 8 46.893169 13 8 46.893169 11400
    818 13 8 46.903111 13 8 46.903111 11400
    819 13 8 46.913218 13 8 46.913218 11400
    820 13 8 46.923116 13 8 46.923116 11400
    821 13 8 46.933180 13 8 46.933180 11400
    822 13 8 46.943190 13 8 46.943190 11400
    823 13 8 46.953118 13 8 46.953118 11400
    824 13 8 46.963118 13 8 46.963118 11400
    825 13 8 46.973123 13 8 46.973123 11400
    826 13 8 46.983123 13 8 46.983123 11400
    827 13 8 46.993115 13 8 46.993115 11400
    828 13 8 47.003217 13 8 47.003217 11400
    829 13 8 47.013199 13 8 47.013199 11400
    830 13 8 47.023172 13 8 47.023172 11400
    831 13 8 47.033110 13 8 47.033110 11400
    832 13 8 47.043131 13 8 47.043131 11400
    833 13 8 47.053181 13 8 47.053181 11400
    834 13 8 47.063181 13 8 47.063181 11400
    835 13 8 47.073205 13 8 47.073205 11400
    836 13 8 47.083126 13 8 47.083126 11400
    837 13 8 47.093184 13 8 47.093184 11400
    838 13 8 47.103138 13 8 47.103138 11400
    839 13 8 47.113188 13 8 47.113188 11400
    840 13 8 47.123179 13 8 47.123179 11400
    841 13 8 47.133223 13 8 47.133223 11400
    842 13 8 47.143135 13 8 47.143135 11400
    843 13 8 47.153114 13 8 47.153114 11400
    844 13 8 47.163113 13 8 47.163113 11400
    845 13 8 47.173112 13 8 47.173112 11400
    846 13 8 47.183112 13 8 47.183112 11400
    847 13 8 47.193153 13 8 47.193153 11400
    848 13 8 47.203251 13 8 47.203251 11400
    849 13 8 47.213175 13 8 47.213175 11400
    850 13 8 47.223185 13 8 47.223185 11400
    851 13 8 47.233110 13 8 47.233110 11400
    852 13 8 47.243113 13 8 47.243113 11400
    853 13 8 47.253193 13 8 47.253193 11400
    854 13 8 47.263198 13 8 47.263198 11400
    855 13 8 47.273198 13 8 47.273198 11400
    856 13 8 47.283161 13 8 47.283161 11400
    857 13 8 47.293174 13 8 47.293174 11400
    858 13 8 47.303130 13 8 47.303130 11400
    859 13 8 47.313173 13 8 47.313173 11400
    860 13 8 47.323269 13 8 47.323269 11400
    861 13 8 47.333114 13 8 47.333114 11400
    862 13 8 47.343108 13 8 47.343108 11400
    863 13 8 47.353113 13 8 47.353113 11400
    864 13 8 47.363235 13 8 47.363235 11400
    865 13 8 47.373068 13 8 47.373068 11400
    866 13 8 47.383111 13 8 47.383111 11400
    867 13 8 47.393205 13 8 47.393205 11400
    868 13 8 47.403140 13 8 47.403140 11400
    869 13 8 47.413182 13 8 47.413182 11400
    870 13 8 47.423166 13 8 47.423166 11400
    871 13 8 47.433115 13 8 47.433115 11400
    872 13 8 47.443108 13 8 47.443108 11400
    873 13 8 47.453175 13 8 47.453175 11400
    874 13 8 47.463169 13 8 47.463169 11400
    875 13 8 47.473131 13 8 47.473131 11400
    876 13 8 47.483209 13 8 47.483209 11400
    877 13 8 47.493143 13 8 47.493143 11400
    878 13 8 47.503222 13 8 47.503222 11400
    879 13 8 47.513243 13 8 47.513243 11400
    880 13 8 47.523178 13 8 47.523178 11400
    881 13 8 47.533194 13 8 47.533194 11400
    882 13 8 47.543173 13 8 47.543173 11400
    883 13 8 47.553117 13 8 47.553117 11400
    884 13 8 47.563127 13 8 47.563127 11400
    885 13 8 47.573113 13 8 47.573113 11400
    886 13 8 47.583114 13 8 47.583114 11400
    887 13 8 47.593192 13 8 47.593192 11400
    888 13 8 47.603144 13 8 47.603144 11400
    889 13 8 47.613174 13 8 47.613174 11400
    890 13 8 47.623178 13 8 47.623178 11400
    891 13 8 47.633181 13 8 47.633181 11400
    892 13 8 47.643774 13 8 47.643774 11400
    893 13 8 47.653170 13 8 47.653170 11400
    894 13 8 47.663114 13 8 47.663114 11400
    895 13 8 47.673194 13 8 47.673194 11400
    896 13 8 47.683247 13 8 47.683247 11400
    897 13 8 47.693207 13 8 47.693207 11400
    898 13 8 47.703113 13 8 47.703113 11400
    899 13 8 47.713200 13 8 47.713200 11400
    900 13 8 47.723176 13 8 47.723176 11400
    901 13 8 47.733108 13 8 47.733108 11400
    902 13 8 47.743082 13 8 47.743082 11400
    903 13 8 47.753109 13 8 47.753109 11400
    904 13 8 47.763226 13 8 47.763226 11400
    905 13 8 47.773169 13 8 47.773169 11400
    906 13 8 47.783112 13 8 47.783112 11400
    907 13 8 47.793227 13 8 47.793227 11400
    908 13 8 47.803240 13 8 47.803240 11400
    909 13 8 47.813192 13 8 47.813192 11400
    910 13 8 47.823134 13 8 47.823134 11400
    911 13 8 47.833181 13 8 47.833181 11400
    912 13 8 47.843147 13 8 47.843147 11400
    913 13 8 47.853177 13 8 47.853177 11400
    914 13 8 47.863250 13 8 47.863250 11400
    915 13 8 47.873547 13 8 47.873547 11400
    916 13 8 47.883101 13 8 47.883101 11400
    917 13 8 47.893174 13 8 47.893174 11400
    918 13 8 47.903190 13 8 47.903190 11400
    919 13 8 47.913176 13 8 47.913176 11400
    920 13 8 47.923166 13 8 47.923166 11400
    921 13 8 47.933138 13 8 47.933138 11400
    922 13 8 47.943452 13 8 47.943452 11400
    923 13 8 47.953111 13 8 47.953111 11400
    924 13 8 47.963123 13 8 47.963123 11400
    925 13 8 47.973489 13 8 47.973489 11400
    926 13 8 47.983114 13 8 47.983114 11400
    927 13 8 47.993166 13 8 47.993166 11400
    928 13 8 48.003166 13 8 48.003166 11400
    929 13 8 48.013184 13 8 48.013184 11400
    930 13 8 48.023108 13 8 48.023108 11400
    931 13 8 48.033174 13 8 48.033174 11400
    932 13 8 48.043111 13 8 48.043111 11400
    933 13 8 48.053131 13 8 48.053131 11400
    934 13 8 48.063108 13 8 48.063108 11400
    935 13 8 48.073186 13 8 48.073186 11400
    936 13 8 48.083132 13 8 48.083132 11400
    937 13 8 48.093179 13 8 48.093179 11400
    938 13 8 48.103185 13 8 48.103185 11400
    939 13 8 48.113180 13 8 48.113180 11400
    940 13 8 48.123204 13 8 48.123204 11400
    941 13 8 48.133116 13 8 48.133116 11400
    942 13 8 48.143134 13 8 48.143134 11400
    943 13 8 48.153097 13 8 48.153097 11400
    944 13 8 48.163111 13 8 48.163111 11400
    945 13 8 48.173110 13 8 48.173110 11400
    946 13 8 48.183114 13 8 48.183114 11400
    947 13 8 48.193187 13 8 48.193187 11400
    948 13 8 48.203181 13 8 48.203181 11400
    949 13 8 48.213174 13 8 48.213174 11400
    950 13 8 48.223112 13 8 48.223112 11400
    951 13 8 48.233184 13 8 48.233184 11400
    952 13 8 48.243113 13 8 48.243113 11400
    953 13 8 48.253171 13 8 48.253171 11400
    954 13 8 48.263260 13 8 48.263260 11400
    955 13 8 48.273181 13 8 48.273181 11400
    956 13 8 48.283195 13 8 48.283195 11400
    957 13 8 48.293131 13 8 48.293131 11400
    958 13 8 48.303190 13 8 48.303190 11400
    959 13 8 48.313178 13 8 48.313178 11400
    960 13 8 48.323149 13 8 48.323149 11400
    961 13 8 48.333176 13 8 48.333176 11400
    962 13 8 48.343183 13 8 48.343183 11400
    963 13 8 48.353827 13 8 48.353827 11400
    964 13 8 48.364209 13 8 48.364209 11400
    965 13 8 48.373128 13 8 48.373128 11400
    966 13 8 48.383780 13 8 48.383780 11400
    967 13 8 48.393877 13 8 48.393877 11400
    968 13 8 48.403241 13 8 48.403241 11400
    969 13 8 48.413227 13 8 48.413227 11400
    970 13 8 48.423206 13 8 48.423206 11400
    971 13 8 48.433169 13 8 48.433169 11400
    972 13 8 48.443131 13 8 48.443131 11400
    973 13 8 48.453124 13 8 48.453124 11400
    974 13 8 48.463177 13 8 48.463177 11400
    975 13 8 48.473114 13 8 48.473114 11400
    976 13 8 48.483178 13 8 48.483178 11400
    977 13 8 48.493191 13 8 48.493191 11400
    978 13 8 48.503197 13 8 48.503197 11400
    979 13 8 48.513226 13 8 48.513226 11400
    980 13 8 48.523254 13 8 48.523254 11400
    981 13 8 48.533186 13 8 48.533186 11400
    982 13 8 48.543112 13 8 48.543112 11400
    983 13 8 48.553128 13 8 48.553128 11400
    984 13 8 48.563110 13 8 48.563110 11400
    985 13 8 48.573340 13 8 48.573340 11400
    986 13 8 48.583111 13 8 48.583111 11400
    987 13 8 48.593210 13 8 48.593210 11400
    988 13 8 48.603112 13 8 48.603112 11400
    989 13 8 48.613109 13 8 48.613109 11400
    990 13 8 48.623173 13 8 48.623173 11400
    991 13 8 48.633116 13 8 48.633116 11400
    992 13 8 48.643109 13 8 48.643109 11400
    993 13 8 48.653142 13 8 48.653142 11400
    994 13 8 48.663215 13 8 48.663215 11400
    995 13 8 48.673174 13 8 48.673174 11400
    996 13 8 48.683402 13 8 48.683402 11400
    997 13 8 48.693142 13 8 48.693142 11400
    998 13 8 48.703176 13 8 48.703176 11400
    999 13 8 48.713216 13 8 48.713216 11400
   1000 13 8 48.723171 13 8 48.723171 11400
