      1 13 16 44.861711 13 16 44.873313 11300
      2 13 16 44.871878 13 16 44.883270 11300
      3 13 16 44.882277 13 16 44.892865 11300
      4 13 16 44.891807 13 16 44.902332 11300
      5 13 16 44.901812 13 16 44.912224 11300
      6 13 16 44.911810 13 16 44.922212 11300
      7 13 16 44.921810 13 16 44.932215 11300
      8 13 16 44.931807 13 16 44.942208 11300
      9 13 16 44.941809 13 16 44.952212 11300
     10 13 16 44.951808 13 16 44.962218 11300
     11 13 16 44.961810 13 16 44.972298 11300
     12 13 16 44.971811 13 16 44.982214 11300
     13 13 16 44.981813 13 16 44.992257 11300
     14 13 16 44.991881 13 16 45.002417 11300
     15 13 16 45.001823 13 16 45.012239 11300
     16 13 16 45.011811 13 16 45.022224 11300
     17 13 16 45.021810 13 16 45.032217 11300
     18 13 16 45.031810 13 16 45.042214 11300
     19 13 16 45.041809 13 16 45.052213 11300
     20 13 16 45.051808 13 16 45.062218 11300
     21 13 16 45.061810 13 16 45.072217 11300
     22 13 16 45.071806 13 16 45.082343 11300
     23 13 16 45.081809 13 16 45.092227 11300
     24 13 16 45.091808 13 16 45.102218 11300
     25 13 16 45.101809 13 16 45.112212 11300
     26 13 16 45.111809 13 16 45.122214 11300
     27 13 16 45.121813 13 16 45.132218 11300
     28 13 16 45.131808 13 16 45.142217 11300
     29 13 16 45.141809 13 16 45.152213 11300
     30 13 16 45.151808 13 16 45.162202 11300
     31 13 16 45.161810 13 16 45.172271 11300
     32 13 16 45.171809 13 16 45.182209 11300
     33 13 16 45.181809 13 16 45.192222 11300
     34 13 16 45.191859 13 16 45.202350 11300
     35 13 16 45.201815 13 16 45.212243 11300
     36 13 16 45.211809 13 16 45.222225 11300
     37 13 16 45.221837 13 16 45.232322 11300
     38 13 16 45.231810 13 16 45.242220 11300
     39 13 16 45.241810 13 16 45.252232 11300
     40 13 16 45.251811 13 16 45.262242 11300
     41 13 16 45.261811 13 16 45.272216 11300
     42 13 16 45.271810 13 16 45.282237 11300
     43 13 16 45.281818 13 16 45.292253 11300
     44 13 16 45.291812 13 16 45.302244 11300
     45 13 16 45.301763 13 16 45.312175 11300
     46 13 16 45.311836 13 16 45.322221 11300
     47 13 16 45.321812 13 16 45.332233 11300
     48 13 16 45.331808 13 16 45.342218 11300
     49 13 16 45.341810 13 16 45.352570 11300
     50 13 16 45.351886 13 16 45.369548 11300
     51 13 16 45.361815 13 16 45.377856 11300
     52 13 16 45.371861 13 16 45.393737 11300
     53 13 16 45.381767 13 16 45.401918 11300
     54 13 16 45.391984 13 16 45.411554 11300
     55 13 16 45.401826 13 16 45.420834 11300
     56 13 16 45.411813 13 16 45.430551 11300
     57 13 16 45.421815 13 16 45.439881 11300
     58 13 16 45.431866 13 16 45.449551 11300
     59 13 16 45.441823 13 16 45.458821 11300
     60 13 16 45.451813 13 16 45.468583 11300
     61 13 16 45.461813 13 16 45.477823 11300
     62 13 16 45.471905 13 16 45.487321 11300
     63 13 16 45.481841 13 16 45.496820 11300
     64 13 16 45.491813 13 16 45.506317 11300
     65 13 16 45.501880 13 16 45.515824 11300
     66 13 16 45.511780 13 16 45.525326 11300
     67 13 16 45.521776 13 16 45.534823 11300
     68 13 16 45.531775 13 16 45.544311 11300
     69 13 16 45.541814 13 16 45.553800 11300
     70 13 16 45.551813 13 16 45.563293 11300
     71 13 16 45.561813 13 16 45.572794 11300
     72 13 16 45.571812 13 16 45.582293 11300
     73 13 16 45.581814 13 16 45.592238 11300
     74 13 16 45.591808 13 16 45.602217 11300
     75 13 16 45.601810 13 16 45.612215 11300
     76 13 16 45.611820 13 16 45.622256 11300
     77 13 16 45.621823 13 16 45.632359 11300
     78 13 16 45.631816 13 16 45.642373 11300
     79 13 16 45.641834 13 16 45.652372 11300
     80 13 16 45.651836 13 16 45.662329 11300
     81 13 16 45.661811 13 16 45.672263 11300
     82 13 16 45.671798 13 16 45.682248 11300
     83 13 16 45.681797 13 16 45.692158 11300
     84 13 16 45.691788 13 16 45.702376 11300
     85 13 16 45.701810 13 16 45.712262 11300
     86 13 16 45.711809 13 16 45.722251 11300
     87 13 16 45.721784 13 16 45.732196 11300
     88 13 16 45.731844 13 16 45.742234 11300
     89 13 16 45.741810 13 16 45.752214 11300
     90 13 16 45.751809 13 16 45.762228 11300
     91 13 16 45.761809 13 16 45.772300 11300
     92 13 16 45.771813 13 16 45.782271 11300
     93 13 16 45.781826 13 16 45.792265 11300
     94 13 16 45.791974 13 16 45.802419 11300
     95 13 16 45.801833 13 16 45.812353 11300
     96 13 16 45.811812 13 16 45.822229 11300
     97 13 16 45.821812 13 16 45.832230 11300
     98 13 16 45.831809 13 16 45.842379 11300
     99 13 16 45.841833 13 16 45.852277 11300
    100 13 16 45.851812 13 16 45.869258 11300
    101 13 16 45.861812 13 16 45.877999 11300
    102 13 16 45.871749 13 16 45.887461 11300
    103 13 16 45.881813 13 16 45.896653 11300
    104 13 16 45.891800 13 16 45.906154 11300
    105 13 16 45.902101 13 16 45.915906 11300
    106 13 16 45.913741 13 16 45.926245 11300
    107 13 16 45.921936 13 16 45.934908 11300
    108 13 16 45.931811 13 16 45.944417 11300
    109 13 16 45.941813 13 16 45.953898 11300
    110 13 16 45.951813 13 16 45.963380 11300
    111 13 16 45.961813 13 16 45.972911 11300
    112 13 16 45.971826 13 16 45.982390 11300
    113 13 16 45.981816 13 16 45.992203 11300
    114 13 16 45.991819 13 16 46.002270 11300
    115 13 16 46.001801 13 16 46.012301 11300
    116 13 16 46.011825 13 16 46.022278 11300
    117 13 16 46.021824 13 16 46.032288 11300
    118 13 16 46.031821 13 16 46.042239 11300
    119 13 16 46.041812 13 16 46.052236 11300
    120 13 16 46.051799 13 16 46.062202 11300
    121 13 16 46.061844 13 16 46.072273 11300
    122 13 16 46.071798 13 16 46.082171 11300
    123 13 16 46.081800 13 16 46.092233 11300
    124 13 16 46.091813 13 16 46.102297 11300
    125 13 16 46.101832 13 16 46.112245 11300
    126 13 16 46.111811 13 16 46.122284 11300
    127 13 16 46.121811 13 16 46.132305 11300
    128 13 16 46.131824 13 16 46.142251 11300
    129 13 16 46.141798 13 16 46.152163 11300
    130 13 16 46.151851 13 16 46.163846 11300
    131 13 16 46.161799 13 16 46.173355 11300
    132 13 16 46.171815 13 16 46.182870 11300
    133 13 16 46.181783 13 16 46.192335 11300
    134 13 16 46.191811 13 16 46.202227 11300
    135 13 16 46.201810 13 16 46.212215 11300
    136 13 16 46.211809 13 16 46.222226 11300
    137 13 16 46.221811 13 16 46.232233 11300
    138 13 16 46.231811 13 16 46.242229 11300
    139 13 16 46.241813 13 16 46.252217 11300
    140 13 16 46.251812 13 16 46.262230 11300
    141 13 16 46.261812 13 16 46.272216 11300
    142 13 16 46.271813 13 16 46.282215 11300
    143 13 16 46.281753 13 16 46.292171 11300
    144 13 16 46.291840 13 16 46.303356 11300
    145 13 16 46.301841 13 16 46.312849 11300
    146 13 16 46.311824 13 16 46.322339 11300
    147 13 16 46.321815 13 16 46.332259 11300
    148 13 16 46.331811 13 16 46.342210 11300
    149 13 16 46.341822 13 16 46.352212 11300
    150 13 16 46.351812 13 16 46.368170 11300
    151 13 16 46.361812 13 16 46.377653 11300
    152 13 16 46.371763 13 16 46.387185 11300
    153 13 16 46.381815 13 16 46.396644 11300
    154 13 16 46.391778 13 16 46.406146 11300
    155 13 16 46.401814 13 16 46.415643 11300
    156 13 16 46.411828 13 16 46.425269 11300
    157 13 16 46.421827 13 16 46.434635 11300
    158 13 16 46.431888 13 16 46.444235 11300
    159 13 16 46.441909 13 16 46.453625 11300
    160 13 16 46.451819 13 16 46.463124 11300
    161 13 16 46.461750 13 16 46.472624 11300
    162 13 16 46.471798 13 16 46.482219 11300
    163 13 16 46.481825 13 16 46.492468 11300
    164 13 16 46.491805 13 16 46.502307 11300
    165 13 16 46.501814 13 16 46.512267 11300
    166 13 16 46.511811 13 16 46.522235 11300
    167 13 16 46.521832 13 16 46.532243 11300
    168 13 16 46.531810 13 16 46.542222 11300
    169 13 16 46.541871 13 16 46.552362 11300
    170 13 16 46.551811 13 16 46.562218 11300
    171 13 16 46.561810 13 16 46.572221 11300
    172 13 16 46.571814 13 16 46.582309 11300
    173 13 16 46.581817 13 16 46.592253 11300
    174 13 16 46.591844 13 16 46.602263 11300
    175 13 16 46.601812 13 16 46.612234 11300
    176 13 16 46.611811 13 16 46.622233 11300
    177 13 16 46.621813 13 16 46.632254 11300
    178 13 16 46.631810 13 16 46.642218 11300
    179 13 16 46.641796 13 16 46.652275 11300
    180 13 16 46.651812 13 16 46.662249 11300
    181 13 16 46.661813 13 16 46.672274 11300
    182 13 16 46.671812 13 16 46.682217 11300
    183 13 16 46.681800 13 16 46.692216 11300
    184 13 16 46.691800 13 16 46.702201 11300
    185 13 16 46.701811 13 16 46.712218 11300
    186 13 16 46.711809 13 16 46.722233 11300
    187 13 16 46.721809 13 16 46.732219 11300
    188 13 16 46.731810 13 16 46.742218 11300
    189 13 16 46.741810 13 16 46.752251 11300
    190 13 16 46.751815 13 16 46.762222 11300
    191 13 16 46.761857 13 16 46.772312 11300
    192 13 16 46.771816 13 16 46.782294 11300
    193 13 16 46.781826 13 16 46.792278 11300
    194 13 16 46.791820 13 16 46.802255 11300
    195 13 16 46.801811 13 16 46.812269 11300
    196 13 16 46.811813 13 16 46.822226 11300
    197 13 16 46.821810 13 16 46.832214 11300
    198 13 16 46.831811 13 16 46.842207 11300
    199 13 16 46.841821 13 16 46.852196 11300
    200 13 16 46.851816 13 16 46.869402 11300
    201 13 16 46.861829 13 16 46.877813 11300
    202 13 16 46.871858 13 16 46.887434 11300
    203 13 16 46.881824 13 16 46.896810 11300
    204 13 16 46.891893 13 16 46.906194 11300
    205 13 16 46.901814 13 16 46.915677 11300
    206 13 16 46.911813 13 16 46.925229 11300
    207 13 16 46.921801 13 16 46.934685 11300
    208 13 16 46.931814 13 16 46.944203 11300
    209 13 16 46.941828 13 16 46.953682 11300
    210 13 16 46.951813 13 16 46.963165 11300
    211 13 16 46.961789 13 16 46.972665 11300
    212 13 16 46.971817 13 16 46.982236 11300
    213 13 16 46.981813 13 16 46.992223 11300
    214 13 16 46.991810 13 16 47.002214 11300
    215 13 16 47.001810 13 16 47.012222 11300
    216 13 16 47.011811 13 16 47.022232 11300
    217 13 16 47.021799 13 16 47.032209 11300
    218 13 16 47.031812 13 16 47.042219 11300
    219 13 16 47.041811 13 16 47.052216 11300
    220 13 16 47.051810 13 16 47.062246 11300
    221 13 16 47.061822 13 16 47.072273 11300
    222 13 16 47.071823 13 16 47.082351 11300
    223 13 16 47.081822 13 16 47.092272 11300
    224 13 16 47.091948 13 16 47.102465 11300
    225 13 16 47.101812 13 16 47.112237 11300
    226 13 16 47.111809 13 16 47.122269 11300
    227 13 16 47.121797 13 16 47.132193 11300
    228 13 16 47.131801 13 16 47.142192 11300
    229 13 16 47.141837 13 16 47.152318 11300
    230 13 16 47.151809 13 16 47.162218 11300
    231 13 16 47.161808 13 16 47.172232 11300
    232 13 16 47.171860 13 16 47.182250 11300
    233 13 16 47.181812 13 16 47.192213 11300
    234 13 16 47.191853 13 16 47.202258 11300
    235 13 16 47.201810 13 16 47.212214 11300
    236 13 16 47.211810 13 16 47.222208 11300
    237 13 16 47.221795 13 16 47.232191 11300
    238 13 16 47.231828 13 16 47.242317 11300
    239 13 16 47.241821 13 16 47.252308 11300
    240 13 16 47.251811 13 16 47.262219 11300
    241 13 16 47.261837 13 16 47.272306 11300
    242 13 16 47.271833 13 16 47.282407 11300
    243 13 16 47.281832 13 16 47.292338 11300
    244 13 16 47.291854 13 16 47.302340 11300
    245 13 16 47.301845 13 16 47.312319 11300
    246 13 16 47.311822 13 16 47.322251 11300
    247 13 16 47.321866 13 16 47.332286 11300
    248 13 16 47.331825 13 16 47.342235 11300
    249 13 16 47.341813 13 16 47.352319 11300
    250 13 16 47.351810 13 16 47.368206 11300
    251 13 16 47.361821 13 16 47.377670 11300
    252 13 16 47.371802 13 16 47.387169 11300
    253 13 16 47.381804 13 16 47.396659 11300
    254 13 16 47.391781 13 16 47.406666 11300
    255 13 16 47.401803 13 16 47.415655 11300
    256 13 16 47.411808 13 16 47.425150 11300
    257 13 16 47.421799 13 16 47.434651 11300
    258 13 16 47.431883 13 16 47.446603 11300
    259 13 16 47.441814 13 16 47.454614 11300
    260 13 16 47.451889 13 16 47.464111 11300
    261 13 16 47.461823 13 16 47.473596 11300
    262 13 16 47.471812 13 16 47.483083 11300
    263 13 16 47.481799 13 16 47.492603 11300
    264 13 16 47.491866 13 16 47.502262 11300
    265 13 16 47.501795 13 16 47.512231 11300
    266 13 16 47.511828 13 16 47.522247 11300
    267 13 16 47.521800 13 16 47.532231 11300
    268 13 16 47.531810 13 16 47.542228 11300
    269 13 16 47.541812 13 16 47.552236 11300
    270 13 16 47.551811 13 16 47.562243 11300
    271 13 16 47.561813 13 16 47.572943 11300
    272 13 16 47.571862 13 16 47.582481 11300
    273 13 16 47.581833 13 16 47.592289 11300
    274 13 16 47.591813 13 16 47.602227 11300
    275 13 16 47.601798 13 16 47.612242 11300
    276 13 16 47.611804 13 16 47.622298 11300
    277 13 16 47.621811 13 16 47.632229 11300
    278 13 16 47.631808 13 16 47.642280 11300
    279 13 16 47.641809 13 16 47.652250 11300
    280 13 16 47.651809 13 16 47.662280 11300
    281 13 16 47.661810 13 16 47.672330 11300
    282 13 16 47.671798 13 16 47.682161 11300
    283 13 16 47.681789 13 16 47.692231 11300
    284 13 16 47.691808 13 16 47.702227 11300
    285 13 16 47.701810 13 16 47.712215 11300
    286 13 16 47.711807 13 16 47.722205 11300
    287 13 16 47.721805 13 16 47.732179 11300
    288 13 16 47.731785 13 16 47.742263 11300
    289 13 16 47.741795 13 16 47.752156 11300
    290 13 16 47.751795 13 16 47.762185 11300
    291 13 16 47.761817 13 16 47.772308 11300
    292 13 16 47.771808 13 16 47.782223 11300
    293 13 16 47.781815 13 16 47.792223 11300
    294 13 16 47.791809 13 16 47.802207 11300
    295 13 16 47.801811 13 16 47.812372 11300
    296 13 16 47.811813 13 16 47.822212 11300
    297 13 16 47.821809 13 16 47.832197 11300
    298 13 16 47.831820 13 16 47.842328 11300
    299 13 16 47.841822 13 16 47.852263 11300
    300 13 16 47.851810 13 16 47.868178 11300
    301 13 16 47.861823 13 16 47.877661 11300
    302 13 16 47.871757 13 16 47.887132 11300
    303 13 16 47.882553 13 16 47.896763 11300
    304 13 16 47.891880 13 16 47.906174 11300
    305 13 16 47.901811 13 16 47.915759 11300
    306 13 16 47.911821 13 16 47.925252 11300
    307 13 16 47.921838 13 16 47.934660 11300
    308 13 16 47.931807 13 16 47.944152 11300
    309 13 16 47.941864 13 16 47.953631 11300
    310 13 16 47.951815 13 16 47.963129 11300
    311 13 16 47.961813 13 16 47.972631 11300
    312 13 16 47.971811 13 16 47.982238 11300
    313 13 16 47.981814 13 16 47.992226 11300
    314 13 16 47.991810 13 16 48.002212 11300
    315 13 16 48.001812 13 16 48.012255 11300
    316 13 16 48.011799 13 16 48.022271 11300
    317 13 16 48.021818 13 16 48.032257 11300
    318 13 16 48.031821 13 16 48.042256 11300
    319 13 16 48.041809 13 16 48.052219 11300
    320 13 16 48.051808 13 16 48.062210 11300
    321 13 16 48.061810 13 16 48.072221 11300
    322 13 16 48.071807 13 16 48.082228 11300
    323 13 16 48.081808 13 16 48.092210 11300
    324 13 16 48.091808 13 16 48.102215 11300
    325 13 16 48.101841 13 16 48.112228 11300
    326 13 16 48.111820 13 16 48.122227 11300
    327 13 16 48.121810 13 16 48.132224 11300
    328 13 16 48.131807 13 16 48.142369 11300
    329 13 16 48.141810 13 16 48.152220 11300
    330 13 16 48.151806 13 16 48.162205 11300
    331 13 16 48.161810 13 16 48.172215 11300
    332 13 16 48.171807 13 16 48.182236 11300
    333 13 16 48.181812 13 16 48.192219 11300
    334 13 16 48.191808 13 16 48.202227 11300
    335 13 16 48.201808 13 16 48.212215 11300
    336 13 16 48.211807 13 16 48.222205 11300
    337 13 16 48.221811 13 16 48.232216 11300
    338 13 16 48.231819 13 16 48.242226 11300
    339 13 16 48.241810 13 16 48.252218 11300
    340 13 16 48.251809 13 16 48.262210 11300
    341 13 16 48.261820 13 16 48.272294 11300
    342 13 16 48.271808 13 16 48.282204 11300
    343 13 16 48.281821 13 16 48.292225 11300
    344 13 16 48.291823 13 16 48.302304 11300
    345 13 16 48.301813 13 16 48.312238 11300
    346 13 16 48.311810 13 16 48.322203 11300
    347 13 16 48.321814 13 16 48.332222 11300
    348 13 16 48.331811 13 16 48.342252 11300
    349 13 16 48.341862 13 16 48.352336 11300
    350 13 16 48.351810 13 16 48.369934 11300
    351 13 16 48.361812 13 16 48.378151 11300
    352 13 16 48.371811 13 16 48.387782 11300
    353 13 16 48.381844 13 16 48.397055 11300
    354 13 16 48.391812 13 16 48.408625 11300
    355 13 16 48.401823 13 16 48.416049 11300
    356 13 16 48.411786 13 16 48.425553 11300
    357 13 16 48.421821 13 16 48.435043 11300
    358 13 16 48.431825 13 16 48.444538 11300
    359 13 16 48.441766 13 16 48.454292 11300
    360 13 16 48.451776 13 16 48.463534 11300
    361 13 16 48.461903 13 16 48.473033 11300
    362 13 16 48.471817 13 16 48.482523 11300
    363 13 16 48.481895 13 16 48.492291 11300
    364 13 16 48.491810 13 16 48.502240 11300
    365 13 16 48.501809 13 16 48.513257 11300
    366 13 16 48.512162 13 16 48.522601 11300
    367 13 16 48.521811 13 16 48.532218 11300
    368 13 16 48.531795 13 16 48.542222 11300
    369 13 16 48.541809 13 16 48.552235 11300
    370 13 16 48.551810 13 16 48.562227 11300
    371 13 16 48.561810 13 16 48.572214 11300
    372 13 16 48.571795 13 16 48.582205 11300
    373 13 16 48.581839 13 16 48.592346 11300
    374 13 16 48.591805 13 16 48.602257 11300
    375 13 16 48.601905 13 16 48.612324 11300
    376 13 16 48.611795 13 16 48.622244 11300
    377 13 16 48.621794 13 16 48.632168 11300
    378 13 16 48.631794 13 16 48.642198 11300
    379 13 16 48.641809 13 16 48.652270 11300
    380 13 16 48.651809 13 16 48.662222 11300
    381 13 16 48.661811 13 16 48.672255 11300
    382 13 16 48.671810 13 16 48.682271 11300
    383 13 16 48.681809 13 16 48.692216 11300
    384 13 16 48.691811 13 16 48.702238 11300
    385 13 16 48.701810 13 16 48.712226 11300
    386 13 16 48.711809 13 16 48.722211 11300
    387 13 16 48.721809 13 16 48.732219 11300
    388 13 16 48.731808 13 16 48.742226 11300
    389 13 16 48.741809 13 16 48.752217 11300
    390 13 16 48.751807 13 16 48.762217 11300
    391 13 16 48.761808 13 16 48.772204 11300
    392 13 16 48.771808 13 16 48.782210 11300
    393 13 16 48.781812 13 16 48.792208 11300
    394 13 16 48.791795 13 16 48.802185 11300
    395 13 16 48.801838 13 16 48.812227 11300
    396 13 16 48.811808 13 16 48.822257 11300
    397 13 16 48.821815 13 16 48.832228 11300
    398 13 16 48.831811 13 16 48.842224 11300
    399 13 16 48.841814 13 16 48.852251 11300
    400 13 16 48.851810 13 16 48.868209 11300
    401 13 16 48.861817 13 16 48.877715 11300
    402 13 16 48.871761 13 16 48.887168 11300
    403 13 16 48.881821 13 16 48.896681 11300
    404 13 16 48.891812 13 16 48.906204 11300
    405 13 16 48.901812 13 16 48.915638 11300
    406 13 16 48.911822 13 16 48.925195 11300
    407 13 16 48.921821 13 16 48.934629 11300
    408 13 16 48.931845 13 16 48.944138 11300
    409 13 16 48.941814 13 16 48.953619 11300
    410 13 16 48.951811 13 16 48.963126 11300
    411 13 16 48.961770 13 16 48.972622 11300
    412 13 16 48.971818 13 16 48.982295 11300
    413 13 16 48.981831 13 16 48.992294 11300
    414 13 16 48.991813 13 16 49.002245 11300
    415 13 16 49.001821 13 16 49.012265 11300
    416 13 16 49.011870 13 16 49.022432 11300
    417 13 16 49.021836 13 16 49.032302 11300
    418 13 16 49.031812 13 16 49.042292 11300
    419 13 16 49.041814 13 16 49.052231 11300
    420 13 16 49.051810 13 16 49.062255 11300
    421 13 16 49.061798 13 16 49.072327 11300
    422 13 16 49.071826 13 16 49.082213 11300
    423 13 16 49.081972 13 16 49.092337 11300
    424 13 16 49.091814 13 16 49.102331 11300
    425 13 16 49.101841 13 16 49.112231 11300
    426 13 16 49.111811 13 16 49.122281 11300
    427 13 16 49.121814 13 16 49.132342 11300
    428 13 16 49.131821 13 16 49.142294 11300
    429 13 16 49.141803 13 16 49.152268 11300
    430 13 16 49.151828 13 16 49.162348 11300
    431 13 16 49.161822 13 16 49.172294 11300
    432 13 16 49.171807 13 16 49.182206 11300
    433 13 16 49.181814 13 16 49.192292 11300
    434 13 16 49.191823 13 16 49.202263 11300
    435 13 16 49.201804 13 16 49.212192 11300
    436 13 16 49.211848 13 16 49.222267 11300
    437 13 16 49.221902 13 16 49.232388 11300
    438 13 16 49.231914 13 16 49.242390 11300
    439 13 16 49.241832 13 16 49.252338 11300
    440 13 16 49.251834 13 16 49.262286 11300
    441 13 16 49.261822 13 16 49.272238 11300
    442 13 16 49.271852 13 16 49.282381 11300
    443 13 16 49.281818 13 16 49.292447 11300
    444 13 16 49.291820 13 16 49.302404 11300
    445 13 16 49.301819 13 16 49.312469 11300
    446 13 16 49.311888 13 16 49.322403 11300
    447 13 16 49.321840 13 16 49.332900 11300
    448 13 16 49.331840 13 16 49.342365 11300
    449 13 16 49.341830 13 16 49.352255 11300
    450 13 16 49.351810 13 16 49.369202 11300
    451 13 16 49.361811 13 16 49.377648 11300
    452 13 16 49.371813 13 16 49.387428 11300
    453 13 16 49.381816 13 16 49.396650 11300
    454 13 16 49.391784 13 16 49.406128 11300
    455 13 16 49.401811 13 16 49.415613 11300
    456 13 16 49.411819 13 16 49.425100 11300
    457 13 16 49.421846 13 16 49.434629 11300
    458 13 16 49.431821 13 16 49.444146 11300
    459 13 16 49.441797 13 16 49.453625 11300
    460 13 16 49.451810 13 16 49.463127 11300
    461 13 16 49.461820 13 16 49.472603 11300
    462 13 16 49.471798 13 16 49.482194 11300
    463 13 16 49.481816 13 16 49.492606 11300
    464 13 16 49.491818 13 16 49.502237 11300
    465 13 16 49.501809 13 16 49.512210 11300
    466 13 16 49.511842 13 16 49.522232 11300
    467 13 16 49.521811 13 16 49.532395 11300
    468 13 16 49.531810 13 16 49.542225 11300
    469 13 16 49.541809 13 16 49.552222 11300
    470 13 16 49.551808 13 16 49.562238 11300
    471 13 16 49.561810 13 16 49.572229 11300
    472 13 16 49.571809 13 16 49.582272 11300
    473 13 16 49.581812 13 16 49.592222 11300
    474 13 16 49.591808 13 16 49.602209 11300
    475 13 16 49.601810 13 16 49.612211 11300
    476 13 16 49.611795 13 16 49.622162 11300
    477 13 16 49.621794 13 16 49.632205 11300
    478 13 16 49.631793 13 16 49.642265 11300
    479 13 16 49.641807 13 16 49.652203 11300
    480 13 16 49.651795 13 16 49.662160 11300
    481 13 16 49.661827 13 16 49.672190 11300
    482 13 16 49.671795 13 16 49.682177 11300
    483 13 16 49.681840 13 16 49.692230 11300
    484 13 16 49.691814 13 16 49.702235 11300
    485 13 16 49.701810 13 16 49.712217 11300
    486 13 16 49.711809 13 16 49.722214 11300
    487 13 16 49.721809 13 16 49.732213 11300
    488 13 16 49.731808 13 16 49.742215 11300
    489 13 16 49.741810 13 16 49.752530 11300
    490 13 16 49.751811 13 16 49.762225 11300
    491 13 16 49.761809 13 16 49.772201 11300
    492 13 16 49.771793 13 16 49.782243 11300
    493 13 16 49.781838 13 16 49.792318 11300
    494 13 16 49.791818 13 16 49.802255 11300
    495 13 16 49.801816 13 16 49.812297 11300
    496 13 16 49.811813 13 16 49.822239 11300
    497 13 16 49.821809 13 16 49.832216 11300
    498 13 16 49.831808 13 16 49.842219 11300
    499 13 16 49.841810 13 16 49.852218 11300
    500 13 16 49.851809 13 16 49.869357 11300
    501 13 16 49.861812 13 16 49.877670 11300
    502 13 16 49.871813 13 16 49.887397 11300
    503 13 16 49.882097 13 16 49.896766 11300
    504 13 16 49.891868 13 16 49.906233 11300
    505 13 16 49.901820 13 16 49.915722 11300
    506 13 16 49.911828 13 16 49.925164 11300
    507 13 16 49.921826 13 16 49.934654 11300
    508 13 16 49.931803 13 16 49.944167 11300
    509 13 16 49.941816 13 16 49.953625 11300
    510 13 16 49.951801 13 16 49.963124 11300
    511 13 16 49.961807 13 16 49.972634 11300
    512 13 16 49.971806 13 16 49.982275 11300
    513 13 16 49.981805 13 16 49.992269 11300
    514 13 16 49.991819 13 16 50.002260 11300
    515 13 16 50.001820 13 16 50.012267 11300
    516 13 16 50.011933 13 16 50.022401 11300
    517 13 16 50.021816 13 16 50.032327 11300
    518 13 16 50.031812 13 16 50.042228 11300
    519 13 16 50.041812 13 16 50.052241 11300
    520 13 16 50.051819 13 16 50.062299 11300
    521 13 16 50.061818 13 16 50.072276 11300
    522 13 16 50.071826 13 16 50.082295 11300
    523 13 16 50.081825 13 16 50.092376 11300
    524 13 16 50.091819 13 16 50.102271 11300
    525 13 16 50.101824 13 16 50.112243 11300
    526 13 16 50.111825 13 16 50.122368 11300
    527 13 16 50.121836 13 16 50.132266 11300
    528 13 16 50.131906 13 16 50.142375 11300
    529 13 16 50.141807 13 16 50.152380 11300
    530 13 16 50.151853 13 16 50.162281 11300
    531 13 16 50.161924 13 16 50.172435 11300
    532 13 16 50.171909 13 16 50.182420 11300
    533 13 16 50.181823 13 16 50.192281 11300
    534 13 16 50.191836 13 16 50.202218 11300
    535 13 16 50.201830 13 16 50.212229 11300
    536 13 16 50.211809 13 16 50.222220 11300
    537 13 16 50.221806 13 16 50.232238 11300
    538 13 16 50.231810 13 16 50.242224 11300
    539 13 16 50.241810 13 16 50.252234 11300
    540 13 16 50.251869 13 16 50.262411 11300
    541 13 16 50.261822 13 16 50.272235 11300
    542 13 16 50.271810 13 16 50.282268 11300
    543 13 16 50.281861 13 16 50.292343 11300
    544 13 16 50.291814 13 16 50.302295 11300
    545 13 16 50.302053 13 16 50.312524 11300
    546 13 16 50.311813 13 16 50.322240 11300
    547 13 16 50.321810 13 16 50.332233 11300
    548 13 16 50.331817 13 16 50.342253 11300
    549 13 16 50.341816 13 16 50.352417 11300
    550 13 16 50.351919 13 16 50.368316 11300
    551 13 16 50.361843 13 16 50.377789 11300
    552 13 16 50.371825 13 16 50.387354 11300
    553 13 16 50.381816 13 16 50.396782 11300
    554 13 16 50.391812 13 16 50.406711 11300
    555 13 16 50.401767 13 16 50.415776 11300
    556 13 16 50.411813 13 16 50.425272 11300
    557 13 16 50.421784 13 16 50.434753 11300
    558 13 16 50.431812 13 16 50.444237 11300
    559 13 16 50.441811 13 16 50.453744 11300
    560 13 16 50.451813 13 16 50.463219 11300
    561 13 16 50.461807 13 16 50.472754 11300
    562 13 16 50.471801 13 16 50.482238 11300
    563 13 16 50.481797 13 16 50.492190 11300
    564 13 16 50.491818 13 16 50.502296 11300
    565 13 16 50.501812 13 16 50.512225 11300
    566 13 16 50.511812 13 16 50.522222 11300
    567 13 16 50.521813 13 16 50.532235 11300
    568 13 16 50.531812 13 16 50.542217 11300
    569 13 16 50.541812 13 16 50.552231 11300
    570 13 16 50.551814 13 16 50.562255 11300
    571 13 16 50.561821 13 16 50.572257 11300
    572 13 16 50.571814 13 16 50.582256 11300
    573 13 16 50.581839 13 16 50.592339 11300
    574 13 16 50.591833 13 16 50.602258 11300
    575 13 16 50.601813 13 16 50.612225 11300
    576 13 16 50.611812 13 16 50.622244 11300
    577 13 16 50.621811 13 16 50.632249 11300
    578 13 16 50.631810 13 16 50.642226 11300
    579 13 16 50.641809 13 16 50.652346 11300
    580 13 16 50.651795 13 16 50.662168 11300
    581 13 16 50.661794 13 16 50.672314 11300
    582 13 16 50.671841 13 16 50.682361 11300
    583 13 16 50.681809 13 16 50.692193 11300
    584 13 16 50.691811 13 16 50.702252 11300
    585 13 16 50.701839 13 16 50.712316 11300
    586 13 16 50.711818 13 16 50.722256 11300
    587 13 16 50.721811 13 16 50.732244 11300
    588 13 16 50.731808 13 16 50.742240 11300
    589 13 16 50.741799 13 16 50.752211 11300
    590 13 16 50.751795 13 16 50.762261 11300
    591 13 16 50.761828 13 16 50.772264 11300
    592 13 16 50.771816 13 16 50.782316 11300
    593 13 16 50.781813 13 16 50.792225 11300
    594 13 16 50.791809 13 16 50.802211 11300
    595 13 16 50.801810 13 16 50.812215 11300
    596 13 16 50.811816 13 16 50.822232 11300
    597 13 16 50.821809 13 16 50.832214 11300
    598 13 16 50.831808 13 16 50.842212 11300
    599 13 16 50.841810 13 16 50.852221 11300
    600 13 16 50.851812 13 16 50.868172 11300
    601 13 16 50.861812 13 16 50.877661 11300
    602 13 16 50.871814 13 16 50.887464 11300
    603 13 16 50.881813 13 16 50.896659 11300
    604 13 16 50.891787 13 16 50.906159 11300
    605 13 16 50.901899 13 16 50.915655 11300
    606 13 16 50.911762 13 16 50.925150 11300
    607 13 16 50.921838 13 16 50.934649 11300
    608 13 16 50.931814 13 16 50.944184 11300
    609 13 16 50.941816 13 16 50.953628 11300
    610 13 16 50.951813 13 16 50.963284 11300
    611 13 16 50.961846 13 16 50.972641 11300
    612 13 16 50.971815 13 16 50.982258 11300
    613 13 16 50.981817 13 16 50.992282 11300
    614 13 16 50.991810 13 16 51.002293 11300
    615 13 16 51.001840 13 16 51.012309 11300
    616 13 16 51.011898 13 16 51.022553 11300
    617 13 16 51.021814 13 16 51.032245 11300
    618 13 16 51.031810 13 16 51.042217 11300
    619 13 16 51.041809 13 16 51.052224 11300
    620 13 16 51.051811 13 16 51.062240 11300
    621 13 16 51.061810 13 16 51.072220 11300
    622 13 16 51.071815 13 16 51.082225 11300
    623 13 16 51.081814 13 16 51.092325 11300
    624 13 16 51.091844 13 16 51.102257 11300
    625 13 16 51.101819 13 16 51.112222 11300
    626 13 16 51.111834 13 16 51.122239 11300
    627 13 16 51.121952 13 16 51.132379 11300
    628 13 16 51.131824 13 16 51.142369 11300
    629 13 16 51.141925 13 16 51.152405 11300
    630 13 16 51.151811 13 16 51.162221 11300
    631 13 16 51.161810 13 16 51.172217 11300
    632 13 16 51.171810 13 16 51.182301 11300
    633 13 16 51.181812 13 16 51.192244 11300
    634 13 16 51.191823 13 16 51.202240 11300
    635 13 16 51.201810 13 16 51.212240 11300
    636 13 16 51.211801 13 16 51.222211 11300
    637 13 16 51.221811 13 16 51.232213 11300
    638 13 16 51.231808 13 16 51.242218 11300
    639 13 16 51.241810 13 16 51.252225 11300
    640 13 16 51.251815 13 16 51.262222 11300
    641 13 16 51.261811 13 16 51.272218 11300
    642 13 16 51.271810 13 16 51.282246 11300
    643 13 16 51.281810 13 16 51.292216 11300
    644 13 16 51.291811 13 16 51.302249 11300
    645 13 16 51.301836 13 16 51.312458 11300
    646 13 16 51.311833 13 16 51.322319 11300
    647 13 16 51.321826 13 16 51.332267 11300
    648 13 16 51.331937 13 16 51.342348 11300
    649 13 16 51.341811 13 16 51.352257 11300
    650 13 16 51.351824 13 16 51.369118 11300
    651 13 16 51.361842 13 16 51.377746 11300
    652 13 16 51.371768 13 16 51.387483 11300
    653 13 16 51.381846 13 16 51.396742 11300
    654 13 16 51.391820 13 16 51.406160 11300
    655 13 16 51.401814 13 16 51.415680 11300
    656 13 16 51.411842 13 16 51.425172 11300
    657 13 16 51.421813 13 16 51.434672 11300
    658 13 16 51.431812 13 16 51.444164 11300
    659 13 16 51.441814 13 16 51.453643 11300
    660 13 16 51.451799 13 16 51.463199 11300
    661 13 16 51.461773 13 16 51.472645 11300
    662 13 16 51.471811 13 16 51.482227 11300
    663 13 16 51.481808 13 16 51.492235 11300
    664 13 16 51.491821 13 16 51.502279 11300
    665 13 16 51.501812 13 16 51.512312 11300
    666 13 16 51.511811 13 16 51.522278 11300
    667 13 16 51.521836 13 16 51.533150 11300
    668 13 16 51.531812 13 16 51.542676 11300
    669 13 16 51.541834 13 16 51.552410 11300
    670 13 16 51.551836 13 16 51.562339 11300
    671 13 16 51.561821 13 16 51.572330 11300
    672 13 16 51.571823 13 16 51.582264 11300
    673 13 16 51.581816 13 16 51.592225 11300
    674 13 16 51.591811 13 16 51.602221 11300
    675 13 16 51.601810 13 16 51.612215 11300
    676 13 16 51.611808 13 16 51.622225 11300
    677 13 16 51.621797 13 16 51.632167 11300
    678 13 16 51.631782 13 16 51.642237 11300
    679 13 16 51.641810 13 16 51.652216 11300
    680 13 16 51.651809 13 16 51.662215 11300
    681 13 16 51.661810 13 16 51.672221 11300
    682 13 16 51.671807 13 16 51.682211 11300
    683 13 16 51.681811 13 16 51.692343 11300
    684 13 16 51.691809 13 16 51.702223 11300
    685 13 16 51.701810 13 16 51.712224 11300
    686 13 16 51.711812 13 16 51.722228 11300
    687 13 16 51.721811 13 16 51.732278 11300
    688 13 16 51.731808 13 16 51.742218 11300
    689 13 16 51.741813 13 16 51.752220 11300
    690 13 16 51.751843 13 16 51.762233 11300
    691 13 16 51.761809 13 16 51.772219 11300
    692 13 16 51.771810 13 16 51.782226 11300
    693 13 16 51.781812 13 16 51.792231 11300
    694 13 16 51.791812 13 16 51.802225 11300
    695 13 16 51.801811 13 16 51.812255 11300
    696 13 16 51.811810 13 16 51.822259 11300
    697 13 16 51.821815 13 16 51.832248 11300
    698 13 16 51.831811 13 16 51.842362 11300
    699 13 16 51.841836 13 16 51.852333 11300
    700 13 16 51.851832 13 16 51.868262 11300
    701 13 16 51.861845 13 16 51.877800 11300
    702 13 16 51.871980 13 16 51.887548 11300
    703 13 16 51.881835 13 16 51.896779 11300
    704 13 16 51.891815 13 16 51.906280 11300
    705 13 16 51.901812 13 16 51.915778 11300
    706 13 16 51.911813 13 16 51.925274 11300
    707 13 16 51.921813 13 16 51.934769 11300
    708 13 16 51.931811 13 16 51.944263 11300
    709 13 16 51.941833 13 16 51.953817 11300
    710 13 16 51.951813 13 16 51.963327 11300
    711 13 16 51.961813 13 16 51.972771 11300
    712 13 16 51.971817 13 16 51.982273 11300
    713 13 16 51.981816 13 16 51.992240 11300
    714 13 16 51.991810 13 16 52.002218 11300
    715 13 16 52.001812 13 16 52.012216 11300
    716 13 16 52.011816 13 16 52.022359 11300
    717 13 16 52.021811 13 16 52.033903 11300
    718 13 16 52.032874 13 16 52.044181 11300
    719 13 16 52.041842 13 16 52.053676 11300
    720 13 16 52.051814 13 16 52.063173 11300
    721 13 16 52.061844 13 16 52.072668 11300
    722 13 16 52.071815 13 16 52.082234 11300
    723 13 16 52.081811 13 16 52.092258 11300
    724 13 16 52.091810 13 16 52.102220 11300
    725 13 16 52.101815 13 16 52.112223 11300
    726 13 16 52.111826 13 16 52.122236 11300
    727 13 16 52.121811 13 16 52.132216 11300
    728 13 16 52.131808 13 16 52.142201 11300
    729 13 16 52.141908 13 16 52.152405 11300
    730 13 16 52.151820 13 16 52.162215 11300
    731 13 16 52.161828 13 16 52.172314 11300
    732 13 16 52.171826 13 16 52.182239 11300
    733 13 16 52.181811 13 16 52.192253 11300
    734 13 16 52.191817 13 16 52.202306 11300
    735 13 16 52.201883 13 16 52.212488 11300
    736 13 16 52.211798 13 16 52.222403 11300
    737 13 16 52.221814 13 16 52.232264 11300
    738 13 16 52.231808 13 16 52.242207 11300
    739 13 16 52.241810 13 16 52.252232 11300
    740 13 16 52.251913 13 16 52.262298 11300
    741 13 16 52.261812 13 16 52.272249 11300
    742 13 16 52.271810 13 16 52.282293 11300
    743 13 16 52.281810 13 16 52.292256 11300
    744 13 16 52.291823 13 16 52.302236 11300
    745 13 16 52.301811 13 16 52.312271 11300
    746 13 16 52.311810 13 16 52.322228 11300
    747 13 16 52.321810 13 16 52.332279 11300
    748 13 16 52.331808 13 16 52.342204 11300
    749 13 16 52.341814 13 16 52.352282 11300
    750 13 16 52.351810 13 16 52.369276 11300
    751 13 16 52.361812 13 16 52.377667 11300
    752 13 16 52.371814 13 16 52.388609 11300
    753 13 16 52.381815 13 16 52.396748 11300
    754 13 16 52.391888 13 16 52.406277 11300
    755 13 16 52.401817 13 16 52.415708 11300
    756 13 16 52.411824 13 16 52.425182 11300
    757 13 16 52.421830 13 16 52.434672 11300
    758 13 16 52.431820 13 16 52.444146 11300
    759 13 16 52.441809 13 16 52.453631 11300
    760 13 16 52.451813 13 16 52.463110 11300
    761 13 16 52.461852 13 16 52.472622 11300
    762 13 16 52.471831 13 16 52.482219 11300
    763 13 16 52.481811 13 16 52.492244 11300
    764 13 16 52.491807 13 16 52.502367 11300
    765 13 16 52.501807 13 16 52.512304 11300
    766 13 16 52.511822 13 16 52.522343 11300
    767 13 16 52.521802 13 16 52.532263 11300
    768 13 16 52.531821 13 16 52.542329 11300
    769 13 16 52.541804 13 16 52.553314 11300
    770 13 16 52.551892 13 16 52.562660 11300
    771 13 16 52.561826 13 16 52.572364 11300
    772 13 16 52.571863 13 16 52.582681 11300
    773 13 16 52.581913 13 16 52.592444 11300
    774 13 16 52.591819 13 16 52.602291 11300
    775 13 16 52.601846 13 16 52.612326 11300
    776 13 16 52.611823 13 16 52.622272 11300
    777 13 16 52.621811 13 16 52.632235 11300
    778 13 16 52.631816 13 16 52.642257 11300
    779 13 16 52.641817 13 16 52.652236 11300
    780 13 16 52.651812 13 16 52.662230 11300
    781 13 16 52.661811 13 16 52.672269 11300
    782 13 16 52.671846 13 16 52.682302 11300
    783 13 16 52.681820 13 16 52.692368 11300
    784 13 16 52.691837 13 16 52.702370 11300
    785 13 16 52.701836 13 16 52.712322 11300
    786 13 16 52.711818 13 16 52.722565 11300
    787 13 16 52.721839 13 16 52.732357 11300
    788 13 16 52.731839 13 16 52.742319 11300
    789 13 16 52.741821 13 16 52.752330 11300
    790 13 16 52.751818 13 16 52.762298 11300
    791 13 16 52.761814 13 16 52.772236 11300
    792 13 16 52.771813 13 16 52.782246 11300
    793 13 16 52.781815 13 16 52.792313 11300
    794 13 16 52.791840 13 16 52.802365 11300
    795 13 16 52.801848 13 16 52.812415 11300
    796 13 16 52.811832 13 16 52.822426 11300
    797 13 16 52.821848 13 16 52.832318 11300
    798 13 16 52.831865 13 16 52.842280 11300
    799 13 16 52.841813 13 16 52.852268 11300
    800 13 16 52.851843 13 16 52.869495 11300
    801 13 16 52.861823 13 16 52.877977 11300
    802 13 16 52.871814 13 16 52.887453 11300
    803 13 16 52.881827 13 16 52.896732 11300
    804 13 16 52.891865 13 16 52.906247 11300
    805 13 16 52.901842 13 16 52.915722 11300
    806 13 16 52.911838 13 16 52.925218 11300
    807 13 16 52.921813 13 16 52.934730 11300
    808 13 16 52.931812 13 16 52.944215 11300
    809 13 16 52.941782 13 16 52.953774 11300
    810 13 16 52.951844 13 16 52.963203 11300
    811 13 16 52.961824 13 16 52.972701 11300
    812 13 16 52.971832 13 16 52.982280 11300
    813 13 16 52.981828 13 16 52.992396 11300
    814 13 16 52.991827 13 16 53.002259 11300
    815 13 16 53.001820 13 16 53.012500 11300
    816 13 16 53.011836 13 16 53.022908 11300
    817 13 16 53.021863 13 16 53.032516 11300
    818 13 16 53.031838 13 16 53.042355 11300
    819 13 16 53.041851 13 16 53.052371 11300
    820 13 16 53.051844 13 16 53.062291 11300
    821 13 16 53.061816 13 16 53.072346 11300
    822 13 16 53.071812 13 16 53.082284 11300
    823 13 16 53.081817 13 16 53.092263 11300
    824 13 16 53.091818 13 16 53.102282 11300
    825 13 16 53.101830 13 16 53.112284 11300
    826 13 16 53.111834 13 16 53.122393 11300
    827 13 16 53.121823 13 16 53.132339 11300
    828 13 16 53.131818 13 16 53.142245 11300
    829 13 16 53.141810 13 16 53.152220 11300
    830 13 16 53.151887 13 16 53.162298 11300
    831 13 16 53.161833 13 16 53.172246 11300
    832 13 16 53.171815 13 16 53.182603 11300
    833 13 16 53.181877 13 16 53.192579 11300
    834 13 16 53.191836 13 16 53.202339 11300
    835 13 16 53.201827 13 16 53.212268 11300
    836 13 16 53.211841 13 16 53.222346 11300
    837 13 16 53.221863 13 16 53.232315 11300
    838 13 16 53.231813 13 16 53.242238 11300
    839 13 16 53.241849 13 16 53.252346 11300
    840 13 16 53.251879 13 16 53.262343 11300
    841 13 16 53.261811 13 16 53.272229 11300
    842 13 16 53.271814 13 16 53.284556 11300
    843 13 16 53.281866 13 16 53.293917 11300
    844 13 16 53.291812 13 16 53.303502 11300
    845 13 16 53.301816 13 16 53.313105 11300
    846 13 16 53.311816 13 16 53.322426 11300
    847 13 16 53.321812 13 16 53.332222 11300
    848 13 16 53.331808 13 16 53.342264 11300
    849 13 16 53.341810 13 16 53.352227 11300
    850 13 16 53.351810 13 16 53.368194 11300
    851 13 16 53.361866 13 16 53.377661 11300
    852 13 16 53.371814 13 16 53.387276 11300
    853 13 16 53.381827 13 16 53.396645 11300
    854 13 16 53.391787 13 16 53.406143 11300
    855 13 16 53.401812 13 16 53.415644 11300
    856 13 16 53.411811 13 16 53.425133 11300
    857 13 16 53.421823 13 16 53.434623 11300
    858 13 16 53.431809 13 16 53.444116 11300
    859 13 16 53.441800 13 16 53.453705 11300
    860 13 16 53.451847 13 16 53.463141 11300
    861 13 16 53.461813 13 16 53.472611 11300
    862 13 16 53.471798 13 16 53.482173 11300
    863 13 16 53.481797 13 16 53.492221 11300
    864 13 16 53.491795 13 16 53.502194 11300
    865 13 16 53.501809 13 16 53.512222 11300
    866 13 16 53.511912 13 16 53.522433 11300
    867 13 16 53.521810 13 16 53.532235 11300
    868 13 16 53.531809 13 16 53.542219 11300
    869 13 16 53.541809 13 16 53.552213 11300
    870 13 16 53.551810 13 16 53.562213 11300
    871 13 16 53.561810 13 16 53.572256 11300
    872 13 16 53.571812 13 16 53.582231 11300
    873 13 16 53.581814 13 16 53.592297 11300
    874 13 16 53.591811 13 16 53.602229 11300
    875 13 16 53.601812 13 16 53.612226 11300
    876 13 16 53.611812 13 16 53.622230 11300
    877 13 16 53.621814 13 16 53.632286 11300
    878 13 16 53.631810 13 16 53.642223 11300
    879 13 16 53.641810 13 16 53.652222 11300
    880 13 16 53.651809 13 16 53.662219 11300
    881 13 16 53.661810 13 16 53.672232 11300
    882 13 16 53.671809 13 16 53.682234 11300
    883 13 16 53.681809 13 16 53.692199 11300
    884 13 16 53.691797 13 16 53.702207 11300
    885 13 16 53.701842 13 16 53.712291 11300
    886 13 16 53.711809 13 16 53.722287 11300
    887 13 16 53.721882 13 16 53.732345 11300
    888 13 16 53.731810 13 16 53.742263 11300
    889 13 16 53.741861 13 16 53.752518 11300
    890 13 16 53.751817 13 16 53.762233 11300
    891 13 16 53.761809 13 16 53.772233 11300
    892 13 16 53.771816 13 16 53.782265 11300
    893 13 16 53.781812 13 16 53.792237 11300
    894 13 16 53.791811 13 16 53.802228 11300
    895 13 16 53.801836 13 16 53.812294 11300
    896 13 16 53.811813 13 16 53.822311 11300
    897 13 16 53.821812 13 16 53.832255 11300
    898 13 16 53.831839 13 16 53.842506 11300
    899 13 16 53.842033 13 16 53.852635 11300
    900 13 16 53.851837 13 16 53.868223 11300
    901 13 16 53.861815 13 16 53.877912 11300
    902 13 16 53.871789 13 16 53.887211 11300
    903 13 16 53.881813 13 16 53.896687 11300
    904 13 16 53.891821 13 16 53.906185 11300
    905 13 16 53.901812 13 16 53.915689 11300
    906 13 16 53.911811 13 16 53.925179 11300
    907 13 16 53.921762 13 16 53.934677 11300
    908 13 16 53.931848 13 16 53.944254 11300
    909 13 16 53.941819 13 16 53.953676 11300
    910 13 16 53.951912 13 16 53.963163 11300
    911 13 16 53.961821 13 16 53.972665 11300
    912 13 16 53.971820 13 16 53.982294 11300
    913 13 16 53.981858 13 16 53.992359 11300
    914 13 16 53.991838 13 16 54.002355 11300
    915 13 16 54.001846 13 16 54.012371 11300
    916 13 16 54.011856 13 16 54.022452 11300
    917 13 16 54.021830 13 16 54.032401 11300
    918 13 16 54.031852 13 16 54.042349 11300
    919 13 16 54.041843 13 16 54.052450 11300
    920 13 16 54.051822 13 16 54.062263 11300
    921 13 16 54.061827 13 16 54.072263 11300
    922 13 16 54.071845 13 16 54.082267 11300
    923 13 16 54.081820 13 16 54.092238 11300
    924 13 16 54.091808 13 16 54.102316 11300
    925 13 16 54.101937 13 16 54.112366 11300
    926 13 16 54.111862 13 16 54.122363 11300
    927 13 16 54.121870 13 16 54.132311 11300
    928 13 16 54.131999 13 16 54.142417 11300
    929 13 16 54.141826 13 16 54.152261 11300
    930 13 16 54.151848 13 16 54.162404 11300
    931 13 16 54.161884 13 16 54.172389 11300
    932 13 16 54.171945 13 16 54.182411 11300
    933 13 16 54.181820 13 16 54.192267 11300
    934 13 16 54.191814 13 16 54.202443 11300
    935 13 16 54.201976 13 16 54.212558 11300
    936 13 16 54.211860 13 16 54.222535 11300
    937 13 16 54.221756 13 16 54.232255 11300
    938 13 16 54.231802 13 16 54.242263 11300
    939 13 16 54.241835 13 16 54.252270 11300
    940 13 16 54.251798 13 16 54.262233 11300
    941 13 16 54.261812 13 16 54.272255 11300
    942 13 16 54.271813 13 16 54.282209 11300
    943 13 16 54.281863 13 16 54.292341 11300
    944 13 16 54.291811 13 16 54.302231 11300
    945 13 16 54.301810 13 16 54.312227 11300
    946 13 16 54.311810 13 16 54.322217 11300
    947 13 16 54.321810 13 16 54.332814 11300
    948 13 16 54.331791 13 16 54.342267 11300
    949 13 16 54.341811 13 16 54.352221 11300
    950 13 16 54.351807 13 16 54.368166 11300
    951 13 16 54.361812 13 16 54.377648 11300
    952 13 16 54.371813 13 16 54.387152 11300
    953 13 16 54.381813 13 16 54.396639 11300
    954 13 16 54.391773 13 16 54.406148 11300
    955 13 16 54.401812 13 16 54.415779 11300
    956 13 16 54.411814 13 16 54.425136 11300
    957 13 16 54.421821 13 16 54.434668 11300
    958 13 16 54.431840 13 16 54.444146 11300
    959 13 16 54.441800 13 16 54.453594 11300
    960 13 16 54.451808 13 16 54.463129 11300
    961 13 16 54.461754 13 16 54.472624 11300
    962 13 16 54.471820 13 16 54.482272 11300
    963 13 16 54.481839 13 16 54.492299 11300
    964 13 16 54.491945 13 16 54.502760 11300
    965 13 16 54.501818 13 16 54.512269 11300
    966 13 16 54.511823 13 16 54.522585 11300
    967 13 16 54.521802 13 16 54.532265 11300
    968 13 16 54.531815 13 16 54.542332 11300
    969 13 16 54.541829 13 16 54.552447 11300
    970 13 16 54.551830 13 16 54.562263 11300
    971 13 16 54.561830 13 16 54.572254 11300
    972 13 16 54.571814 13 16 54.585818 11300
    973 13 16 54.581817 13 16 54.595342 11300
    974 13 16 54.591875 13 16 54.604826 11300
    975 13 16 54.601784 13 16 54.614319 11300
    976 13 16 54.611821 13 16 54.623868 11300
    977 13 16 54.621861 13 16 54.633313 11300
    978 13 16 54.631864 13 16 54.642795 11300
    979 13 16 54.641823 13 16 54.652323 11300
    980 13 16 54.651843 13 16 54.662308 11300
    981 13 16 54.661825 13 16 54.672266 11300
    982 13 16 54.671810 13 16 54.682223 11300
    983 13 16 54.681809 13 16 54.692213 11300
    984 13 16 54.691813 13 16 54.702236 11300
    985 13 16 54.701816 13 16 54.712232 11300
    986 13 16 54.711812 13 16 54.722237 11300
    987 13 16 54.721825 13 16 54.732267 11300
    988 13 16 54.731811 13 16 54.742238 11300
    989 13 16 54.741815 13 16 54.752242 11300
    990 13 16 54.751818 13 16 54.762267 11300
    991 13 16 54.761833 13 16 54.772376 11300
    992 13 16 54.771853 13 16 54.782393 11300
    993 13 16 54.781821 13 16 54.792394 11300
    994 13 16 54.791815 13 16 54.802244 11300
    995 13 16 54.801816 13 16 54.812247 11300
    996 13 16 54.811818 13 16 54.822253 11300
    997 13 16 54.821823 13 16 54.832630 11300
    998 13 16 54.831865 13 16 54.842323 11300
    999 13 16 54.841870 13 16 54.852553 11300
   1000 13 16 54.851840 13 16 54.868347 11300
