      1 13 16 20.591758 13 16 20.604196 11100
      2 13 16 20.601852 13 16 20.613533 11100
      3 13 16 20.611853 13 16 20.622872 11100
      4 13 16 20.621866 13 16 20.632363 11100
      5 13 16 20.631859 13 16 20.642268 11100
      6 13 16 20.641860 13 16 20.652270 11100
      7 13 16 20.651856 13 16 20.662268 11100
      8 13 16 20.661857 13 16 20.672240 11100
      9 13 16 20.671853 13 16 20.682259 11100
     10 13 16 20.681870 13 16 20.692280 11100
     11 13 16 20.691859 13 16 20.702269 11100
     12 13 16 20.701864 13 16 20.712257 11100
     13 13 16 20.711867 13 16 20.722277 11100
     14 13 16 20.721857 13 16 20.732265 11100
     15 13 16 20.731856 13 16 20.742266 11100
     16 13 16 20.741859 13 16 20.752328 11100
     17 13 16 20.751860 13 16 20.762271 11100
     18 13 16 20.761859 13 16 20.772276 11100
     19 13 16 20.771858 13 16 20.782294 11100
     20 13 16 20.781871 13 16 20.792376 11100
     21 13 16 20.791857 13 16 20.802291 11100
     22 13 16 20.801859 13 16 20.812277 11100
     23 13 16 20.811858 13 16 20.822272 11100
     24 13 16 20.821857 13 16 20.832267 11100
     25 13 16 20.831855 13 16 20.842265 11100
     26 13 16 20.841855 13 16 20.852304 11100
     27 13 16 20.851856 13 16 20.862277 11100
     28 13 16 20.861940 13 16 20.872406 11100
     29 13 16 20.871867 13 16 20.882339 11100
     30 13 16 20.881883 13 16 20.892313 11100
     31 13 16 20.891974 13 16 20.902439 11100
     32 13 16 20.901872 13 16 20.912324 11100
     33 13 16 20.911867 13 16 20.922384 11100
     34 13 16 20.921869 13 16 20.932376 11100
     35 13 16 20.931864 13 16 20.942281 11100
     36 13 16 20.941859 13 16 20.952311 11100
     37 13 16 20.951843 13 16 20.962301 11100
     38 13 16 20.961905 13 16 20.972341 11100
     39 13 16 20.971869 13 16 20.982395 11100
     40 13 16 20.981870 13 16 20.992359 11100
     41 13 16 20.991855 13 16 21.002271 11100
     42 13 16 21.001857 13 16 21.012277 11100
     43 13 16 21.011856 13 16 21.022321 11100
     44 13 16 21.021857 13 16 21.032281 11100
     45 13 16 21.031855 13 16 21.042260 11100
     46 13 16 21.041855 13 16 21.052257 11100
     47 13 16 21.051854 13 16 21.062425 11100
     48 13 16 21.061993 13 16 21.072400 11100
     49 13 16 21.071843 13 16 21.082540 11100
     50 13 16 21.081851 13 16 21.098213 11100
     51 13 16 21.091854 13 16 21.107634 11100
     52 13 16 21.101846 13 16 21.116886 11100
     53 13 16 21.111860 13 16 21.126191 11100
     54 13 16 21.121805 13 16 21.135550 11100
     55 13 16 21.131872 13 16 21.144877 11100
     56 13 16 21.141859 13 16 21.154219 11100
     57 13 16 21.151848 13 16 21.163571 11100
     58 13 16 21.161853 13 16 21.172885 11100
     59 13 16 21.171852 13 16 21.182356 11100
     60 13 16 21.181885 13 16 21.192385 11100
     61 13 16 21.191880 13 16 21.202397 11100
     62 13 16 21.201858 13 16 21.212327 11100
     63 13 16 21.211860 13 16 21.222272 11100
     64 13 16 21.221858 13 16 21.232269 11100
     65 13 16 21.231860 13 16 21.242276 11100
     66 13 16 21.241862 13 16 21.252288 11100
     67 13 16 21.251867 13 16 21.262290 11100
     68 13 16 21.261859 13 16 21.272279 11100
     69 13 16 21.271855 13 16 21.282264 11100
     70 13 16 21.281856 13 16 21.292262 11100
     71 13 16 21.291858 13 16 21.302251 11100
     72 13 16 21.301845 13 16 21.312322 11100
     73 13 16 21.311856 13 16 21.322323 11100
     74 13 16 21.321858 13 16 21.332245 11100
     75 13 16 21.331848 13 16 21.342320 11100
     76 13 16 21.341847 13 16 21.352242 11100
     77 13 16 21.351856 13 16 21.362268 11100
     78 13 16 21.361858 13 16 21.372312 11100
     79 13 16 21.371859 13 16 21.382277 11100
     80 13 16 21.381859 13 16 21.392255 11100
     81 13 16 21.391843 13 16 21.402204 11100
     82 13 16 21.401885 13 16 21.412292 11100
     83 13 16 21.411864 13 16 21.422353 11100
     84 13 16 21.421880 13 16 21.432373 11100
     85 13 16 21.431881 13 16 21.442311 11100
     86 13 16 21.441859 13 16 21.452266 11100
     87 13 16 21.451852 13 16 21.462264 11100
     88 13 16 21.461860 13 16 21.472276 11100
     89 13 16 21.471855 13 16 21.482264 11100
     90 13 16 21.481857 13 16 21.492495 11100
     91 13 16 21.491859 13 16 21.502269 11100
     92 13 16 21.501857 13 16 21.512260 11100
     93 13 16 21.511855 13 16 21.522272 11100
     94 13 16 21.521855 13 16 21.532258 11100
     95 13 16 21.531855 13 16 21.542259 11100
     96 13 16 21.541841 13 16 21.552213 11100
     97 13 16 21.551850 13 16 21.562311 11100
     98 13 16 21.561868 13 16 21.572275 11100
     99 13 16 21.571854 13 16 21.582270 11100
    100 13 16 21.581858 13 16 21.599212 11100
    101 13 16 21.591971 13 16 21.609884 11100
    102 13 16 21.601814 13 16 21.618392 11100
    103 13 16 21.611860 13 16 21.627341 11100
    104 13 16 21.621798 13 16 21.636711 11100
    105 13 16 21.632660 13 16 21.646045 11100
    106 13 16 21.641951 13 16 21.655433 11100
    107 13 16 21.651862 13 16 21.664702 11100
    108 13 16 21.661995 13 16 21.674009 11100
    109 13 16 21.671873 13 16 21.683374 11100
    110 13 16 21.681861 13 16 21.692705 11100
    111 13 16 21.691859 13 16 21.702259 11100
    112 13 16 21.701847 13 16 21.712244 11100
    113 13 16 21.711866 13 16 21.722266 11100
    114 13 16 21.721872 13 16 21.732281 11100
    115 13 16 21.731868 13 16 21.742295 11100
    116 13 16 21.741861 13 16 21.752272 11100
    117 13 16 21.751856 13 16 21.762274 11100
    118 13 16 21.761856 13 16 21.772252 11100
    119 13 16 21.771882 13 16 21.782363 11100
    120 13 16 21.781880 13 16 21.792508 11100
    121 13 16 21.791957 13 16 21.802482 11100
    122 13 16 21.801881 13 16 21.812379 11100
    123 13 16 21.811879 13 16 21.822352 11100
    124 13 16 21.821882 13 16 21.841125 11100
    125 13 16 21.831910 13 16 21.850227 11100
    126 13 16 21.841984 13 16 21.859861 11100
    127 13 16 21.851880 13 16 21.868802 11100
    128 13 16 21.861861 13 16 21.878541 11100
    129 13 16 21.871860 13 16 21.887485 11100
    130 13 16 21.881861 13 16 21.896836 11100
    131 13 16 21.891860 13 16 21.906161 11100
    132 13 16 21.901859 13 16 21.915496 11100
    133 13 16 21.911850 13 16 21.924846 11100
    134 13 16 21.921845 13 16 21.934172 11100
    135 13 16 21.931864 13 16 21.943511 11100
    136 13 16 21.941846 13 16 21.952967 11100
    137 13 16 21.951810 13 16 21.962268 11100
    138 13 16 21.961857 13 16 21.972265 11100
    139 13 16 21.971855 13 16 21.982274 11100
    140 13 16 21.981847 13 16 21.992367 11100
    141 13 16 21.991877 13 16 22.002338 11100
    142 13 16 22.001871 13 16 22.012350 11100
    143 13 16 22.011859 13 16 22.022273 11100
    144 13 16 22.021857 13 16 22.032295 11100
    145 13 16 22.031856 13 16 22.042266 11100
    146 13 16 22.041857 13 16 22.052326 11100
    147 13 16 22.051857 13 16 22.062402 11100
    148 13 16 22.061855 13 16 22.072268 11100
    149 13 16 22.071854 13 16 22.082401 11100
    150 13 16 22.081845 13 16 22.098220 11100
    151 13 16 22.091885 13 16 22.107544 11100
    152 13 16 22.101859 13 16 22.116872 11100
    153 13 16 22.111858 13 16 22.126304 11100
    154 13 16 22.121860 13 16 22.135535 11100
    155 13 16 22.131872 13 16 22.144885 11100
    156 13 16 22.141860 13 16 22.154222 11100
    157 13 16 22.151862 13 16 22.163582 11100
    158 13 16 22.161818 13 16 22.172881 11100
    159 13 16 22.171848 13 16 22.182327 11100
    160 13 16 22.181861 13 16 22.192275 11100
    161 13 16 22.191856 13 16 22.202272 11100
    162 13 16 22.201858 13 16 22.212264 11100
    163 13 16 22.211856 13 16 22.222262 11100
    164 13 16 22.221858 13 16 22.232267 11100
    165 13 16 22.231854 13 16 22.242308 11100
    166 13 16 22.241855 13 16 22.252262 11100
    167 13 16 22.251857 13 16 22.262309 11100
    168 13 16 22.261867 13 16 22.272843 11100
    169 13 16 22.271857 13 16 22.282357 11100
    170 13 16 22.281857 13 16 22.292280 11100
    171 13 16 22.291855 13 16 22.302272 11100
    172 13 16 22.301860 13 16 22.312329 11100
    173 13 16 22.311858 13 16 22.322271 11100
    174 13 16 22.321858 13 16 22.332270 11100
    175 13 16 22.331858 13 16 22.342314 11100
    176 13 16 22.341858 13 16 22.352332 11100
    177 13 16 22.351856 13 16 22.362282 11100
    178 13 16 22.361869 13 16 22.372319 11100
    179 13 16 22.371880 13 16 22.382381 11100
    180 13 16 22.381872 13 16 22.392307 11100
    181 13 16 22.391863 13 16 22.402287 11100
    182 13 16 22.401858 13 16 22.412250 11100
    183 13 16 22.411856 13 16 22.422253 11100
    184 13 16 22.421858 13 16 22.432278 11100
    185 13 16 22.431855 13 16 22.442275 11100
    186 13 16 22.441857 13 16 22.452266 11100
    187 13 16 22.451855 13 16 22.462257 11100
    188 13 16 22.461856 13 16 22.472314 11100
    189 13 16 22.471855 13 16 22.482321 11100
    190 13 16 22.481856 13 16 22.493224 11100
    191 13 16 22.491866 13 16 22.502541 11100
    192 13 16 22.501912 13 16 22.512321 11100
    193 13 16 22.511856 13 16 22.522258 11100
    194 13 16 22.521857 13 16 22.532267 11100
    195 13 16 22.531856 13 16 22.542244 11100
    196 13 16 22.541875 13 16 22.552275 11100
    197 13 16 22.551878 13 16 22.562225 11100
    198 13 16 22.561894 13 16 22.572255 11100
    199 13 16 22.571854 13 16 22.582364 11100
    200 13 16 22.581859 13 16 22.599078 11100
    201 13 16 22.591857 13 16 22.607524 11100
    202 13 16 22.601818 13 16 22.617263 11100
    203 13 16 22.611861 13 16 22.626263 11100
    204 13 16 22.621860 13 16 22.635576 11100
    205 13 16 22.631859 13 16 22.644922 11100
    206 13 16 22.641846 13 16 22.654294 11100
    207 13 16 22.651802 13 16 22.663608 11100
    208 13 16 22.661933 13 16 22.673057 11100
    209 13 16 22.671887 13 16 22.682334 11100
    210 13 16 22.681860 13 16 22.692274 11100
    211 13 16 22.691856 13 16 22.702290 11100
    212 13 16 22.701857 13 16 22.712278 11100
    213 13 16 22.711856 13 16 22.722266 11100
    214 13 16 22.721910 13 16 22.732312 11100
    215 13 16 22.731922 13 16 22.742318 11100
    216 13 16 22.741856 13 16 22.752258 11100
    217 13 16 22.751857 13 16 22.762253 11100
    218 13 16 22.761917 13 16 22.772380 11100
    219 13 16 22.771868 13 16 22.782267 11100
    220 13 16 22.781859 13 16 22.792252 11100
    221 13 16 22.791844 13 16 22.802375 11100
    222 13 16 22.801885 13 16 22.820281 11100
    223 13 16 22.813352 13 16 22.829899 11100
    224 13 16 22.821863 13 16 22.838840 11100
    225 13 16 22.831859 13 16 22.848587 11100
    226 13 16 22.841857 13 16 22.857534 11100
    227 13 16 22.851903 13 16 22.866904 11100
    228 13 16 22.862850 13 16 22.876207 11100
    229 13 16 22.871874 13 16 22.885867 11100
    230 13 16 22.883600 13 16 22.895202 11100
    231 13 16 22.891860 13 16 22.904537 11100
    232 13 16 22.901859 13 16 22.913971 11100
    233 13 16 22.911835 13 16 22.923214 11100
    234 13 16 22.921821 13 16 22.932545 11100
    235 13 16 22.931857 13 16 22.942271 11100
    236 13 16 22.941856 13 16 22.952263 11100
    237 13 16 22.951858 13 16 22.962267 11100
    238 13 16 22.961860 13 16 22.972277 11100
    239 13 16 22.971855 13 16 22.982351 11100
    240 13 16 22.981881 13 16 22.992414 11100
    241 13 16 22.991858 13 16 23.002372 11100
    242 13 16 23.001881 13 16 23.012371 11100
    243 13 16 23.011856 13 16 23.022331 11100
    244 13 16 23.021857 13 16 23.032275 11100
    245 13 16 23.031856 13 16 23.042283 11100
    246 13 16 23.041857 13 16 23.052268 11100
    247 13 16 23.051854 13 16 23.062266 11100
    248 13 16 23.061855 13 16 23.072272 11100
    249 13 16 23.071853 13 16 23.082256 11100
    250 13 16 23.081845 13 16 23.098205 11100
    251 13 16 23.091857 13 16 23.107516 11100
    252 13 16 23.101862 13 16 23.116866 11100
    253 13 16 23.111847 13 16 23.126194 11100
    254 13 16 23.121847 13 16 23.135524 11100
    255 13 16 23.131858 13 16 23.144876 11100
    256 13 16 23.141846 13 16 23.154215 11100
    257 13 16 23.151849 13 16 23.163533 11100
    258 13 16 23.161850 13 16 23.172869 11100
    259 13 16 23.171837 13 16 23.182314 11100
    260 13 16 23.181857 13 16 23.192281 11100
    261 13 16 23.191856 13 16 23.202269 11100
    262 13 16 23.201857 13 16 23.212270 11100
    263 13 16 23.211854 13 16 23.222253 11100
    264 13 16 23.221856 13 16 23.232261 11100
    265 13 16 23.231856 13 16 23.242256 11100
    266 13 16 23.241856 13 16 23.252259 11100
    267 13 16 23.251854 13 16 23.262259 11100
    268 13 16 23.261856 13 16 23.272272 11100
    269 13 16 23.271854 13 16 23.282271 11100
    270 13 16 23.281857 13 16 23.292263 11100
    271 13 16 23.291854 13 16 23.302257 11100
    272 13 16 23.301856 13 16 23.312256 11100
    273 13 16 23.311855 13 16 23.322255 11100
    274 13 16 23.321857 13 16 23.332309 11100
    275 13 16 23.331880 13 16 23.342372 11100
    276 13 16 23.341881 13 16 23.352329 11100
    277 13 16 23.351856 13 16 23.362265 11100
    278 13 16 23.361855 13 16 23.372254 11100
    279 13 16 23.371853 13 16 23.382356 11100
    280 13 16 23.381868 13 16 23.392292 11100
    281 13 16 23.391859 13 16 23.402378 11100
    282 13 16 23.401879 13 16 23.412416 11100
    283 13 16 23.411860 13 16 23.422368 11100
    284 13 16 23.421876 13 16 23.432332 11100
    285 13 16 23.431868 13 16 23.442394 11100
    286 13 16 23.441869 13 16 23.452428 11100
    287 13 16 23.451871 13 16 23.462330 11100
    288 13 16 23.461867 13 16 23.472328 11100
    289 13 16 23.471862 13 16 23.482337 11100
    290 13 16 23.481909 13 16 23.492349 11100
    291 13 16 23.491848 13 16 23.502459 11100
    292 13 16 23.501867 13 16 23.512290 11100
    293 13 16 23.511856 13 16 23.522282 11100
    294 13 16 23.521858 13 16 23.532260 11100
    295 13 16 23.531857 13 16 23.542332 11100
    296 13 16 23.541857 13 16 23.552265 11100
    297 13 16 23.551914 13 16 23.562318 11100
    298 13 16 23.561869 13 16 23.572279 11100
    299 13 16 23.571864 13 16 23.582273 11100
    300 13 16 23.581893 13 16 23.598262 11100
    301 13 16 23.591885 13 16 23.607568 11100
    302 13 16 23.601839 13 16 23.616928 11100
    303 13 16 23.611860 13 16 23.626242 11100
    304 13 16 23.621859 13 16 23.635580 11100
    305 13 16 23.631861 13 16 23.644939 11100
    306 13 16 23.641864 13 16 23.654254 11100
    307 13 16 23.651814 13 16 23.663605 11100
    308 13 16 23.661853 13 16 23.672921 11100
    309 13 16 23.671890 13 16 23.682376 11100
    310 13 16 23.681860 13 16 23.692280 11100
    311 13 16 23.691859 13 16 23.702273 11100
    312 13 16 23.701820 13 16 23.712227 11100
    313 13 16 23.711892 13 16 23.722639 11100
    314 13 16 23.721873 13 16 23.732296 11100
    315 13 16 23.731863 13 16 23.742329 11100
    316 13 16 23.741973 13 16 23.752383 11100
    317 13 16 23.751919 13 16 23.762322 11100
    318 13 16 23.761858 13 16 23.772276 11100
    319 13 16 23.771857 13 16 23.782330 11100
    320 13 16 23.781857 13 16 23.792328 11100
    321 13 16 23.791872 13 16 23.802286 11100
    322 13 16 23.801857 13 16 23.812384 11100
    323 13 16 23.811859 13 16 23.822285 11100
    324 13 16 23.821857 13 16 23.832278 11100
    325 13 16 23.831869 13 16 23.842378 11100
    326 13 16 23.841871 13 16 23.852312 11100
    327 13 16 23.851856 13 16 23.862425 11100
    328 13 16 23.861882 13 16 23.872447 11100
    329 13 16 23.871880 13 16 23.882428 11100
    330 13 16 23.881880 13 16 23.892379 11100
    331 13 16 23.891863 13 16 23.902312 11100
    332 13 16 23.901858 13 16 23.912326 11100
    333 13 16 23.911899 13 16 23.922315 11100
    334 13 16 23.921859 13 16 23.939405 11100
    335 13 16 23.934975 13 16 23.948719 11100
    336 13 16 23.941853 13 16 23.958456 11100
    337 13 16 23.951851 13 16 23.967383 11100
    338 13 16 23.961860 13 16 23.976790 11100
    339 13 16 23.971871 13 16 23.986101 11100
    340 13 16 23.981860 13 16 23.995397 11100
    341 13 16 23.991849 13 16 24.004747 11100
    342 13 16 24.001858 13 16 24.014085 11100
    343 13 16 24.011803 13 16 24.023422 11100
    344 13 16 24.021864 13 16 24.032758 11100
    345 13 16 24.031860 13 16 24.048861 11100
    346 13 16 24.047792 13 16 24.064586 11100
    347 13 16 24.051830 13 16 24.072151 11100
    348 13 16 24.064025 13 16 24.081110 11100
    349 13 16 24.071806 13 16 24.090827 11100
    350 13 16 24.081907 13 16 24.104855 11100
    351 13 16 24.091868 13 16 24.114620 11100
    352 13 16 24.101870 13 16 24.123545 11100
    353 13 16 24.111824 13 16 24.133303 11100
    354 13 16 24.121801 13 16 24.142229 11100
    355 13 16 24.131889 13 16 24.152074 11100
    356 13 16 24.141867 13 16 24.160900 11100
    357 13 16 24.151859 13 16 24.170705 11100
    358 13 16 24.161861 13 16 24.179593 11100
    359 13 16 24.171870 13 16 24.189388 11100
    360 13 16 24.181861 13 16 24.198283 11100
    361 13 16 24.191870 13 16 24.208017 11100
    362 13 16 24.201864 13 16 24.216971 11100
    363 13 16 24.211860 13 16 24.226292 11100
    364 13 16 24.221862 13 16 24.235720 11100
    365 13 16 24.231813 13 16 24.244980 11100
    366 13 16 24.241859 13 16 24.254336 11100
    367 13 16 24.251874 13 16 24.263659 11100
    368 13 16 24.261896 13 16 24.273039 11100
    369 13 16 24.271862 13 16 24.282330 11100
    370 13 16 24.281857 13 16 24.292269 11100
    371 13 16 24.291858 13 16 24.302265 11100
    372 13 16 24.301856 13 16 24.312280 11100
    373 13 16 24.311856 13 16 24.322334 11100
    374 13 16 24.321927 13 16 24.333179 11100
    375 13 16 24.331865 13 16 24.342501 11100
    376 13 16 24.341858 13 16 24.352270 11100
    377 13 16 24.351856 13 16 24.362245 11100
    378 13 16 24.361878 13 16 24.372247 11100
    379 13 16 24.371856 13 16 24.382265 11100
    380 13 16 24.381864 13 16 24.392264 11100
    381 13 16 24.391867 13 16 24.402294 11100
    382 13 16 24.401856 13 16 24.412274 11100
    383 13 16 24.411857 13 16 24.422250 11100
    384 13 16 24.421887 13 16 24.432400 11100
    385 13 16 24.431851 13 16 24.442498 11100
    386 13 16 24.441940 13 16 24.452441 11100
    387 13 16 24.451882 13 16 24.462371 11100
    388 13 16 24.461860 13 16 24.472400 11100
    389 13 16 24.471880 13 16 24.482313 11100
    390 13 16 24.481940 13 16 24.492844 11100
    391 13 16 24.491873 13 16 24.503085 11100
    392 13 16 24.501861 13 16 24.512267 11100
    393 13 16 24.511869 13 16 24.522375 11100
    394 13 16 24.521858 13 16 24.532295 11100
    395 13 16 24.531856 13 16 24.542255 11100
    396 13 16 24.541857 13 16 24.552229 11100
    397 13 16 24.551859 13 16 24.562274 11100
    398 13 16 24.561869 13 16 24.572247 11100
    399 13 16 24.571854 13 16 24.582335 11100
    400 13 16 24.581852 13 16 24.599167 11100
    401 13 16 24.591860 13 16 24.607531 11100
    402 13 16 24.601807 13 16 24.617277 11100
    403 13 16 24.611871 13 16 24.626236 11100
    404 13 16 24.621860 13 16 24.635577 11100
    405 13 16 24.631907 13 16 24.644901 11100
    406 13 16 24.641856 13 16 24.654251 11100
    407 13 16 24.651863 13 16 24.663578 11100
    408 13 16 24.661846 13 16 24.672878 11100
    409 13 16 24.671842 13 16 24.682303 11100
    410 13 16 24.681857 13 16 24.692260 11100
    411 13 16 24.691897 13 16 24.702362 11100
    412 13 16 24.701844 13 16 24.712247 11100
    413 13 16 24.711854 13 16 24.722253 11100
    414 13 16 24.721857 13 16 24.732316 11100
    415 13 16 24.731857 13 16 24.742248 11100
    416 13 16 24.741848 13 16 24.752331 11100
    417 13 16 24.751857 13 16 24.762264 11100
    418 13 16 24.761856 13 16 24.772272 11100
    419 13 16 24.771858 13 16 24.782302 11100
    420 13 16 24.781859 13 16 24.792266 11100
    421 13 16 24.791857 13 16 24.802268 11100
    422 13 16 24.801860 13 16 24.812301 11100
    423 13 16 24.811858 13 16 24.822334 11100
    424 13 16 24.821860 13 16 24.832287 11100
    425 13 16 24.831859 13 16 24.842292 11100
    426 13 16 24.841861 13 16 24.852295 11100
    427 13 16 24.851862 13 16 24.862386 11100
    428 13 16 24.861861 13 16 24.872395 11100
    429 13 16 24.871880 13 16 24.882411 11100
    430 13 16 24.881965 13 16 24.892466 11100
    431 13 16 24.891868 13 16 24.902373 11100
    432 13 16 24.901869 13 16 24.912306 11100
    433 13 16 24.911861 13 16 24.922336 11100
    434 13 16 24.921862 13 16 24.932294 11100
    435 13 16 24.931868 13 16 24.942377 11100
    436 13 16 24.941873 13 16 24.952442 11100
    437 13 16 24.951937 13 16 24.962367 11100
    438 13 16 24.961860 13 16 24.972270 11100
    439 13 16 24.971842 13 16 24.982428 11100
    440 13 16 24.981889 13 16 24.992397 11100
    441 13 16 24.991879 13 16 25.002300 11100
    442 13 16 25.001860 13 16 25.012253 11100
    443 13 16 25.011842 13 16 25.022259 11100
    444 13 16 25.021857 13 16 25.032320 11100
    445 13 16 25.031856 13 16 25.042379 11100
    446 13 16 25.041858 13 16 25.052275 11100
    447 13 16 25.051857 13 16 25.062265 11100
    448 13 16 25.061856 13 16 25.072272 11100
    449 13 16 25.071856 13 16 25.082294 11100
    450 13 16 25.081859 13 16 25.098275 11100
    451 13 16 25.091868 13 16 25.107548 11100
    452 13 16 25.101860 13 16 25.116879 11100
    453 13 16 25.111860 13 16 25.126222 11100
    454 13 16 25.121860 13 16 25.135550 11100
    455 13 16 25.131896 13 16 25.144902 11100
    456 13 16 25.141860 13 16 25.154233 11100
    457 13 16 25.151863 13 16 25.163558 11100
    458 13 16 25.161816 13 16 25.172896 11100
    459 13 16 25.171865 13 16 25.182500 11100
    460 13 16 25.181860 13 16 25.192278 11100
    461 13 16 25.191855 13 16 25.202259 11100
    462 13 16 25.201858 13 16 25.212395 11100
    463 13 16 25.211878 13 16 25.222355 11100
    464 13 16 25.221859 13 16 25.232348 11100
    465 13 16 25.231878 13 16 25.242374 11100
    466 13 16 25.241880 13 16 25.252438 11100
    467 13 16 25.251881 13 16 25.262343 11100
    468 13 16 25.261859 13 16 25.272286 11100
    469 13 16 25.271865 13 16 25.282288 11100
    470 13 16 25.281846 13 16 25.292234 11100
    471 13 16 25.291848 13 16 25.302217 11100
    472 13 16 25.301850 13 16 25.312253 11100
    473 13 16 25.311844 13 16 25.322316 11100
    474 13 16 25.321847 13 16 25.332232 11100
    475 13 16 25.331866 13 16 25.342340 11100
    476 13 16 25.341857 13 16 25.352367 11100
    477 13 16 25.351935 13 16 25.362376 11100
    478 13 16 25.361858 13 16 25.372415 11100
    479 13 16 25.371878 13 16 25.382377 11100
    480 13 16 25.381886 13 16 25.392354 11100
    481 13 16 25.391861 13 16 25.402343 11100
    482 13 16 25.401859 13 16 25.412241 11100
    483 13 16 25.411857 13 16 25.422415 11100
    484 13 16 25.421956 13 16 25.432380 11100
    485 13 16 25.431870 13 16 25.442280 11100
    486 13 16 25.441866 13 16 25.452272 11100
    487 13 16 25.451855 13 16 25.462257 11100
    488 13 16 25.461856 13 16 25.474492 11100
    489 13 16 25.472412 13 16 25.482901 11100
    490 13 16 25.481840 13 16 25.492318 11100
    491 13 16 25.491866 13 16 25.502338 11100
    492 13 16 25.501858 13 16 25.512277 11100
    493 13 16 25.511859 13 16 25.522279 11100
    494 13 16 25.521878 13 16 25.532465 11100
    495 13 16 25.531860 13 16 25.542231 11100
    496 13 16 25.541930 13 16 25.552399 11100
    497 13 16 25.551877 13 16 25.562277 11100
    498 13 16 25.561949 13 16 25.572478 11100
    499 13 16 25.571939 13 16 25.582366 11100
    500 13 16 25.581883 13 16 25.599130 11100
    501 13 16 25.591850 13 16 25.607565 11100
    502 13 16 25.601839 13 16 25.617311 11100
    503 13 16 25.611869 13 16 25.626270 11100
    504 13 16 25.621860 13 16 25.635607 11100
    505 13 16 25.631861 13 16 25.645040 11100
    506 13 16 25.641873 13 16 25.654281 11100
    507 13 16 25.651813 13 16 25.663596 11100
    508 13 16 25.661830 13 16 25.672909 11100
    509 13 16 25.671869 13 16 25.682387 11100
    510 13 16 25.681846 13 16 25.692267 11100
    511 13 16 25.691832 13 16 25.702241 11100
    512 13 16 25.701879 13 16 25.712330 11100
    513 13 16 25.711842 13 16 25.722242 11100
    514 13 16 25.721844 13 16 25.732241 11100
    515 13 16 25.731875 13 16 25.742339 11100
    516 13 16 25.741842 13 16 25.752250 11100
    517 13 16 25.751864 13 16 25.762308 11100
    518 13 16 25.761856 13 16 25.772262 11100
    519 13 16 25.771907 13 16 25.782361 11100
    520 13 16 25.781859 13 16 25.792266 11100
    521 13 16 25.791854 13 16 25.802253 11100
    522 13 16 25.801856 13 16 25.812301 11100
    523 13 16 25.811841 13 16 25.822268 11100
    524 13 16 25.821857 13 16 25.832281 11100
    525 13 16 25.831855 13 16 25.842252 11100
    526 13 16 25.841858 13 16 25.852264 11100
    527 13 16 25.851855 13 16 25.862334 11100
    528 13 16 25.861858 13 16 25.872265 11100
    529 13 16 25.871856 13 16 25.882293 11100
    530 13 16 25.881858 13 16 25.892264 11100
    531 13 16 25.891856 13 16 25.902318 11100
    532 13 16 25.901883 13 16 25.912373 11100
    533 13 16 25.911881 13 16 25.922377 11100
    534 13 16 25.921882 13 16 25.932393 11100
    535 13 16 25.931878 13 16 25.942370 11100
    536 13 16 25.941881 13 16 25.952510 11100
    537 13 16 25.951881 13 16 25.962793 11100
    538 13 16 25.961866 13 16 25.972289 11100
    539 13 16 25.971857 13 16 25.982359 11100
    540 13 16 25.981866 13 16 25.992305 11100
    541 13 16 25.991866 13 16 26.002275 11100
    542 13 16 26.001891 13 16 26.012387 11100
    543 13 16 26.011862 13 16 26.022353 11100
    544 13 16 26.021853 13 16 26.032260 11100
    545 13 16 26.031880 13 16 26.042270 11100
    546 13 16 26.041851 13 16 26.052317 11100
    547 13 16 26.051852 13 16 26.062295 11100
    548 13 16 26.061858 13 16 26.072327 11100
    549 13 16 26.071856 13 16 26.082322 11100
    550 13 16 26.081883 13 16 26.098337 11100
    551 13 16 26.091860 13 16 26.107607 11100
    552 13 16 26.102554 13 16 26.116939 11100
    553 13 16 26.111831 13 16 26.126277 11100
    554 13 16 26.121860 13 16 26.135614 11100
    555 13 16 26.131842 13 16 26.144950 11100
    556 13 16 26.141860 13 16 26.154288 11100
    557 13 16 26.151831 13 16 26.163605 11100
    558 13 16 26.161874 13 16 26.172983 11100
    559 13 16 26.171903 13 16 26.182317 11100
    560 13 16 26.181858 13 16 26.192277 11100
    561 13 16 26.191856 13 16 26.202369 11100
    562 13 16 26.201881 13 16 26.212453 11100
    563 13 16 26.211881 13 16 26.222346 11100
    564 13 16 26.221859 13 16 26.232293 11100
    565 13 16 26.231857 13 16 26.242332 11100
    566 13 16 26.241856 13 16 26.252351 11100
    567 13 16 26.251868 13 16 26.262319 11100
    568 13 16 26.261869 13 16 26.272383 11100
    569 13 16 26.271868 13 16 26.282323 11100
    570 13 16 26.281867 13 16 26.292300 11100
    571 13 16 26.291865 13 16 26.302347 11100
    572 13 16 26.301850 13 16 26.312314 11100
    573 13 16 26.311852 13 16 26.322402 11100
    574 13 16 26.321871 13 16 26.332270 11100
    575 13 16 26.331855 13 16 26.342255 11100
    576 13 16 26.341858 13 16 26.352264 11100
    577 13 16 26.351856 13 16 26.362300 11100
    578 13 16 26.361858 13 16 26.372264 11100
    579 13 16 26.371898 13 16 26.382300 11100
    580 13 16 26.381859 13 16 26.392264 11100
    581 13 16 26.391874 13 16 26.402273 11100
    582 13 16 26.401887 13 16 26.412306 11100
    583 13 16 26.411857 13 16 26.422339 11100
    584 13 16 26.421858 13 16 26.432265 11100
    585 13 16 26.431858 13 16 26.442267 11100
    586 13 16 26.441856 13 16 26.452256 11100
    587 13 16 26.451858 13 16 26.462268 11100
    588 13 16 26.461877 13 16 26.472343 11100
    589 13 16 26.471872 13 16 26.482320 11100
    590 13 16 26.482013 13 16 26.492543 11100
    591 13 16 26.491828 13 16 26.502620 11100
    592 13 16 26.501970 13 16 26.512430 11100
    593 13 16 26.511938 13 16 26.522473 11100
    594 13 16 26.521871 13 16 26.532399 11100
    595 13 16 26.531911 13 16 26.542376 11100
    596 13 16 26.541845 13 16 26.552233 11100
    597 13 16 26.551853 13 16 26.562422 11100
    598 13 16 26.561879 13 16 26.572282 11100
    599 13 16 26.571950 13 16 26.582419 11100
    600 13 16 26.581893 13 16 26.598327 11100
    601 13 16 26.591975 13 16 26.607644 11100
    602 13 16 26.601852 13 16 26.617004 11100
    603 13 16 26.611861 13 16 26.626345 11100
    604 13 16 26.621812 13 16 26.635645 11100
    605 13 16 26.631793 13 16 26.645102 11100
    606 13 16 26.641846 13 16 26.654305 11100
    607 13 16 26.651858 13 16 26.663668 11100
    608 13 16 26.661857 13 16 26.673013 11100
    609 13 16 26.671845 13 16 26.682282 11100
    610 13 16 26.681953 13 16 26.692412 11100
    611 13 16 26.691856 13 16 26.702633 11100
    612 13 16 26.701841 13 16 26.712253 11100
    613 13 16 26.711856 13 16 26.722266 11100
    614 13 16 26.721855 13 16 26.732267 11100
    615 13 16 26.731857 13 16 26.742257 11100
    616 13 16 26.741855 13 16 26.752258 11100
    617 13 16 26.751854 13 16 26.762253 11100
    618 13 16 26.761842 13 16 26.772224 11100
    619 13 16 26.771875 13 16 26.782353 11100
    620 13 16 26.781860 13 16 26.792297 11100
    621 13 16 26.791844 13 16 26.802263 11100
    622 13 16 26.801863 13 16 26.812315 11100
    623 13 16 26.811882 13 16 26.822442 11100
    624 13 16 26.821881 13 16 26.832422 11100
    625 13 16 26.831861 13 16 26.842282 11100
    626 13 16 26.841863 13 16 26.852267 11100
    627 13 16 26.851855 13 16 26.862261 11100
    628 13 16 26.861857 13 16 26.872258 11100
    629 13 16 26.871856 13 16 26.882259 11100
    630 13 16 26.881857 13 16 26.892262 11100
    631 13 16 26.891854 13 16 26.902256 11100
    632 13 16 26.901856 13 16 26.912261 11100
    633 13 16 26.911856 13 16 26.922259 11100
    634 13 16 26.921856 13 16 26.932251 11100
    635 13 16 26.931861 13 16 26.942271 11100
    636 13 16 26.941857 13 16 26.952321 11100
    637 13 16 26.951879 13 16 26.962337 11100
    638 13 16 26.961880 13 16 26.972398 11100
    639 13 16 26.971858 13 16 26.982279 11100
    640 13 16 26.981861 13 16 26.992297 11100
    641 13 16 26.992087 13 16 27.002517 11100
    642 13 16 27.001860 13 16 27.012288 11100
    643 13 16 27.011845 13 16 27.022318 11100
    644 13 16 27.021861 13 16 27.032274 11100
    645 13 16 27.031860 13 16 27.042283 11100
    646 13 16 27.041868 13 16 27.052313 11100
    647 13 16 27.051867 13 16 27.062300 11100
    648 13 16 27.061858 13 16 27.072402 11100
    649 13 16 27.071871 13 16 27.082539 11100
    650 13 16 27.081859 13 16 27.098245 11100
    651 13 16 27.091861 13 16 27.107544 11100
    652 13 16 27.101812 13 16 27.116869 11100
    653 13 16 27.111845 13 16 27.126218 11100
    654 13 16 27.121859 13 16 27.135553 11100
    655 13 16 27.131862 13 16 27.144905 11100
    656 13 16 27.141861 13 16 27.154330 11100
    657 13 16 27.151855 13 16 27.163609 11100
    658 13 16 27.161812 13 16 27.172898 11100
    659 13 16 27.171866 13 16 27.182348 11100
    660 13 16 27.181862 13 16 27.192358 11100
    661 13 16 27.191881 13 16 27.202318 11100
    662 13 16 27.201869 13 16 27.212371 11100
    663 13 16 27.211870 13 16 27.222317 11100
    664 13 16 27.221869 13 16 27.232340 11100
    665 13 16 27.231882 13 16 27.242388 11100
    666 13 16 27.241872 13 16 27.252355 11100
    667 13 16 27.251864 13 16 27.262415 11100
    668 13 16 27.261876 13 16 27.272282 11100
    669 13 16 27.271892 13 16 27.282348 11100
    670 13 16 27.281860 13 16 27.292356 11100
    671 13 16 27.291855 13 16 27.302330 11100
    672 13 16 27.301856 13 16 27.312366 11100
    673 13 16 27.311856 13 16 27.322320 11100
    674 13 16 27.321857 13 16 27.332305 11100
    675 13 16 27.331884 13 16 27.342441 11100
    676 13 16 27.341885 13 16 27.352380 11100
    677 13 16 27.351879 13 16 27.362342 11100
    678 13 16 27.361883 13 16 27.372295 11100
    679 13 16 27.371901 13 16 27.382415 11100
    680 13 16 27.381882 13 16 27.392365 11100
    681 13 16 27.391877 13 16 27.402454 11100
    682 13 16 27.401903 13 16 27.412388 11100
    683 13 16 27.411857 13 16 27.422260 11100
    684 13 16 27.421859 13 16 27.432296 11100
    685 13 16 27.431868 13 16 27.442385 11100
    686 13 16 27.441915 13 16 27.452425 11100
    687 13 16 27.451897 13 16 27.462385 11100
    688 13 16 27.461890 13 16 27.472487 11100
    689 13 16 27.471857 13 16 27.482303 11100
    690 13 16 27.481943 13 16 27.492353 11100
    691 13 16 27.491866 13 16 27.502535 11100
    692 13 16 27.501857 13 16 27.512270 11100
    693 13 16 27.511858 13 16 27.522268 11100
    694 13 16 27.521858 13 16 27.532263 11100
    695 13 16 27.531860 13 16 27.542265 11100
    696 13 16 27.541812 13 16 27.552212 11100
    697 13 16 27.551861 13 16 27.562248 11100
    698 13 16 27.561855 13 16 27.572219 11100
    699 13 16 27.571842 13 16 27.582301 11100
    700 13 16 27.581870 13 16 27.598302 11100
    701 13 16 27.591906 13 16 27.607611 11100
    702 13 16 27.601811 13 16 27.617035 11100
    703 13 16 27.611861 13 16 27.626277 11100
    704 13 16 27.621860 13 16 27.635631 11100
    705 13 16 27.631847 13 16 27.644964 11100
    706 13 16 27.641860 13 16 27.654251 11100
    707 13 16 27.651814 13 16 27.663731 11100
    708 13 16 27.661857 13 16 27.673087 11100
    709 13 16 27.671860 13 16 27.682344 11100
    710 13 16 27.681855 13 16 27.692260 11100
    711 13 16 27.691856 13 16 27.702261 11100
    712 13 16 27.701857 13 16 27.712258 11100
    713 13 16 27.711854 13 16 27.722276 11100
    714 13 16 27.721858 13 16 27.732316 11100
    715 13 16 27.731864 13 16 27.742360 11100
    716 13 16 27.741868 13 16 27.752359 11100
    717 13 16 27.751857 13 16 27.762292 11100
    718 13 16 27.761859 13 16 27.772331 11100
    719 13 16 27.771858 13 16 27.782354 11100
    720 13 16 27.781862 13 16 27.792293 11100
    721 13 16 27.791882 13 16 27.802361 11100
    722 13 16 27.801859 13 16 27.812270 11100
    723 13 16 27.811858 13 16 27.822382 11100
    724 13 16 27.821858 13 16 27.832284 11100
    725 13 16 27.831855 13 16 27.842387 11100
    726 13 16 27.841858 13 16 27.852291 11100
    727 13 16 27.851866 13 16 27.862311 11100
    728 13 16 27.861858 13 16 27.872285 11100
    729 13 16 27.871856 13 16 27.882266 11100
    730 13 16 27.881857 13 16 27.892268 11100
    731 13 16 27.891856 13 16 27.902252 11100
    732 13 16 27.901858 13 16 27.912258 11100
    733 13 16 27.911858 13 16 27.922269 11100
    734 13 16 27.921859 13 16 27.932262 11100
    735 13 16 27.931854 13 16 27.942267 11100
    736 13 16 27.941857 13 16 27.952270 11100
    737 13 16 27.951868 13 16 27.962315 11100
    738 13 16 27.961869 13 16 27.972301 11100
    739 13 16 27.971855 13 16 27.982282 11100
    740 13 16 27.981870 13 16 27.992839 11100
    741 13 16 27.991862 13 16 28.002342 11100
    742 13 16 28.001864 13 16 28.012246 11100
    743 13 16 28.011856 13 16 28.022341 11100
    744 13 16 28.021858 13 16 28.033432 11100
    745 13 16 28.032402 13 16 28.042996 11100
    746 13 16 28.041862 13 16 28.052331 11100
    747 13 16 28.051843 13 16 28.062245 11100
    748 13 16 28.061845 13 16 28.072289 11100
    749 13 16 28.071843 13 16 28.082356 11100
    750 13 16 28.081876 13 16 28.098244 11100
    751 13 16 28.091854 13 16 28.107575 11100
    752 13 16 28.101832 13 16 28.116900 11100
    753 13 16 28.111858 13 16 28.126252 11100
    754 13 16 28.121860 13 16 28.135573 11100
    755 13 16 28.131859 13 16 28.144922 11100
    756 13 16 28.141860 13 16 28.154247 11100
    757 13 16 28.151810 13 16 28.163579 11100
    758 13 16 28.161840 13 16 28.172910 11100
    759 13 16 28.171877 13 16 28.182366 11100
    760 13 16 28.181861 13 16 28.192288 11100
    761 13 16 28.191856 13 16 28.202342 11100
    762 13 16 28.201861 13 16 28.212271 11100
    763 13 16 28.211843 13 16 28.222346 11100
    764 13 16 28.221845 13 16 28.232269 11100
    765 13 16 28.231843 13 16 28.242352 11100
    766 13 16 28.241845 13 16 28.252333 11100
    767 13 16 28.251844 13 16 28.262271 11100
    768 13 16 28.261845 13 16 28.272328 11100
    769 13 16 28.271855 13 16 28.282273 11100
    770 13 16 28.281859 13 16 28.292287 11100
    771 13 16 28.291854 13 16 28.302255 11100
    772 13 16 28.301870 13 16 28.312288 11100
    773 13 16 28.311868 13 16 28.322299 11100
    774 13 16 28.321860 13 16 28.332329 11100
    775 13 16 28.331855 13 16 28.342255 11100
    776 13 16 28.341858 13 16 28.352271 11100
    777 13 16 28.351855 13 16 28.362262 11100
    778 13 16 28.361860 13 16 28.372267 11100
    779 13 16 28.371857 13 16 28.382305 11100
    780 13 16 28.381859 13 16 28.392441 11100
    781 13 16 28.391856 13 16 28.402277 11100
    782 13 16 28.401856 13 16 28.412264 11100
    783 13 16 28.411860 13 16 28.422291 11100
    784 13 16 28.421941 13 16 28.432415 11100
    785 13 16 28.431857 13 16 28.442280 11100
    786 13 16 28.441857 13 16 28.452280 11100
    787 13 16 28.451868 13 16 28.462286 11100
    788 13 16 28.461857 13 16 28.472280 11100
    789 13 16 28.471855 13 16 28.482275 11100
    790 13 16 28.481875 13 16 28.492415 11100
    791 13 16 28.491855 13 16 28.502320 11100
    792 13 16 28.501875 13 16 28.512297 11100
    793 13 16 28.511855 13 16 28.522272 11100
    794 13 16 28.521857 13 16 28.532277 11100
    795 13 16 28.531915 13 16 28.542380 11100
    796 13 16 28.541858 13 16 28.552260 11100
    797 13 16 28.551843 13 16 28.562259 11100
    798 13 16 28.561852 13 16 28.572219 11100
    799 13 16 28.571846 13 16 28.582263 11100
    800 13 16 28.581859 13 16 28.598753 11100
    801 13 16 28.591929 13 16 28.608045 11100
    802 13 16 28.601897 13 16 28.617415 11100
    803 13 16 28.611860 13 16 28.626720 11100
    804 13 16 28.621818 13 16 28.636110 11100
    805 13 16 28.631858 13 16 28.645409 11100
    806 13 16 28.641860 13 16 28.654730 11100
    807 13 16 28.651859 13 16 28.664045 11100
    808 13 16 28.661809 13 16 28.673414 11100
    809 13 16 28.671849 13 16 28.682735 11100
    810 13 16 28.681858 13 16 28.692288 11100
    811 13 16 28.691855 13 16 28.702266 11100
    812 13 16 28.701859 13 16 28.712291 11100
    813 13 16 28.711857 13 16 28.722601 11100
    814 13 16 28.721921 13 16 28.732410 11100
    815 13 16 28.731859 13 16 28.750007 11100
    816 13 16 28.742927 13 16 28.759626 11100
    817 13 16 28.753059 13 16 28.769362 11100
    818 13 16 28.761890 13 16 28.778293 11100
    819 13 16 28.771858 13 16 28.788032 11100
    820 13 16 28.781860 13 16 28.796986 11100
    821 13 16 28.791861 13 16 28.806301 11100
    822 13 16 28.801801 13 16 28.815646 11100
    823 13 16 28.811838 13 16 28.824999 11100
    824 13 16 28.821860 13 16 28.834312 11100
    825 13 16 28.831875 13 16 28.843671 11100
    826 13 16 28.841861 13 16 28.853011 11100
    827 13 16 28.851860 13 16 28.862335 11100
    828 13 16 28.861858 13 16 28.872267 11100
    829 13 16 28.871856 13 16 28.882266 11100
    830 13 16 28.881857 13 16 28.892265 11100
    831 13 16 28.891854 13 16 28.902256 11100
    832 13 16 28.901868 13 16 28.912357 11100
    833 13 16 28.911858 13 16 28.922274 11100
    834 13 16 28.921859 13 16 28.932271 11100
    835 13 16 28.931857 13 16 28.942289 11100
    836 13 16 28.941869 13 16 28.952383 11100
    837 13 16 28.951865 13 16 28.962381 11100
    838 13 16 28.961869 13 16 28.972303 11100
    839 13 16 28.971855 13 16 28.982343 11100
    840 13 16 28.981867 13 16 28.993006 11100
    841 13 16 28.991868 13 16 29.002531 11100
    842 13 16 29.001861 13 16 29.012281 11100
    843 13 16 29.011858 13 16 29.022268 11100
    844 13 16 29.021858 13 16 29.032323 11100
    845 13 16 29.031857 13 16 29.042331 11100
    846 13 16 29.042076 13 16 29.053525 11100
    847 13 16 29.051863 13 16 29.062844 11100
    848 13 16 29.061847 13 16 29.072389 11100
    849 13 16 29.071844 13 16 29.082311 11100
    850 13 16 29.081842 13 16 29.098362 11100
    851 13 16 29.091847 13 16 29.107586 11100
    852 13 16 29.101893 13 16 29.118493 11100
    853 13 16 29.113482 13 16 29.127645 11100
    854 13 16 29.121867 13 16 29.136987 11100
    855 13 16 29.131854 13 16 29.146322 11100
    856 13 16 29.141861 13 16 29.155729 11100
    857 13 16 29.151852 13 16 29.164994 11100
    858 13 16 29.161844 13 16 29.174334 11100
    859 13 16 29.171896 13 16 29.183669 11100
    860 13 16 29.181857 13 16 29.193065 11100
    861 13 16 29.191869 13 16 29.202359 11100
    862 13 16 29.201861 13 16 29.212278 11100
    863 13 16 29.211870 13 16 29.222377 11100
    864 13 16 29.221875 13 16 29.232305 11100
    865 13 16 29.231860 13 16 29.242280 11100
    866 13 16 29.241859 13 16 29.252268 11100
    867 13 16 29.251858 13 16 29.262333 11100
    868 13 16 29.261869 13 16 29.272341 11100
    869 13 16 29.271861 13 16 29.282364 11100
    870 13 16 29.281860 13 16 29.292334 11100
    871 13 16 29.291857 13 16 29.302517 11100
    872 13 16 29.301861 13 16 29.312279 11100
    873 13 16 29.311924 13 16 29.322410 11100
    874 13 16 29.321925 13 16 29.333289 11100
    875 13 16 29.331859 13 16 29.342515 11100
    876 13 16 29.341857 13 16 29.352274 11100
    877 13 16 29.351856 13 16 29.362273 11100
    878 13 16 29.361858 13 16 29.372260 11100
    879 13 16 29.371866 13 16 29.382272 11100
    880 13 16 29.381857 13 16 29.392278 11100
    881 13 16 29.391857 13 16 29.402266 11100
    882 13 16 29.401872 13 16 29.412278 11100
    883 13 16 29.411854 13 16 29.422261 11100
    884 13 16 29.421856 13 16 29.432264 11100
    885 13 16 29.431855 13 16 29.442291 11100
    886 13 16 29.441859 13 16 29.452338 11100
    887 13 16 29.451883 13 16 29.462351 11100
    888 13 16 29.461860 13 16 29.472357 11100
    889 13 16 29.471873 13 16 29.482434 11100
    890 13 16 29.481867 13 16 29.492281 11100
    891 13 16 29.491934 13 16 29.502396 11100
    892 13 16 29.501858 13 16 29.512247 11100
    893 13 16 29.511842 13 16 29.522211 11100
    894 13 16 29.521841 13 16 29.532303 11100
    895 13 16 29.531849 13 16 29.542546 11100
    896 13 16 29.541888 13 16 29.552375 11100
    897 13 16 29.551846 13 16 29.562528 11100
    898 13 16 29.561883 13 16 29.572310 11100
    899 13 16 29.571843 13 16 29.582443 11100
    900 13 16 29.581894 13 16 29.599381 11100
    901 13 16 29.591879 13 16 29.607661 11100
    902 13 16 29.601852 13 16 29.618009 11100
    903 13 16 29.611858 13 16 29.626947 11100
    904 13 16 29.621846 13 16 29.636302 11100
    905 13 16 29.631859 13 16 29.645620 11100
    906 13 16 29.641860 13 16 29.654951 11100
    907 13 16 29.651848 13 16 29.664283 11100
    908 13 16 29.661906 13 16 29.673653 11100
    909 13 16 29.671842 13 16 29.682954 11100
    910 13 16 29.681847 13 16 29.692291 11100
    911 13 16 29.691915 13 16 29.702332 11100
    912 13 16 29.701881 13 16 29.712239 11100
    913 13 16 29.711842 13 16 29.722249 11100
    914 13 16 29.721849 13 16 29.732265 11100
    915 13 16 29.731842 13 16 29.742226 11100
    916 13 16 29.741866 13 16 29.753485 11100
    917 13 16 29.751812 13 16 29.762799 11100
    918 13 16 29.761852 13 16 29.772269 11100
    919 13 16 29.771884 13 16 29.782333 11100
    920 13 16 29.781860 13 16 29.792398 11100
    921 13 16 29.791881 13 16 29.802350 11100
    922 13 16 29.801863 13 16 29.812276 11100
    923 13 16 29.811855 13 16 29.822267 11100
    924 13 16 29.821857 13 16 29.832267 11100
    925 13 16 29.831855 13 16 29.842275 11100
    926 13 16 29.841858 13 16 29.852274 11100
    927 13 16 29.851856 13 16 29.862268 11100
    928 13 16 29.861855 13 16 29.872258 11100
    929 13 16 29.871856 13 16 29.882267 11100
    930 13 16 29.881857 13 16 29.892261 11100
    931 13 16 29.891857 13 16 29.902266 11100
    932 13 16 29.901858 13 16 29.912272 11100
    933 13 16 29.911856 13 16 29.922263 11100
    934 13 16 29.921856 13 16 29.932275 11100
    935 13 16 29.931855 13 16 29.942281 11100
    936 13 16 29.941859 13 16 29.952280 11100
    937 13 16 29.951855 13 16 29.962264 11100
    938 13 16 29.961856 13 16 29.972266 11100
    939 13 16 29.971855 13 16 29.982274 11100
    940 13 16 29.981857 13 16 29.992770 11100
    941 13 16 29.991866 13 16 30.002293 11100
    942 13 16 30.001857 13 16 30.012268 11100
    943 13 16 30.011859 13 16 30.022269 11100
    944 13 16 30.021857 13 16 30.032272 11100
    945 13 16 30.031856 13 16 30.042263 11100
    946 13 16 30.041855 13 16 30.052260 11100
    947 13 16 30.051854 13 16 30.062257 11100
    948 13 16 30.061861 13 16 30.072362 11100
    949 13 16 30.071858 13 16 30.082250 11100
    950 13 16 30.081855 13 16 30.098230 11100
    951 13 16 30.091860 13 16 30.108212 11100
    952 13 16 30.101842 13 16 30.116900 11100
    953 13 16 30.111861 13 16 30.126228 11100
    954 13 16 30.121860 13 16 30.136368 11100
    955 13 16 30.131921 13 16 30.145694 11100
    956 13 16 30.141802 13 16 30.155041 11100
    957 13 16 30.151858 13 16 30.164377 11100
    958 13 16 30.161860 13 16 30.173760 11100
    959 13 16 30.171859 13 16 30.183063 11100
    960 13 16 30.181840 13 16 30.192394 11100
    961 13 16 30.191860 13 16 30.202283 11100
    962 13 16 30.201858 13 16 30.212265 11100
    963 13 16 30.211867 13 16 30.222303 11100
    964 13 16 30.221858 13 16 30.232279 11100
    965 13 16 30.231868 13 16 30.242312 11100
    966 13 16 30.241869 13 16 30.252364 11100
    967 13 16 30.251861 13 16 30.262312 11100
    968 13 16 30.261869 13 16 30.272370 11100
    969 13 16 30.271869 13 16 30.282747 11100
    970 13 16 30.282319 13 16 30.292775 11100
    971 13 16 30.291868 13 16 30.302322 11100
    972 13 16 30.301854 13 16 30.312484 11100
    973 13 16 30.311852 13 16 30.322352 11100
    974 13 16 30.321851 13 16 30.332394 11100
    975 13 16 30.331877 13 16 30.342393 11100
    976 13 16 30.341875 13 16 30.352305 11100
    977 13 16 30.351842 13 16 30.362331 11100
    978 13 16 30.361847 13 16 30.372327 11100
    979 13 16 30.371847 13 16 30.382394 11100
    980 13 16 30.381862 13 16 30.392258 11100
    981 13 16 30.391852 13 16 30.402418 11100
    982 13 16 30.401866 13 16 30.412402 11100
    983 13 16 30.411878 13 16 30.422340 11100
    984 13 16 30.421846 13 16 30.432233 11100
    985 13 16 30.431862 13 16 30.443297 11100
    986 13 16 30.441907 13 16 30.452650 11100
    987 13 16 30.451858 13 16 30.462284 11100
    988 13 16 30.461857 13 16 30.472328 11100
    989 13 16 30.471866 13 16 30.482375 11100
    990 13 16 30.481929 13 16 30.492611 11100
    991 13 16 30.492160 13 16 30.502728 11100
    992 13 16 30.501888 13 16 30.512426 11100
    993 13 16 30.511887 13 16 30.522365 11100
    994 13 16 30.521864 13 16 30.532295 11100
    995 13 16 30.531862 13 16 30.542321 11100
    996 13 16 30.541861 13 16 30.552333 11100
    997 13 16 30.551861 13 16 30.562338 11100
    998 13 16 30.561862 13 16 30.572313 11100
    999 13 16 30.571861 13 16 30.582325 11100
   1000 13 16 30.581862 13 16 30.598556 11100
