      1 13 14 31.334899 13 14 31.334899 10200
      2 13 14 31.344988 13 14 31.344988 10200
      3 13 14 31.354995 13 14 31.354995 10200
      4 13 14 31.364995 13 14 31.364995 10200
      5 13 14 31.375278 13 14 31.375278 10200
      6 13 14 31.385002 13 14 31.385002 10200
      7 13 14 31.395001 13 14 31.395001 10200
      8 13 14 31.404996 13 14 31.404996 10200
      9 13 14 31.415088 13 14 31.415088 10200
     10 13 14 31.425000 13 14 31.425000 10200
     11 13 14 31.435103 13 14 31.435103 10200
     12 13 14 31.444997 13 14 31.444997 10200
     13 13 14 31.454999 13 14 31.454999 10200
     14 13 14 31.464998 13 14 31.464998 10200
     15 13 14 31.475000 13 14 31.475000 10200
     16 13 14 31.484995 13 14 31.484995 10200
     17 13 14 31.494997 13 14 31.494997 10200
     18 13 14 31.504998 13 14 31.504998 10200
     19 13 14 31.515010 13 14 31.515010 10200
     20 13 14 31.525021 13 14 31.525021 10200
     21 13 14 31.535005 13 14 31.535005 10200
     22 13 14 31.545007 13 14 31.545007 10200
     23 13 14 31.555006 13 14 31.555006 10200
     24 13 14 31.564987 13 14 31.564987 10200
     25 13 14 31.575020 13 14 31.575020 10200
     26 13 14 31.585008 13 14 31.585008 10200
     27 13 14 31.594999 13 14 31.594999 10200
     28 13 14 31.604981 13 14 31.604981 10200
     29 13 14 31.615013 13 14 31.615013 10200
     30 13 14 31.624995 13 14 31.624995 10200
     31 13 14 31.635004 13 14 31.635004 10200
     32 13 14 31.644981 13 14 31.644981 10200
     33 13 14 31.654979 13 14 31.654979 10200
     34 13 14 31.664981 13 14 31.664981 10200
     35 13 14 31.674982 13 14 31.674982 10200
     36 13 14 31.685027 13 14 31.685027 10200
     37 13 14 31.694997 13 14 31.694997 10200
     38 13 14 31.704982 13 14 31.704982 10200
     39 13 14 31.714985 13 14 31.714985 10200
     40 13 14 31.725003 13 14 31.725003 10200
     41 13 14 31.734995 13 14 31.734995 10200
     42 13 14 31.744990 13 14 31.744990 10200
     43 13 14 31.754981 13 14 31.754981 10200
     44 13 14 31.764973 13 14 31.764973 10200
     45 13 14 31.774996 13 14 31.774996 10200
     46 13 14 31.784998 13 14 31.784998 10200
     47 13 14 31.795000 13 14 31.795000 10200
     48 13 14 31.805028 13 14 31.805028 10200
     49 13 14 31.814997 13 14 31.814997 10200
     50 13 14 31.824995 13 14 31.824995 10200
     51 13 14 31.834997 13 14 31.834997 10200
     52 13 14 31.845000 13 14 31.845000 10200
     53 13 14 31.855003 13 14 31.855003 10200
     54 13 14 31.864957 13 14 31.864957 10200
     55 13 14 31.875000 13 14 31.875000 10200
     56 13 14 31.884996 13 14 31.884996 10200
     57 13 14 31.894997 13 14 31.894997 10200
     58 13 14 31.905001 13 14 31.905001 10200
     59 13 14 31.915101 13 14 31.915101 10200
     60 13 14 31.924997 13 14 31.924997 10200
     61 13 14 31.934998 13 14 31.934998 10200
     62 13 14 31.944994 13 14 31.944994 10200
     63 13 14 31.954996 13 14 31.954996 10200
     64 13 14 31.964999 13 14 31.964999 10200
     65 13 14 31.974999 13 14 31.974999 10200
     66 13 14 31.984996 13 14 31.984996 10200
     67 13 14 31.994999 13 14 31.994999 10200
     68 13 14 32.004998 13 14 32.004998 10200
     69 13 14 32.014983 13 14 32.014983 10200
     70 13 14 32.024988 13 14 32.024988 10200
     71 13 14 32.035004 13 14 32.035004 10200
     72 13 14 32.044992 13 14 32.044992 10200
     73 13 14 32.054996 13 14 32.054996 10200
     74 13 14 32.064985 13 14 32.064985 10200
     75 13 14 32.074983 13 14 32.074983 10200
     76 13 14 32.085020 13 14 32.085020 10200
     77 13 14 32.095016 13 14 32.095016 10200
     78 13 14 32.105018 13 14 32.105018 10200
     79 13 14 32.115011 13 14 32.115011 10200
     80 13 14 32.124997 13 14 32.124997 10200
     81 13 14 32.134995 13 14 32.134995 10200
     82 13 14 32.144995 13 14 32.144995 10200
     83 13 14 32.155000 13 14 32.155000 10200
     84 13 14 32.164999 13 14 32.164999 10200
     85 13 14 32.175016 13 14 32.175016 10200
     86 13 14 32.184995 13 14 32.184995 10200
     87 13 14 32.194997 13 14 32.194997 10200
     88 13 14 32.204996 13 14 32.204996 10200
     89 13 14 32.214995 13 14 32.214995 10200
     90 13 14 32.224994 13 14 32.224994 10200
     91 13 14 32.235033 13 14 32.235033 10200
     92 13 14 32.245009 13 14 32.245009 10200
     93 13 14 32.255037 13 14 32.255037 10200
     94 13 14 32.264983 13 14 32.264983 10200
     95 13 14 32.274984 13 14 32.274984 10200
     96 13 14 32.285009 13 14 32.285009 10200
     97 13 14 32.295028 13 14 32.295028 10200
     98 13 14 32.304997 13 14 32.304997 10200
     99 13 14 32.314999 13 14 32.314999 10200
    100 13 14 32.325001 13 14 32.325001 10200
    101 13 14 32.334975 13 14 32.334975 10200
    102 13 14 32.345030 13 14 32.345030 10200
    103 13 14 32.355003 13 14 32.355003 10200
    104 13 14 32.365000 13 14 32.365000 10200
    105 13 14 32.375011 13 14 32.375011 10200
    106 13 14 32.385012 13 14 32.385012 10200
    107 13 14 32.395017 13 14 32.395017 10200
    108 13 14 32.405019 13 14 32.405019 10200
    109 13 14 32.415000 13 14 32.415000 10200
    110 13 14 32.424998 13 14 32.424998 10200
    111 13 14 32.434998 13 14 32.434998 10200
    112 13 14 32.445020 13 14 32.445020 10200
    113 13 14 32.454999 13 14 32.454999 10200
    114 13 14 32.464998 13 14 32.464998 10200
    115 13 14 32.475002 13 14 32.475002 10200
    116 13 14 32.484996 13 14 32.484996 10200
    117 13 14 32.494996 13 14 32.494996 10200
    118 13 14 32.504998 13 14 32.504998 10200
    119 13 14 32.514995 13 14 32.514995 10200
    120 13 14 32.524996 13 14 32.524996 10200
    121 13 14 32.534995 13 14 32.534995 10200
    122 13 14 32.544995 13 14 32.544995 10200
    123 13 14 32.554997 13 14 32.554997 10200
    124 13 14 32.564995 13 14 32.564995 10200
    125 13 14 32.574998 13 14 32.574998 10200
    126 13 14 32.584997 13 14 32.584997 10200
    127 13 14 32.594997 13 14 32.594997 10200
    128 13 14 32.604996 13 14 32.604996 10200
    129 13 14 32.614995 13 14 32.614995 10200
    130 13 14 32.624997 13 14 32.624997 10200
    131 13 14 32.634990 13 14 32.634990 10200
    132 13 14 32.645009 13 14 32.645009 10200
    133 13 14 32.655011 13 14 32.655011 10200
    134 13 14 32.664980 13 14 32.664980 10200
    135 13 14 32.675007 13 14 32.675007 10200
    136 13 14 32.684998 13 14 32.684998 10200
    137 13 14 32.695019 13 14 32.695019 10200
    138 13 14 32.704985 13 14 32.704985 10200
    139 13 14 32.715013 13 14 32.715013 10200
    140 13 14 32.724997 13 14 32.724997 10200
    141 13 14 32.735000 13 14 32.735000 10200
    142 13 14 32.744998 13 14 32.744998 10200
    143 13 14 32.754995 13 14 32.754995 10200
    144 13 14 32.764994 13 14 32.764994 10200
    145 13 14 32.775030 13 14 32.775030 10200
    146 13 14 32.785004 13 14 32.785004 10200
    147 13 14 32.795001 13 14 32.795001 10200
    148 13 14 32.804996 13 14 32.804996 10200
    149 13 14 32.814996 13 14 32.814996 10200
    150 13 14 32.824997 13 14 32.824997 10200
    151 13 14 32.834997 13 14 32.834997 10200
    152 13 14 32.844999 13 14 32.844999 10200
    153 13 14 32.854942 13 14 32.854942 10200
    154 13 14 32.864946 13 14 32.864946 10200
    155 13 14 32.875019 13 14 32.875019 10200
    156 13 14 32.884996 13 14 32.884996 10200
    157 13 14 32.895020 13 14 32.895020 10200
    158 13 14 32.905002 13 14 32.905002 10200
    159 13 14 32.914996 13 14 32.914996 10200
    160 13 14 32.924996 13 14 32.924996 10200
    161 13 14 32.934998 13 14 32.934998 10200
    162 13 14 32.944997 13 14 32.944997 10200
    163 13 14 32.954996 13 14 32.954996 10200
    164 13 14 32.964993 13 14 32.964993 10200
    165 13 14 32.974983 13 14 32.974983 10200
    166 13 14 32.984997 13 14 32.984997 10200
    167 13 14 32.995001 13 14 32.995001 10200
    168 13 14 33.004997 13 14 33.004997 10200
    169 13 14 33.014997 13 14 33.014997 10200
    170 13 14 33.024996 13 14 33.024996 10200
    171 13 14 33.034996 13 14 33.034996 10200
    172 13 14 33.044992 13 14 33.044992 10200
    173 13 14 33.054994 13 14 33.054994 10200
    174 13 14 33.064985 13 14 33.064985 10200
    175 13 14 33.075015 13 14 33.075015 10200
    176 13 14 33.085000 13 14 33.085000 10200
    177 13 14 33.094999 13 14 33.094999 10200
    178 13 14 33.104998 13 14 33.104998 10200
    179 13 14 33.114997 13 14 33.114997 10200
    180 13 14 33.124997 13 14 33.124997 10200
    181 13 14 33.135038 13 14 33.135038 10200
    182 13 14 33.145000 13 14 33.145000 10200
    183 13 14 33.155054 13 14 33.155054 10200
    184 13 14 33.165008 13 14 33.165008 10200
    185 13 14 33.175004 13 14 33.175004 10200
    186 13 14 33.185000 13 14 33.185000 10200
    187 13 14 33.195000 13 14 33.195000 10200
    188 13 14 33.204999 13 14 33.204999 10200
    189 13 14 33.215026 13 14 33.215026 10200
    190 13 14 33.225070 13 14 33.225070 10200
    191 13 14 33.235004 13 14 33.235004 10200
    192 13 14 33.245055 13 14 33.245055 10200
    193 13 14 33.255068 13 14 33.255068 10200
    194 13 14 33.265008 13 14 33.265008 10200
    195 13 14 33.275055 13 14 33.275055 10200
    196 13 14 33.285071 13 14 33.285071 10200
    197 13 14 33.295020 13 14 33.295020 10200
    198 13 14 33.305033 13 14 33.305033 10200
    199 13 14 33.314999 13 14 33.314999 10200
    200 13 14 33.324998 13 14 33.324998 10200
    201 13 14 33.335000 13 14 33.335000 10200
    202 13 14 33.344988 13 14 33.344988 10200
    203 13 14 33.355003 13 14 33.355003 10200
    204 13 14 33.364950 13 14 33.364950 10200
    205 13 14 33.375056 13 14 33.375056 10200
    206 13 14 33.385015 13 14 33.385015 10200
    207 13 14 33.395003 13 14 33.395003 10200
    208 13 14 33.405000 13 14 33.405000 10200
    209 13 14 33.414999 13 14 33.414999 10200
    210 13 14 33.424996 13 14 33.424996 10200
    211 13 14 33.435022 13 14 33.435022 10200
    212 13 14 33.445000 13 14 33.445000 10200
    213 13 14 33.454996 13 14 33.454996 10200
    214 13 14 33.464996 13 14 33.464996 10200
    215 13 14 33.474997 13 14 33.474997 10200
    216 13 14 33.484997 13 14 33.484997 10200
    217 13 14 33.495021 13 14 33.495021 10200
    218 13 14 33.504998 13 14 33.504998 10200
    219 13 14 33.514999 13 14 33.514999 10200
    220 13 14 33.524997 13 14 33.524997 10200
    221 13 14 33.534996 13 14 33.534996 10200
    222 13 14 33.544997 13 14 33.544997 10200
    223 13 14 33.554997 13 14 33.554997 10200
    224 13 14 33.564995 13 14 33.564995 10200
    225 13 14 33.574995 13 14 33.574995 10200
    226 13 14 33.585002 13 14 33.585002 10200
    227 13 14 33.595002 13 14 33.595002 10200
    228 13 14 33.604996 13 14 33.604996 10200
    229 13 14 33.614995 13 14 33.614995 10200
    230 13 14 33.624999 13 14 33.624999 10200
    231 13 14 33.634996 13 14 33.634996 10200
    232 13 14 33.644998 13 14 33.644998 10200
    233 13 14 33.654997 13 14 33.654997 10200
    234 13 14 33.664997 13 14 33.664997 10200
    235 13 14 33.675004 13 14 33.675004 10200
    236 13 14 33.684983 13 14 33.684983 10200
    237 13 14 33.695023 13 14 33.695023 10200
    238 13 14 33.704999 13 14 33.704999 10200
    239 13 14 33.714984 13 14 33.714984 10200
    240 13 14 33.724983 13 14 33.724983 10200
    241 13 14 33.735002 13 14 33.735002 10200
    242 13 14 33.744998 13 14 33.744998 10200
    243 13 14 33.754997 13 14 33.754997 10200
    244 13 14 33.764994 13 14 33.764994 10200
    245 13 14 33.775046 13 14 33.775046 10200
    246 13 14 33.785003 13 14 33.785003 10200
    247 13 14 33.795000 13 14 33.795000 10200
    248 13 14 33.804997 13 14 33.804997 10200
    249 13 14 33.814996 13 14 33.814996 10200
    250 13 14 33.824997 13 14 33.824997 10200
    251 13 14 33.834999 13 14 33.834999 10200
    252 13 14 33.845002 13 14 33.845002 10200
    253 13 14 33.854930 13 14 33.854930 10200
    254 13 14 33.864932 13 14 33.864932 10200
    255 13 14 33.874991 13 14 33.874991 10200
    256 13 14 33.884985 13 14 33.884985 10200
    257 13 14 33.895017 13 14 33.895017 10200
    258 13 14 33.904992 13 14 33.904992 10200
    259 13 14 33.915004 13 14 33.915004 10200
    260 13 14 33.924998 13 14 33.924998 10200
    261 13 14 33.934998 13 14 33.934998 10200
    262 13 14 33.944997 13 14 33.944997 10200
    263 13 14 33.954996 13 14 33.954996 10200
    264 13 14 33.964995 13 14 33.964995 10200
    265 13 14 33.974997 13 14 33.974997 10200
    266 13 14 33.985000 13 14 33.985000 10200
    267 13 14 33.994996 13 14 33.994996 10200
    268 13 14 34.005066 13 14 34.005066 10200
    269 13 14 34.015008 13 14 34.015008 10200
    270 13 14 34.025001 13 14 34.025001 10200
    271 13 14 34.034996 13 14 34.034996 10200
    272 13 14 34.044938 13 14 34.044938 10200
    273 13 14 34.054997 13 14 34.054997 10200
    274 13 14 34.065001 13 14 34.065001 10200
    275 13 14 34.074995 13 14 34.074995 10200
    276 13 14 34.084997 13 14 34.084997 10200
    277 13 14 34.094996 13 14 34.094996 10200
    278 13 14 34.104998 13 14 34.104998 10200
    279 13 14 34.115031 13 14 34.115031 10200
    280 13 14 34.125002 13 14 34.125002 10200
    281 13 14 34.134995 13 14 34.134995 10200
    282 13 14 34.144983 13 14 34.144983 10200
    283 13 14 34.154997 13 14 34.154997 10200
    284 13 14 34.164996 13 14 34.164996 10200
    285 13 14 34.175012 13 14 34.175012 10200
    286 13 14 34.185034 13 14 34.185034 10200
    287 13 14 34.195016 13 14 34.195016 10200
    288 13 14 34.204998 13 14 34.204998 10200
    289 13 14 34.215013 13 14 34.215013 10200
    290 13 14 34.224997 13 14 34.224997 10200
    291 13 14 34.234980 13 14 34.234980 10200
    292 13 14 34.245032 13 14 34.245032 10200
    293 13 14 34.254998 13 14 34.254998 10200
    294 13 14 34.264983 13 14 34.264983 10200
    295 13 14 34.275001 13 14 34.275001 10200
    296 13 14 34.284982 13 14 34.284982 10200
    297 13 14 34.294984 13 14 34.294984 10200
    298 13 14 34.305002 13 14 34.305002 10200
    299 13 14 34.315672 13 14 34.315672 10200
    300 13 14 34.325026 13 14 34.325026 10200
    301 13 14 34.334997 13 14 34.334997 10200
    302 13 14 34.344999 13 14 34.344999 10200
    303 13 14 34.354993 13 14 34.354993 10200
    304 13 14 34.365000 13 14 34.365000 10200
    305 13 14 34.375011 13 14 34.375011 10200
    306 13 14 34.384999 13 14 34.384999 10200
    307 13 14 34.395004 13 14 34.395004 10200
    308 13 14 34.405002 13 14 34.405002 10200
    309 13 14 34.415010 13 14 34.415010 10200
    310 13 14 34.425007 13 14 34.425007 10200
    311 13 14 34.435000 13 14 34.435000 10200
    312 13 14 34.445017 13 14 34.445017 10200
    313 13 14 34.454996 13 14 34.454996 10200
    314 13 14 34.464998 13 14 34.464998 10200
    315 13 14 34.474997 13 14 34.474997 10200
    316 13 14 34.484996 13 14 34.484996 10200
    317 13 14 34.494998 13 14 34.494998 10200
    318 13 14 34.504998 13 14 34.504998 10200
    319 13 14 34.514999 13 14 34.514999 10200
    320 13 14 34.525002 13 14 34.525002 10200
    321 13 14 34.534998 13 14 34.534998 10200
    322 13 14 34.545022 13 14 34.545022 10200
    323 13 14 34.554999 13 14 34.554999 10200
    324 13 14 34.564998 13 14 34.564998 10200
    325 13 14 34.574997 13 14 34.574997 10200
    326 13 14 34.585008 13 14 34.585008 10200
    327 13 14 34.595010 13 14 34.595010 10200
    328 13 14 34.605023 13 14 34.605023 10200
    329 13 14 34.614998 13 14 34.614998 10200
    330 13 14 34.625000 13 14 34.625000 10200
    331 13 14 34.634987 13 14 34.634987 10200
    332 13 14 34.644990 13 14 34.644990 10200
    333 13 14 34.654989 13 14 34.654989 10200
    334 13 14 34.665028 13 14 34.665028 10200
    335 13 14 34.674987 13 14 34.674987 10200
    336 13 14 34.684975 13 14 34.684975 10200
    337 13 14 34.694991 13 14 34.694991 10200
    338 13 14 34.704990 13 14 34.704990 10200
    339 13 14 34.714993 13 14 34.714993 10200
    340 13 14 34.724986 13 14 34.724986 10200
    341 13 14 34.734979 13 14 34.734979 10200
    342 13 14 34.744984 13 14 34.744984 10200
    343 13 14 34.755018 13 14 34.755018 10200
    344 13 14 34.764992 13 14 34.764992 10200
    345 13 14 34.775005 13 14 34.775005 10200
    346 13 14 34.784990 13 14 34.784990 10200
    347 13 14 34.795008 13 14 34.795008 10200
    348 13 14 34.805003 13 14 34.805003 10200
    349 13 14 34.814990 13 14 34.814990 10200
    350 13 14 34.824998 13 14 34.824998 10200
    351 13 14 34.835000 13 14 34.835000 10200
    352 13 14 34.845011 13 14 34.845011 10200
    353 13 14 34.854959 13 14 34.854959 10200
    354 13 14 34.864958 13 14 34.864958 10200
    355 13 14 34.875006 13 14 34.875006 10200
    356 13 14 34.884998 13 14 34.884998 10200
    357 13 14 34.894998 13 14 34.894998 10200
    358 13 14 34.905000 13 14 34.905000 10200
    359 13 14 34.914997 13 14 34.914997 10200
    360 13 14 34.924996 13 14 34.924996 10200
    361 13 14 34.934998 13 14 34.934998 10200
    362 13 14 34.944997 13 14 34.944997 10200
    363 13 14 34.955001 13 14 34.955001 10200
    364 13 14 34.965004 13 14 34.965004 10200
    365 13 14 34.975000 13 14 34.975000 10200
    366 13 14 34.984996 13 14 34.984996 10200
    367 13 14 34.995016 13 14 34.995016 10200
    368 13 14 35.005009 13 14 35.005009 10200
    369 13 14 35.014989 13 14 35.014989 10200
    370 13 14 35.025021 13 14 35.025021 10200
    371 13 14 35.035010 13 14 35.035010 10200
    372 13 14 35.045000 13 14 35.045000 10200
    373 13 14 35.055002 13 14 35.055002 10200
    374 13 14 35.065004 13 14 35.065004 10200
    375 13 14 35.075001 13 14 35.075001 10200
    376 13 14 35.085062 13 14 35.085062 10200
    377 13 14 35.095019 13 14 35.095019 10200
    378 13 14 35.105024 13 14 35.105024 10200
    379 13 14 35.115023 13 14 35.115023 10200
    380 13 14 35.125000 13 14 35.125000 10200
    381 13 14 35.134996 13 14 35.134996 10200
    382 13 14 35.145072 13 14 35.145072 10200
    383 13 14 35.155034 13 14 35.155034 10200
    384 13 14 35.165022 13 14 35.165022 10200
    385 13 14 35.174999 13 14 35.174999 10200
    386 13 14 35.185063 13 14 35.185063 10200
    387 13 14 35.195017 13 14 35.195017 10200
    388 13 14 35.204998 13 14 35.204998 10200
    389 13 14 35.215068 13 14 35.215068 10200
    390 13 14 35.225019 13 14 35.225019 10200
    391 13 14 35.234996 13 14 35.234996 10200
    392 13 14 35.245071 13 14 35.245071 10200
    393 13 14 35.254998 13 14 35.254998 10200
    394 13 14 35.264992 13 14 35.264992 10200
    395 13 14 35.275033 13 14 35.275033 10200
    396 13 14 35.284990 13 14 35.284990 10200
    397 13 14 35.294997 13 14 35.294997 10200
    398 13 14 35.304997 13 14 35.304997 10200
    399 13 14 35.314995 13 14 35.314995 10200
    400 13 14 35.324997 13 14 35.324997 10200
    401 13 14 35.335622 13 14 35.335622 10200
    402 13 14 35.345001 13 14 35.345001 10200
    403 13 14 35.354999 13 14 35.354999 10200
    404 13 14 35.364998 13 14 35.364998 10200
    405 13 14 35.375016 13 14 35.375016 10200
    406 13 14 35.385004 13 14 35.385004 10200
    407 13 14 35.395023 13 14 35.395023 10200
    408 13 14 35.405022 13 14 35.405022 10200
    409 13 14 35.415024 13 14 35.415024 10200
    410 13 14 35.425119 13 14 35.425119 10200
    411 13 14 35.435003 13 14 35.435003 10200
    412 13 14 35.445002 13 14 35.445002 10200
    413 13 14 35.455004 13 14 35.455004 10200
    414 13 14 35.464998 13 14 35.464998 10200
    415 13 14 35.475000 13 14 35.475000 10200
    416 13 14 35.484999 13 14 35.484999 10200
    417 13 14 35.494998 13 14 35.494998 10200
    418 13 14 35.505000 13 14 35.505000 10200
    419 13 14 35.514997 13 14 35.514997 10200
    420 13 14 35.524997 13 14 35.524997 10200
    421 13 14 35.534995 13 14 35.534995 10200
    422 13 14 35.544997 13 14 35.544997 10200
    423 13 14 35.554997 13 14 35.554997 10200
    424 13 14 35.564999 13 14 35.564999 10200
    425 13 14 35.575004 13 14 35.575004 10200
    426 13 14 35.585022 13 14 35.585022 10200
    427 13 14 35.595001 13 14 35.595001 10200
    428 13 14 35.604998 13 14 35.604998 10200
    429 13 14 35.614997 13 14 35.614997 10200
    430 13 14 35.624999 13 14 35.624999 10200
    431 13 14 35.634996 13 14 35.634996 10200
    432 13 14 35.644995 13 14 35.644995 10200
    433 13 14 35.654997 13 14 35.654997 10200
    434 13 14 35.664990 13 14 35.664990 10200
    435 13 14 35.674982 13 14 35.674982 10200
    436 13 14 35.684997 13 14 35.684997 10200
    437 13 14 35.694985 13 14 35.694985 10200
    438 13 14 35.704990 13 14 35.704990 10200
    439 13 14 35.715004 13 14 35.715004 10200
    440 13 14 35.724984 13 14 35.724984 10200
    441 13 14 35.734991 13 14 35.734991 10200
    442 13 14 35.744993 13 14 35.744993 10200
    443 13 14 35.754986 13 14 35.754986 10200
    444 13 14 35.764995 13 14 35.764995 10200
    445 13 14 35.775001 13 14 35.775001 10200
    446 13 14 35.784998 13 14 35.784998 10200
    447 13 14 35.795000 13 14 35.795000 10200
    448 13 14 35.804997 13 14 35.804997 10200
    449 13 14 35.814999 13 14 35.814999 10200
    450 13 14 35.824998 13 14 35.824998 10200
    451 13 14 35.835003 13 14 35.835003 10200
    452 13 14 35.844957 13 14 35.844957 10200
    453 13 14 35.855007 13 14 35.855007 10200
    454 13 14 35.865000 13 14 35.865000 10200
    455 13 14 35.875000 13 14 35.875000 10200
    456 13 14 35.884996 13 14 35.884996 10200
    457 13 14 35.895006 13 14 35.895006 10200
    458 13 14 35.905031 13 14 35.905031 10200
    459 13 14 35.915010 13 14 35.915010 10200
    460 13 14 35.925015 13 14 35.925015 10200
    461 13 14 35.934998 13 14 35.934998 10200
    462 13 14 35.945022 13 14 35.945022 10200
    463 13 14 35.955002 13 14 35.955002 10200
    464 13 14 35.965018 13 14 35.965018 10200
    465 13 14 35.975011 13 14 35.975011 10200
    466 13 14 35.984997 13 14 35.984997 10200
    467 13 14 35.994996 13 14 35.994996 10200
    468 13 14 36.005001 13 14 36.005001 10200
    469 13 14 36.014997 13 14 36.014997 10200
    470 13 14 36.024999 13 14 36.024999 10200
    471 13 14 36.035023 13 14 36.035023 10200
    472 13 14 36.045070 13 14 36.045070 10200
    473 13 14 36.055055 13 14 36.055055 10200
    474 13 14 36.064998 13 14 36.064998 10200
    475 13 14 36.075108 13 14 36.075108 10200
    476 13 14 36.085019 13 14 36.085019 10200
    477 13 14 36.095036 13 14 36.095036 10200
    478 13 14 36.105049 13 14 36.105049 10200
    479 13 14 36.115051 13 14 36.115051 10200
    480 13 14 36.125027 13 14 36.125027 10200
    481 13 14 36.135005 13 14 36.135005 10200
    482 13 14 36.145006 13 14 36.145006 10200
    483 13 14 36.155003 13 14 36.155003 10200
    484 13 14 36.165002 13 14 36.165002 10200
    485 13 14 36.175024 13 14 36.175024 10200
    486 13 14 36.185029 13 14 36.185029 10200
    487 13 14 36.195002 13 14 36.195002 10200
    488 13 14 36.205064 13 14 36.205064 10200
    489 13 14 36.215003 13 14 36.215003 10200
    490 13 14 36.225009 13 14 36.225009 10200
    491 13 14 36.235025 13 14 36.235025 10200
    492 13 14 36.245004 13 14 36.245004 10200
    493 13 14 36.255001 13 14 36.255001 10200
    494 13 14 36.265061 13 14 36.265061 10200
    495 13 14 36.275002 13 14 36.275002 10200
    496 13 14 36.285004 13 14 36.285004 10200
    497 13 14 36.295003 13 14 36.295003 10200
    498 13 14 36.305002 13 14 36.305002 10200
    499 13 14 36.315067 13 14 36.315067 10200
    500 13 14 36.325029 13 14 36.325029 10200
    501 13 14 36.334989 13 14 36.334989 10200
    502 13 14 36.344988 13 14 36.344988 10200
    503 13 14 36.354979 13 14 36.354979 10200
    504 13 14 36.365104 13 14 36.365104 10200
    505 13 14 36.375059 13 14 36.375059 10200
    506 13 14 36.385007 13 14 36.385007 10200
    507 13 14 36.394989 13 14 36.394989 10200
    508 13 14 36.404997 13 14 36.404997 10200
    509 13 14 36.415005 13 14 36.415005 10200
    510 13 14 36.425001 13 14 36.425001 10200
    511 13 14 36.434986 13 14 36.434986 10200
    512 13 14 36.445008 13 14 36.445008 10200
    513 13 14 36.455015 13 14 36.455015 10200
    514 13 14 36.465009 13 14 36.465009 10200
    515 13 14 36.474984 13 14 36.474984 10200
    516 13 14 36.485021 13 14 36.485021 10200
    517 13 14 36.494998 13 14 36.494998 10200
    518 13 14 36.505001 13 14 36.505001 10200
    519 13 14 36.514997 13 14 36.514997 10200
    520 13 14 36.524996 13 14 36.524996 10200
    521 13 14 36.534995 13 14 36.534995 10200
    522 13 14 36.544995 13 14 36.544995 10200
    523 13 14 36.555053 13 14 36.555053 10200
    524 13 14 36.565012 13 14 36.565012 10200
    525 13 14 36.575024 13 14 36.575024 10200
    526 13 14 36.584999 13 14 36.584999 10200
    527 13 14 36.594996 13 14 36.594996 10200
    528 13 14 36.604998 13 14 36.604998 10200
    529 13 14 36.615012 13 14 36.615012 10200
    530 13 14 36.625014 13 14 36.625014 10200
    531 13 14 36.635002 13 14 36.635002 10200
    532 13 14 36.645004 13 14 36.645004 10200
    533 13 14 36.655003 13 14 36.655003 10200
    534 13 14 36.665002 13 14 36.665002 10200
    535 13 14 36.675004 13 14 36.675004 10200
    536 13 14 36.685014 13 14 36.685014 10200
    537 13 14 36.694994 13 14 36.694994 10200
    538 13 14 36.705002 13 14 36.705002 10200
    539 13 14 36.714998 13 14 36.714998 10200
    540 13 14 36.725020 13 14 36.725020 10200
    541 13 14 36.734999 13 14 36.734999 10200
    542 13 14 36.744996 13 14 36.744996 10200
    543 13 14 36.754984 13 14 36.754984 10200
    544 13 14 36.764997 13 14 36.764997 10200
    545 13 14 36.775002 13 14 36.775002 10200
    546 13 14 36.785015 13 14 36.785015 10200
    547 13 14 36.794997 13 14 36.794997 10200
    548 13 14 36.804994 13 14 36.804994 10200
    549 13 14 36.814993 13 14 36.814993 10200
    550 13 14 36.824995 13 14 36.824995 10200
    551 13 14 36.834997 13 14 36.834997 10200
    552 13 14 36.844993 13 14 36.844993 10200
    553 13 14 36.855001 13 14 36.855001 10200
    554 13 14 36.864953 13 14 36.864953 10200
    555 13 14 36.874999 13 14 36.874999 10200
    556 13 14 36.885007 13 14 36.885007 10200
    557 13 14 36.894998 13 14 36.894998 10200
    558 13 14 36.904997 13 14 36.904997 10200
    559 13 14 36.914997 13 14 36.914997 10200
    560 13 14 36.924996 13 14 36.924996 10200
    561 13 14 36.934997 13 14 36.934997 10200
    562 13 14 36.945005 13 14 36.945005 10200
    563 13 14 36.954998 13 14 36.954998 10200
    564 13 14 36.964993 13 14 36.964993 10200
    565 13 14 36.975068 13 14 36.975068 10200
    566 13 14 36.985005 13 14 36.985005 10200
    567 13 14 36.995015 13 14 36.995015 10200
    568 13 14 37.005059 13 14 37.005059 10200
    569 13 14 37.015005 13 14 37.015005 10200
    570 13 14 37.025044 13 14 37.025044 10200
    571 13 14 37.034989 13 14 37.034989 10200
    572 13 14 37.045008 13 14 37.045008 10200
    573 13 14 37.055097 13 14 37.055097 10200
    574 13 14 37.065004 13 14 37.065004 10200
    575 13 14 37.075076 13 14 37.075076 10200
    576 13 14 37.085065 13 14 37.085065 10200
    577 13 14 37.095078 13 14 37.095078 10200
    578 13 14 37.105013 13 14 37.105013 10200
    579 13 14 37.115028 13 14 37.115028 10200
    580 13 14 37.125000 13 14 37.125000 10200
    581 13 14 37.134995 13 14 37.134995 10200
    582 13 14 37.145082 13 14 37.145082 10200
    583 13 14 37.155008 13 14 37.155008 10200
    584 13 14 37.165005 13 14 37.165005 10200
    585 13 14 37.175021 13 14 37.175021 10200
    586 13 14 37.185060 13 14 37.185060 10200
    587 13 14 37.195014 13 14 37.195014 10200
    588 13 14 37.204999 13 14 37.204999 10200
    589 13 14 37.214995 13 14 37.214995 10200
    590 13 14 37.224983 13 14 37.224983 10200
    591 13 14 37.235024 13 14 37.235024 10200
    592 13 14 37.244996 13 14 37.244996 10200
    593 13 14 37.254983 13 14 37.254983 10200
    594 13 14 37.265005 13 14 37.265005 10200
    595 13 14 37.275004 13 14 37.275004 10200
    596 13 14 37.284993 13 14 37.284993 10200
    597 13 14 37.294984 13 14 37.294984 10200
    598 13 14 37.304997 13 14 37.304997 10200
    599 13 14 37.314987 13 14 37.314987 10200
    600 13 14 37.324989 13 14 37.324989 10200
    601 13 14 37.334997 13 14 37.334997 10200
    602 13 14 37.344999 13 14 37.344999 10200
    603 13 14 37.355001 13 14 37.355001 10200
    604 13 14 37.364952 13 14 37.364952 10200
    605 13 14 37.375041 13 14 37.375041 10200
    606 13 14 37.384953 13 14 37.384953 10200
    607 13 14 37.395006 13 14 37.395006 10200
    608 13 14 37.404989 13 14 37.404989 10200
    609 13 14 37.415036 13 14 37.415036 10200
    610 13 14 37.425020 13 14 37.425020 10200
    611 13 14 37.435068 13 14 37.435068 10200
    612 13 14 37.444999 13 14 37.444999 10200
    613 13 14 37.454999 13 14 37.454999 10200
    614 13 14 37.465006 13 14 37.465006 10200
    615 13 14 37.474998 13 14 37.474998 10200
    616 13 14 37.484999 13 14 37.484999 10200
    617 13 14 37.494998 13 14 37.494998 10200
    618 13 14 37.504998 13 14 37.504998 10200
    619 13 14 37.514997 13 14 37.514997 10200
    620 13 14 37.524996 13 14 37.524996 10200
    621 13 14 37.534995 13 14 37.534995 10200
    622 13 14 37.544995 13 14 37.544995 10200
    623 13 14 37.554997 13 14 37.554997 10200
    624 13 14 37.564995 13 14 37.564995 10200
    625 13 14 37.575001 13 14 37.575001 10200
    626 13 14 37.585000 13 14 37.585000 10200
    627 13 14 37.594997 13 14 37.594997 10200
    628 13 14 37.604998 13 14 37.604998 10200
    629 13 14 37.615029 13 14 37.615029 10200
    630 13 14 37.624997 13 14 37.624997 10200
    631 13 14 37.634991 13 14 37.634991 10200
    632 13 14 37.644995 13 14 37.644995 10200
    633 13 14 37.655000 13 14 37.655000 10200
    634 13 14 37.664996 13 14 37.664996 10200
    635 13 14 37.674995 13 14 37.674995 10200
    636 13 14 37.685000 13 14 37.685000 10200
    637 13 14 37.694996 13 14 37.694996 10200
    638 13 14 37.705002 13 14 37.705002 10200
    639 13 14 37.715010 13 14 37.715010 10200
    640 13 14 37.724981 13 14 37.724981 10200
    641 13 14 37.734977 13 14 37.734977 10200
    642 13 14 37.745018 13 14 37.745018 10200
    643 13 14 37.755017 13 14 37.755017 10200
    644 13 14 37.765005 13 14 37.765005 10200
    645 13 14 37.774997 13 14 37.774997 10200
    646 13 14 37.784999 13 14 37.784999 10200
    647 13 14 37.795009 13 14 37.795009 10200
    648 13 14 37.805016 13 14 37.805016 10200
    649 13 14 37.815001 13 14 37.815001 10200
    650 13 14 37.825076 13 14 37.825076 10200
    651 13 14 37.835003 13 14 37.835003 10200
    652 13 14 37.844954 13 14 37.844954 10200
    653 13 14 37.855021 13 14 37.855021 10200
    654 13 14 37.867013 13 14 37.867013 10200
    655 13 14 37.875045 13 14 37.875045 10200
    656 13 14 37.885027 13 14 37.885027 10200
    657 13 14 37.895007 13 14 37.895007 10200
    658 13 14 37.904997 13 14 37.904997 10200
    659 13 14 37.914999 13 14 37.914999 10200
    660 13 14 37.925010 13 14 37.925010 10200
    661 13 14 37.934998 13 14 37.934998 10200
    662 13 14 37.944999 13 14 37.944999 10200
    663 13 14 37.954996 13 14 37.954996 10200
    664 13 14 37.964995 13 14 37.964995 10200
    665 13 14 37.975000 13 14 37.975000 10200
    666 13 14 37.985016 13 14 37.985016 10200
    667 13 14 37.995015 13 14 37.995015 10200
    668 13 14 38.004997 13 14 38.004997 10200
    669 13 14 38.015003 13 14 38.015003 10200
    670 13 14 38.024994 13 14 38.024994 10200
    671 13 14 38.034964 13 14 38.034964 10200
    672 13 14 38.044980 13 14 38.044980 10200
    673 13 14 38.054974 13 14 38.054974 10200
    674 13 14 38.065013 13 14 38.065013 10200
    675 13 14 38.075015 13 14 38.075015 10200
    676 13 14 38.084999 13 14 38.084999 10200
    677 13 14 38.094988 13 14 38.094988 10200
    678 13 14 38.105006 13 14 38.105006 10200
    679 13 14 38.114998 13 14 38.114998 10200
    680 13 14 38.125036 13 14 38.125036 10200
    681 13 14 38.134982 13 14 38.134982 10200
    682 13 14 38.144981 13 14 38.144981 10200
    683 13 14 38.154994 13 14 38.154994 10200
    684 13 14 38.164982 13 14 38.164982 10200
    685 13 14 38.175033 13 14 38.175033 10200
    686 13 14 38.184989 13 14 38.184989 10200
    687 13 14 38.195039 13 14 38.195039 10200
    688 13 14 38.204996 13 14 38.204996 10200
    689 13 14 38.214995 13 14 38.214995 10200
    690 13 14 38.224995 13 14 38.224995 10200
    691 13 14 38.234994 13 14 38.234994 10200
    692 13 14 38.244981 13 14 38.244981 10200
    693 13 14 38.254955 13 14 38.254955 10200
    694 13 14 38.264980 13 14 38.264980 10200
    695 13 14 38.274959 13 14 38.274959 10200
    696 13 14 38.284981 13 14 38.284981 10200
    697 13 14 38.294970 13 14 38.294970 10200
    698 13 14 38.304982 13 14 38.304982 10200
    699 13 14 38.314996 13 14 38.314996 10200
    700 13 14 38.324987 13 14 38.324987 10200
    701 13 14 38.334983 13 14 38.334983 10200
    702 13 14 38.344987 13 14 38.344987 10200
    703 13 14 38.355001 13 14 38.355001 10200
    704 13 14 38.365000 13 14 38.365000 10200
    705 13 14 38.375016 13 14 38.375016 10200
    706 13 14 38.384996 13 14 38.384996 10200
    707 13 14 38.394996 13 14 38.394996 10200
    708 13 14 38.405022 13 14 38.405022 10200
    709 13 14 38.414999 13 14 38.414999 10200
    710 13 14 38.424996 13 14 38.424996 10200
    711 13 14 38.435009 13 14 38.435009 10200
    712 13 14 38.445008 13 14 38.445008 10200
    713 13 14 38.455008 13 14 38.455008 10200
    714 13 14 38.465000 13 14 38.465000 10200
    715 13 14 38.475015 13 14 38.475015 10200
    716 13 14 38.485559 13 14 38.485559 10200
    717 13 14 38.494943 13 14 38.494943 10200
    718 13 14 38.504998 13 14 38.504998 10200
    719 13 14 38.514997 13 14 38.514997 10200
    720 13 14 38.524948 13 14 38.524948 10200
    721 13 14 38.535003 13 14 38.535003 10200
    722 13 14 38.544995 13 14 38.544995 10200
    723 13 14 38.555007 13 14 38.555007 10200
    724 13 14 38.565005 13 14 38.565005 10200
    725 13 14 38.575012 13 14 38.575012 10200
    726 13 14 38.585002 13 14 38.585002 10200
    727 13 14 38.595005 13 14 38.595005 10200
    728 13 14 38.605007 13 14 38.605007 10200
    729 13 14 38.615003 13 14 38.615003 10200
    730 13 14 38.625005 13 14 38.625005 10200
    731 13 14 38.635021 13 14 38.635021 10200
    732 13 14 38.645001 13 14 38.645001 10200
    733 13 14 38.655000 13 14 38.655000 10200
    734 13 14 38.664999 13 14 38.664999 10200
    735 13 14 38.674998 13 14 38.674998 10200
    736 13 14 38.684995 13 14 38.684995 10200
    737 13 14 38.694988 13 14 38.694988 10200
    738 13 14 38.705036 13 14 38.705036 10200
    739 13 14 38.714996 13 14 38.714996 10200
    740 13 14 38.724994 13 14 38.724994 10200
    741 13 14 38.734996 13 14 38.734996 10200
    742 13 14 38.744996 13 14 38.744996 10200
    743 13 14 38.755014 13 14 38.755014 10200
    744 13 14 38.764991 13 14 38.764991 10200
    745 13 14 38.774999 13 14 38.774999 10200
    746 13 14 38.784999 13 14 38.784999 10200
    747 13 14 38.794995 13 14 38.794995 10200
    748 13 14 38.805008 13 14 38.805008 10200
    749 13 14 38.815007 13 14 38.815007 10200
    750 13 14 38.824998 13 14 38.824998 10200
    751 13 14 38.835011 13 14 38.835011 10200
    752 13 14 38.844957 13 14 38.844957 10200
    753 13 14 38.854950 13 14 38.854950 10200
    754 13 14 38.865022 13 14 38.865022 10200
    755 13 14 38.875000 13 14 38.875000 10200
    756 13 14 38.884998 13 14 38.884998 10200
    757 13 14 38.894998 13 14 38.894998 10200
    758 13 14 38.904994 13 14 38.904994 10200
    759 13 14 38.914999 13 14 38.914999 10200
    760 13 14 38.924996 13 14 38.924996 10200
    761 13 14 38.935035 13 14 38.935035 10200
    762 13 14 38.944997 13 14 38.944997 10200
    763 13 14 38.954994 13 14 38.954994 10200
    764 13 14 38.964993 13 14 38.964993 10200
    765 13 14 38.974986 13 14 38.974986 10200
    766 13 14 38.984983 13 14 38.984983 10200
    767 13 14 38.994985 13 14 38.994985 10200
    768 13 14 39.004987 13 14 39.004987 10200
    769 13 14 39.014992 13 14 39.014992 10200
    770 13 14 39.024991 13 14 39.024991 10200
    771 13 14 39.035139 13 14 39.035139 10200
    772 13 14 39.045022 13 14 39.045022 10200
    773 13 14 39.054983 13 14 39.054983 10200
    774 13 14 39.065063 13 14 39.065063 10200
    775 13 14 39.074984 13 14 39.074984 10200
    776 13 14 39.085081 13 14 39.085081 10200
    777 13 14 39.094997 13 14 39.094997 10200
    778 13 14 39.105026 13 14 39.105026 10200
    779 13 14 39.115003 13 14 39.115003 10200
    780 13 14 39.125005 13 14 39.125005 10200
    781 13 14 39.135016 13 14 39.135016 10200
    782 13 14 39.144998 13 14 39.144998 10200
    783 13 14 39.154998 13 14 39.154998 10200
    784 13 14 39.164994 13 14 39.164994 10200
    785 13 14 39.175024 13 14 39.175024 10200
    786 13 14 39.185066 13 14 39.185066 10200
    787 13 14 39.194999 13 14 39.194999 10200
    788 13 14 39.204996 13 14 39.204996 10200
    789 13 14 39.214996 13 14 39.214996 10200
    790 13 14 39.224997 13 14 39.224997 10200
    791 13 14 39.234996 13 14 39.234996 10200
    792 13 14 39.244996 13 14 39.244996 10200
    793 13 14 39.254995 13 14 39.254995 10200
    794 13 14 39.264995 13 14 39.264995 10200
    795 13 14 39.274996 13 14 39.274996 10200
    796 13 14 39.284981 13 14 39.284981 10200
    797 13 14 39.294980 13 14 39.294980 10200
    798 13 14 39.304982 13 14 39.304982 10200
    799 13 14 39.315047 13 14 39.315047 10200
    800 13 14 39.325049 13 14 39.325049 10200
    801 13 14 39.334994 13 14 39.334994 10200
    802 13 14 39.344999 13 14 39.344999 10200
    803 13 14 39.355037 13 14 39.355037 10200
    804 13 14 39.365001 13 14 39.365001 10200
    805 13 14 39.375003 13 14 39.375003 10200
    806 13 14 39.384999 13 14 39.384999 10200
    807 13 14 39.394996 13 14 39.394996 10200
    808 13 14 39.404997 13 14 39.404997 10200
    809 13 14 39.414996 13 14 39.414996 10200
    810 13 14 39.424998 13 14 39.424998 10200
    811 13 14 39.434998 13 14 39.434998 10200
    812 13 14 39.444975 13 14 39.444975 10200
    813 13 14 39.454993 13 14 39.454993 10200
    814 13 14 39.465058 13 14 39.465058 10200
    815 13 14 39.474998 13 14 39.474998 10200
    816 13 14 39.484996 13 14 39.484996 10200
    817 13 14 39.495026 13 14 39.495026 10200
    818 13 14 39.505023 13 14 39.505023 10200
    819 13 14 39.515023 13 14 39.515023 10200
    820 13 14 39.525002 13 14 39.525002 10200
    821 13 14 39.534998 13 14 39.534998 10200
    822 13 14 39.544997 13 14 39.544997 10200
    823 13 14 39.555002 13 14 39.555002 10200
    824 13 14 39.564998 13 14 39.564998 10200
    825 13 14 39.575011 13 14 39.575011 10200
    826 13 14 39.584997 13 14 39.584997 10200
    827 13 14 39.594997 13 14 39.594997 10200
    828 13 14 39.604998 13 14 39.604998 10200
    829 13 14 39.614995 13 14 39.614995 10200
    830 13 14 39.624994 13 14 39.624994 10200
    831 13 14 39.634998 13 14 39.634998 10200
    832 13 14 39.645000 13 14 39.645000 10200
    833 13 14 39.654995 13 14 39.654995 10200
    834 13 14 39.664996 13 14 39.664996 10200
    835 13 14 39.675105 13 14 39.675105 10200
    836 13 14 39.684997 13 14 39.684997 10200
    837 13 14 39.694997 13 14 39.694997 10200
    838 13 14 39.704996 13 14 39.704996 10200
    839 13 14 39.715003 13 14 39.715003 10200
    840 13 14 39.725000 13 14 39.725000 10200
    841 13 14 39.734997 13 14 39.734997 10200
    842 13 14 39.744996 13 14 39.744996 10200
    843 13 14 39.755034 13 14 39.755034 10200
    844 13 14 39.764994 13 14 39.764994 10200
    845 13 14 39.774997 13 14 39.774997 10200
    846 13 14 39.785074 13 14 39.785074 10200
    847 13 14 39.795084 13 14 39.795084 10200
    848 13 14 39.805027 13 14 39.805027 10200
    849 13 14 39.815046 13 14 39.815046 10200
    850 13 14 39.824997 13 14 39.824997 10200
    851 13 14 39.834997 13 14 39.834997 10200
    852 13 14 39.845089 13 14 39.845089 10200
    853 13 14 39.855010 13 14 39.855010 10200
    854 13 14 39.865014 13 14 39.865014 10200
    855 13 14 39.875000 13 14 39.875000 10200
    856 13 14 39.885024 13 14 39.885024 10200
    857 13 14 39.895072 13 14 39.895072 10200
    858 13 14 39.905003 13 14 39.905003 10200
    859 13 14 39.915022 13 14 39.915022 10200
    860 13 14 39.925020 13 14 39.925020 10200
    861 13 14 39.935009 13 14 39.935009 10200
    862 13 14 39.944997 13 14 39.944997 10200
    863 13 14 39.955046 13 14 39.955046 10200
    864 13 14 39.965007 13 14 39.965007 10200
    865 13 14 39.974997 13 14 39.974997 10200
    866 13 14 39.984996 13 14 39.984996 10200
    867 13 14 39.994996 13 14 39.994996 10200
    868 13 14 40.004997 13 14 40.004997 10200
    869 13 14 40.014995 13 14 40.014995 10200
    870 13 14 40.025010 13 14 40.025010 10200
    871 13 14 40.034982 13 14 40.034982 10200
    872 13 14 40.045001 13 14 40.045001 10200
    873 13 14 40.054996 13 14 40.054996 10200
    874 13 14 40.064999 13 14 40.064999 10200
    875 13 14 40.074997 13 14 40.074997 10200
    876 13 14 40.085000 13 14 40.085000 10200
    877 13 14 40.095001 13 14 40.095001 10200
    878 13 14 40.105001 13 14 40.105001 10200
    879 13 14 40.115000 13 14 40.115000 10200
    880 13 14 40.125014 13 14 40.125014 10200
    881 13 14 40.135027 13 14 40.135027 10200
    882 13 14 40.145021 13 14 40.145021 10200
    883 13 14 40.155022 13 14 40.155022 10200
    884 13 14 40.165028 13 14 40.165028 10200
    885 13 14 40.175027 13 14 40.175027 10200
    886 13 14 40.185011 13 14 40.185011 10200
    887 13 14 40.195003 13 14 40.195003 10200
    888 13 14 40.205001 13 14 40.205001 10200
    889 13 14 40.215006 13 14 40.215006 10200
    890 13 14 40.225070 13 14 40.225070 10200
    891 13 14 40.235010 13 14 40.235010 10200
    892 13 14 40.244948 13 14 40.244948 10200
    893 13 14 40.255026 13 14 40.255026 10200
    894 13 14 40.265005 13 14 40.265005 10200
    895 13 14 40.275007 13 14 40.275007 10200
    896 13 14 40.285009 13 14 40.285009 10200
    897 13 14 40.295008 13 14 40.295008 10200
    898 13 14 40.305011 13 14 40.305011 10200
    899 13 14 40.315004 13 14 40.315004 10200
    900 13 14 40.325000 13 14 40.325000 10200
    901 13 14 40.335084 13 14 40.335084 10200
    902 13 14 40.344991 13 14 40.344991 10200
    903 13 14 40.355055 13 14 40.355055 10200
    904 13 14 40.365242 13 14 40.365242 10200
    905 13 14 40.375062 13 14 40.375062 10200
    906 13 14 40.385039 13 14 40.385039 10200
    907 13 14 40.395032 13 14 40.395032 10200
    908 13 14 40.405014 13 14 40.405014 10200
    909 13 14 40.415010 13 14 40.415010 10200
    910 13 14 40.425027 13 14 40.425027 10200
    911 13 14 40.435004 13 14 40.435004 10200
    912 13 14 40.445008 13 14 40.445008 10200
    913 13 14 40.455007 13 14 40.455007 10200
    914 13 14 40.465009 13 14 40.465009 10200
    915 13 14 40.475003 13 14 40.475003 10200
    916 13 14 40.485016 13 14 40.485016 10200
    917 13 14 40.495009 13 14 40.495009 10200
    918 13 14 40.506261 13 14 40.506261 10200
    919 13 14 40.515093 13 14 40.515093 10200
    920 13 14 40.525010 13 14 40.525010 10200
    921 13 14 40.535020 13 14 40.535020 10200
    922 13 14 40.545009 13 14 40.545009 10200
    923 13 14 40.555019 13 14 40.555019 10200
    924 13 14 40.565032 13 14 40.565032 10200
    925 13 14 40.575040 13 14 40.575040 10200
    926 13 14 40.585025 13 14 40.585025 10200
    927 13 14 40.595112 13 14 40.595112 10200
    928 13 14 40.605029 13 14 40.605029 10200
    929 13 14 40.615025 13 14 40.615025 10200
    930 13 14 40.625006 13 14 40.625006 10200
    931 13 14 40.635005 13 14 40.635005 10200
    932 13 14 40.645003 13 14 40.645003 10200
    933 13 14 40.655002 13 14 40.655002 10200
    934 13 14 40.665025 13 14 40.665025 10200
    935 13 14 40.675002 13 14 40.675002 10200
    936 13 14 40.685003 13 14 40.685003 10200
    937 13 14 40.695008 13 14 40.695008 10200
    938 13 14 40.705005 13 14 40.705005 10200
    939 13 14 40.715161 13 14 40.715161 10200
    940 13 14 40.724964 13 14 40.724964 10200
    941 13 14 40.734999 13 14 40.734999 10200
    942 13 14 40.745013 13 14 40.745013 10200
    943 13 14 40.755015 13 14 40.755015 10200
    944 13 14 40.765005 13 14 40.765005 10200
    945 13 14 40.775010 13 14 40.775010 10200
    946 13 14 40.785125 13 14 40.785125 10200
    947 13 14 40.795015 13 14 40.795015 10200
    948 13 14 40.805030 13 14 40.805030 10200
    949 13 14 40.815010 13 14 40.815010 10200
    950 13 14 40.825001 13 14 40.825001 10200
    951 13 14 40.835003 13 14 40.835003 10200
    952 13 14 40.845002 13 14 40.845002 10200
    953 13 14 40.855026 13 14 40.855026 10200
    954 13 14 40.865042 13 14 40.865042 10200
    955 13 14 40.875109 13 14 40.875109 10200
    956 13 14 40.885013 13 14 40.885013 10200
    957 13 14 40.895018 13 14 40.895018 10200
    958 13 14 40.905045 13 14 40.905045 10200
    959 13 14 40.915038 13 14 40.915038 10200
    960 13 14 40.925004 13 14 40.925004 10200
    961 13 14 40.935121 13 14 40.935121 10200
    962 13 14 40.945002 13 14 40.945002 10200
    963 13 14 40.955004 13 14 40.955004 10200
    964 13 14 40.965004 13 14 40.965004 10200
    965 13 14 40.975019 13 14 40.975019 10200
    966 13 14 40.985002 13 14 40.985002 10200
    967 13 14 40.995002 13 14 40.995002 10200
    968 13 14 41.005003 13 14 41.005003 10200
    969 13 14 41.015000 13 14 41.015000 10200
    970 13 14 41.025024 13 14 41.025024 10200
    971 13 14 41.035004 13 14 41.035004 10200
    972 13 14 41.045020 13 14 41.045020 10200
    973 13 14 41.055098 13 14 41.055098 10200
    974 13 14 41.065074 13 14 41.065074 10200
    975 13 14 41.075001 13 14 41.075001 10200
    976 13 14 41.085000 13 14 41.085000 10200
    977 13 14 41.094997 13 14 41.094997 10200
    978 13 14 41.104998 13 14 41.104998 10200
    979 13 14 41.115006 13 14 41.115006 10200
    980 13 14 41.125103 13 14 41.125103 10200
    981 13 14 41.135069 13 14 41.135069 10200
    982 13 14 41.145012 13 14 41.145012 10200
    983 13 14 41.155012 13 14 41.155012 10200
    984 13 14 41.165013 13 14 41.165013 10200
    985 13 14 41.175013 13 14 41.175013 10200
    986 13 14 41.185006 13 14 41.185006 10200
    987 13 14 41.195000 13 14 41.195000 10200
    988 13 14 41.205033 13 14 41.205033 10200
    989 13 14 41.215003 13 14 41.215003 10200
    990 13 14 41.225029 13 14 41.225029 10200
    991 13 14 41.235005 13 14 41.235005 10200
    992 13 14 41.245002 13 14 41.245002 10200
    993 13 14 41.255001 13 14 41.255001 10200
    994 13 14 41.265002 13 14 41.265002 10200
    995 13 14 41.275005 13 14 41.275005 10200
    996 13 14 41.285012 13 14 41.285012 10200
    997 13 14 41.295023 13 14 41.295023 10200
    998 13 14 41.305079 13 14 41.305079 10200
    999 13 14 41.315001 13 14 41.315001 10200
   1000 13 14 41.325003 13 14 41.325003 10200
