      1 13 7 38.089480 13 7 38.089480 10900
      2 13 7 38.099598 13 7 38.099598 10900
      3 13 7 38.109678 13 7 38.109678 10900
      4 13 7 38.119568 13 7 38.119568 10900
      5 13 7 38.129578 13 7 38.129578 10900
      6 13 7 38.139578 13 7 38.139578 10900
      7 13 7 38.149577 13 7 38.149577 10900
      8 13 7 38.159582 13 7 38.159582 10900
      9 13 7 38.169550 13 7 38.169550 10900
     10 13 7 38.179589 13 7 38.179589 10900
     11 13 7 38.189588 13 7 38.189588 10900
     12 13 7 38.199590 13 7 38.199590 10900
     13 13 7 38.209584 13 7 38.209584 10900
     14 13 7 38.219689 13 7 38.219689 10900
     15 13 7 38.229703 13 7 38.229703 10900
     16 13 7 38.239640 13 7 38.239640 10900
     17 13 7 38.249659 13 7 38.249659 10900
     18 13 7 38.259596 13 7 38.259596 10900
     19 13 7 38.269641 13 7 38.269641 10900
     20 13 7 38.279670 13 7 38.279670 10900
     21 13 7 38.289658 13 7 38.289658 10900
     22 13 7 38.299688 13 7 38.299688 10900
     23 13 7 38.309651 13 7 38.309651 10900
     24 13 7 38.319583 13 7 38.319583 10900
     25 13 7 38.329586 13 7 38.329586 10900
     26 13 7 38.339590 13 7 38.339590 10900
     27 13 7 38.349587 13 7 38.349587 10900
     28 13 7 38.359580 13 7 38.359580 10900
     29 13 7 38.369588 13 7 38.369588 10900
     30 13 7 38.379578 13 7 38.379578 10900
     31 13 7 38.389589 13 7 38.389589 10900
     32 13 7 38.399580 13 7 38.399580 10900
     33 13 7 38.409579 13 7 38.409579 10900
     34 13 7 38.419651 13 7 38.419651 10900
     35 13 7 38.429585 13 7 38.429585 10900
     36 13 7 38.439562 13 7 38.439562 10900
     37 13 7 38.449706 13 7 38.449706 10900
     38 13 7 38.459637 13 7 38.459637 10900
     39 13 7 38.469689 13 7 38.469689 10900
     40 13 7 38.479712 13 7 38.479712 10900
     41 13 7 38.489646 13 7 38.489646 10900
     42 13 7 38.499648 13 7 38.499648 10900
     43 13 7 38.509653 13 7 38.509653 10900
     44 13 7 38.519644 13 7 38.519644 10900
     45 13 7 38.529699 13 7 38.529699 10900
     46 13 7 38.540210 13 7 38.540210 10900
     47 13 7 38.549605 13 7 38.549605 10900
     48 13 7 38.559609 13 7 38.559609 10900
     49 13 7 38.569639 13 7 38.569639 10900
     50 13 7 38.579548 13 7 38.579548 10900
     51 13 7 38.589619 13 7 38.589619 10900
     52 13 7 38.599592 13 7 38.599592 10900
     53 13 7 38.609665 13 7 38.609665 10900
     54 13 7 38.619655 13 7 38.619655 10900
     55 13 7 38.630488 13 7 38.630488 10900
     56 13 7 38.639640 13 7 38.639640 10900
     57 13 7 38.649641 13 7 38.649641 10900
     58 13 7 38.659595 13 7 38.659595 10900
     59 13 7 38.669657 13 7 38.669657 10900
     60 13 7 38.679687 13 7 38.679687 10900
     61 13 7 38.690344 13 7 38.690344 10900
     62 13 7 38.699590 13 7 38.699590 10900
     63 13 7 38.709617 13 7 38.709617 10900
     64 13 7 38.719655 13 7 38.719655 10900
     65 13 7 38.729587 13 7 38.729587 10900
     66 13 7 38.739587 13 7 38.739587 10900
     67 13 7 38.749591 13 7 38.749591 10900
     68 13 7 38.759582 13 7 38.759582 10900
     69 13 7 38.769610 13 7 38.769610 10900
     70 13 7 38.779578 13 7 38.779578 10900
     71 13 7 38.789589 13 7 38.789589 10900
     72 13 7 38.799577 13 7 38.799577 10900
     73 13 7 38.809576 13 7 38.809576 10900
     74 13 7 38.820320 13 7 38.820320 10900
     75 13 7 38.829647 13 7 38.829647 10900
     76 13 7 38.839581 13 7 38.839581 10900
     77 13 7 38.849580 13 7 38.849580 10900
     78 13 7 38.859647 13 7 38.859647 10900
     79 13 7 38.869585 13 7 38.869585 10900
     80 13 7 38.879654 13 7 38.879654 10900
     81 13 7 38.889597 13 7 38.889597 10900
     82 13 7 38.899596 13 7 38.899596 10900
     83 13 7 38.909869 13 7 38.909869 10900
     84 13 7 38.919620 13 7 38.919620 10900
     85 13 7 38.929656 13 7 38.929656 10900
     86 13 7 38.939582 13 7 38.939582 10900
     87 13 7 38.949589 13 7 38.949589 10900
     88 13 7 38.959583 13 7 38.959583 10900
     89 13 7 38.969675 13 7 38.969675 10900
     90 13 7 38.979582 13 7 38.979582 10900
     91 13 7 38.989542 13 7 38.989542 10900
     92 13 7 38.999578 13 7 38.999578 10900
     93 13 7 39.009588 13 7 39.009588 10900
     94 13 7 39.019601 13 7 39.019601 10900
     95 13 7 39.029643 13 7 39.029643 10900
     96 13 7 39.039580 13 7 39.039580 10900
     97 13 7 39.049641 13 7 39.049641 10900
     98 13 7 39.059654 13 7 39.059654 10900
     99 13 7 39.070017 13 7 39.070017 10900
    100 13 7 39.079672 13 7 39.079672 10900
    101 13 7 39.089564 13 7 39.089564 10900
    102 13 7 39.099654 13 7 39.099654 10900
    103 13 7 39.109600 13 7 39.109600 10900
    104 13 7 39.119613 13 7 39.119613 10900
    105 13 7 39.129589 13 7 39.129589 10900
    106 13 7 39.139580 13 7 39.139580 10900
    107 13 7 39.149926 13 7 39.149926 10900
    108 13 7 39.159582 13 7 39.159582 10900
    109 13 7 39.169592 13 7 39.169592 10900
    110 13 7 39.179884 13 7 39.179884 10900
    111 13 7 39.189593 13 7 39.189593 10900
    112 13 7 39.199989 13 7 39.199989 10900
    113 13 7 39.209591 13 7 39.209591 10900
    114 13 7 39.219585 13 7 39.219585 10900
    115 13 7 39.229543 13 7 39.229543 10900
    116 13 7 39.239651 13 7 39.239651 10900
    117 13 7 39.249642 13 7 39.249642 10900
    118 13 7 39.259636 13 7 39.259636 10900
    119 13 7 39.270420 13 7 39.270420 10900
    120 13 7 39.279643 13 7 39.279643 10900
    121 13 7 39.289656 13 7 39.289656 10900
    122 13 7 39.299641 13 7 39.299641 10900
    123 13 7 39.309663 13 7 39.309663 10900
    124 13 7 39.319637 13 7 39.319637 10900
    125 13 7 39.329591 13 7 39.329591 10900
    126 13 7 39.339578 13 7 39.339578 10900
    127 13 7 39.349586 13 7 39.349586 10900
    128 13 7 39.359571 13 7 39.359571 10900
    129 13 7 39.369588 13 7 39.369588 10900
    130 13 7 39.379578 13 7 39.379578 10900
    131 13 7 39.389584 13 7 39.389584 10900
    132 13 7 39.399579 13 7 39.399579 10900
    133 13 7 39.409584 13 7 39.409584 10900
    134 13 7 39.419576 13 7 39.419576 10900
    135 13 7 39.429675 13 7 39.429675 10900
    136 13 7 39.439650 13 7 39.439650 10900
    137 13 7 39.449652 13 7 39.449652 10900
    138 13 7 39.459598 13 7 39.459598 10900
    139 13 7 39.470469 13 7 39.470469 10900
    140 13 7 39.479609 13 7 39.479609 10900
    141 13 7 39.489624 13 7 39.489624 10900
    142 13 7 39.499581 13 7 39.499581 10900
    143 13 7 39.509653 13 7 39.509653 10900
    144 13 7 39.519635 13 7 39.519635 10900
    145 13 7 39.529589 13 7 39.529589 10900
    146 13 7 39.539580 13 7 39.539580 10900
    147 13 7 39.549590 13 7 39.549590 10900
    148 13 7 39.559579 13 7 39.559579 10900
    149 13 7 39.569682 13 7 39.569682 10900
    150 13 7 39.579594 13 7 39.579594 10900
    151 13 7 39.589567 13 7 39.589567 10900
    152 13 7 39.599586 13 7 39.599586 10900
    153 13 7 39.609583 13 7 39.609583 10900
    154 13 7 39.619588 13 7 39.619588 10900
    155 13 7 39.630046 13 7 39.630046 10900
    156 13 7 39.639597 13 7 39.639597 10900
    157 13 7 39.649644 13 7 39.649644 10900
    158 13 7 39.659640 13 7 39.659640 10900
    159 13 7 39.669721 13 7 39.669721 10900
    160 13 7 39.679642 13 7 39.679642 10900
    161 13 7 39.690406 13 7 39.690406 10900
    162 13 7 39.699781 13 7 39.699781 10900
    163 13 7 39.709659 13 7 39.709659 10900
    164 13 7 39.719599 13 7 39.719599 10900
    165 13 7 39.729601 13 7 39.729601 10900
    166 13 7 39.739589 13 7 39.739589 10900
    167 13 7 39.749884 13 7 39.749884 10900
    168 13 7 39.759614 13 7 39.759614 10900
    169 13 7 39.769612 13 7 39.769612 10900
    170 13 7 39.779769 13 7 39.779769 10900
    171 13 7 39.789661 13 7 39.789661 10900
    172 13 7 39.799599 13 7 39.799599 10900
    173 13 7 39.809857 13 7 39.809857 10900
    174 13 7 39.819653 13 7 39.819653 10900
    175 13 7 39.829760 13 7 39.829760 10900
    176 13 7 39.839658 13 7 39.839658 10900
    177 13 7 39.849645 13 7 39.849645 10900
    178 13 7 39.859659 13 7 39.859659 10900
    179 13 7 39.869875 13 7 39.869875 10900
    180 13 7 39.879676 13 7 39.879676 10900
    181 13 7 39.889715 13 7 39.889715 10900
    182 13 7 39.899692 13 7 39.899692 10900
    183 13 7 39.909652 13 7 39.909652 10900
    184 13 7 39.920020 13 7 39.920020 10900
    185 13 7 39.929625 13 7 39.929625 10900
    186 13 7 39.939661 13 7 39.939661 10900
    187 13 7 39.949589 13 7 39.949589 10900
    188 13 7 39.959578 13 7 39.959578 10900
    189 13 7 39.969580 13 7 39.969580 10900
    190 13 7 39.979581 13 7 39.979581 10900
    191 13 7 39.989590 13 7 39.989590 10900
    192 13 7 39.999583 13 7 39.999583 10900
    193 13 7 40.009588 13 7 40.009588 10900
    194 13 7 40.019604 13 7 40.019604 10900
    195 13 7 40.029612 13 7 40.029612 10900
    196 13 7 40.039884 13 7 40.039884 10900
    197 13 7 40.050052 13 7 40.050052 10900
    198 13 7 40.059637 13 7 40.059637 10900
    199 13 7 40.069600 13 7 40.069600 10900
    200 13 7 40.079585 13 7 40.079585 10900
    201 13 7 40.089688 13 7 40.089688 10900
    202 13 7 40.099662 13 7 40.099662 10900
    203 13 7 40.109744 13 7 40.109744 10900
    204 13 7 40.120601 13 7 40.120601 10900
    205 13 7 40.129705 13 7 40.129705 10900
    206 13 7 40.139648 13 7 40.139648 10900
    207 13 7 40.149650 13 7 40.149650 10900
    208 13 7 40.159582 13 7 40.159582 10900
    209 13 7 40.169555 13 7 40.169555 10900
    210 13 7 40.181406 13 7 40.181406 10900
    211 13 7 40.189593 13 7 40.189593 10900
    212 13 7 40.199581 13 7 40.199581 10900
    213 13 7 40.209580 13 7 40.209580 10900
    214 13 7 40.219588 13 7 40.219588 10900
    215 13 7 40.229591 13 7 40.229591 10900
    216 13 7 40.239581 13 7 40.239581 10900
    217 13 7 40.249586 13 7 40.249586 10900
    218 13 7 40.260489 13 7 40.260489 10900
    219 13 7 40.269632 13 7 40.269632 10900
    220 13 7 40.279592 13 7 40.279592 10900
    221 13 7 40.289591 13 7 40.289591 10900
    222 13 7 40.299675 13 7 40.299675 10900
    223 13 7 40.309648 13 7 40.309648 10900
    224 13 7 40.319654 13 7 40.319654 10900
    225 13 7 40.329869 13 7 40.329869 10900
    226 13 7 40.339641 13 7 40.339641 10900
    227 13 7 40.349663 13 7 40.349663 10900
    228 13 7 40.359605 13 7 40.359605 10900
    229 13 7 40.369591 13 7 40.369591 10900
    230 13 7 40.379699 13 7 40.379699 10900
    231 13 7 40.389592 13 7 40.389592 10900
    232 13 7 40.399580 13 7 40.399580 10900
    233 13 7 40.409582 13 7 40.409582 10900
    234 13 7 40.419581 13 7 40.419581 10900
    235 13 7 40.429580 13 7 40.429580 10900
    236 13 7 40.439579 13 7 40.439579 10900
    237 13 7 40.449584 13 7 40.449584 10900
    238 13 7 40.459575 13 7 40.459575 10900
    239 13 7 40.469638 13 7 40.469638 10900
    240 13 7 40.479849 13 7 40.479849 10900
    241 13 7 40.489606 13 7 40.489606 10900
    242 13 7 40.499662 13 7 40.499662 10900
    243 13 7 40.509641 13 7 40.509641 10900
    244 13 7 40.519630 13 7 40.519630 10900
    245 13 7 40.529659 13 7 40.529659 10900
    246 13 7 40.539645 13 7 40.539645 10900
    247 13 7 40.549605 13 7 40.549605 10900
    248 13 7 40.559703 13 7 40.559703 10900
    249 13 7 40.569583 13 7 40.569583 10900
    250 13 7 40.579580 13 7 40.579580 10900
    251 13 7 40.589579 13 7 40.589579 10900
    252 13 7 40.599594 13 7 40.599594 10900
    253 13 7 40.609588 13 7 40.609588 10900
    254 13 7 40.620469 13 7 40.620469 10900
    255 13 7 40.629582 13 7 40.629582 10900
    256 13 7 40.639557 13 7 40.639557 10900
    257 13 7 40.649557 13 7 40.649557 10900
    258 13 7 40.659565 13 7 40.659565 10900
    259 13 7 40.669806 13 7 40.669806 10900
    260 13 7 40.679856 13 7 40.679856 10900
    261 13 7 40.689655 13 7 40.689655 10900
    262 13 7 40.699663 13 7 40.699663 10900
    263 13 7 40.709738 13 7 40.709738 10900
    264 13 7 40.719577 13 7 40.719577 10900
    265 13 7 40.729655 13 7 40.729655 10900
    266 13 7 40.739579 13 7 40.739579 10900
    267 13 7 40.749656 13 7 40.749656 10900
    268 13 7 40.759599 13 7 40.759599 10900
    269 13 7 40.769652 13 7 40.769652 10900
    270 13 7 40.779595 13 7 40.779595 10900
    271 13 7 40.789589 13 7 40.789589 10900
    272 13 7 40.799577 13 7 40.799577 10900
    273 13 7 40.809584 13 7 40.809584 10900
    274 13 7 40.819577 13 7 40.819577 10900
    275 13 7 40.829590 13 7 40.829590 10900
    276 13 7 40.839587 13 7 40.839587 10900
    277 13 7 40.849586 13 7 40.849586 10900
    278 13 7 40.859580 13 7 40.859580 10900
    279 13 7 40.870238 13 7 40.870238 10900
    280 13 7 40.879683 13 7 40.879683 10900
    281 13 7 40.889617 13 7 40.889617 10900
    282 13 7 40.899676 13 7 40.899676 10900
    283 13 7 40.909522 13 7 40.909522 10900
    284 13 7 40.919597 13 7 40.919597 10900
    285 13 7 40.929619 13 7 40.929619 10900
    286 13 7 40.939582 13 7 40.939582 10900
    287 13 7 40.949672 13 7 40.949672 10900
    288 13 7 40.959642 13 7 40.959642 10900
    289 13 7 40.969653 13 7 40.969653 10900
    290 13 7 40.979672 13 7 40.979672 10900
    291 13 7 40.989654 13 7 40.989654 10900
    292 13 7 40.999580 13 7 40.999580 10900
    293 13 7 41.009587 13 7 41.009587 10900
    294 13 7 41.019604 13 7 41.019604 10900
    295 13 7 41.029614 13 7 41.029614 10900
    296 13 7 41.039585 13 7 41.039585 10900
    297 13 7 41.049585 13 7 41.049585 10900
    298 13 7 41.059578 13 7 41.059578 10900
    299 13 7 41.070405 13 7 41.070405 10900
    300 13 7 41.079641 13 7 41.079641 10900
    301 13 7 41.089677 13 7 41.089677 10900
    302 13 7 41.099575 13 7 41.099575 10900
    303 13 7 41.109630 13 7 41.109630 10900
    304 13 7 41.119667 13 7 41.119667 10900
    305 13 7 41.129613 13 7 41.129613 10900
    306 13 7 41.139645 13 7 41.139645 10900
    307 13 7 41.149656 13 7 41.149656 10900
    308 13 7 41.159644 13 7 41.159644 10900
    309 13 7 41.169666 13 7 41.169666 10900
    310 13 7 41.179648 13 7 41.179648 10900
    311 13 7 41.189644 13 7 41.189644 10900
    312 13 7 41.199581 13 7 41.199581 10900
    313 13 7 41.209586 13 7 41.209586 10900
    314 13 7 41.219704 13 7 41.219704 10900
    315 13 7 41.229595 13 7 41.229595 10900
    316 13 7 41.239587 13 7 41.239587 10900
    317 13 7 41.249586 13 7 41.249586 10900
    318 13 7 41.259579 13 7 41.259579 10900
    319 13 7 41.269582 13 7 41.269582 10900
    320 13 7 41.279680 13 7 41.279680 10900
    321 13 7 41.289651 13 7 41.289651 10900
    322 13 7 41.299657 13 7 41.299657 10900
    323 13 7 41.310001 13 7 41.310001 10900
    324 13 7 41.319619 13 7 41.319619 10900
    325 13 7 41.330024 13 7 41.330024 10900
    326 13 7 41.339638 13 7 41.339638 10900
    327 13 7 41.349660 13 7 41.349660 10900
    328 13 7 41.360515 13 7 41.360515 10900
    329 13 7 41.369712 13 7 41.369712 10900
    330 13 7 41.379632 13 7 41.379632 10900
    331 13 7 41.389645 13 7 41.389645 10900
    332 13 7 41.399603 13 7 41.399603 10900
    333 13 7 41.409590 13 7 41.409590 10900
    334 13 7 41.419521 13 7 41.419521 10900
    335 13 7 41.429583 13 7 41.429583 10900
    336 13 7 41.439613 13 7 41.439613 10900
    337 13 7 41.449578 13 7 41.449578 10900
    338 13 7 41.459597 13 7 41.459597 10900
    339 13 7 41.470829 13 7 41.470829 10900
    340 13 7 41.479602 13 7 41.479602 10900
    341 13 7 41.489637 13 7 41.489637 10900
    342 13 7 41.499721 13 7 41.499721 10900
    343 13 7 41.509638 13 7 41.509638 10900
    344 13 7 41.519652 13 7 41.519652 10900
    345 13 7 41.529598 13 7 41.529598 10900
    346 13 7 41.539642 13 7 41.539642 10900
    347 13 7 41.549653 13 7 41.549653 10900
    348 13 7 41.559685 13 7 41.559685 10900
    349 13 7 41.569640 13 7 41.569640 10900
    350 13 7 41.579658 13 7 41.579658 10900
    351 13 7 41.589641 13 7 41.589641 10900
    352 13 7 41.599581 13 7 41.599581 10900
    353 13 7 41.609589 13 7 41.609589 10900
    354 13 7 41.619529 13 7 41.619529 10900
    355 13 7 41.629590 13 7 41.629590 10900
    356 13 7 41.639578 13 7 41.639578 10900
    357 13 7 41.649577 13 7 41.649577 10900
    358 13 7 41.659576 13 7 41.659576 10900
    359 13 7 41.669513 13 7 41.669513 10900
    360 13 7 41.679648 13 7 41.679648 10900
    361 13 7 41.689739 13 7 41.689739 10900
    362 13 7 41.699607 13 7 41.699607 10900
    363 13 7 41.709589 13 7 41.709589 10900
    364 13 7 41.719656 13 7 41.719656 10900
    365 13 7 41.729646 13 7 41.729646 10900
    366 13 7 41.739645 13 7 41.739645 10900
    367 13 7 41.749648 13 7 41.749648 10900
    368 13 7 41.759583 13 7 41.759583 10900
    369 13 7 41.769655 13 7 41.769655 10900
    370 13 7 41.779637 13 7 41.779637 10900
    371 13 7 41.789603 13 7 41.789603 10900
    372 13 7 41.799582 13 7 41.799582 10900
    373 13 7 41.809584 13 7 41.809584 10900
    374 13 7 41.819575 13 7 41.819575 10900
    375 13 7 41.829579 13 7 41.829579 10900
    376 13 7 41.839579 13 7 41.839579 10900
    377 13 7 41.849584 13 7 41.849584 10900
    378 13 7 41.859580 13 7 41.859580 10900
    379 13 7 41.869877 13 7 41.869877 10900
    380 13 7 41.879592 13 7 41.879592 10900
    381 13 7 41.889642 13 7 41.889642 10900
    382 13 7 41.899577 13 7 41.899577 10900
    383 13 7 41.909607 13 7 41.909607 10900
    384 13 7 41.919586 13 7 41.919586 10900
    385 13 7 41.929628 13 7 41.929628 10900
    386 13 7 41.939610 13 7 41.939610 10900
    387 13 7 41.949689 13 7 41.949689 10900
    388 13 7 41.959659 13 7 41.959659 10900
    389 13 7 41.969650 13 7 41.969650 10900
    390 13 7 41.979630 13 7 41.979630 10900
    391 13 7 41.989601 13 7 41.989601 10900
    392 13 7 41.999577 13 7 41.999577 10900
    393 13 7 42.009580 13 7 42.009580 10900
    394 13 7 42.019579 13 7 42.019579 10900
    395 13 7 42.029626 13 7 42.029626 10900
    396 13 7 42.039582 13 7 42.039582 10900
    397 13 7 42.049585 13 7 42.049585 10900
    398 13 7 42.059592 13 7 42.059592 10900
    399 13 7 42.069616 13 7 42.069616 10900
    400 13 7 42.079729 13 7 42.079729 10900
    401 13 7 42.089643 13 7 42.089643 10900
    402 13 7 42.099601 13 7 42.099601 10900
    403 13 7 42.109670 13 7 42.109670 10900
    404 13 7 42.119638 13 7 42.119638 10900
    405 13 7 42.129640 13 7 42.129640 10900
    406 13 7 42.139592 13 7 42.139592 10900
    407 13 7 42.149695 13 7 42.149695 10900
    408 13 7 42.159646 13 7 42.159646 10900
    409 13 7 42.169710 13 7 42.169710 10900
    410 13 7 42.179653 13 7 42.179653 10900
    411 13 7 42.189641 13 7 42.189641 10900
    412 13 7 42.199643 13 7 42.199643 10900
    413 13 7 42.209586 13 7 42.209586 10900
    414 13 7 42.219583 13 7 42.219583 10900
    415 13 7 42.229567 13 7 42.229567 10900
    416 13 7 42.239817 13 7 42.239817 10900
    417 13 7 42.249591 13 7 42.249591 10900
    418 13 7 42.259582 13 7 42.259582 10900
    419 13 7 42.269654 13 7 42.269654 10900
    420 13 7 42.279646 13 7 42.279646 10900
    421 13 7 42.289588 13 7 42.289588 10900
    422 13 7 42.299582 13 7 42.299582 10900
    423 13 7 42.310029 13 7 42.310029 10900
    424 13 7 42.319637 13 7 42.319637 10900
    425 13 7 42.329642 13 7 42.329642 10900
    426 13 7 42.339582 13 7 42.339582 10900
    427 13 7 42.349657 13 7 42.349657 10900
    428 13 7 42.359662 13 7 42.359662 10900
    429 13 7 42.369692 13 7 42.369692 10900
    430 13 7 42.379637 13 7 42.379637 10900
    431 13 7 42.389679 13 7 42.389679 10900
    432 13 7 42.399652 13 7 42.399652 10900
    433 13 7 42.409587 13 7 42.409587 10900
    434 13 7 42.419597 13 7 42.419597 10900
    435 13 7 42.429586 13 7 42.429586 10900
    436 13 7 42.439577 13 7 42.439577 10900
    437 13 7 42.449568 13 7 42.449568 10900
    438 13 7 42.459563 13 7 42.459563 10900
    439 13 7 42.469735 13 7 42.469735 10900
    440 13 7 42.479759 13 7 42.479759 10900
    441 13 7 42.489606 13 7 42.489606 10900
    442 13 7 42.499645 13 7 42.499645 10900
    443 13 7 42.509571 13 7 42.509571 10900
    444 13 7 42.519671 13 7 42.519671 10900
    445 13 7 42.529691 13 7 42.529691 10900
    446 13 7 42.539687 13 7 42.539687 10900
    447 13 7 42.549689 13 7 42.549689 10900
    448 13 7 42.559662 13 7 42.559662 10900
    449 13 7 42.569656 13 7 42.569656 10900
    450 13 7 42.579636 13 7 42.579636 10900
    451 13 7 42.589671 13 7 42.589671 10900
    452 13 7 42.599741 13 7 42.599741 10900
    453 13 7 42.609597 13 7 42.609597 10900
    454 13 7 42.619517 13 7 42.619517 10900
    455 13 7 42.629541 13 7 42.629541 10900
    456 13 7 42.639581 13 7 42.639581 10900
    457 13 7 42.649586 13 7 42.649586 10900
    458 13 7 42.659576 13 7 42.659576 10900
    459 13 7 42.669643 13 7 42.669643 10900
    460 13 7 42.679648 13 7 42.679648 10900
    461 13 7 42.689655 13 7 42.689655 10900
    462 13 7 42.699606 13 7 42.699606 10900
    463 13 7 42.709651 13 7 42.709651 10900
    464 13 7 42.720011 13 7 42.720011 10900
    465 13 7 42.731800 13 7 42.731800 10900
    466 13 7 42.739581 13 7 42.739581 10900
    467 13 7 42.749605 13 7 42.749605 10900
    468 13 7 42.759667 13 7 42.759667 10900
    469 13 7 42.769655 13 7 42.769655 10900
    470 13 7 42.779637 13 7 42.779637 10900
    471 13 7 42.789655 13 7 42.789655 10900
    472 13 7 42.799630 13 7 42.799630 10900
    473 13 7 42.809736 13 7 42.809736 10900
    474 13 7 42.819580 13 7 42.819580 10900
    475 13 7 42.829588 13 7 42.829588 10900
    476 13 7 42.839578 13 7 42.839578 10900
    477 13 7 42.849584 13 7 42.849584 10900
    478 13 7 42.859577 13 7 42.859577 10900
    479 13 7 42.869655 13 7 42.869655 10900
    480 13 7 42.879527 13 7 42.879527 10900
    481 13 7 42.889598 13 7 42.889598 10900
    482 13 7 42.899656 13 7 42.899656 10900
    483 13 7 42.909658 13 7 42.909658 10900
    484 13 7 42.919575 13 7 42.919575 10900
    485 13 7 42.929659 13 7 42.929659 10900
    486 13 7 42.939644 13 7 42.939644 10900
    487 13 7 42.949708 13 7 42.949708 10900
    488 13 7 42.959693 13 7 42.959693 10900
    489 13 7 42.969647 13 7 42.969647 10900
    490 13 7 42.981169 13 7 42.981169 10900
    491 13 7 42.989671 13 7 42.989671 10900
    492 13 7 42.999696 13 7 42.999696 10900
    493 13 7 43.009611 13 7 43.009611 10900
    494 13 7 43.019610 13 7 43.019610 10900
    495 13 7 43.029552 13 7 43.029552 10900
    496 13 7 43.039580 13 7 43.039580 10900
    497 13 7 43.049590 13 7 43.049590 10900
    498 13 7 43.059590 13 7 43.059590 10900
    499 13 7 43.069654 13 7 43.069654 10900
    500 13 7 43.079608 13 7 43.079608 10900
    501 13 7 43.089647 13 7 43.089647 10900
    502 13 7 43.099645 13 7 43.099645 10900
    503 13 7 43.109611 13 7 43.109611 10900
    504 13 7 43.119976 13 7 43.119976 10900
    505 13 7 43.129753 13 7 43.129753 10900
    506 13 7 43.139685 13 7 43.139685 10900
    507 13 7 43.149664 13 7 43.149664 10900
    508 13 7 43.159641 13 7 43.159641 10900
    509 13 7 43.169673 13 7 43.169673 10900
    510 13 7 43.179673 13 7 43.179673 10900
    511 13 7 43.190054 13 7 43.190054 10900
    512 13 7 43.199767 13 7 43.199767 10900
    513 13 7 43.209580 13 7 43.209580 10900
    514 13 7 43.219566 13 7 43.219566 10900
    515 13 7 43.229573 13 7 43.229573 10900
    516 13 7 43.239566 13 7 43.239566 10900
    517 13 7 43.249589 13 7 43.249589 10900
    518 13 7 43.259579 13 7 43.259579 10900
    519 13 7 43.269655 13 7 43.269655 10900
    520 13 7 43.279640 13 7 43.279640 10900
    521 13 7 43.289605 13 7 43.289605 10900
    522 13 7 43.299663 13 7 43.299663 10900
    523 13 7 43.309663 13 7 43.309663 10900
    524 13 7 43.319628 13 7 43.319628 10900
    525 13 7 43.329650 13 7 43.329650 10900
    526 13 7 43.339601 13 7 43.339601 10900
    527 13 7 43.349657 13 7 43.349657 10900
    528 13 7 43.359636 13 7 43.359636 10900
    529 13 7 43.369643 13 7 43.369643 10900
    530 13 7 43.379640 13 7 43.379640 10900
    531 13 7 43.389648 13 7 43.389648 10900
    532 13 7 43.399582 13 7 43.399582 10900
    533 13 7 43.409587 13 7 43.409587 10900
    534 13 7 43.419578 13 7 43.419578 10900
    535 13 7 43.429600 13 7 43.429600 10900
    536 13 7 43.439601 13 7 43.439601 10900
    537 13 7 43.450400 13 7 43.450400 10900
    538 13 7 43.459651 13 7 43.459651 10900
    539 13 7 43.469594 13 7 43.469594 10900
    540 13 7 43.479706 13 7 43.479706 10900
    541 13 7 43.489637 13 7 43.489637 10900
    542 13 7 43.499603 13 7 43.499603 10900
    543 13 7 43.509582 13 7 43.509582 10900
    544 13 7 43.519953 13 7 43.519953 10900
    545 13 7 43.529665 13 7 43.529665 10900
    546 13 7 43.539641 13 7 43.539641 10900
    547 13 7 43.549674 13 7 43.549674 10900
    548 13 7 43.559603 13 7 43.559603 10900
    549 13 7 43.569645 13 7 43.569645 10900
    550 13 7 43.579636 13 7 43.579636 10900
    551 13 7 43.589643 13 7 43.589643 10900
    552 13 7 43.599643 13 7 43.599643 10900
    553 13 7 43.609605 13 7 43.609605 10900
    554 13 7 43.619602 13 7 43.619602 10900
    555 13 7 43.629581 13 7 43.629581 10900
    556 13 7 43.639567 13 7 43.639567 10900
    557 13 7 43.649579 13 7 43.649579 10900
    558 13 7 43.659576 13 7 43.659576 10900
    559 13 7 43.669614 13 7 43.669614 10900
    560 13 7 43.679566 13 7 43.679566 10900
    561 13 7 43.689669 13 7 43.689669 10900
    562 13 7 43.699669 13 7 43.699669 10900
    563 13 7 43.709671 13 7 43.709671 10900
    564 13 7 43.719960 13 7 43.719960 10900
    565 13 7 43.729689 13 7 43.729689 10900
    566 13 7 43.740032 13 7 43.740032 10900
    567 13 7 43.749560 13 7 43.749560 10900
    568 13 7 43.759686 13 7 43.759686 10900
    569 13 7 43.769691 13 7 43.769691 10900
    570 13 7 43.779648 13 7 43.779648 10900
    571 13 7 43.789686 13 7 43.789686 10900
    572 13 7 43.799577 13 7 43.799577 10900
    573 13 7 43.809593 13 7 43.809593 10900
    574 13 7 43.819581 13 7 43.819581 10900
    575 13 7 43.829568 13 7 43.829568 10900
    576 13 7 43.839573 13 7 43.839573 10900
    577 13 7 43.849586 13 7 43.849586 10900
    578 13 7 43.859563 13 7 43.859563 10900
    579 13 7 43.869655 13 7 43.869655 10900
    580 13 7 43.879708 13 7 43.879708 10900
    581 13 7 43.889653 13 7 43.889653 10900
    582 13 7 43.899638 13 7 43.899638 10900
    583 13 7 43.909590 13 7 43.909590 10900
    584 13 7 43.919576 13 7 43.919576 10900
    585 13 7 43.929749 13 7 43.929749 10900
    586 13 7 43.939717 13 7 43.939717 10900
    587 13 7 43.949607 13 7 43.949607 10900
    588 13 7 43.959645 13 7 43.959645 10900
    589 13 7 43.969651 13 7 43.969651 10900
    590 13 7 43.980052 13 7 43.980052 10900
    591 13 7 43.989663 13 7 43.989663 10900
    592 13 7 43.999653 13 7 43.999653 10900
    593 13 7 44.009587 13 7 44.009587 10900
    594 13 7 44.019618 13 7 44.019618 10900
    595 13 7 44.029586 13 7 44.029586 10900
    596 13 7 44.039580 13 7 44.039580 10900
    597 13 7 44.049587 13 7 44.049587 10900
    598 13 7 44.059578 13 7 44.059578 10900
    599 13 7 44.069600 13 7 44.069600 10900
    600 13 7 44.079725 13 7 44.079725 10900
    601 13 7 44.089592 13 7 44.089592 10900
    602 13 7 44.099676 13 7 44.099676 10900
    603 13 7 44.109622 13 7 44.109622 10900
    604 13 7 44.120475 13 7 44.120475 10900
    605 13 7 44.129644 13 7 44.129644 10900
    606 13 7 44.139688 13 7 44.139688 10900
    607 13 7 44.149655 13 7 44.149655 10900
    608 13 7 44.159644 13 7 44.159644 10900
    609 13 7 44.169652 13 7 44.169652 10900
    610 13 7 44.179661 13 7 44.179661 10900
    611 13 7 44.189655 13 7 44.189655 10900
    612 13 7 44.199606 13 7 44.199606 10900
    613 13 7 44.209597 13 7 44.209597 10900
    614 13 7 44.219580 13 7 44.219580 10900
    615 13 7 44.229590 13 7 44.229590 10900
    616 13 7 44.239589 13 7 44.239589 10900
    617 13 7 44.249585 13 7 44.249585 10900
    618 13 7 44.259579 13 7 44.259579 10900
    619 13 7 44.269647 13 7 44.269647 10900
    620 13 7 44.279587 13 7 44.279587 10900
    621 13 7 44.289655 13 7 44.289655 10900
    622 13 7 44.299644 13 7 44.299644 10900
    623 13 7 44.309654 13 7 44.309654 10900
    624 13 7 44.320380 13 7 44.320380 10900
    625 13 7 44.329695 13 7 44.329695 10900
    626 13 7 44.339702 13 7 44.339702 10900
    627 13 7 44.349646 13 7 44.349646 10900
    628 13 7 44.359717 13 7 44.359717 10900
    629 13 7 44.369720 13 7 44.369720 10900
    630 13 7 44.379693 13 7 44.379693 10900
    631 13 7 44.389594 13 7 44.389594 10900
    632 13 7 44.399645 13 7 44.399645 10900
    633 13 7 44.409590 13 7 44.409590 10900
    634 13 7 44.419580 13 7 44.419580 10900
    635 13 7 44.429589 13 7 44.429589 10900
    636 13 7 44.439579 13 7 44.439579 10900
    637 13 7 44.449587 13 7 44.449587 10900
    638 13 7 44.459578 13 7 44.459578 10900
    639 13 7 44.469647 13 7 44.469647 10900
    640 13 7 44.479640 13 7 44.479640 10900
    641 13 7 44.489652 13 7 44.489652 10900
    642 13 7 44.499636 13 7 44.499636 10900
    643 13 7 44.509680 13 7 44.509680 10900
    644 13 7 44.520431 13 7 44.520431 10900
    645 13 7 44.529660 13 7 44.529660 10900
    646 13 7 44.539633 13 7 44.539633 10900
    647 13 7 44.549610 13 7 44.549610 10900
    648 13 7 44.559767 13 7 44.559767 10900
    649 13 7 44.569657 13 7 44.569657 10900
    650 13 7 44.579655 13 7 44.579655 10900
    651 13 7 44.589669 13 7 44.589669 10900
    652 13 7 44.600475 13 7 44.600475 10900
    653 13 7 44.609554 13 7 44.609554 10900
    654 13 7 44.619570 13 7 44.619570 10900
    655 13 7 44.629584 13 7 44.629584 10900
    656 13 7 44.639581 13 7 44.639581 10900
    657 13 7 44.649594 13 7 44.649594 10900
    658 13 7 44.659576 13 7 44.659576 10900
    659 13 7 44.669576 13 7 44.669576 10900
    660 13 7 44.679658 13 7 44.679658 10900
    661 13 7 44.689686 13 7 44.689686 10900
    662 13 7 44.699640 13 7 44.699640 10900
    663 13 7 44.709592 13 7 44.709592 10900
    664 13 7 44.719659 13 7 44.719659 10900
    665 13 7 44.729683 13 7 44.729683 10900
    666 13 7 44.739646 13 7 44.739646 10900
    667 13 7 44.749702 13 7 44.749702 10900
    668 13 7 44.759667 13 7 44.759667 10900
    669 13 7 44.769592 13 7 44.769592 10900
    670 13 7 44.779581 13 7 44.779581 10900
    671 13 7 44.789873 13 7 44.789873 10900
    672 13 7 44.799678 13 7 44.799678 10900
    673 13 7 44.809578 13 7 44.809578 10900
    674 13 7 44.819578 13 7 44.819578 10900
    675 13 7 44.829585 13 7 44.829585 10900
    676 13 7 44.839643 13 7 44.839643 10900
    677 13 7 44.849547 13 7 44.849547 10900
    678 13 7 44.859577 13 7 44.859577 10900
    679 13 7 44.869563 13 7 44.869563 10900
    680 13 7 44.879644 13 7 44.879644 10900
    681 13 7 44.889656 13 7 44.889656 10900
    682 13 7 44.899642 13 7 44.899642 10900
    683 13 7 44.909646 13 7 44.909646 10900
    684 13 7 44.919595 13 7 44.919595 10900
    685 13 7 44.929943 13 7 44.929943 10900
    686 13 7 44.939739 13 7 44.939739 10900
    687 13 7 44.949585 13 7 44.949585 10900
    688 13 7 44.959684 13 7 44.959684 10900
    689 13 7 44.969647 13 7 44.969647 10900
    690 13 7 44.979577 13 7 44.979577 10900
    691 13 7 44.989643 13 7 44.989643 10900
    692 13 7 44.999580 13 7 44.999580 10900
    693 13 7 45.009588 13 7 45.009588 10900
    694 13 7 45.019567 13 7 45.019567 10900
    695 13 7 45.029578 13 7 45.029578 10900
    696 13 7 45.039580 13 7 45.039580 10900
    697 13 7 45.049587 13 7 45.049587 10900
    698 13 7 45.059592 13 7 45.059592 10900
    699 13 7 45.069580 13 7 45.069580 10900
    700 13 7 45.079639 13 7 45.079639 10900
    701 13 7 45.089638 13 7 45.089638 10900
    702 13 7 45.099589 13 7 45.099589 10900
    703 13 7 45.109591 13 7 45.109591 10900
    704 13 7 45.119740 13 7 45.119740 10900
    705 13 7 45.129627 13 7 45.129627 10900
    706 13 7 45.139578 13 7 45.139578 10900
    707 13 7 45.149678 13 7 45.149678 10900
    708 13 7 45.159712 13 7 45.159712 10900
    709 13 7 45.169668 13 7 45.169668 10900
    710 13 7 45.179636 13 7 45.179636 10900
    711 13 7 45.189647 13 7 45.189647 10900
    712 13 7 45.199640 13 7 45.199640 10900
    713 13 7 45.209631 13 7 45.209631 10900
    714 13 7 45.219608 13 7 45.219608 10900
    715 13 7 45.229587 13 7 45.229587 10900
    716 13 7 45.239628 13 7 45.239628 10900
    717 13 7 45.249586 13 7 45.249586 10900
    718 13 7 45.259579 13 7 45.259579 10900
    719 13 7 45.269587 13 7 45.269587 10900
    720 13 7 45.279628 13 7 45.279628 10900
    721 13 7 45.289664 13 7 45.289664 10900
    722 13 7 45.299661 13 7 45.299661 10900
    723 13 7 45.309649 13 7 45.309649 10900
    724 13 7 45.319647 13 7 45.319647 10900
    725 13 7 45.329762 13 7 45.329762 10900
    726 13 7 45.339686 13 7 45.339686 10900
    727 13 7 45.349625 13 7 45.349625 10900
    728 13 7 45.359633 13 7 45.359633 10900
    729 13 7 45.369661 13 7 45.369661 10900
    730 13 7 45.379649 13 7 45.379649 10900
    731 13 7 45.389684 13 7 45.389684 10900
    732 13 7 45.399650 13 7 45.399650 10900
    733 13 7 45.409565 13 7 45.409565 10900
    734 13 7 45.419578 13 7 45.419578 10900
    735 13 7 45.429580 13 7 45.429580 10900
    736 13 7 45.439827 13 7 45.439827 10900
    737 13 7 45.449590 13 7 45.449590 10900
    738 13 7 45.459577 13 7 45.459577 10900
    739 13 7 45.469586 13 7 45.469586 10900
    740 13 7 45.479660 13 7 45.479660 10900
    741 13 7 45.489659 13 7 45.489659 10900
    742 13 7 45.499603 13 7 45.499603 10900
    743 13 7 45.509653 13 7 45.509653 10900
    744 13 7 45.519660 13 7 45.519660 10900
    745 13 7 45.529646 13 7 45.529646 10900
    746 13 7 45.539752 13 7 45.539752 10900
    747 13 7 45.549635 13 7 45.549635 10900
    748 13 7 45.559702 13 7 45.559702 10900
    749 13 7 45.569704 13 7 45.569704 10900
    750 13 7 45.579642 13 7 45.579642 10900
    751 13 7 45.589652 13 7 45.589652 10900
    752 13 7 45.599653 13 7 45.599653 10900
    753 13 7 45.609574 13 7 45.609574 10900
    754 13 7 45.619584 13 7 45.619584 10900
    755 13 7 45.629562 13 7 45.629562 10900
    756 13 7 45.639577 13 7 45.639577 10900
    757 13 7 45.649647 13 7 45.649647 10900
    758 13 7 45.659578 13 7 45.659578 10900
    759 13 7 45.669586 13 7 45.669586 10900
    760 13 7 45.679586 13 7 45.679586 10900
    761 13 7 45.689652 13 7 45.689652 10900
    762 13 7 45.699579 13 7 45.699579 10900
    763 13 7 45.709581 13 7 45.709581 10900
    764 13 7 45.719661 13 7 45.719661 10900
    765 13 7 45.729658 13 7 45.729658 10900
    766 13 7 45.740147 13 7 45.740147 10900
    767 13 7 45.749597 13 7 45.749597 10900
    768 13 7 45.759653 13 7 45.759653 10900
    769 13 7 45.769637 13 7 45.769637 10900
    770 13 7 45.779573 13 7 45.779573 10900
    771 13 7 45.789642 13 7 45.789642 10900
    772 13 7 45.799599 13 7 45.799599 10900
    773 13 7 45.809685 13 7 45.809685 10900
    774 13 7 45.819598 13 7 45.819598 10900
    775 13 7 45.829577 13 7 45.829577 10900
    776 13 7 45.839576 13 7 45.839576 10900
    777 13 7 45.849584 13 7 45.849584 10900
    778 13 7 45.859577 13 7 45.859577 10900
    779 13 7 45.869585 13 7 45.869585 10900
    780 13 7 45.879660 13 7 45.879660 10900
    781 13 7 45.889648 13 7 45.889648 10900
    782 13 7 45.899579 13 7 45.899579 10900
    783 13 7 45.909669 13 7 45.909669 10900
    784 13 7 45.919595 13 7 45.919595 10900
    785 13 7 45.929757 13 7 45.929757 10900
    786 13 7 45.939714 13 7 45.939714 10900
    787 13 7 45.949579 13 7 45.949579 10900
    788 13 7 45.959713 13 7 45.959713 10900
    789 13 7 45.969714 13 7 45.969714 10900
    790 13 7 45.979632 13 7 45.979632 10900
    791 13 7 45.989663 13 7 45.989663 10900
    792 13 7 46.000610 13 7 46.000610 10900
    793 13 7 46.009709 13 7 46.009709 10900
    794 13 7 46.019598 13 7 46.019598 10900
    795 13 7 46.029586 13 7 46.029586 10900
    796 13 7 46.039600 13 7 46.039600 10900
    797 13 7 46.049588 13 7 46.049588 10900
    798 13 7 46.059583 13 7 46.059583 10900
    799 13 7 46.069588 13 7 46.069588 10900
    800 13 7 46.079630 13 7 46.079630 10900
    801 13 7 46.089758 13 7 46.089758 10900
    802 13 7 46.099631 13 7 46.099631 10900
    803 13 7 46.109625 13 7 46.109625 10900
    804 13 7 46.119732 13 7 46.119732 10900
    805 13 7 46.129978 13 7 46.129978 10900
    806 13 7 46.139730 13 7 46.139730 10900
    807 13 7 46.149681 13 7 46.149681 10900
    808 13 7 46.159641 13 7 46.159641 10900
    809 13 7 46.169593 13 7 46.169593 10900
    810 13 7 46.179620 13 7 46.179620 10900
    811 13 7 46.189661 13 7 46.189661 10900
    812 13 7 46.199652 13 7 46.199652 10900
    813 13 7 46.209591 13 7 46.209591 10900
    814 13 7 46.219583 13 7 46.219583 10900
    815 13 7 46.229590 13 7 46.229590 10900
    816 13 7 46.239579 13 7 46.239579 10900
    817 13 7 46.249591 13 7 46.249591 10900
    818 13 7 46.259579 13 7 46.259579 10900
    819 13 7 46.269615 13 7 46.269615 10900
    820 13 7 46.279648 13 7 46.279648 10900
    821 13 7 46.289696 13 7 46.289696 10900
    822 13 7 46.299636 13 7 46.299636 10900
    823 13 7 46.309717 13 7 46.309717 10900
    824 13 7 46.319648 13 7 46.319648 10900
    825 13 7 46.329667 13 7 46.329667 10900
    826 13 7 46.339722 13 7 46.339722 10900
    827 13 7 46.349657 13 7 46.349657 10900
    828 13 7 46.359645 13 7 46.359645 10900
    829 13 7 46.369649 13 7 46.369649 10900
    830 13 7 46.379643 13 7 46.379643 10900
    831 13 7 46.389668 13 7 46.389668 10900
    832 13 7 46.399585 13 7 46.399585 10900
    833 13 7 46.409585 13 7 46.409585 10900
    834 13 7 46.419581 13 7 46.419581 10900
    835 13 7 46.429585 13 7 46.429585 10900
    836 13 7 46.439583 13 7 46.439583 10900
    837 13 7 46.449584 13 7 46.449584 10900
    838 13 7 46.459581 13 7 46.459581 10900
    839 13 7 46.469571 13 7 46.469571 10900
    840 13 7 46.479868 13 7 46.479868 10900
    841 13 7 46.489600 13 7 46.489600 10900
    842 13 7 46.499640 13 7 46.499640 10900
    843 13 7 46.509650 13 7 46.509650 10900
    844 13 7 46.519595 13 7 46.519595 10900
    845 13 7 46.529696 13 7 46.529696 10900
    846 13 7 46.539645 13 7 46.539645 10900
    847 13 7 46.549819 13 7 46.549819 10900
    848 13 7 46.559719 13 7 46.559719 10900
    849 13 7 46.569662 13 7 46.569662 10900
    850 13 7 46.579627 13 7 46.579627 10900
    851 13 7 46.589643 13 7 46.589643 10900
    852 13 7 46.599584 13 7 46.599584 10900
    853 13 7 46.609586 13 7 46.609586 10900
    854 13 7 46.619585 13 7 46.619585 10900
    855 13 7 46.629582 13 7 46.629582 10900
    856 13 7 46.639581 13 7 46.639581 10900
    857 13 7 46.649590 13 7 46.649590 10900
    858 13 7 46.659565 13 7 46.659565 10900
    859 13 7 46.669580 13 7 46.669580 10900
    860 13 7 46.679558 13 7 46.679558 10900
    861 13 7 46.689593 13 7 46.689593 10900
    862 13 7 46.699637 13 7 46.699637 10900
    863 13 7 46.709637 13 7 46.709637 10900
    864 13 7 46.719580 13 7 46.719580 10900
    865 13 7 46.729903 13 7 46.729903 10900
    866 13 7 46.739603 13 7 46.739603 10900
    867 13 7 46.749653 13 7 46.749653 10900
    868 13 7 46.759650 13 7 46.759650 10900
    869 13 7 46.769655 13 7 46.769655 10900
    870 13 7 46.779631 13 7 46.779631 10900
    871 13 7 46.789648 13 7 46.789648 10900
    872 13 7 46.799669 13 7 46.799669 10900
    873 13 7 46.809586 13 7 46.809586 10900
    874 13 7 46.819594 13 7 46.819594 10900
    875 13 7 46.829585 13 7 46.829585 10900
    876 13 7 46.839581 13 7 46.839581 10900
    877 13 7 46.849590 13 7 46.849590 10900
    878 13 7 46.859577 13 7 46.859577 10900
    879 13 7 46.869582 13 7 46.869582 10900
    880 13 7 46.880437 13 7 46.880437 10900
    881 13 7 46.889633 13 7 46.889633 10900
    882 13 7 46.899644 13 7 46.899644 10900
    883 13 7 46.909647 13 7 46.909647 10900
    884 13 7 46.919640 13 7 46.919640 10900
    885 13 7 46.929650 13 7 46.929650 10900
    886 13 7 46.939636 13 7 46.939636 10900
    887 13 7 46.949679 13 7 46.949679 10900
    888 13 7 46.959651 13 7 46.959651 10900
    889 13 7 46.969731 13 7 46.969731 10900
    890 13 7 46.980362 13 7 46.980362 10900
    891 13 7 46.989643 13 7 46.989643 10900
    892 13 7 46.999650 13 7 46.999650 10900
    893 13 7 47.009588 13 7 47.009588 10900
    894 13 7 47.019581 13 7 47.019581 10900
    895 13 7 47.029586 13 7 47.029586 10900
    896 13 7 47.039583 13 7 47.039583 10900
    897 13 7 47.049587 13 7 47.049587 10900
    898 13 7 47.059590 13 7 47.059590 10900
    899 13 7 47.069612 13 7 47.069612 10900
    900 13 7 47.079844 13 7 47.079844 10900
    901 13 7 47.089587 13 7 47.089587 10900
    902 13 7 47.099621 13 7 47.099621 10900
    903 13 7 47.109642 13 7 47.109642 10900
    904 13 7 47.119697 13 7 47.119697 10900
    905 13 7 47.129764 13 7 47.129764 10900
    906 13 7 47.139645 13 7 47.139645 10900
    907 13 7 47.149599 13 7 47.149599 10900
    908 13 7 47.159714 13 7 47.159714 10900
    909 13 7 47.169702 13 7 47.169702 10900
    910 13 7 47.179645 13 7 47.179645 10900
    911 13 7 47.189700 13 7 47.189700 10900
    912 13 7 47.199666 13 7 47.199666 10900
    913 13 7 47.209657 13 7 47.209657 10900
    914 13 7 47.219582 13 7 47.219582 10900
    915 13 7 47.229585 13 7 47.229585 10900
    916 13 7 47.239586 13 7 47.239586 10900
    917 13 7 47.249592 13 7 47.249592 10900
    918 13 7 47.259582 13 7 47.259582 10900
    919 13 7 47.269585 13 7 47.269585 10900
    920 13 7 47.279518 13 7 47.279518 10900
    921 13 7 47.289676 13 7 47.289676 10900
    922 13 7 47.299643 13 7 47.299643 10900
    923 13 7 47.309649 13 7 47.309649 10900
    924 13 7 47.319648 13 7 47.319648 10900
    925 13 7 47.329746 13 7 47.329746 10900
    926 13 7 47.339638 13 7 47.339638 10900
    927 13 7 47.349587 13 7 47.349587 10900
    928 13 7 47.359651 13 7 47.359651 10900
    929 13 7 47.369655 13 7 47.369655 10900
    930 13 7 47.379654 13 7 47.379654 10900
    931 13 7 47.389656 13 7 47.389656 10900
    932 13 7 47.399642 13 7 47.399642 10900
    933 13 7 47.409588 13 7 47.409588 10900
    934 13 7 47.419581 13 7 47.419581 10900
    935 13 7 47.429586 13 7 47.429586 10900
    936 13 7 47.439576 13 7 47.439576 10900
    937 13 7 47.449585 13 7 47.449585 10900
    938 13 7 47.459578 13 7 47.459578 10900
    939 13 7 47.469577 13 7 47.469577 10900
    940 13 7 47.479967 13 7 47.479967 10900
    941 13 7 47.489550 13 7 47.489550 10900
    942 13 7 47.499678 13 7 47.499678 10900
    943 13 7 47.509659 13 7 47.509659 10900
    944 13 7 47.519649 13 7 47.519649 10900
    945 13 7 47.529819 13 7 47.529819 10900
    946 13 7 47.539704 13 7 47.539704 10900
    947 13 7 47.549663 13 7 47.549663 10900
    948 13 7 47.559668 13 7 47.559668 10900
    949 13 7 47.569659 13 7 47.569659 10900
    950 13 7 47.579650 13 7 47.579650 10900
    951 13 7 47.589643 13 7 47.589643 10900
    952 13 7 47.599653 13 7 47.599653 10900
    953 13 7 47.609651 13 7 47.609651 10900
    954 13 7 47.619543 13 7 47.619543 10900
    955 13 7 47.629610 13 7 47.629610 10900
    956 13 7 47.639580 13 7 47.639580 10900
    957 13 7 47.649588 13 7 47.649588 10900
    958 13 7 47.659578 13 7 47.659578 10900
    959 13 7 47.669581 13 7 47.669581 10900
    960 13 7 47.679769 13 7 47.679769 10900
    961 13 7 47.689630 13 7 47.689630 10900
    962 13 7 47.699668 13 7 47.699668 10900
    963 13 7 47.709651 13 7 47.709651 10900
    964 13 7 47.719653 13 7 47.719653 10900
    965 13 7 47.729849 13 7 47.729849 10900
    966 13 7 47.739649 13 7 47.739649 10900
    967 13 7 47.749654 13 7 47.749654 10900
    968 13 7 47.759666 13 7 47.759666 10900
    969 13 7 47.769680 13 7 47.769680 10900
    970 13 7 47.779648 13 7 47.779648 10900
    971 13 7 47.789672 13 7 47.789672 10900
    972 13 7 47.799726 13 7 47.799726 10900
    973 13 7 47.809666 13 7 47.809666 10900
    974 13 7 47.819636 13 7 47.819636 10900
    975 13 7 47.829577 13 7 47.829577 10900
    976 13 7 47.839585 13 7 47.839585 10900
    977 13 7 47.849578 13 7 47.849578 10900
    978 13 7 47.859577 13 7 47.859577 10900
    979 13 7 47.869587 13 7 47.869587 10900
    980 13 7 47.879812 13 7 47.879812 10900
    981 13 7 47.889586 13 7 47.889586 10900
    982 13 7 47.899644 13 7 47.899644 10900
    983 13 7 47.909685 13 7 47.909685 10900
    984 13 7 47.919637 13 7 47.919637 10900
    985 13 7 47.929611 13 7 47.929611 10900
    986 13 7 47.939636 13 7 47.939636 10900
    987 13 7 47.949648 13 7 47.949648 10900
    988 13 7 47.959653 13 7 47.959653 10900
    989 13 7 47.969653 13 7 47.969653 10900
    990 13 7 47.980966 13 7 47.980966 10900
    991 13 7 47.989657 13 7 47.989657 10900
    992 13 7 47.999625 13 7 47.999625 10900
    993 13 7 48.009583 13 7 48.009583 10900
    994 13 7 48.020145 13 7 48.020145 10900
    995 13 7 48.029583 13 7 48.029583 10900
    996 13 7 48.039579 13 7 48.039579 10900
    997 13 7 48.049584 13 7 48.049584 10900
    998 13 7 48.059578 13 7 48.059578 10900
    999 13 7 48.069584 13 7 48.069584 10900
   1000 13 7 48.080447 13 7 48.080447 10900
